-2.401320547340928522e-05 2.489571205383855457e+00 -4.370372232451132560e-05 1.628666429111974329e-04 -2.637485724940538142e-05 -8.341813310108299473e-10 3.68 0.00022439049062 1.6e-09
-3.907941859824376474e-05 4.130703182638073567e-01 -2.342348013258720250e-03 1.445265821504754136e-04 2.557326078760558172e-05 -2.084432413662902360e-08 3.68 0.00022439049062 1.6e-09
-1.331479116361321480e-05 2.909072633961422127e+00 5.391390878309761103e-03 1.839014172382824304e-04 2.018564656894304314e-05 8.383926008383547375e-08 3.68 0.00022439049062 1.6e-09
2.735163079620024992e-05 3.674220774024612002e+00 1.022608481984489150e-02 2.240572114916596883e-04 -3.647309821515044471e-06 1.161773041994317762e-08 3.68 0.00022439049062 1.6e-09
-4.165805827536756369e-05 2.057652467411998032e+00 6.515053597128447199e-03 1.423852933737674990e-04 -3.335823082312426048e-05 -1.119996250115534896e-07 3.68 0.00022439049062 1.6e-09
1.884918239677387469e-05 5.629608341047436237e-01 -6.610660051233877357e-03 1.215275144572447393e-04 5.322552719783602492e-05 -4.662629652246618339e-07 3.68 0.00022439049062 1.6e-09
5.939787828736112045e-07 3.191680354224049054e+00 6.872241180806648586e-03 1.985185400505755609e-04 1.574113181183111744e-05 2.100689860335995227e-07 3.68 0.00022439049062 1.6e-09
-1.178753143174758746e-05 3.604529738252933768e+00 2.288718258136740458e-02 2.203253923116251097e-04 -6.914860785682936417e-06 8.650626830127541821e-08 3.68 0.00022439049062 1.6e-09
-5.255449153745532916e-05 1.594598101337360685e+00 1.719887583261169375e-02 1.230045479142928924e-04 -4.141906961695814449e-05 -3.562660605705922054e-07 3.68 0.00022439049062 1.6e-09
-5.984851134987422786e-07 8.838564822140650978e-01 -1.190737962812356970e-02 1.077996376310379786e-04 5.483755699436754325e-05 -3.612521907142104376e-07 3.68 0.00022439049062 1.6e-09
-1.707450067390360794e-05 3.386798187195436682e+00 4.312202821677947801e-04 2.087847381713182047e-04 1.190267258613891919e-05 2.232607009101516192e-07 3.68 0.00022439049062 1.6e-09
3.359776428951493331e-05 3.453203933014770577e+00 2.032557253535245342e-02 2.122966368000806317e-04 -1.048926497024269302e-05 1.368634614737476490e-07 3.68 0.00022439049062 1.6e-09
-9.356646155239892594e-07 1.059449148192350920e+00 1.523328261466333662e-02 1.084050841791528007e-04 -5.172992242295092771e-05 -6.244547385103674648e-07 3.68 0.00022439049062 1.6e-09
-1.456417843707337662e-05 1.397775642238509475e+00 -1.019251777302659923e-02 1.162291641086325548e-04 4.507260531708510981e-05 1.920670424847510418e-07 3.68 0.00022439049062 1.6e-09
-5.900164314249360697e-05 3.552731937179086419e+00 1.748075389858575260e-02 2.175762465466544624e-04 8.141839984387664860e-06 2.567160316301050969e-07 3.68 0.00022439049062 1.6e-09
5.650535770568563046e-05 3.259290612765736839e+00 3.416179969527342875e-02 2.020687945770564310e-04 -1.441216883090997984e-05 3.487022875300438933e-08 3.68 0.00022439049062 1.6e-09
2.680855177406394086e-05 6.480116404626766746e-01 8.212187661648957110e-03 1.148858856450710018e-04 -5.587129265306880555e-05 -1.419028167792135144e-06 3.68 0.00022439049062 1.6e-09
-5.763282016739867031e-05 1.910479992310265107e+00 -4.078142258933749320e-03 1.358584552461308175e-04 3.579043041149008043e-05 5.479589505953062372e-07 3.68 0.00022439049062 1.6e-09
-4.040325986754188606e-05 3.653507790856445059e+00 4.244773416565504609e-02 2.229500340218609831e-04 4.679318333572482189e-06 3.378637794578324578e-07 3.68 0.00022439049062 1.6e-09
2.358186246692225827e-05 3.000773701131764781e+00 5.689794311690073852e-02 1.886159156815699794e-04 -1.873608669596138216e-05 -1.226953235067662945e-07 3.68 0.00022439049062 1.6e-09
1.824146351021647933e-05 4.421552171092317796e-01 1.604008649895718812e-04 1.385313903215538924e-04 -3.664237621433714828e-05 -2.641280583777400481e-06 3.68 0.00022439049062 1.6e-09
6.850963456628378725e-05 2.364003813520541009e+00 1.218439865742477254e-03 1.567619515150978321e-04 2.831596457340375747e-05 6.084391728780167523e-07 3.68 0.00022439049062 1.6e-09
-2.539992269004139497e-05 3.678909978524520064e+00 5.130940845493432018e-02 2.243300232678724804e-04 1.062497308553963750e-06 3.427465746293683316e-07 3.68 0.00022439049062 1.6e-09
-3.838782068589483595e-05 2.613017832083594172e+00 6.059791794865372616e-02 1.689646906825459502e-04 -2.448736194850170946e-05 -2.821463377542079522e-07 3.68 0.00022439049062 1.6e-09
2.156868546073186700e-05 3.971595056694737225e-01 -1.002125214123544134e-02 1.483269653328738065e-04 1.191281216531782082e-05 -2.576402883723337329e-06 3.68 0.00022439049062 1.6e-09
3.186642775007481125e-05 2.802104361279386779e+00 2.483574767137026323e-02 1.784579968454660655e-04 2.171996681680311630e-05 7.107260680829473320e-07 3.68 0.00022439049062 1.6e-09
5.944610710763794412e-05 3.677543297787970289e+00 7.467383204314753664e-02 2.242442267376065172e-04 -2.693260649137149023e-06 2.475855138830503610e-07 3.68 0.00022439049062 1.6e-09
4.937629684125085567e-05 2.173953208650783342e+00 6.234960763393043726e-02 1.477385514919033469e-04 -3.139225511956210678e-05 -7.132948242401749010e-07 3.68 0.00022439049062 1.6e-09
-2.417050464840762359e-06 5.075781616872475643e-01 -1.837391188522083385e-02 1.278867896405897473e-04 4.878656749048860522e-05 -9.115428851958663154e-07 3.68 0.00022439049062 1.6e-09
-6.719428579068775353e-05 3.126422499534443844e+00 5.135180351661033926e-02 1.951125393950238701e-04 1.684539723610072178e-05 8.041484176788418891e-07 3.68 0.00022439049062 1.6e-09
-1.256375602973700543e-06 3.632290570271207386e+00 1.018232857723003065e-01 2.218043080072764012e-04 -6.003436950761322931e-06 1.550213895249035948e-07 3.68 0.00022439049062 1.6e-09
2.345557801491638845e-05 1.734486948660379557e+00 6.290700494740036897e-02 1.284470338578375527e-04 -3.886409589762968020e-05 -1.378933139633534777e-06 3.68 0.00022439049062 1.6e-09
3.065978520710919796e-05 7.702223462837765044e-01 -1.940636783090451262e-02 1.096532645365202817e-04 5.617211968559721134e-05 5.615383629897744879e-07 3.68 0.00022439049062 1.6e-09
-4.038736783556175149e-05 3.333815446021860751e+00 6.943129220519350664e-02 2.059861929896401270e-04 1.298672801504498442e-05 7.691114159793373568e-07 3.68 0.00022439049062 1.6e-09
5.155306756886108221e-05 3.501245580421191050e+00 1.119186496432998945e-01 2.148399319369827514e-04 -9.413426314797993872e-06 1.661979047285930775e-08 3.68 0.00022439049062 1.6e-09
1.432605504876912660e-05 1.212671534435540099e+00 4.496119168462478499e-02 1.111461575407249954e-04 -4.864440834023857937e-05 -2.263516241561960149e-06 3.68 0.00022439049062 1.6e-09
3.754317814901909911e-05 1.239507437305791271e+00 -4.726679338799120826e-03 1.118006723119127730e-04 4.813497898984894199e-05 1.435799752758616081e-06 3.68 0.00022439049062 1.6e-09
-5.859801831987070965e-05 3.506373692293283995e+00 9.656192534375269976e-02 2.151167544930149994e-04 9.172545750547468732e-06 6.622259715780651167e-07 3.68 0.00022439049062 1.6e-09
-6.987057101555132382e-05 3.313597809383826309e+00 1.206843538950529982e-01 2.049270430138120064e-04 -1.327850913294929830e-05 -2.524870382072271484e-07 3.68 0.00022439049062 1.6e-09
-4.258813769665897902e-05 7.410045126663755699e-01 1.750135587296387796e-02 1.105636887879079947e-04 -5.618612978978915283e-05 -3.485963568743346944e-06 3.68 0.00022439049062 1.6e-09
3.858405772754479221e-05 1.775715643313702463e+00 2.465089277817551772e-02 1.301507408908539223e-04 3.808317339761905894e-05 1.730314912566235243e-06 3.68 0.00022439049062 1.6e-09
-1.016005535327755270e-04 3.631834520387373644e+00 1.318767710310239094e-01 2.217883607991896495e-04 5.631014623283259845e-06 5.544482485062887871e-07 3.68 0.00022439049062 1.6e-09
1.077708500499530684e-06 3.083409160856648512e+00 1.335713033501000346e-01 1.928872334145882066e-04 -1.739357432581689270e-05 -6.197591247690086505e-07 3.68 0.00022439049062 1.6e-09
3.932401463033323869e-05 4.843989955283612980e-01 -3.882350502626752409e-03 1.312843309178903244e-04 -4.544368331913654945e-05 -4.184992654840435819e-06 3.68 0.00022439049062 1.6e-09
-5.674076051216761393e-05 2.234577742806170164e+00 5.367785687490202184e-02 1.505868071867125148e-04 3.034569889534477689e-05 1.650357836055992320e-06 3.68 0.00022439049062 1.6e-09
6.305567684161882895e-05 3.673913141297734164e+00 1.517100785470189561e-01 2.240565782007917269e-04 2.132143548124506523e-06 3.984081113993438032e-07 3.68 0.00022439049062 1.6e-09
-2.438023912152738207e-05 2.735590691757824544e+00 1.283431836358474576e-01 1.750998920448642031e-04 -2.260619862969148093e-05 -1.026642404389544019e-06 3.68 0.00022439049062 1.6e-09
5.417500494920410081e-05 3.939352951711472262e-01 -1.775569894145932748e-02 1.491537913881129328e-04 -3.602389513392583664e-06 -2.472109919013645803e-06 3.68 0.00022439049062 1.6e-09
-5.946586823093074129e-05 2.678791407085699738e+00 8.838420203078044268e-02 1.722465562174966527e-04 2.346060211557905761e-05 1.423285399246673432e-06 3.68 0.00022439049062 1.6e-09
2.491151062099013772e-05 3.674927599783146093e+00 1.645496581626945398e-01 2.241136202559521637e-04 -1.646543562849385663e-06 1.439293410824806380e-07 3.68 0.00022439049062 1.6e-09
-4.590126734848722030e-05 2.295176343410266551e+00 1.069260510605202497e-01 1.534602794931860391e-04 -2.933075215613174932e-05 -1.565547040683031959e-06 3.68 0.00022439049062 1.6e-09
-4.769385931415522518e-05 4.617757000228127628e-01 -2.071739071735510460e-02 1.348356701172442797e-04 4.174371240900411344e-05 1.030178268240237861e-06 3.68 0.00022439049062 1.6e-09
8.652814681217248130e-05 3.046636962906749346e+00 1.266877402488043591e-01 1.909745620592681646e-04 1.803726294040103019e-05 1.225069072250263050e-06 3.68 0.00022439049062 1.6e-09
-3.301213742569703100e-05 3.650471127222460144e+00 1.809014331250291818e-01 2.227774105864208857e-04 -5.066302196695659705e-06 -1.256577085713192484e-07 3.68 0.00022439049062 1.6e-09
4.543409879808697267e-05 1.867935039690551413e+00 8.507625652663963756e-02 1.340051953566854474e-04 -3.647349569579691063e-05 -2.247159007573245969e-06 3.68 0.00022439049062 1.6e-09
1.482630965297086715e-05 6.748546286474890188e-01 -1.064673996943225204e-02 1.133364874727089820e-04 5.618860210554543300e-05 2.858373636190405488e-06 3.68 0.00022439049062 1.6e-09
-1.122925499465393591e-05 3.275984744916674352e+00 1.513056343323185560e-01 2.029397623374210166e-04 1.406946902944577557e-05 1.004770715929136344e-06 3.68 0.00022439049062 1.6e-09
5.443953413154617416e-05 3.544007585868875765e+00 1.823439468554573784e-01 2.171070009128821493e-04 -8.349716717495981249e-06 -3.894333421423135660e-07 3.68 0.00022439049062 1.6e-09
-1.387634425502523708e-05 1.371727533920811037e+00 5.184107162043935513e-02 1.154086322719881873e-04 -4.548233055302488930e-05 -3.019827239504200279e-06 3.68 0.00022439049062 1.6e-09
4.348227999649613711e-05 1.085144315413251626e+00 1.674485973094633900e-02 1.087701736732369555e-04 5.109794721992662889e-05 3.024915488498136584e-06 3.68 0.00022439049062 1.6e-09
-6.446988018337316271e-05 3.454297294487549408e+00 1.653404985652071335e-01 2.123584616058351551e-04 1.025014530706540497e-05 6.984742009361992279e-07 3.68 0.00022439049062 1.6e-09
6.025948324229893956e-05 3.365596311141191510e+00 1.667629649601274633e-01 2.076694903876969279e-04 -1.214419968786422342e-05 -6.909492762739428932e-07 3.68 0.00022439049062 1.6e-09
3.973485018914275652e-05 8.529515373818871149e-01 1.161801740610252445e-02 1.080974567442280292e-04 -5.515125434659576080e-05 -3.621620398103823225e-06 3.68 0.00022439049062 1.6e-09
7.538704736647712279e-06 1.632239149374041798e+00 6.039231123094772336e-02 1.244422629588207325e-04 4.056980212502388368e-05 2.618785881031818952e-06 3.68 0.00022439049062 1.6e-09
-7.187008578513374513e-05 3.602479088989645195e+00 1.849167103183742000e-01 2.202216373018456731e-04 6.598978539776763962e-06 3.918798941365549709e-07 3.68 0.00022439049062 1.6e-09
-1.284577286697892142e-05 3.156704809312016913e+00 1.532363681003570122e-01 1.966992613235685737e-04 -1.614229960143212587e-05 -1.059558786770876622e-06 3.68 0.00022439049062 1.6e-09
-5.941311023407311933e-06 5.385601100324246548e-01 -1.339220256705184013e-02 1.241617412816393897e-04 -5.139541274884707546e-05 -2.996657777084574205e-06 3.68 0.00022439049062 1.6e-09
-1.321678656995471467e-05 2.105705069815588359e+00 9.688223630534514852e-02 1.445881617914279845e-04 3.239152412629414603e-05 2.128420124425398974e-06 3.68 0.00022439049062 1.6e-09
7.044431127231661600e-05 3.666603268878498856e+00 1.942162561536187326e-01 2.236581557936231251e-04 3.183541969472918168e-06 1.363788462179805710e-07 3.68 0.00022439049062 1.6e-09
-1.040910806360065830e-05 2.850222964199700559e+00 1.335851395623861571e-01 1.809036844686007207e-04 -2.089715113380834904e-05 -1.422730777498838132e-06 3.68 0.00022439049062 1.6e-09
-4.777421227192327869e-05 4.039811177888256721e-01 -2.160279587020966924e-02 1.466992375419621467e-04 -1.836448938926333539e-05 -1.571562140435486802e-07 3.68 0.00022439049062 1.6e-09
3.545417232773201627e-05 2.550607562526903571e+00 1.213622910546821865e-01 1.658735587841653984e-04 2.531924251651540032e-05 1.505307895453085294e-06 3.68 0.00022439049062 1.6e-09
8.718969658976194166e-07 3.672758071400071600e+00 1.803359888013719714e-01 2.240041254362644895e-04 -5.652057781077577325e-07 -1.509141554702696520e-07 3.68 0.00022439049062 1.6e-09
-2.016139802433635194e-05 2.418006379102049408e+00 9.350475716044565067e-02 1.593759825160342004e-04 -2.737472087028512181e-05 -1.724258545026562978e-06 3.68 0.00022439049062 1.6e-09
-3.083779651499906141e-05 4.280047789223871968e-01 -1.510997776986428703e-02 1.412485719358150737e-04 3.214174414431242993e-05 3.542880193093192295e-06 3.68 0.00022439049062 1.6e-09
-1.394214015507337504e-05 2.958581712633567840e+00 1.477301397925184778e-01 1.864367125108880199e-04 1.936661554924256289e-05 1.020947328787801193e-06 3.68 0.00022439049062 1.6e-09
-4.288306021831931339e-05 3.665063570974447682e+00 1.712122557945859880e-01 2.235626974525709693e-04 -4.134413077608968057e-06 -4.421165826927148535e-07 3.68 0.00022439049062 1.6e-09
-4.593612948457817232e-05 1.992608751206272233e+00 5.760997238920139568e-02 1.394571878717161529e-04 -3.437954372531978393e-05 -2.038183805832686581e-06 3.68 0.00022439049062 1.6e-09
3.717387584562560361e-06 5.985446027616544429e-01 1.722387946668805549e-03 1.183407715083878106e-04 5.461685765000857533e-05 4.423991387754858511e-06 3.68 0.00022439049062 1.6e-09
-6.185074635038755183e-05 3.218984907680772167e+00 1.594730039568854618e-01 1.999467382857579405e-04 1.516295232383014764e-05 6.974872824277359893e-07 3.68 0.00022439049062 1.6e-09
-3.514177091407656131e-05 3.584033952369348519e+00 1.582314474289046036e-01 2.192335346727843927e-04 -7.363425002999216334e-06 -6.479877190954941818e-07 3.68 0.00022439049062 1.6e-09
-1.690951939710912030e-06 1.522473735040258180e+00 2.667712274520258470e-02 1.203781234328569176e-04 -4.269401664157473003e-05 -2.303227067879423341e-06 3.68 0.00022439049062 1.6e-09
1.778781414931352220e-05 9.474431455161714810e-01 2.766277607095473517e-02 1.076400938003770042e-04 5.363071253353961687e-05 3.373710670369990286e-06 3.68 0.00022439049062 1.6e-09
-3.986237506414029396e-05 3.405875336437913514e+00 1.473781755119994430e-01 2.097972041171305166e-04 1.133470635086626275e-05 3.393145156277554986e-07 3.68 0.00022439049062 1.6e-09
9.606434748479102982e-05 3.418909006510922666e+00 1.224075070278736327e-01 2.104859530907320433e-04 -1.106663673018994131e-05 -7.883545038353364458e-07 3.68 0.00022439049062 1.6e-09
3.322867460984147358e-06 9.787207547605523139e-01 -4.993896683253356075e-03 1.077225135615190722e-04 -5.318847055430174069e-05 -2.031826510319843025e-06 3.68 0.00022439049062 1.6e-09
4.019717243031808589e-05 1.485814049392112590e+00 6.312183875992607995e-02 1.191196350213662429e-04 4.329134497306097072e-05 2.255670534731735993e-06 3.68 0.00022439049062 1.6e-09
-9.216494166595934085e-05 3.572277712925775894e+00 1.404965376924662834e-01 2.186136462698456246e-04 7.579955885464960329e-06 1.048675389478345909e-08 3.68 0.00022439049062 1.6e-09
-6.940771005435623562e-05 3.224623130460767317e+00 9.061929179300359793e-02 2.002494869400125630e-04 -1.500892334049583779e-05 -9.607677515322502925e-07 3.68 0.00022439049062 1.6e-09
2.837779440317605298e-05 6.046191754807830332e-01 -2.045719585707058211e-02 1.178954332993970629e-04 -5.484180195536770571e-05 -5.518191521444464029e-07 3.68 0.00022439049062 1.6e-09
9.081903833040464520e-06 1.979520864028762483e+00 8.658406851210947996e-02 1.388894462214738381e-04 3.454036992452020640e-05 1.548512032156092184e-06 3.68 0.00022439049062 1.6e-09
-8.629922495140688915e-05 3.659511434407329844e+00 1.357436697155941507e-01 2.232724352167854615e-04 4.183060645402103574e-06 -1.686606573379312890e-07 3.68 0.00022439049062 1.6e-09
5.990731358941850534e-05 2.952829554719696770e+00 7.090949817924085963e-02 1.861484052478119995e-04 -1.944020865060284823e-05 -1.098503570533786587e-06 3.68 0.00022439049062 1.6e-09
5.193494483802695765e-06 4.259188958919613022e-01 -1.879124384487903740e-02 1.417790207826317723e-04 -3.094054365180913638e-05 1.931840400740696313e-06 3.68 0.00022439049062 1.6e-09
-6.707024379829937212e-05 2.427244192555081170e+00 8.784639807497041097e-02 1.598264378718954374e-04 2.726816231484198417e-05 8.451668463375546839e-07 3.68 0.00022439049062 1.6e-09
5.602615470774850606e-05 3.675113591883440556e+00 1.045345772937695816e-01 2.241312941651073926e-04 4.862699266243406489e-07 -3.108966137046538626e-07 3.68 0.00022439049062 1.6e-09
4.629207831464962944e-05 2.541193540484576019e+00 3.619150784580395935e-02 1.654088262841939792e-04 -2.554134764378625396e-05 -1.046428044467443317e-06 3.68 0.00022439049062 1.6e-09
-1.640121772636946636e-05 4.052579770980095364e-01 -7.241780294283102840e-03 1.463387953890528056e-04 2.005936097364396310e-05 4.043298476944008775e-06 3.68 0.00022439049062 1.6e-09
5.776576789379957242e-06 2.863999329489446133e+00 9.123787268256917937e-02 1.815994098900734419e-04 2.082472864535427439e-05 3.746714955421187972e-07 3.68 0.00022439049062 1.6e-09
-7.297395913257407067e-05 3.677220834059266696e+00 8.060318328246972308e-02 2.242199934400309518e-04 -3.208792259926056533e-06 -4.620876897071636789e-07 3.68 0.00022439049062 1.6e-09
-4.873157018473054443e-05 2.112341457219371499e+00 7.418721706264363482e-03 1.448817885760141371e-04 -3.244120975863205722e-05 -9.738553978527851398e-07 3.68 0.00022439049062 1.6e-09
-2.474975860746963748e-06 5.359086670321104862e-01 6.086987317909482893e-03 1.244008757078144106e-04 5.134971319704615837e-05 3.559009359359661520e-06 3.68 0.00022439049062 1.6e-09
7.392220286102401446e-05 3.160752547460285555e+00 8.918991332060483002e-02 1.969025691465659152e-04 1.625564145822564374e-05 1.848458788406443539e-07 3.68 0.00022439049062 1.6e-09
-7.423724137605380250e-05 3.618632488199263975e+00 6.907776433738757604e-02 2.210761364180466001e-04 -6.463184646321252288e-06 -5.015239894539726794e-07 3.68 0.00022439049062 1.6e-09
5.938475007928579829e-05 1.662601262245976486e+00 -3.575704735346154489e-03 1.255935227444454562e-04 -4.019366397893002420e-05 -9.229267947213286888e-07 3.68 0.00022439049062 1.6e-09
-4.411144166569811256e-06 8.283477443112698957e-01 1.801185441025996564e-02 1.084360221560608977e-04 5.554382456465662565e-05 1.932271291525401251e-06 3.68 0.00022439049062 1.6e-09
1.009939433359502073e-04 3.360401551769637507e+00 6.282228839911760399e-02 2.073933919625250164e-04 1.239362325630872137e-05 -1.501064352885728595e-08 3.68 0.00022439049062 1.6e-09
-8.534947358252246692e-06 3.472304341610602751e+00 3.746361214634323644e-02 2.133100721025240135e-04 -1.001555481424322474e-05 -4.360275104152920893e-07 3.68 0.00022439049062 1.6e-09
1.423388799782030967e-05 1.121148359096142855e+00 -1.320405513928827809e-02 1.093199378924475992e-04 -5.051880212859580379e-05 -4.028770446013292719e-07 3.68 0.00022439049062 1.6e-09
2.655307469093767418e-05 1.332902698147451659e+00 3.120085500482291940e-02 1.142767288371454094e-04 4.631523385913364327e-05 9.054181728113729695e-07 3.68 0.00022439049062 1.6e-09
7.738889598056011550e-05 3.536236459433188539e+00 4.427837502998552277e-02 2.166989149500186669e-04 8.576792588947636313e-06 -1.867269709266958124e-07 3.68 0.00022439049062 1.6e-09
5.459330477838025147e-05 3.287086292093664319e+00 1.135643178476209922e-02 2.035275733271980588e-04 -1.390788152881265122e-05 -4.160214233632073201e-07 3.68 0.00022439049062 1.6e-09
3.281435349305945090e-05 6.879792148841380461e-01 -1.575039290500729328e-02 1.126975784445748678e-04 -5.629673831713682974e-05 7.311934724012157040e-07 3.68 0.00022439049062 1.6e-09
-6.134878642183731507e-05 1.848413124773376603e+00 3.675193723278047386e-02 1.331911190141088497e-04 3.685331215318263676e-05 5.267022392571282270e-07 3.68 0.00022439049062 1.6e-09
-3.188948271833793013e-05 3.645874796165622822e+00 4.268759945968428338e-02 2.225396719654211910e-04 5.136463445212645220e-06 -1.883471291121994438e-07 3.68 0.00022439049062 1.6e-09
1.127552848704170915e-05 3.043199861735604195e+00 1.038367919711574369e-02 1.908051559186319012e-04 -1.809468467522146624e-05 -4.142372953566677502e-07 3.68 0.00022439049062 1.6e-09
5.006027691868645949e-05 4.599767262314236049e-01 -9.575527926957153740e-03 1.352517952993355799e-04 -4.116283229807293976e-05 1.618734587999289720e-06 3.68 0.00022439049062 1.6e-09
4.442371354382978067e-05 2.303587394921378095e+00 2.409565422281312319e-02 1.538665440286282246e-04 2.926486072396619766e-05 1.612847178433354735e-07 3.68 0.00022439049062 1.6e-09
1.690900598878660512e-05 3.676958765965608666e+00 2.118192104061573239e-02 2.242251937483557807e-04 1.553117681889341481e-06 -1.431981406752723882e-07 3.68 0.00022439049062 1.6e-09
1.738457980509624991e-05 2.667443279437394565e+00 5.403758775164961559e-04 1.716816183508362717e-04 -2.367842863729210584e-05 -2.427521352078524509e-07 3.68 0.00022439049062 1.6e-09
-5.658320878828460466e-05 3.937340280849265239e-01 -2.496825041195554606e-03 1.492093819300449641e-04 5.440987420019155416e-06 1.674657532443476311e-06 3.68 0.00022439049062 1.6e-09
2.560645922146533000e-05 2.752352265327178138e+00 1.670813925659928034e-02 1.759410627599237108e-04 2.247337880241177387e-05 -2.774662861365502241e-08 3.68 0.00022439049062 1.6e-09
-9.625964230890417174e-05 3.681666196998725216e+00 5.733793164177061752e-03 2.244670154163065548e-04 -2.214562579923931929e-06 -1.514285673479288845e-07 3.68 0.00022439049062 1.6e-09
2.887294941429107190e-05 2.232945446497789810e+00 -9.256186136409893378e-03 1.505024130422557291e-04 -3.046793333267840088e-05 -1.031515794578846809e-07 3.68 0.00022439049062 1.6e-09
-1.704678201773048829e-05 4.843061460853909095e-01 3.585440131503056681e-06 1.312172634218037258e-04 4.585732475990404614e-05 7.843612169748766699e-07 3.68 0.00022439049062 1.6e-09
3.547507609755168296e-05 3.091821273097305145e+00 1.808541350634203237e-02 1.933162938621305559e-04 1.741182563977607386e-05 4.751077810904044036e-08 3.68 0.00022439049062 1.6e-09
2.765631101840941228e-05 3.643902314173898205e+00 1.461000894471297176e-02 2.224259270478821980e-04 -5.577114291770027274e-06 -9.821069391468391019e-08 3.68 0.00022439049062 1.6e-09
-5.081563584003553782e-05 1.795819167739856725e+00 -9.968410777746341644e-05 1.309662485684311845e-04 -3.783206962976740561e-05 -1.913550443357993920e-07 3.68 0.00022439049062 1.6e-09
-4.918924871663380853e-05 7.259799506694377680e-01 -2.431671900090904854e-03 1.110688370677214267e-04 5.641189800485537812e-05 -4.515257890656926378e-08 3.68 0.00022439049062 1.6e-09
-6.962037289367133195e-05 3.311174060067037406e+00 3.150583513381264786e-03 2.047930866617416552e-04 1.347783692864933553e-05 6.518378819172594250e-08 3.68 0.00022439049062 1.6e-09
-5.923776782794987802e-05 3.522775321866193465e+00 7.753577107612306431e-03 2.159824945753830686e-04 -8.956706610264160130e-06 1.938823984940742021e-08 3.68 0.00022439049062 1.6e-09
-1.822026970224362982e-05 1.278434781544240062e+00 4.378837681300921068e-03 1.127662009328740558e-04 -4.743360731345603991e-05 -1.598104238576405515e-07 3.68 0.00022439049062 1.6e-09
1.560386835405684522e-05 1.174205487969680162e+00 -4.283452597958734703e-03 1.103250061329671250e-04 4.946582518703076842e-05 -9.824227656092076452e-08 3.68 0.00022439049062 1.6e-09
-9.997766554056518600e-05 3.490062949174145501e+00 -2.931429552824335941e-03 2.142499519323862308e-04 9.656863905197144021e-06 4.841462226609458547e-08 3.68 0.00022439049062 1.6e-09
-1.370637592672852869e-05 3.343858743591847649e+00 2.463363587651350856e-03 2.065190269606282617e-04 -1.277207416447540905e-05 4.905819955955940361e-08 3.68 0.00022439049062 1.6e-09
1.550777540950335954e-05 7.904686702298928669e-01 2.942438457447587100e-03 1.091539471373901540e-04 -5.602425015885596890e-05 -1.729330161203880343e-07 3.68 0.00022439049062 1.6e-09
5.943715773150148499e-05 1.709067325754069611e+00 -2.683383330919405715e-03 1.274484718131309942e-04 3.929919708774275714e-05 2.035918558562529978e-07 3.68 0.00022439049062 1.6e-09
-7.461432139787207572e-05 3.622652716271013151e+00 1.535903075613762395e-02 2.212984401692724310e-04 6.095463135539961606e-06 1.362853454754615763e-07 3.68 0.00022439049062 1.6e-09
-3.778113699906727888e-05 3.121543315930935591e+00 2.195324402163286587e-02 1.948689687915802749e-04 -1.683302101831272058e-05 -2.964869367920882817e-08 3.68 0.00022439049062 1.6e-09
4.308288973206760855e-05 5.065127049075990318e-01 1.494386529626684414e-03 1.281214354757018062e-04 -4.853396097978910251e-05 -9.259996903176958474e-07 3.68 0.00022439049062 1.6e-09
-5.756974663930979031e-05 2.178324935878321433e+00 -6.371437962128837298e-03 1.479496448017226249e-04 3.131393517228687508e-05 2.909942657018837933e-07 3.68 0.00022439049062 1.6e-09
-8.493933420604063032e-05 3.675186000260250108e+00 2.202930151004561105e-02 2.241221143859323326e-04 2.615131807522816299e-06 2.292297525625002293e-07 3.68 0.00022439049062 1.6e-09
-8.536633944787925155e-05 2.789034768162405697e+00 3.368151003621541045e-02 1.778000626759276381e-04 -2.188844962080637065e-05 -5.940433976742288079e-08 3.68 0.00022439049062 1.6e-09
-4.032141667077279094e-05 3.961066024216580717e-01 -2.982050695811389388e-03 1.486424695622374993e-04 -1.004401443304847998e-05 -1.846048442928964488e-06 3.68 0.00022439049062 1.6e-09
9.478526729626318866e-06 2.627323573830073755e+00 -2.257508218440666247e-03 1.696757702126000696e-04 2.429503985971709319e-05 3.271350071633242011e-07 3.68 0.00022439049062 1.6e-09
-1.056097344606091230e-04 3.680391144934071157e+00 2.708962513250783022e-02 2.244077502065628413e-04 -1.165095222958154249e-06 2.172406640501908893e-07 3.68 0.00022439049062 1.6e-09
4.226770973124162551e-05 2.353408787189663620e+00 3.392886291797927306e-02 1.562476889786497500e-04 -2.850577725889594675e-05 -1.833258907307276023e-07 3.68 0.00022439049062 1.6e-09
8.014642896221317066e-06 4.445893541243127189e-01 -1.085090066035470334e-02 1.379618753151116821e-04 3.769448523657556557e-05 -1.555277547991821090e-06 3.68 0.00022439049062 1.6e-09
8.820524122437097675e-05 3.011361365049816552e+00 1.881635526805383943e-02 1.891549489178828811e-04 1.864597259159414371e-05 5.084133806804823576e-07 3.68 0.00022439049062 1.6e-09
-6.753714869985158638e-05 3.660719230212891695e+00 5.564207909171238475e-02 2.233285073523699283e-04 -4.675676642278234811e-06 1.865457471673394754e-07 3.68 0.00022439049062 1.6e-09
-3.872701956742789553e-05 1.921105477059816602e+00 4.422479631758889640e-02 1.363066587739430492e-04 -3.564703835337133407e-05 -6.477197000752170049e-07 3.68 0.00022439049062 1.6e-09
-5.614192016365082439e-05 6.406766179540952511e-01 -1.782114463038812074e-02 1.152971873507459104e-04 5.582594197119540303e-05 -5.591296186528097171e-07 3.68 0.00022439049062 1.6e-09
-1.763545174523310235e-05 3.257447562066453806e+00 3.080482267989858094e-02 2.019644755196817155e-04 1.454039558864845055e-05 5.829264392269146663e-07 3.68 0.00022439049062 1.6e-09
5.754993426525835127e-06 3.565769560383746928e+00 7.100256449054384578e-02 2.182628581358966706e-04 -7.956560059973210615e-06 1.618664169740757416e-07 3.68 0.00022439049062 1.6e-09
4.471362753667991154e-05 1.434640847516332141e+00 4.285051174570735089e-02 1.173867897732670796e-04 -4.438108701738909727e-05 -1.248584699006192525e-06 3.68 0.00022439049062 1.6e-09
-1.019406275223984747e-05 1.024913770656051604e+00 -1.687197372557593111e-02 1.080452529570958891e-04 5.236179680543079503e-05 4.412810903301387425e-07 3.68 0.00022439049062 1.6e-09
-9.274532331002899776e-05 3.439290601689698690e+00 4.592804344242697873e-02 2.115622291312113917e-04 1.072972293679638136e-05 5.531402650777058467e-07 3.68 0.00022439049062 1.6e-09
9.251763913959657609e-05 3.394574226558574104e+00 7.854961590553044548e-02 2.091974846055168983e-04 -1.168365115753476091e-05 3.252963720018923670e-08 3.68 0.00022439049062 1.6e-09
-3.337226702384035423e-05 9.086371406136327655e-01 2.560340137113463824e-02 1.076720267539354336e-04 -5.437524343727543122e-05 -2.200233220745794229e-06 3.68 0.00022439049062 1.6e-09
-1.739286828957242276e-05 1.565764032253887272e+00 -8.319676495484608879e-04 1.219568608881408268e-04 4.188687799986995017e-05 1.099205030300993824e-06 3.68 0.00022439049062 1.6e-09
-5.328517174925180604e-05 3.591611056565237270e+00 7.985464027772840034e-02 2.196442238581160309e-04 7.029635178740929284e-06 5.278598710036649777e-07 3.68 0.00022439049062 1.6e-09
-8.159801223258469655e-05 3.187246589523130780e+00 9.827569778983843984e-02 1.982956401966546657e-04 -1.567222402185715780e-05 -2.412968334542388580e-07 3.68 0.00022439049062 1.6e-09
-1.532631949182585690e-05 5.649755183764227917e-01 6.852546775337760299e-03 1.213953788290164139e-04 -5.307661938129611432e-05 -3.511719192607999332e-06 3.68 0.00022439049062 1.6e-09
-3.053006472734954571e-05 2.054883543560572789e+00 2.027103018538133072e-02 1.422697824232111168e-04 3.333415301658420194e-05 1.292382650226308635e-06 3.68 0.00022439049062 1.6e-09
-7.295911985106222483e-05 3.666967629913946425e+00 1.077015548384706867e-01 2.236747354560337066e-04 3.594490224874367296e-06 4.833803619867439551e-07 3.68 0.00022439049062 1.6e-09
-4.945825593767364209e-05 2.894482433820853462e+00 1.103188246254635657e-01 1.831611134203110834e-04 -2.030003536826227275e-05 -5.589612015914292538e-07 3.68 0.00022439049062 1.6e-09
1.878786765643168243e-05 4.117551315625117558e-01 -8.679821569988957833e-03 1.448995873725752027e-04 -2.399236304320962363e-05 -3.795726917067934639e-06 3.68 0.00022439049062 1.6e-09
-8.026039301354477074e-05 2.501227161193536830e+00 4.491754613119991468e-02 1.634393824255226508e-04 2.615346436167928843e-05 1.226292556910018435e-06 3.68 0.00022439049062 1.6e-09
4.562092076697853892e-05 3.676302243577897144e+00 1.224989629459431739e-01 2.241935175790052350e-04 -1.337530977464343922e-07 3.314461333229474261e-07 3.68 0.00022439049062 1.6e-09
-7.933643480996189427e-05 2.471917806935757689e+00 1.008871830428225980e-01 1.620037657202273241e-04 -2.657243785843632595e-05 -9.733207981860591705e-07 3.68 0.00022439049062 1.6e-09
1.663327488695645373e-05 4.163321356747282653e-01 -1.931586081951993522e-02 1.437721575896834547e-04 2.698823215055747829e-05 -1.411407805562013549e-06 3.68 0.00022439049062 1.6e-09
3.070099432121121074e-05 2.919440893519162472e+00 8.314193921380216845e-02 1.844321911668137686e-04 1.997098507220309557e-05 1.168834379370775141e-06 3.68 0.00022439049062 1.6e-09
6.127390711723008031e-05 3.669017884079573300e+00 1.477957952699901767e-01 2.237782459347245688e-04 -3.776729300247604426e-06 1.151169627015793169e-07 3.68 0.00022439049062 1.6e-09
2.445439867446981368e-05 2.039937101691209342e+00 9.025433090201850916e-02 1.415828372486904762e-04 -3.356702738167534946e-05 -1.632223246117688514e-06 3.68 0.00022439049062 1.6e-09
1.583798563038446612e-05 5.711298213165435511e-01 -1.986392650322000783e-02 1.207259384988837436e-04 5.360335818394556531e-05 1.189659917966506088e-06 3.68 0.00022439049062 1.6e-09
9.682213031447132014e-05 3.197339624680795023e+00 1.141219155313882155e-01 1.988130199806832817e-04 1.557964016242901508e-05 1.067469589941510639e-06 3.68 0.00022439049062 1.6e-09
-3.932547049912028255e-05 3.598632287025880672e+00 1.637572568087788394e-01 2.200094555739253864e-04 -7.001831567707754768e-06 -1.022725044072476899e-07 3.68 0.00022439049062 1.6e-09
-9.831630114205436614e-06 1.582395568709618505e+00 7.032083540129557830e-02 1.225461480289380270e-04 -4.153761063449776529e-05 -2.429893948538590012e-06 3.68 0.00022439049062 1.6e-09
-4.316498647773899563e-05 8.937576340119574025e-01 -6.282623732248453913e-03 1.077411979527019841e-04 5.463173427356591292e-05 2.342843679121524649e-06 3.68 0.00022439049062 1.6e-09
-6.157092488246653362e-05 3.386118802518272020e+00 1.355633894294818731e-01 2.087506060866384835e-04 1.178424521998567064e-05 8.714392396757431577e-07 3.68 0.00022439049062 1.6e-09
2.821356412584751210e-05 3.441990410767024500e+00 1.626614243114505587e-01 2.117046783826067127e-04 -1.058803064540378927e-05 -3.718179402557943634e-07 3.68 0.00022439049062 1.6e-09
-2.102156512287456654e-05 1.044086431864449604e+00 3.426293924476833674e-02 1.082333139580593984e-04 -5.187374008614434220e-05 -3.415015059857326105e-06 3.68 0.00022439049062 1.6e-09
3.176623109055412976e-05 1.415619272517588900e+00 2.788559298540560505e-02 1.167973353211310372e-04 4.464189931145043095e-05 2.485264871034096354e-06 3.68 0.00022439049062 1.6e-09
8.815074765286538730e-05 3.552182830247962109e+00 1.610913255850879300e-01 2.175478102066510195e-04 7.989578047555015170e-06 6.168491419194462460e-07 3.68 0.00022439049062 1.6e-09
1.390166872907420579e-05 3.246313778001783668e+00 1.579810727067340048e-01 2.013890587947629552e-04 -1.453177355013077206e-05 -7.338170150637610012e-07 3.68 0.00022439049062 1.6e-09
-2.342564542887842722e-06 6.380647638157306289e-01 1.338876277125026614e-03 1.155204129693693997e-04 -5.556538032811726046e-05 -3.999403926396460798e-06 3.68 0.00022439049062 1.6e-09
-2.775823165071567326e-05 1.926636532754235187e+00 6.858617111671169719e-02 1.365589863609629616e-04 3.542470568123944139e-05 2.266882131319623576e-06 3.68 0.00022439049062 1.6e-09
-8.436315743445054545e-05 3.651694201733677314e+00 1.859182130817498280e-01 2.228517986482781647e-04 4.564171016269610759e-06 3.850407396201149841e-07 3.68 0.00022439049062 1.6e-09
2.597406587841848949e-05 2.989592209921137389e+00 1.521350841011354649e-01 1.880376512229809793e-04 -1.882484886159037504e-05 -1.146655256371134125e-06 3.68 0.00022439049062 1.6e-09
1.590619343002437798e-05 4.396661418514196118e-01 -1.677802327080657463e-02 1.389920353444407803e-04 -3.577135442372445266e-05 -2.839795109751343897e-06 3.68 0.00022439049062 1.6e-09
1.112037769443140325e-05 2.372059979053975809e+00 1.005441173773439500e-01 1.571515109226138550e-04 2.808180077856154756e-05 1.833262676732015626e-06 3.68 0.00022439049062 1.6e-09
-7.307109378919135760e-05 3.672492240297558830e+00 1.894844542773656548e-01 2.239882456143968198e-04 9.638683645646571591e-07 1.219661561880005295e-07 3.68 0.00022439049062 1.6e-09
7.394799460778879051e-05 2.597055050015191213e+00 1.252504301208579307e-01 1.681714887559049158e-04 -2.462801626600568853e-05 -1.562095061907140968e-06 3.68 0.00022439049062 1.6e-09
-5.605936888793760462e-05 3.986535813255226435e-01 -2.120879741185692502e-02 1.479319157932354250e-04 1.352459539023378329e-05 9.067796082921553003e-07 3.68 0.00022439049062 1.6e-09
-3.540796979377480779e-05 2.810661074424951611e+00 1.338094115656456307e-01 1.788900647426232803e-04 2.151302171744761245e-05 1.361412585678192195e-06 3.68 0.00022439049062 1.6e-09
-8.381455191094653125e-05 3.673044513904637043e+00 1.872212492122690142e-01 2.240022783189399443e-04 -2.770371212498767675e-06 -1.942111156189981366e-07 3.68 0.00022439049062 1.6e-09
-2.057169753454102246e-06 2.161974743620184380e+00 8.953997201022809160e-02 1.471804251793000355e-04 -3.151197958412723754e-05 -2.011552348306089626e-06 3.68 0.00022439049062 1.6e-09
9.938912760954416771e-06 5.128296452679230732e-01 -1.168404035507770826e-02 1.271929545324433056e-04 4.928254614373972292e-05 3.724922187548703097e-06 3.68 0.00022439049062 1.6e-09
2.927587504233709903e-05 3.128740033476971938e+00 1.617060044641848715e-01 1.952322280975230646e-04 1.672414652554523489e-05 1.026222535948010840e-06 3.68 0.00022439049062 1.6e-09
7.158876031044042660e-05 3.627862508769201799e+00 1.862362021890096586e-01 2.215665578058491174e-04 -6.044401971184782511e-06 -4.729738120927762502e-07 3.68 0.00022439049062 1.6e-09
3.967800929664365027e-05 1.727425090283351228e+00 5.762977985032989581e-02 1.281590111316946641e-04 -3.894820530055920715e-05 -2.499347980525880327e-06 3.68 0.00022439049062 1.6e-09
9.277978470534609904e-06 7.770964227524749246e-01 9.373450515496125138e-03 1.094807774008082124e-04 5.599133772113218746e-05 3.922616988932654149e-06 3.68 0.00022439049062 1.6e-09
-9.158709556130504670e-05 3.331846646022169178e+00 1.685603353530508164e-01 2.058843419533068258e-04 1.291151812603562860e-05 7.011043610588738606e-07 3.68 0.00022439049062 1.6e-09
-1.012189630695014723e-04 3.493342521070101458e+00 1.667990051736465418e-01 2.144227805596541042e-04 -9.458009235385974760e-06 -6.999936900478105117e-07 3.68 0.00022439049062 1.6e-09
3.910794163016256597e-05 1.199381376021682488e+00 1.997755543531249192e-02 1.108509529505846377e-04 -4.890171060691556667e-05 -2.850392628349358950e-06 3.68 0.00022439049062 1.6e-09
-2.847299913256925590e-05 1.254066492201424188e+00 4.550624337437778055e-02 1.121574878205874767e-04 4.774274803650349890e-05 2.992037845542084425e-06 3.68 0.00022439049062 1.6e-09
2.429359983212170935e-05 3.507857928847776030e+00 1.652014889100381079e-01 2.151952947962805962e-04 9.078431395365597038e-06 3.188079904369627992e-07 3.68 0.00022439049062 1.6e-09
-7.261375735731087579e-05 3.307795233499437160e+00 1.333557156325592130e-01 2.046213276069553896e-04 -1.335335953375715553e-05 -9.308415566887689924e-07 3.68 0.00022439049062 1.6e-09
3.889751929017086534e-05 7.316799359232618594e-01 -1.103560386686401606e-02 1.108808114872479855e-04 -5.630123620471158075e-05 -2.307185904956025990e-06 3.68 0.00022439049062 1.6e-09
1.174405215235340417e-05 1.786305716477639027e+00 8.437927914907553117e-02 1.305837247039406089e-04 3.783336486993231783e-05 2.222996784526774364e-06 3.68 0.00022439049062 1.6e-09
7.657213455482156069e-06 3.633494827974631747e+00 1.705268344070658415e-01 2.218753494498642946e-04 5.580967811775019721e-06 3.491548251855981727e-08 3.68 0.00022439049062 1.6e-09
8.489491899297677338e-05 3.081658008518123992e+00 1.119493923602391805e-01 1.927937419388976031e-04 -1.743912288028337193e-05 -1.192560928710095206e-06 3.68 0.00022439049062 1.6e-09
-9.070336363458570176e-06 4.819215529615146765e-01 -2.158720003906199753e-02 1.316477253450661642e-04 -4.512304778357610185e-05 -3.002679835916642831e-07 3.68 0.00022439049062 1.6e-09
-8.307125031665780080e-07 2.237873600120406259e+00 1.037273481188510649e-01 1.507455546678104416e-04 3.024072108467344607e-05 1.533520416953730045e-06 3.68 0.00022439049062 1.6e-09
-4.372563604230275534e-05 3.672425384154239580e+00 1.570911404045896020e-01 2.239786604952129418e-04 2.105433038734074310e-06 -1.707665962065875507e-07 3.68 0.00022439049062 1.6e-09
5.623581562366279901e-05 2.728694954739788514e+00 8.202306713142057393e-02 1.747537300246539669e-04 -2.271951494517186491e-05 -1.351419181079060898e-06 3.68 0.00022439049062 1.6e-09
-4.687379412513129837e-05 3.937117242874975664e-01 -1.689810594709763997e-02 1.492068642534224163e-04 -2.320112472843779449e-06 2.972838456192832445e-06 3.68 0.00022439049062 1.6e-09
3.281692353179809977e-05 2.687101613806428979e+00 1.120606457189335936e-01 1.726625405493043951e-04 2.334935179094216432e-05 8.534098530586396801e-07 3.68 0.00022439049062 1.6e-09
1.134005850811187856e-05 3.677451188394425863e+00 1.267464095076344111e-01 2.242472436055546021e-04 -1.691768657477386670e-06 -3.957454430154563065e-07 3.68 0.00022439049062 1.6e-09
-4.385136572407176544e-05 2.290522592069533125e+00 4.021201902819150631e-02 1.532366934702226872e-04 -2.947300258995047144e-05 -1.372423858502642608e-06 3.68 0.00022439049062 1.6e-09
1.125438581963756477e-05 4.641426929145722191e-01 -2.758281493849872902e-03 1.344439797827015181e-04 4.215743487733972878e-05 4.538760116127644705e-06 3.68 0.00022439049062 1.6e-09
3.308926421466515562e-05 3.051694763421701317e+00 1.227316640993679625e-01 1.912344941623506122e-04 1.801429373236589131e-05 4.891458838178073498e-07 3.68 0.00022439049062 1.6e-09
-2.766094934891554988e-05 3.654101811979090009e+00 1.132694369333333007e-01 2.229700130519066841e-04 -5.084522782971143640e-06 -5.652650242776648983e-07 3.68 0.00022439049062 1.6e-09
3.409022631274098855e-05 1.866465043271198443e+00 1.533400124895058225e-02 1.339398400485986820e-04 -3.660012904970290549e-05 -1.442753083735902369e-06 3.68 0.00022439049062 1.6e-09
-5.646209882633919770e-05 6.771708383843652035e-01 1.374754291300449641e-02 1.132246763193067501e-04 5.614974232436196707e-05 3.523162798389444510e-06 3.68 0.00022439049062 1.6e-09
2.700711242120642553e-05 3.278653147654004840e+00 1.118985613575873284e-01 2.030821684648968632e-04 1.405771060517637378e-05 2.388375488875727771e-07 3.68 0.00022439049062 1.6e-09
-1.559643258508965443e-05 3.543971799575852621e+00 8.949185415663993282e-02 2.171072329628461915e-04 -8.400380161391443994e-06 -6.105467550489508867e-07 3.68 0.00022439049062 1.6e-09
-1.969170955727067500e-05 1.360858031451048111e+00 -3.418768356676780105e-03 1.150856723355449447e-04 -4.580372514100802600e-05 -1.288164812176871333e-06 3.68 0.00022439049062 1.6e-09
5.499329030225235033e-06 1.095376399185153504e+00 3.375172256743882299e-02 1.089150074338138285e-04 5.094055288023283069e-05 1.966300737084335839e-06 3.68 0.00022439049062 1.6e-09
4.621805238661525210e-05 3.462310107732256448e+00 8.508499814164155461e-02 2.127817046644205859e-04 1.020074134065625746e-05 -5.139089228604818001e-08 3.68 0.00022439049062 1.6e-09
8.211668287118056582e-05 3.368370740307260469e+00 4.891403027969362660e-02 2.078140854343770339e-04 -1.221847445705257362e-05 -6.095020647037614745e-07 3.68 0.00022439049062 1.6e-09
5.250107964828489297e-06 8.465289859506635040e-01 -1.771176277689468989e-02 1.081715750783384701e-04 -5.535346658061674992e-05 -3.099980771524465635e-07 3.68 0.00022439049062 1.6e-09
1.246620711198643110e-05 1.638069693716369013e+00 5.311631550612564562e-02 1.246618181612255951e-04 4.055183827998820188e-05 1.151220608834327337e-06 3.68 0.00022439049062 1.6e-09
-7.230509975980807329e-05 3.609523920133386632e+00 7.793549340612182519e-02 2.205955280251970505e-04 6.593980193037109712e-06 -2.078155499632079278e-07 3.68 0.00022439049062 1.6e-09
-6.860116678616540707e-05 3.161565658675451918e+00 3.120821776868523689e-02 1.969509806244300635e-04 -1.617999669121060463e-05 -6.656362210894622698e-07 3.68 0.00022439049062 1.6e-09
5.947683592837594901e-05 5.375843654533583038e-01 -1.761471224181126310e-02 1.242527909839403360e-04 -5.140884978516303383e-05 1.250866889174976487e-06 3.68 0.00022439049062 1.6e-09
2.802778551572175810e-05 2.107504565015656972e+00 5.429641576277373372e-02 1.446750477550696806e-04 3.244332806021561777e-05 6.414931544175199719e-07 3.68 0.00022439049062 1.6e-09
-1.052384796312000158e-04 3.670109645094242978e+00 6.415607745443760446e-02 2.238476514552380616e-04 3.175118990026790337e-06 -2.308130452366617149e-07 3.68 0.00022439049062 1.6e-09
-4.399331121299866016e-05 2.847635975197942315e+00 1.984107829861782996e-02 1.807749018277808291e-04 -2.101299222801586365e-05 -6.145026765608458951e-07 3.68 0.00022439049062 1.6e-09
6.739905207196060413e-05 4.027646790771457486e-01 -9.018969250282275751e-03 1.470016420523844142e-04 -1.767042920016084339e-05 2.620164791276434913e-06 3.68 0.00022439049062 1.6e-09
-4.091843482615604906e-05 2.560836198741500702e+00 4.134858379684794305e-02 1.663761645932430682e-04 2.528222460016632195e-05 1.539363947759233495e-07 3.68 0.00022439049062 1.6e-09
2.099119604763258499e-05 3.679627420162377760e+00 3.085610401637636085e-02 2.243696944633429306e-04 -6.138046776072233904e-07 -2.663941542141899882e-07 3.68 0.00022439049062 1.6e-09
-1.468056697232297423e-05 2.417441140418963741e+00 -4.304557755843971267e-03 1.593458708219665384e-04 -2.748982539429762218e-05 -3.860011878437523953e-07 3.68 0.00022439049062 1.6e-09
2.291029297582028988e-07 4.279852849923687641e-01 1.829138117274080430e-04 1.412729802700054258e-04 3.234082560571141285e-05 2.536234061267669778e-06 3.68 0.00022439049062 1.6e-09
-9.179921523771306232e-05 2.964784265698386267e+00 4.136600375401067176e-02 1.867549095433636069e-04 1.937483763001729631e-05 2.662004174934733668e-08 3.68 0.00022439049062 1.6e-09
-9.393270851799235806e-05 3.669776145260637001e+00 2.497227481704985402e-02 2.238143561210461405e-04 -4.167188526406141056e-06 -2.884013323967507911e-07 3.68 0.00022439049062 1.6e-09
3.141791288310674793e-05 1.990859381646378878e+00 -9.464756642882033583e-03 1.393774454875301022e-04 -3.449564088607110841e-05 -3.331793380589048454e-07 3.68 0.00022439049062 1.6e-09
2.078977795580823985e-06 5.995068833519425766e-01 4.581919272337867804e-03 1.182738245634741515e-04 5.478879112707658720e-05 1.249099251336102215e-06 3.68 0.00022439049062 1.6e-09
5.958271668283416544e-05 3.224521500545153518e+00 3.012979607110013308e-02 2.002392526286695892e-04 1.513149344886238610e-05 1.328997246954256603e-08 3.68 0.00022439049062 1.6e-09
-2.551296217724049282e-05 3.584577819688974376e+00 1.922378646149877982e-02 2.192644234411286709e-04 -7.442816223701536618e-06 -1.989134702834298636e-07 3.68 0.00022439049062 1.6e-09
3.299530727732781434e-05 1.511333064186151098e+00 -5.448135563651829855e-03 1.199887021404285800e-04 -4.296269794266590751e-05 -2.483849128651197828e-07 3.68 0.00022439049062 1.6e-09
-4.800143559648720827e-05 9.565029540136833486e-01 5.751114614443960868e-03 1.076401512761118826e-04 5.363533940334647577e-05 2.641599236387814695e-07 3.68 0.00022439049062 1.6e-09
7.163540134692264320e-05 3.415276016609266385e+00 6.194638249340151531e-03 2.102915590573625065e-04 1.127322177429008964e-05 -6.936647559696760877e-08 3.68 0.00022439049062 1.6e-09
-1.010470371604381483e-05 3.422896389153698760e+00 -2.411569359757020307e-03 2.106942351464213630e-04 -1.111685745771120313e-05 -8.597804870815100929e-08 3.68 0.00022439049062 1.6e-09
4.688464982202759517e-05 9.764943352192685389e-01 -5.771113007456728401e-03 1.076996350902472105e-04 -5.329256136711847073e-05 1.808172346070053818e-07 3.68 0.00022439049062 1.6e-09
4.574578093381571154e-05 1.487975467182149014e+00 8.055325890883664047e-03 1.191937369266400670e-04 4.335752150818695459e-05 1.466541651877088014e-07 3.68 0.00022439049062 1.6e-09
-5.476692981674714030e-05 3.576164445676660364e+00 7.750958657919636806e-03 2.188206953482294036e-04 7.563902589973057562e-06 -6.468246761965896628e-08 3.68 0.00022439049062 1.6e-09
-5.630636260134020180e-05 3.225914519856196261e+00 -8.927380404025885181e-04 2.003170097812342941e-04 -1.504585803450349696e-05 -9.272925414348015927e-08 3.68 0.00022439049062 1.6e-09
-1.859209388979251072e-05 6.034806806838700632e-01 -3.844668734799602111e-03 1.179896623797935094e-04 -5.486005069126352390e-05 3.828560915286791442e-07 3.68 0.00022439049062 1.6e-09
-4.126366257429089836e-06 1.983563108067645242e+00 4.417134202025236461e-03 1.390720995279026695e-04 3.454260556303227726e-05 1.765392944319435758e-07 3.68 0.00022439049062 1.6e-09
7.430940454196974330e-05 3.661365699207572710e+00 1.457827510109276775e-02 2.233737655903208661e-04 4.126757826195167546e-06 4.278650872747472312e-08 3.68 0.00022439049062 1.6e-09
-8.939423274147517240e-05 2.947698596202679155e+00 1.295877723856196304e-02 1.858882146224219867e-04 -1.953462860574456104e-05 -8.578834055483396624e-08 3.68 0.00022439049062 1.6e-09
-6.943549334571564062e-05 4.238793715559145969e-01 -1.649756152633252010e-03 1.422402469956372611e-04 -3.033328009004224000e-05 -1.940276368910602625e-07 3.68 0.00022439049062 1.6e-09
-4.529387894960149833e-05 2.437482334461243738e+00 -6.356346755060998666e-03 1.603212127673196577e-04 2.717686335168517547e-05 7.624492882543599834e-08 3.68 0.00022439049062 1.6e-09
1.422035134639217514e-06 3.679678352174036160e+00 3.932241486409948292e-03 2.243730567944435662e-04 4.391009932313258725e-07 1.022952708449493030e-07 3.68 0.00022439049062 1.6e-09
4.096657751258641852e-05 2.540548041286550429e+00 1.105328544738161042e-02 1.653736905708902297e-04 -2.559837860612730915e-05 7.938272200668124128e-09 3.68 0.00022439049062 1.6e-09
-7.076518925804462456e-05 4.049921036116601591e-01 -3.858193644682367598e-03 1.464099275197195175e-04 2.025313228481040207e-05 -8.472641956780851867e-07 3.68 0.00022439049062 1.6e-09
8.316417371626679998e-05 2.866862654463713689e+00 2.401319704172009614e-03 1.817478244355562344e-04 2.079285704913763264e-05 1.892436093885150686e-07 3.68 0.00022439049062 1.6e-09
-9.281476175684570825e-05 3.676620049855007011e+00 1.784778695614073346e-02 2.241892062962209009e-04 -3.251111341295141901e-06 9.973620747689714873e-08 3.68 0.00022439049062 1.6e-09
-2.651797794229082439e-05 2.105885426666640470e+00 1.796307427843842064e-02 1.445878203618786379e-04 -3.254859953507342258e-05 -1.711288313210602342e-07 3.68 0.00022439049062 1.6e-09
5.076123248067757591e-05 5.388047312283421597e-01 -1.004286227671434897e-02 1.240713235936583643e-04 5.166425927031478372e-05 -8.358292498398437712e-07 3.68 0.00022439049062 1.6e-09
5.211590189084257848e-06 3.165998534096894801e+00 1.097261990270860868e-02 1.971764000168004427e-04 1.618887099457628961e-05 3.407154176073141474e-07 3.68 0.00022439049062 1.6e-09
-6.220933654294886388e-05 3.617038623756211990e+00 3.696486922984437706e-02 2.209915560319874062e-04 -6.536322036096828037e-06 1.415855581641307582e-07 3.68 0.00022439049062 1.6e-09
1.218249146292171286e-05 1.652501496896991107e+00 2.851112086255021966e-02 1.252035555544664175e-04 -4.036802870091251360e-05 -5.446174296131352346e-07 3.68 0.00022439049062 1.6e-09
-3.684250313388895968e-05 8.355149053324149033e-01 -1.568863311393205173e-02 1.083113489294653591e-04 5.552045631249703523e-05 -3.496223783776401372e-07 3.68 0.00022439049062 1.6e-09
-9.881601433066383646e-06 3.365934684142814604e+00 1.135113792003385885e-02 2.076820436122344240e-04 1.234493089322962756e-05 3.656081978539452925e-07 3.68 0.00022439049062 1.6e-09
2.437117361809525005e-05 3.473660874979001889e+00 3.990127718659605000e-02 2.133792297680886475e-04 -1.004927073292380949e-05 1.533137908005865026e-07 3.68 0.00022439049062 1.6e-09
1.159222160462177191e-05 1.120284627409652733e+00 2.407799028075079117e-02 1.092972825185056134e-04 -5.053447217852001901e-05 -1.021085188569313404e-06 3.68 0.00022439049062 1.6e-09
-4.412571828039805241e-05 1.333650133173228891e+00 -1.219435831726625730e-02 1.143007432493176555e-04 4.631453408860581082e-05 3.758652382371694113e-07 3.68 0.00022439049062 1.6e-09
-8.459116605182703677e-05 3.535232415927093363e+00 3.167557074302190107e-02 2.166470964821068509e-04 8.560488386798207892e-06 3.768404669678037795e-07 3.68 0.00022439049062 1.6e-09
5.192419123581106758e-05 3.282573351705321052e+00 5.397425886446295673e-02 2.032926478057364532e-04 -1.395520387629793527e-05 1.222316844056159584e-08 3.68 0.00022439049062 1.6e-09
-1.855957017087578732e-05 6.835505098868840390e-01 1.221836680734763800e-02 1.129302496732771611e-04 -5.621897519027409642e-05 -2.011973829163512725e-06 3.68 0.00022439049062 1.6e-09
-1.449922472869268061e-05 1.856469873756441125e+00 -5.130325184352541078e-04 1.335355570658605098e-04 3.671249014651556191e-05 8.009824995534299159e-07 3.68 0.00022439049062 1.6e-09
8.671371873541728682e-05 3.646108129684916932e+00 6.202900163277551282e-02 2.225529755338388695e-04 5.059121438481771618e-06 4.224014268735378342e-07 3.68 0.00022439049062 1.6e-09
8.127086118515033128e-05 3.035968148612415263e+00 7.701169335007050643e-02 1.904313927817365181e-04 -1.818954030868198961e-05 -2.101106066752255700e-07 3.68 0.00022439049062 1.6e-09
6.299553789911960331e-06 4.575760497099754520e-01 3.415231974984249928e-04 1.356891296567964023e-04 -4.053701495693464541e-05 -3.256537586270414257e-06 3.68 0.00022439049062 1.6e-09
2.911446280836801746e-05 2.312053866386809098e+00 1.124959520286748955e-02 1.542674453259338220e-04 2.913737635661591842e-05 8.744293909179922189e-07 3.68 0.00022439049062 1.6e-09
-6.232124035329979195e-05 3.677905835478152863e+00 7.641157213884801347e-02 2.242740869904993862e-04 1.501138764906552599e-06 3.956341634842692930e-07 3.68 0.00022439049062 1.6e-09
1.029964688664239452e-05 2.663417948631708665e+00 8.089066466296934710e-02 1.714777399821774061e-04 -2.372721121121604309e-05 -4.506695141376265837e-07 3.68 0.00022439049062 1.6e-09
-1.924852444376812618e-05 3.941762088146292808e-01 -1.172758793283128556e-02 1.490841184635392281e-04 5.765023994007069627e-06 -2.902129122167195091e-06 3.68 0.00022439049062 1.6e-09
1.382451833133460179e-05 2.754129206143610453e+00 3.848214221981281769e-02 1.760328869487198843e-04 2.240647626521054305e-05 9.152575896485823859e-07 3.68 0.00022439049062 1.6e-09
-4.812007861305452234e-06 3.677559740860176341e+00 9.860065356305824924e-02 2.242489580038988916e-04 -2.276344750400290022e-06 2.587741579240214911e-07 3.68 0.00022439049062 1.6e-09
5.595365792335091565e-06 2.222652223203363420e+00 7.743673396100977935e-02 1.500215105706340492e-04 -3.057015805401272886e-05 -9.275630893630248325e-07 3.68 0.00022439049062 1.6e-09
-5.262109368312627578e-05 4.877285828162146730e-01 -1.976038885635852949e-02 1.306796487498743239e-04 4.627725480470294911e-05 -6.888430934948597454e-07 3.68 0.00022439049062 1.6e-09
-8.483714559312670778e-05 3.096204927764757642e+00 7.048425075562227138e-02 1.935418680645033989e-04 1.732059294832513790e-05 9.554181638347638024e-07 3.68 0.00022439049062 1.6e-09
7.119060609862934864e-05 3.640898340419960633e+00 1.259569381822168710e-01 2.222642352964134145e-04 -5.637106109799563339e-06 1.132815160408971324e-07 3.68 0.00022439049062 1.6e-09
3.224862211680241638e-05 1.788672554070090737e+00 7.313341542137186124e-02 1.306656996776413965e-04 -3.789161726948042327e-05 -1.637817265167463776e-06 3.68 0.00022439049062 1.6e-09
-4.284747855070712306e-06 7.297589192142368564e-01 -1.860084455911905493e-02 1.109264125889742448e-04 5.637143776780219849e-05 1.040714623503741129e-06 3.68 0.00022439049062 1.6e-09
7.467455863686813867e-06 3.311656905565274478e+00 9.267020648588958354e-02 2.048178008452561458e-04 1.341839088766743635e-05 8.829525170565299997e-07 3.68 0.00022439049062 1.6e-09
-5.024335580104444298e-05 3.519358202890011889e+00 1.361941114657243546e-01 2.157999671217819353e-04 -8.981034343915245176e-06 -6.798485870335061344e-08 3.68 0.00022439049062 1.6e-09
-1.334771464636146972e-05 1.276107198149202926e+00 5.108560070530256125e-02 1.127026097022558655e-04 -4.737105279647044697e-05 -2.547836265349308056e-06 3.68 0.00022439049062 1.6e-09
-3.621961591952434673e-06 1.176601698990361600e+00 -6.918798925740874024e-04 1.103811056732205393e-04 4.936879465116781761e-05 1.860989463340219308e-06 3.68 0.00022439049062 1.6e-09
6.160157858970381241e-05 3.486369073731766299e+00 1.182000913396677871e-01 2.140568698309580327e-04 9.592010017371046214e-06 7.230226319881578875e-07 3.68 0.00022439049062 1.6e-09
9.436188586515084739e-05 3.334847621268089757e+00 1.396660835929380839e-01 2.060465056273001327e-04 -1.283397736238359169e-05 -3.594009172763555568e-07 3.68 0.00022439049062 1.6e-09
2.235246613729855556e-05 7.836426359658821283e-01 1.871436291167775587e-02 1.093273091616933624e-04 -5.591765721160628317e-05 -3.691938980131653183e-06 3.68 0.00022439049062 1.6e-09
-4.424271786691057667e-05 1.719173628058643821e+00 3.379324106045160370e-02 1.278492570068069786e-04 3.906818605295009101e-05 2.039939075523169603e-06 3.68 0.00022439049062 1.6e-09
-5.874128353057969632e-05 3.620935891731936529e+00 1.518559173393076445e-01 2.212062709575634569e-04 6.010775298624470889e-06 5.555506836551325088e-07 3.68 0.00022439049062 1.6e-09
-8.328994629341646442e-05 3.113316315691075253e+00 1.465885418996666911e-01 1.944406586215611946e-04 -1.688424290758912662e-05 -7.489016663964420689e-07 3.68 0.00022439049062 1.6e-09
1.688882002957163935e-05 5.044289145265206109e-01 -5.304902721597413995e-03 1.284025010472868936e-04 -4.811557850689261381e-05 -4.136335427361479332e-06 3.68 0.00022439049062 1.6e-09
-7.391510194944338023e-05 2.183722384777308179e+00 6.706390575407503163e-02 1.481996907841154646e-04 3.115462493529216133e-05 1.875672087745828776e-06 3.68 0.00022439049062 1.6e-09
-1.065974276842298376e-04 3.671420372138543442e+00 1.714607032095525618e-01 2.239201273020737870e-04 2.560176040496540853e-06 3.634793755393485788e-07 3.68 0.00022439049062 1.6e-09
2.286679670304012286e-05 2.781944591955231694e+00 1.382549094250675736e-01 1.774389956231401701e-04 -2.191229373549082856e-05 -1.171904677241825872e-06 3.68 0.00022439049062 1.6e-09
-4.268504529124195716e-05 3.963689338337036960e-01 -1.894411448689212879e-02 1.485509234575435665e-04 -9.618022423202107768e-06 -2.149221652953718317e-06 3.68 0.00022439049062 1.6e-09
1.482292440418888496e-05 2.628472037904272973e+00 1.009324633964231999e-01 1.697345589581036234e-04 2.417895356556168797e-05 1.536893260022035311e-06 3.68 0.00022439049062 1.6e-09
4.113801788334418380e-05 3.673785449684492832e+00 1.780028818405924584e-01 2.240555401532731521e-04 -1.225602532395169711e-06 8.560745027931730482e-08 3.68 0.00022439049062 1.6e-09
-6.155699546280188881e-05 2.343261606495595117e+00 1.107402370777367528e-01 1.557632878225738860e-04 -2.854522291670631918e-05 -1.674405178057612376e-06 3.68 0.00022439049062 1.6e-09
1.768220335396598143e-05 4.470743254974379743e-01 -2.006038104387807344e-02 1.374803038838695026e-04 3.824798133119101918e-05 1.618762858170947569e-06 3.68 0.00022439049062 1.6e-09
9.877751462370987733e-06 3.012901646550159018e+00 1.385749008842259433e-01 1.892321947967184762e-04 1.854370404717988521e-05 1.246980582935625559e-06 3.68 0.00022439049062 1.6e-09
-1.729857508877343945e-05 3.656110951687436827e+00 1.883444413262597150e-01 2.230806898950476503e-04 -4.705403680506793884e-06 -2.093748507400068062e-07 3.68 0.00022439049062 1.6e-09
-9.799847565408186266e-06 1.916964221806733759e+00 8.367386385813507799e-02 1.361232276253342556e-04 -3.562624302536055826e-05 -2.284715078506712234e-06 3.68 0.00022439049062 1.6e-09
-2.447606958289371478e-05 6.432411793445838022e-01 -7.945751733511247430e-03 1.151407086072198972e-04 5.578949514985814448e-05 3.401947479612261626e-06 3.68 0.00022439049062 1.6e-09
-3.231750633544457622e-05 3.253822719017472220e+00 1.619196035641906617e-01 2.017746581206432107e-04 1.448958962592510069e-05 9.839770777404452711e-07 3.68 0.00022439049062 1.6e-09
8.797036274989674363e-05 3.559685972780891383e+00 1.863805441386999218e-01 2.179391468948348393e-04 -7.962658982830806846e-06 -4.767473966808852190e-07 3.68 0.00022439049062 1.6e-09
2.234992511103963206e-05 1.431286841254450826e+00 4.940012491327534783e-02 1.172788523789321913e-04 -4.435327999972833246e-05 -2.940323968016943784e-06 3.68 0.00022439049062 1.6e-09
-1.461114563964264880e-05 1.029551904412740804e+00 1.995791204846020239e-02 1.080968396303888599e-04 5.215235978551011195e-05 3.305167129533811820e-06 3.68 0.00022439049062 1.6e-09
4.619152752770582941e-05 3.434836439187323620e+00 1.697881804851506526e-01 2.113290328321912391e-04 1.066226653490913434e-05 6.465466078307534534e-07 3.68 0.00022439049062 1.6e-09
3.943179830412154728e-05 3.385799969732878001e+00 1.645577977674085313e-01 2.087364478955155999e-04 -1.171701184257900226e-05 -7.512271227253096805e-07 3.68 0.00022439049062 1.6e-09
2.680062358613853087e-05 9.000986175208876006e-01 9.015567227230092753e-03 1.077124829007651530e-04 -5.447034175762782487e-05 -3.327243354867490935e-06 3.68 0.00022439049062 1.6e-09
-5.524612485897693697e-05 1.575990472708447276e+00 6.354837999313941999e-02 1.223287338090701742e-04 4.159298063316462771e-05 2.679617950134550162e-06 3.68 0.00022439049062 1.6e-09
1.144655889474499003e-05 3.590507736479411793e+00 1.822568316657797172e-01 2.195842216563407602e-04 6.966863933114992011e-06 3.100009302634256404e-07 3.68 0.00022439049062 1.6e-09
-9.307099773546808523e-05 3.182644550804912598e+00 1.442101759042703213e-01 1.980538403469498591e-04 -1.569449563890193920e-05 -1.080765371013754279e-06 3.68 0.00022439049062 1.6e-09
-4.765681894583716883e-05 5.621718756195417388e-01 -1.536485500250089724e-02 1.216633157234331462e-04 -5.295488357614821622e-05 -2.449651582418582867e-06 3.68 0.00022439049062 1.6e-09
3.239658343084643346e-05 2.057746785939234879e+00 9.892886206551433637e-02 1.424003631799030539e-04 3.318461792006364064e-05 2.095789505091320587e-06 3.68 0.00022439049062 1.6e-09
2.829300156243770125e-05 3.663807869359404279e+00 1.880562368409534613e-01 2.235059108652759276e-04 3.567675837821861743e-06 5.538253290813144219e-08 3.68 0.00022439049062 1.6e-09
-4.918362686321969162e-05 2.890434401477721238e+00 1.231247055939211216e-01 1.829539434764901524e-04 -2.031205334589122641e-05 -1.395602457512231894e-06 3.68 0.00022439049062 1.6e-09
6.321636512926734233e-05 4.109788416972169900e-01 -2.162310464380738650e-02 1.450580103200747027e-04 -2.346280718656536704e-05 3.839354798698781078e-07 3.68 0.00022439049062 1.6e-09
3.048877142031421734e-05 2.502987326464255258e+00 1.181288625835196782e-01 1.635287704547072998e-04 2.604665929145399847e-05 1.411703238209562795e-06 3.68 0.00022439049062 1.6e-09
-2.937626010846527519e-05 3.672854567647227952e+00 1.683071692917908202e-01 2.240103901487300190e-04 -1.599334245705089398e-07 -2.075717537187066135e-07 3.68 0.00022439049062 1.6e-09
-5.930515381060177634e-05 2.464467701424776003e+00 8.227722486066094132e-02 1.616410510277855868e-04 -2.666161413838229061e-05 -1.605724995983477536e-06 3.68 0.00022439049062 1.6e-09
-1.572774068613971447e-05 4.181443437493959081e-01 -1.351150460098054021e-02 1.433694570423159017e-04 2.785226603181540584e-05 3.869961017965965422e-06 3.68 0.00022439049062 1.6e-09
-8.297988727883546633e-05 2.923517497191086889e+00 1.387052812994766793e-01 1.846384905711511012e-04 1.990316321620772959e-05 8.865205318315719959e-07 3.68 0.00022439049062 1.6e-09
5.964084278945620268e-05 3.669589925300165589e+00 1.529697564251489006e-01 2.238072236598149189e-04 -3.793763988200155387e-06 -4.757882306564201856e-07 3.68 0.00022439049062 1.6e-09
-3.878763838875092624e-05 2.037673432637862714e+00 4.566214564269301113e-02 1.414789627625218896e-04 -3.364048724530022176e-05 -1.803236118184122827e-06 3.68 0.00022439049062 1.6e-09
4.633196194853932538e-05 5.737156175181059581e-01 3.241818179365976542e-03 1.204987622774937280e-04 5.359808858358501766e-05 4.479313082922184525e-06 3.68 0.00022439049062 1.6e-09
-5.317322217975554440e-05 3.197421430651075092e+00 1.468773256149872031e-01 1.988174573163596713e-04 1.557186310437336951e-05 5.714413764083965142e-07 3.68 0.00022439049062 1.6e-09
-4.428701724705184104e-06 3.597686109423541723e+00 1.387879177308433687e-01 2.199597295145100655e-04 -7.018995143563444526e-06 -6.460349697680781948e-07 3.68 0.00022439049062 1.6e-09
2.244804973540543628e-06 1.576568545090239359e+00 1.860739512189817785e-02 1.223319839630591075e-04 -4.171544441489807343e-05 -1.956746885961122751e-06 3.68 0.00022439049062 1.6e-09
1.869231377601189377e-05 9.003202854856772186e-01 2.610094211878415810e-02 1.077196996408068947e-04 5.443200828494793313e-05 3.202321710907497130e-06 3.68 0.00022439049062 1.6e-09
9.390074021390143661e-05 3.388210156500500503e+00 1.296266138310896432e-01 2.088636199157016939e-04 1.173027885226051101e-05 2.387911042056755516e-07 3.68 0.00022439049062 1.6e-09
-3.198604768241434057e-05 3.438748781537096733e+00 1.020342171730324043e-01 2.115352615327105543e-04 -1.066217251399573963e-05 -7.301019421391212010e-07 3.68 0.00022439049062 1.6e-09
-1.911018096480453772e-05 1.030294105846521369e+00 -8.074304564055126421e-03 1.080960396875331974e-04 -5.224549466499337305e-05 -1.572524261767866284e-06 3.68 0.00022439049062 1.6e-09
2.045615009674900004e-05 1.429246698109496672e+00 5.634433464365105892e-02 1.172306096236440197e-04 4.438744985059807027e-05 1.988700378637820053e-06 3.68 0.00022439049062 1.6e-09
1.004954855249974642e-04 3.559293337309929139e+00 1.168680641286032051e-01 2.179238025768311863e-04 7.939020180379953217e-06 -6.635475638817685872e-08 3.68 0.00022439049062 1.6e-09
5.278315904699759013e-05 3.248088474608315401e+00 6.855255418690987812e-02 2.014792546586089111e-04 -1.460433825301321947e-05 -8.414728367059596573e-07 3.68 0.00022439049062 1.6e-09
3.663601647029894696e-05 6.332921666663795524e-01 -2.053717047654694122e-02 1.158168548489871334e-04 -5.559465844668808645e-05 -9.521436897551535788e-08 3.68 0.00022439049062 1.6e-09
-2.500152745317633341e-05 1.931711455074839545e+00 7.551145272375660300e-02 1.367819944367825846e-04 3.537479330113953158e-05 1.303191611106251633e-06 3.68 0.00022439049062 1.6e-09
-1.038826775379491453e-05 3.655316337792863468e+00 1.112814410642082030e-01 2.230462253135051770e-04 4.536341675000886595e-06 -2.066428372550221094e-07 3.68 0.00022439049062 1.6e-09
-6.905823199172666648e-05 2.987936551204808389e+00 5.223608531512848735e-02 1.879538875956765173e-04 -1.891828764977998285e-05 -9.298537700491956692e-07 3.68 0.00022439049062 1.6e-09
-5.031750197922293851e-05 4.372423745428820618e-01 -1.720316817068675425e-02 1.394722881914673492e-04 -3.503942784725717636e-05 2.045576292354321849e-06 3.68 0.00022439049062 1.6e-09
-6.959196103090416695e-06 2.380958469288834145e+00 7.197815517316896727e-02 1.575833055852082732e-04 2.800474882689357107e-05 6.527405220989420721e-07 3.68 0.00022439049062 1.6e-09
-8.289918960369200684e-06 3.675667149272417333e+00 8.061223959670049677e-02 2.241597892250631031e-04 8.862749083718086300e-07 -2.959831688968047469e-07 3.68 0.00022439049062 1.6e-09
2.596225540113777236e-05 2.587821064272731064e+00 2.331799264188687965e-02 1.677157829574161076e-04 -2.484654403846536235e-05 -8.214493564389543706e-07 3.68 0.00022439049062 1.6e-09
3.505325439439652390e-05 3.995661079565574481e-01 -5.990476230597712587e-03 1.477272517407850140e-04 1.486685379016734258e-05 3.664590507006609405e-06 3.68 0.00022439049062 1.6e-09
-1.346194048777059397e-05 2.824454558011594507e+00 7.022844839158220998e-02 1.795883987513945904e-04 2.141385519118560763e-05 2.257264675174975774e-07 3.68 0.00022439049062 1.6e-09
8.670078502513470730e-05 3.679541667808881478e+00 5.569382830484821689e-02 2.243472234565052105e-04 -2.859337515241756456e-06 -4.042735405755294895e-07 3.68 0.00022439049062 1.6e-09
6.716844321193598817e-05 2.156738199201056805e+00 -1.697661535952196734e-03 1.469326280661755737e-04 -3.171950816106028121e-05 -6.885550782539385243e-07 3.68 0.00022439049062 1.6e-09
-2.520173201380226686e-05 5.155053261865955028e-01 5.081339412380156753e-03 1.268655529574303994e-04 4.960101347627216960e-05 3.000360035392715473e-06 3.68 0.00022439049062 1.6e-09
4.650420423689383652e-05 3.136497083160924682e+00 6.765150073573833467e-02 1.956380617264341713e-04 1.667719832646207790e-05 9.802782757519569961e-08 3.68 0.00022439049062 1.6e-09
-9.417664495460547009e-05 3.629145506345843764e+00 4.828546559033972119e-02 2.216369503975630206e-04 -6.128906691176578961e-06 -4.104450140249054601e-07 3.68 0.00022439049062 1.6e-09
6.358906684637476647e-05 1.713341186298357854e+00 -6.905016558486814018e-03 1.275963487248861017e-04 -3.929211735721662574e-05 -6.358330522590562952e-07 3.68 0.00022439049062 1.6e-09
3.037654912340391532e-05 7.880409463625783761e-01 1.288526883314512067e-02 1.092191319644370169e-04 5.600080715236772894e-05 1.438589289979377909e-06 3.68 0.00022439049062 1.6e-09
4.962890361875065958e-06 3.342192708294062786e+00 4.232136594599365809e-02 2.064310765688361538e-04 1.279936028351536855e-05 -3.996695762411256916e-08 3.68 0.00022439049062 1.6e-09
7.791923942382151830e-05 3.491224236590071417e+00 2.244696899690253739e-02 2.143112470917554920e-04 -9.627552408807564700e-06 -3.129395974176109225e-07 3.68 0.00022439049062 1.6e-09
-1.958404326012756045e-05 1.178217776146900153e+00 -1.132237591636924001e-02 1.104016927475167287e-04 -4.939741974239104689e-05 -2.071122750336840124e-07 3.68 0.00022439049062 1.6e-09
-3.323937026488725716e-05 1.274316508299910611e+00 2.074039411605326649e-02 1.126674133607215983e-04 4.748261265571007608e-05 5.658947017550899560e-07 3.68 0.00022439049062 1.6e-09
1.630751549277596605e-05 3.520049148178106879e+00 2.395998444386027854e-02 2.158397495836413102e-04 8.969124894450021947e-06 -1.673482836468154995e-07 3.68 0.00022439049062 1.6e-09
5.649239788687116312e-05 3.308565025645301194e+00 1.305732679375340422e-04 2.046580061482362487e-04 -1.349045856621965565e-05 -2.659187902564472117e-07 3.68 0.00022439049062 1.6e-09
-2.009035820600717963e-06 7.236497464050417605e-01 -1.222108907149987295e-02 1.111679529781487471e-04 -5.637585029477958835e-05 6.710430386994672755e-07 3.68 0.00022439049062 1.6e-09
-2.952144704091839666e-05 1.797752542737173664e+00 2.381729702678768434e-02 1.310618982378146380e-04 3.773938433191918057e-05 3.428913807918530902e-07 3.68 0.00022439049062 1.6e-09
-6.385570136265141883e-05 3.638360258623001720e+00 2.649014455505586257e-02 2.221372118362163110e-04 5.493666965889589511e-06 -1.343164162690599066e-07 3.68 0.00022439049062 1.6e-09
5.501167152255962399e-05 3.073860494345794336e+00 4.884002916782080941e-03 1.923920139074525521e-04 -1.761706009331379292e-05 -2.662901601867223076e-07 3.68 0.00022439049062 1.6e-09
-2.569194558197575198e-05 4.759183323072401217e-01 -6.834006626568260058e-03 1.326046063276992094e-04 -4.424027318073661403e-05 1.110591394441617483e-06 3.68 0.00022439049062 1.6e-09
-3.599842130619917296e-05 2.256763421378718881e+00 1.160530270884618104e-02 1.516385737681683944e-04 3.002818602910956451e-05 1.047194369513414742e-07 3.68 0.00022439049062 1.6e-09
3.069337899654605287e-05 3.676559501041280598e+00 1.210018898274222224e-02 2.242011351416838851e-04 1.948885300073374785e-06 -5.711434636522621611e-08 3.68 0.00022439049062 1.6e-09
-7.324037968592244264e-05 2.713435550205036684e+00 2.450858516899993497e-03 1.739880819924525699e-04 -2.299576591978342655e-05 -1.264421475929256758e-07 3.68 0.00022439049062 1.6e-09
-1.086562779943488655e-05 3.929363219454150569e-01 -2.173951570335637580e-03 1.494258131210074697e-04 -3.130628633895985033e-07 7.920746209843788649e-07 3.68 0.00022439049062 1.6e-09
5.246072472293999435e-05 2.707180889504988475e+00 4.471581067032574450e-03 1.736685299581556250e-04 2.312829874338162171e-05 -1.761124692006380074e-08 3.68 0.00022439049062 1.6e-09
-1.047501491223212197e-04 3.681716526149503288e+00 5.488003205791718280e-04 2.244731012346371998e-04 -1.829192207349761499e-06 -4.808037509475928459e-08 3.68 0.00022439049062 1.6e-09
-5.719046049706624649e-05 2.277755717519803547e+00 -3.716829946843773144e-03 1.526266955445608020e-04 -2.973043605888469471e-05 -2.142111594688366333e-08 3.68 0.00022439049062 1.6e-09
4.675286453365744754e-05 4.682127117411992723e-01 -2.536736863568644050e-03 1.337771726370929790e-04 4.313894690005007479e-05 5.562391964505114451e-08 3.68 0.00022439049062 1.6e-09
5.620783325796612471e-05 3.063262545588488539e+00 1.007247687709581299e-02 1.918361793433491426e-04 1.785956057559435952e-05 1.105651394972091464e-07 3.68 0.00022439049062 1.6e-09
1.089876363850602139e-04 3.651146492190511683e+00 1.555072936015025609e-02 2.228138382215519926e-04 -5.249363703313826794e-06 -1.909665381269327033e-09 3.68 0.00022439049062 1.6e-09
2.869363537014540358e-06 1.843273164209818571e+00 7.890861579567158904e-03 1.329579443965802602e-04 -3.700913294513428250e-05 -1.965801790309184147e-07 3.68 0.00022439049062 1.6e-09
3.771194149196679788e-05 6.924791413267734619e-01 -7.229283049271870848e-03 1.124745073509800697e-04 5.636193701561487054e-05 -3.813328739720055449e-07 3.68 0.00022439049062 1.6e-09
8.619992703049073480e-05 3.291744678161132143e+00 1.804490896269258203e-03 2.037697470637775594e-04 1.386423450158263994e-05 1.689910036477783381e-07 3.68 0.00022439049062 1.6e-09
2.144678339281003805e-05 3.539519442869324628e+00 1.626001769964064564e-02 2.168700422706477048e-04 -8.584762575692572078e-06 9.474495357278472963e-08 3.68 0.00022439049062 1.6e-09
1.768057448178584227e-05 1.336280583375357489e+00 1.321114502865282370e-02 1.143595637116776183e-04 -4.630500205286587764e-05 -3.448358480187292578e-07 3.68 0.00022439049062 1.6e-09
-9.769494928343602769e-06 1.117944423963383560e+00 -1.021513318385815910e-02 1.092700826436194487e-04 5.057502640035853921e-05 -1.463990460826802832e-07 3.68 0.00022439049062 1.6e-09
-7.918628175767227146e-05 3.471975032730775013e+00 5.105709304974539488e-04 2.132918561452764737e-04 1.005128798897438590e-05 1.670924338823998094e-07 3.68 0.00022439049062 1.6e-09
9.092831854753822196e-07 3.363342247814425701e+00 1.531950908336058084e-02 2.075473166750991041e-04 -1.236659855608203488e-05 9.927085789781805176e-08 3.68 0.00022439049062 1.6e-09
-1.747810380313846271e-05 8.320750137285598536e-01 9.221474415298476501e-03 1.083692611113532477e-04 -5.555786247857152286e-05 -6.439442723068990616e-07 3.68 0.00022439049062 1.6e-09
-2.708629374099833667e-05 1.656796390256612295e+00 -6.487118822884508848e-03 1.253890552555078804e-04 4.024090699567133846e-05 3.141977543068358321e-07 3.68 0.00022439049062 1.6e-09
-1.260574240210409922e-05 3.612316772693111577e+00 2.396741411723177576e-02 2.207471769728192447e-04 6.438630553586671793e-06 2.436466554166867713e-07 3.68 0.00022439049062 1.6e-09
5.965677055637505413e-05 3.147258426611204918e+00 3.707789591328526646e-02 1.962074119175838643e-04 -1.640479347369452591e-05 -2.564231921735093533e-08 3.68 0.00022439049062 1.6e-09
-4.972403641261324066e-05 5.265573264198220027e-01 3.916028355080624843e-03 1.255758396068573765e-04 -5.049153635136974553e-05 -1.653627546082366658e-06 3.68 0.00022439049062 1.6e-09
2.915177893584094073e-05 2.132884181927704681e+00 -4.491645573456803583e-03 1.458413114473158150e-04 3.205426197480232677e-05 4.865718908801216762e-07 3.68 0.00022439049062 1.6e-09
-2.017147193269178552e-05 3.673094719648312800e+00 3.838003470470117279e-02 2.240073802148726868e-04 2.979010771161227622e-06 3.185396655938172599e-07 3.68 0.00022439049062 1.6e-09
-8.360590919031218578e-05 2.829473788304754489e+00 5.185712537615892043e-02 1.798503136727345499e-04 -2.129020440517250047e-05 -1.350807096236754349e-07 3.68 0.00022439049062 1.6e-09
6.833374589895062129e-05 4.003156700347312302e-01 -3.717012678907957203e-03 1.476030548170859048e-04 -1.537864697097374351e-05 -2.586144174913060061e-06 3.68 0.00022439049062 1.6e-09
-2.018870580044074704e-05 2.581535801384246653e+00 4.330138198408043336e-03 1.674009217819120337e-04 2.497251664130531630e-05 5.296507776568573689e-07 3.68 0.00022439049062 1.6e-09
-8.239136901028064266e-05 3.679506626073340669e+00 4.723177552442834465e-02 2.243625368966112939e-04 -7.860304333352549396e-07 2.821020573645522491e-07 3.68 0.00022439049062 1.6e-09
-3.529970144352469923e-05 2.396912029876683725e+00 5.141948160175452420e-02 1.583500414936975839e-04 -2.779981790732499728e-05 -3.382709834658894986e-07 3.68 0.00022439049062 1.6e-09
-3.905826480980790913e-05 4.329760586284241430e-01 -1.323844022471434845e-02 1.402330598849050290e-04 3.409567527634230807e-05 -1.838155632614530689e-06 3.68 0.00022439049062 1.6e-09
-3.161956586349549562e-05 2.979461018540443540e+00 3.094869682895601617e-02 1.875113965935750523e-04 1.912561712900796813e-05 6.828604574288089256e-07 3.68 0.00022439049062 1.6e-09
4.345710314437976359e-05 3.664890955410471385e+00 7.756326178439075514e-02 2.235533957985340629e-04 -4.356621537177153150e-06 2.060622548449699231e-07 3.68 0.00022439049062 1.6e-09
-1.685446099554435188e-05 1.964719394241771333e+00 5.803012737871209026e-02 1.382212919183681168e-04 -3.489066852675051176e-05 -8.783495395578466303e-07 3.68 0.00022439049062 1.6e-09
-4.428438599019274838e-05 6.138303211850288932e-01 -1.960318095044411360e-02 1.171436476975541729e-04 5.522522483532215439e-05 -3.465132044809795324e-07 3.68 0.00022439049062 1.6e-09
1.713803865138275787e-05 3.236775097912120813e+00 4.976797368524123188e-02 2.008790511114318990e-04 1.491803656333549779e-05 7.355792077437544930e-07 3.68 0.00022439049062 1.6e-09
9.632281580484494644e-05 3.578879834667691995e+00 9.601053418339280943e-02 2.189590596878236012e-04 -7.616763046680628730e-06 1.296940762186512926e-07 3.68 0.00022439049062 1.6e-09
-1.601847344236166109e-05 1.488627327937880551e+00 5.298644214221275017e-02 1.191970386779337576e-04 -4.333523242947715182e-05 -1.579462652229057741e-06 3.68 0.00022439049062 1.6e-09
2.132038422806216036e-05 9.756860289133263420e-01 -1.617300716472135774e-02 1.077094004813659736e-04 5.326563143849240766e-05 8.211810905786726688e-07 3.68 0.00022439049062 1.6e-09
5.804418278433836687e-05 3.420821936548090747e+00 6.831277830023474440e-02 2.105855657554288915e-04 1.110168477474079128e-05 6.741243391435477529e-07 3.68 0.00022439049062 1.6e-09
-5.392286353932660998e-05 3.412211793425874440e+00 1.033473796517866000e-01 2.101301369677807543e-04 -1.128434987357078466e-05 -4.233203937712017843e-08 3.68 0.00022439049062 1.6e-09
5.276489962068312207e-05 9.553193171187083221e-01 3.058023925258165215e-02 1.076334991694658167e-04 -5.356748646198561338e-05 -2.622083116597281907e-06 3.68 0.00022439049062 1.6e-09
3.893002852657583110e-05 1.512547221779303008e+00 4.640427188746215625e-03 1.200510767280407840e-04 4.286061154718117413e-05 1.452286965191649772e-06 3.68 0.00022439049062 1.6e-09
1.052242251328914358e-04 3.578593629381396912e+00 1.024643953162349408e-01 2.189518084562788627e-04 7.362475753131305196e-06 5.927165342825207489e-07 3.68 0.00022439049062 1.6e-09
3.144607049034034104e-05 3.209118621119159798e+00 1.185276107375416027e-01 1.994392526565657935e-04 -1.527047875666068673e-05 -3.543124874817778577e-07 3.68 0.00022439049062 1.6e-09
4.565858652072538846e-05 5.893050583741311632e-01 7.084249028764822917e-03 1.191634554715280988e-04 -5.419723629214767598e-05 -3.858899616496669523e-06 3.68 0.00022439049062 1.6e-09
5.406427972386917215e-05 2.009790837476728154e+00 3.220714139885325067e-02 1.402392518510175903e-04 3.406837363697174444e-05 1.594614803348746720e-06 3.68 0.00022439049062 1.6e-09
8.876496938586332132e-05 3.662397756657578274e+00 1.324998400802855913e-01 2.234281052745107777e-04 3.929030830874234793e-06 4.982123741660192466e-07 3.68 0.00022439049062 1.6e-09
2.028527249903746074e-05 2.929325445681781659e+00 1.276315730571347395e-01 1.849429512695652407e-04 -1.976885415083642265e-05 -7.214729116230367645e-07 3.68 0.00022439049062 1.6e-09
2.355111948050720593e-05 4.202527905044797785e-01 -1.031751814058465277e-02 1.430014164727653678e-04 -2.845832945952469218e-05 -3.860508305741062015e-06 3.68 0.00022439049062 1.6e-09
-2.385563593897898168e-05 2.455859462458650277e+00 6.047210630036233686e-02 1.612186933437026015e-04 2.682830875080790430e-05 1.451838110877041825e-06 3.68 0.00022439049062 1.6e-09
-2.721574956406815223e-07 3.675081188798277054e+00 1.463753914068879336e-01 2.241282082675261425e-04 2.502272518571753382e-07 3.103328326844685870e-07 3.68 0.00022439049062 1.6e-09
2.579886606773388911e-05 2.515802897030880558e+00 1.140140449398575062e-01 1.641557351023596831e-04 -2.588578754047267540e-05 -1.165698130373223795e-06 3.68 0.00022439049062 1.6e-09
-6.933396653741228884e-05 4.086774842258618090e-01 -2.036472381389498737e-02 1.455142018908529020e-04 2.249698765051595298e-05 -1.050769599939423178e-06 3.68 0.00022439049062 1.6e-09
2.123207154378518109e-05 2.882738672497636934e+00 9.982028882318572105e-02 1.825565367885374529e-04 2.049169019518588640e-05 1.289336235356195914e-06 3.68 0.00022439049062 1.6e-09
-1.176007205271370585e-05 3.670810758306284782e+00 1.661570275046701517e-01 2.238770116623679416e-04 -3.429868100435957148e-06 5.319613026493107792e-08 3.68 0.00022439049062 1.6e-09
5.490776298513187667e-05 2.082674813226384813e+00 9.628122244643019800e-02 1.435237456772351836e-04 -3.283770372278543886e-05 -1.804378138412153246e-06 3.68 0.00022439049062 1.6e-09
3.387634774924382845e-06 5.491609062481199732e-01 -1.863399764768639347e-02 1.229217136855942220e-04 5.234698032153114268e-05 1.813799686385927932e-06 3.68 0.00022439049062 1.6e-09
-1.817288938977209048e-05 3.174115608704335401e+00 1.325835512043170017e-01 1.975981988249403995e-04 1.597697843284019166e-05 1.123336286874993955e-06 3.68 0.00022439049062 1.6e-09
-3.419923446550939488e-05 3.609285143035269705e+00 1.791731296365785819e-01 2.205764444068954221e-04 -6.663594752791562084e-06 -1.975567555845575123e-07 3.68 0.00022439049062 1.6e-09
-4.667269411719710638e-05 1.634023050852944081e+00 7.225832510828460176e-02 1.244902914293446279e-04 -4.058711523444573387e-05 -2.556946191316351119e-06 3.68 0.00022439049062 1.6e-09
2.514304984029118879e-05 8.506922853223399805e-01 -2.633427163409787254e-03 1.081212002853006502e-04 5.523864060921417589e-05 2.854764116700616555e-06 3.68 0.00022439049062 1.6e-09
8.407236947925908184e-05 3.367100970468881016e+00 1.521531125029927378e-01 2.077460297576918071e-04 1.216536068769542912e-05 8.842582127473664755e-07 3.68 0.00022439049062 1.6e-09
4.128103700820456563e-05 3.459922161736169954e+00 1.738144480647009771e-01 2.126530251252091897e-04 -1.019162858675545779e-05 -4.745511952889487378e-07 3.68 0.00022439049062 1.6e-09
-5.053599919127830414e-05 1.097561091847824688e+00 3.386345802439588715e-02 1.089382078414254459e-04 -5.084250021537228229e-05 -3.414049122494042918e-06 3.68 0.00022439049062 1.6e-09
-4.326714463040670861e-05 1.358904656666753086e+00 3.355457785316050962e-02 1.150424551253226161e-04 4.572150919690854022e-05 2.757386453206941525e-06 3.68 0.00022439049062 1.6e-09
5.192246848780305099e-05 3.536714947432707312e+00 1.711802664808294017e-01 2.167263143619733404e-04 8.364465638759920898e-06 5.789888132127702896e-07 3.68 0.00022439049062 1.6e-09
-5.078465570791876869e-05 3.267692583492515901e+00 1.608694403165782938e-01 2.025119558104327268e-04 -1.411276533009752740e-05 -8.206208130480495685e-07 3.68 0.00022439049062 1.6e-09
1.450383853147881085e-05 6.687958232161270722e-01 -8.430310930551648645e-04 1.136940158920752664e-04 -5.602246182712589188e-05 -3.730234685353816904e-06 3.68 0.00022439049062 1.6e-09
-3.920752379911847862e-06 1.878307379446944259e+00 7.628136482898889570e-02 1.344660306761413381e-04 3.623594762009032860e-05 2.388496379916579197e-06 3.68 0.00022439049062 1.6e-09
-5.473598644414943808e-06 3.645456509324358052e+00 1.920441067751468833e-01 2.225167419748908925e-04 4.914849181728907785e-06 3.142138296901124958e-07 3.68 0.00022439049062 1.6e-09
4.829378965686607992e-05 3.022458259466899833e+00 1.500911628078931970e-01 1.897315422033016557e-04 -1.832309969316267480e-05 -1.213446157287495833e-06 3.68 0.00022439049062 1.6e-09
6.014828723442130045e-05 4.528718769552692036e-01 -1.829975962854084315e-02 1.365033608063112645e-04 -3.940634241124388510e-05 -2.315279410777473061e-06 3.68 0.00022439049062 1.6e-09
6.500417087181787810e-05 2.325067082337802127e+00 1.069398787398509881e-01 1.548923966277295275e-04 2.881540466101499770e-05 1.866077252260221732e-06 3.68 0.00022439049062 1.6e-09
5.905596102763179195e-05 3.672152270835090881e+00 1.914961136248481965e-01 2.239681719231634033e-04 1.357968775972963539e-06 4.930368558855566672e-08 3.68 0.00022439049062 1.6e-09
-2.480178424575046504e-05 2.643646761564598435e+00 1.210231128705208659e-01 1.704914492631386992e-04 -2.393026996701515621e-05 -1.578525571799820722e-06 3.68 0.00022439049062 1.6e-09
1.357981882862414734e-05 3.952745130396123630e-01 -2.075689802002789186e-02 1.487863526382981008e-04 8.042362732390865242e-06 1.455831490250035853e-06 3.68 0.00022439049062 1.6e-09
3.551084356922956935e-06 2.767986446736278250e+00 1.348492354072018395e-01 1.767310855334756057e-04 2.213127262342297742e-05 1.303074521841274893e-06 3.68 0.00022439049062 1.6e-09
6.794950514918345172e-05 3.674264258377573533e+00 1.805982032771524803e-01 2.240708281316839291e-04 -2.403072551840168566e-06 -2.611255141149456952e-07 3.68 0.00022439049062 1.6e-09
4.388702474597760771e-05 2.206675927946579741e+00 8.110399710416617280e-02 1.492687302288924444e-04 -3.079065828575767945e-05 -1.922703035112350797e-06 3.68 0.00022439049062 1.6e-09
4.354704986035440621e-05 4.944546174365902491e-01 -9.557385411213748655e-03 1.297033091393328134e-04 4.710863257568325151e-05 4.153359074021989291e-06 3.68 0.00022439049062 1.6e-09
1.945858878714203685e-05 3.102466507190865030e+00 1.593565527663314829e-01 1.938659429919740995e-04 1.716244949761002770e-05 9.283322406615104190e-07 3.68 0.00022439049062 1.6e-09
-7.737978287516662291e-05 3.637485674686614878e+00 1.751792732785073248e-01 2.220806822057463091e-04 -5.696190231326169113e-06 -5.275432364261201042e-07 3.68 0.00022439049062 1.6e-09
-5.822204775313212272e-05 1.777434735761664442e+00 4.899188038152927499e-02 1.302000003844503589e-04 -3.808150854234519412e-05 -2.294292234270775035e-06 3.68 0.00022439049062 1.6e-09
8.626674107870176551e-06 7.397013810625326924e-01 1.117111189373387950e-02 1.105881216740066235e-04 5.620288004152493186e-05 4.072617104232529158e-06 3.68 0.00022439049062 1.6e-09
2.068616009197808377e-05 3.312882887055899062e+00 1.616950855809068388e-01 2.048845135707209560e-04 1.331213136823717458e-05 6.016438415173018571e-07 3.68 0.00022439049062 1.6e-09
-1.015860527102837148e-04 3.511706817848727624e+00 1.532244776230310412e-01 2.153956772210676156e-04 -9.069960531859688952e-06 -7.164917411707267379e-07 3.68 0.00022439049062 1.6e-09
-5.913613193311586483e-06 1.257034429387874575e+00 1.473593196744001077e-02 1.122163331156242208e-04 -4.778417086801492941e-05 -2.486816521371365247e-06 3.68 0.00022439049062 1.6e-09
1.810842953208177097e-05 1.196435873147552620e+00 4.408930428388051215e-02 1.108042458530312570e-04 4.888357044574299622e-05 2.899372358180570092e-06 3.68 0.00022439049062 1.6e-09
-1.774500139471790543e-05 3.491393250237697199e+00 1.504525619718386498e-01 2.143224592906917679e-04 9.478645242440020675e-06 2.219605452934063122e-07 3.68 0.00022439049062 1.6e-09
9.088392905583399109e-05 3.329123041559778784e+00 1.150804610464545852e-01 2.057442738801780859e-04 -1.295408113381162046e-05 -8.873572151243219723e-07 3.68 0.00022439049062 1.6e-09
3.455387111442125795e-05 7.698200031311215330e-01 -1.339991826036968786e-02 1.096790369960609233e-04 -5.613427645405458965e-05 -1.772218223684540988e-06 3.68 0.00022439049062 1.6e-09
5.581111346662223161e-06 1.734856477315608769e+00 7.934059002703387764e-02 1.284776850866395956e-04 3.875553532389037700e-05 2.036057404598902628e-06 3.68 0.00022439049062 1.6e-09
-3.572353318036833558e-05 3.625673696264773760e+00 1.508940774178370303e-01 2.214570734782856211e-04 5.940557901876154781e-06 -4.772780658393179510e-08 3.68 0.00022439049062 1.6e-09
2.979175632400781675e-05 3.111134167597215949e+00 9.214200750562520636e-02 1.943241741210823578e-04 -1.698075718131704582e-05 -1.092115065552757614e-06 3.68 0.00022439049062 1.6e-09
2.172979188343232665e-05 5.000370517753909283e-01 -2.157745787614351665e-02 1.289875915044741482e-04 -4.767840777337138420e-05 2.130139883823104783e-07 3.68 0.00022439049062 1.6e-09
-1.678958496840336878e-05 2.191384944486834740e+00 9.439809022666856286e-02 1.485612580904242656e-04 3.101578444524103742e-05 1.346431789587004789e-06 3.68 0.00022439049062 1.6e-09
5.515452089107846054e-06 3.672020079237452883e+00 1.359970259077816213e-01 2.239542995568591941e-04 2.489661853640791932e-06 -2.135713761947742613e-07 3.68 0.00022439049062 1.6e-09
2.418086350053182251e-05 2.772628180416762067e+00 6.568348707246818297e-02 1.769697971521848844e-04 -2.208845289249413292e-05 -1.185504088569632966e-06 3.68 0.00022439049062 1.6e-09
-5.116451294940121638e-05 3.954103197642689915e-01 -1.540552589999007876e-02 1.487903825102130826e-04 -7.923459554389395508e-06 3.087129403989714471e-06 3.68 0.00022439049062 1.6e-09
-1.121785937974821546e-05 2.642152089670981141e+00 9.576395540151547148e-02 1.704150986566890607e-04 2.402935700959555826e-05 6.725490088922704609e-07 3.68 0.00022439049062 1.6e-09
-8.945622817972688197e-05 3.678082132193101650e+00 1.017432142219606706e-01 2.242838175091646188e-04 -1.303315228977131333e-06 -3.911645774614520054e-07 3.68 0.00022439049062 1.6e-09
-1.265638576029771056e-06 2.335090666508549795e+00 2.644779095009951175e-02 1.553683371658703309e-04 -2.877188117776203021e-05 -1.111965756936620215e-06 3.68 0.00022439049062 1.6e-09
-8.084137756566796735e-06 4.500747703340071126e-01 -1.696105049022149890e-03 1.369323030840388330e-04 3.902264226059435129e-05 4.287569981801934043e-06 3.68 0.00022439049062 1.6e-09
-4.432928278105553168e-05 3.022371189608043185e+00 1.024027288750970488e-01 1.897191342034805538e-04 1.848460134823865517e-05 3.409345075007254461e-07 3.68 0.00022439049062 1.6e-09
6.204697830223928950e-05 3.660664756984016499e+00 8.778105128030211368e-02 2.233223337723205196e-04 -4.767114124750645310e-06 -5.221982937079549078e-07 3.68 0.00022439049062 1.6e-09
5.067337231598881069e-05 1.911517864402672906e+00 5.570490778946139351e-03 1.358824573886672897e-04 -3.583858877226841854e-05 -1.112067927483188385e-06 3.68 0.00022439049062 1.6e-09
1.287959177077560425e-05 6.476811097041745846e-01 1.212495600887997585e-02 1.148834377513064943e-04 5.583552111368299058e-05 3.106374513249011383e-06 3.68 0.00022439049062 1.6e-09
-1.950825503052778685e-05 3.259751545374317772e+00 9.005435687476187612e-02 2.020880416025660987e-04 1.444541779652402580e-05 1.433947090951131686e-07 3.68 0.00022439049062 1.6e-09
4.528290960675943879e-05 3.559210521076824563e+00 6.736425499709085274e-02 2.179161105786667663e-04 -8.057512686358432157e-06 -5.238429545435725210e-07 3.68 0.00022439049062 1.6e-09
-5.277819012291777730e-05 1.415084505842199913e+00 -6.816439766605470602e-03 1.167632636664583701e-04 -4.476551928142343960e-05 -9.303798026614724007e-07 3.68 0.00022439049062 1.6e-09
-2.649545015672790611e-05 1.044304466712634660e+00 2.676135909292292822e-02 1.082427752126765338e-04 5.195689731784227858e-05 1.557509993351902011e-06 3.68 0.00022439049062 1.6e-09
-2.542176290708460555e-05 3.445697945085574254e+00 6.102016212873573320e-02 2.119018899479008439e-04 1.058451045701547717e-05 -9.657069012987522969e-08 3.68 0.00022439049062 1.6e-09
-2.941141916945545949e-06 3.387511484819140328e+00 2.959171265411076474e-02 2.088250230068191540e-04 -1.182842178413824800e-05 -4.741730580150774435e-07 3.68 0.00022439049062 1.6e-09
3.884466001172261906e-05 8.897655854871232561e-01 -1.663230004849527988e-02 1.077612725525784886e-04 -5.473951879198622338e-05 -3.212324808257535158e-08 3.68 0.00022439049062 1.6e-09
3.808282219168538643e-05 1.586562781003602041e+00 4.082504467427261474e-02 1.227183850952157660e-04 4.150574323914475239e-05 8.417304683266573141e-07 3.68 0.00022439049062 1.6e-09
3.648275699733742117e-05 3.598929487324546539e+00 5.357829819899447010e-02 2.200314300286517746e-04 6.923709442828840835e-06 -2.112020529039014333e-07 3.68 0.00022439049062 1.6e-09
-6.464294780592484517e-05 3.185142255968573366e+00 1.529987294046986773e-02 1.981821828325486148e-04 -1.577830710184633712e-05 -4.969972944944878765e-07 3.68 0.00022439049062 1.6e-09
1.953794678027333460e-05 5.591923295783367553e-01 -1.502849402562286482e-02 1.219437838137353195e-04 -5.286864302600499731e-05 1.235439501005708678e-06 3.68 0.00022439049062 1.6e-09
-5.449278074295716172e-05 2.064125821681948025e+00 3.944721205379572715e-02 1.426923818859245573e-04 3.318059467948750163e-05 4.503164757090147482e-07 3.68 0.00022439049062 1.6e-09
9.778217947410252427e-05 3.667651376205254721e+00 4.406411619421628928e-02 2.237139582176868964e-04 3.504298890190174199e-06 -1.895360779035741422e-07 3.68 0.00022439049062 1.6e-09
-2.518346723694853936e-05 2.883978130769170534e+00 1.095453225710485076e-02 1.826268221231498539e-04 -2.048195903992888842e-05 -4.355395940141441307e-07 3.68 0.00022439049062 1.6e-09
-1.909524130270047999e-05 4.087945326093095355e-01 -7.087434171038300805e-03 1.455854712769410792e-04 -2.234549871556180506e-05 2.066288553395895048e-06 3.68 0.00022439049062 1.6e-09
3.849675773868431732e-05 2.517902451064364833e+00 2.441572370258957014e-02 1.642594336824158667e-04 2.593028797247257634e-05 5.515962876378664132e-08 3.68 0.00022439049062 1.6e-09
5.888561410514548192e-06 3.679512479962780525e+00 1.473327914386017568e-02 2.243644757543351333e-04 -2.495711223400348893e-07 -1.835601415774503313e-07 3.68 0.00022439049062 1.6e-09
-4.460743921994599190e-05 2.459699514166772794e+00 -6.839900940866368642e-03 1.614051394398110877e-04 -2.682975932750962555e-05 -2.063212744456345947e-07 3.68 0.00022439049062 1.6e-09
-2.121512904906179380e-05 4.187360134818954305e-01 -3.614078397141050575e-04 1.432569682103534969e-04 2.846149782355105633e-05 1.719393344729948853e-06 3.68 0.00022439049062 1.6e-09
-8.532806121266119472e-05 2.932604664560225061e+00 2.455614523378620712e-02 1.851044234426000570e-04 1.984983398994494703e-05 -3.325854923152987548e-09 3.68 0.00022439049062 1.6e-09
-5.586048559661577830e-05 3.672917229198973121e+00 1.291578798438330206e-02 2.239849677653346280e-04 -3.858143312892808249e-06 -1.857627239796702284e-07 3.68 0.00022439049062 1.6e-09
2.869707934950588494e-05 2.030949829060383571e+00 -7.859999010267439135e-03 1.411748336945925963e-04 -3.381714129851048120e-05 -1.798703956542492928e-07 3.68 0.00022439049062 1.6e-09
3.578006634093812725e-06 5.771384239243362302e-01 9.430888402994022385e-04 1.201883769382125174e-04 5.393059012970384547e-05 6.199229209289102351e-07 3.68 0.00022439049062 1.6e-09
-6.129940151229306918e-05 3.204978655609179050e+00 1.732758396194687689e-02 1.992146465584791401e-04 1.549867240670672999e-05 4.465146508204975219e-08 3.68 0.00022439049062 1.6e-09
1.469729551718813832e-05 3.596342429022127529e+00 1.430265345875058117e-02 2.198899645776009471e-04 -7.132258400803616753e-06 -9.138915360681208509e-08 3.68 0.00022439049062 1.6e-09
-4.366454253397084051e-05 1.560284921082043752e+00 3.405744105461488438e-05 1.217401659591292346e-04 -4.204990066373055736e-05 -1.982815528135243150e-07 3.68 0.00022439049062 1.6e-09
3.390139042684006795e-05 9.135669924841707257e-01 -1.099051096238876871e-03 1.076564126860950958e-04 5.436460402861480125e-05 -5.616751141067691335e-08 3.68 0.00022439049062 1.6e-09
6.458234081251186477e-06 3.398683792073221355e+00 -1.794465066234480436e-03 2.094135694727234623e-04 1.163863580819859209e-05 7.582715609634531069e-09 3.68 0.00022439049062 1.6e-09
1.724986369255891619e-05 3.440309722364211176e+00 -4.753184257700656529e-04 2.116148237288358437e-04 -1.075449213951350407e-05 1.623348500862932973e-08 3.68 0.00022439049062 1.6e-09
2.468979957427330435e-05 1.023434072160756658e+00 6.980699875549503056e-04 1.080192575113828876e-04 -5.242599964074390708e-05 -6.505669096653913860e-09 3.68 0.00022439049062 1.6e-09
-1.497383535387716987e-05 1.436475181537082424e+00 -4.776750565359970174e-04 1.174656695332747431e-04 4.433742331493306665e-05 5.578271723847355976e-08 3.68 0.00022439049062 1.6e-09
2.264011209517408541e-06 3.563238192740549870e+00 3.885818389982031995e-03 2.181338530189026314e-04 7.892389800316421309e-06 3.044278295602662568e-08 3.68 0.00022439049062 1.6e-09
-7.083383938620543060e-05 3.245855305360104470e+00 5.175284479529178999e-03 2.013630853891830593e-04 -1.467189808902111169e-05 -8.959079050607625940e-09 3.68 0.00022439049062 1.6e-09
5.819773591401525146e-06 6.287108068488382884e-01 4.980543091812892394e-04 1.161324158481485242e-04 -5.554234747389557458e-05 -1.543462570172560765e-07 3.68 0.00022439049062 1.6e-09
-3.824609480481098051e-05 1.941160584921223009e+00 -1.748224785637552455e-03 1.371987687736719429e-04 3.526494608867458593e-05 2.297958972709835733e-07 3.68 0.00022439049062 1.6e-09
-6.008865964701797592e-05 3.656999251055174760e+00 1.779455137203371853e-02 2.231381863017688292e-04 4.452708049581738446e-06 1.419578304035148743e-07 3.68 0.00022439049062 1.6e-09
-2.378259235567355579e-05 2.978715131892166301e+00 2.381844590213544680e-02 1.874810090285721907e-04 -1.907163453490237192e-05 -5.339798532361612863e-08 3.68 0.00022439049062 1.6e-09
6.786204776962680445e-05 4.337007813299837422e-01 -4.134186317011741491e-04 1.401934352546063277e-04 -3.408003925195568864e-05 -1.045940373298923258e-06 3.68 0.00022439049062 1.6e-09
-5.503822491835725153e-05 2.395600664965908955e+00 -8.144042645303609801e-03 1.582870522398524289e-04 2.783034553495388315e-05 2.094696404916474100e-07 3.68 0.00022439049062 1.6e-09
1.053154364438828826e-04 3.679424980295942227e+00 1.455178135171906334e-02 2.243586153649325355e-04 7.879073217894715416e-07 1.980266245684474269e-07 3.68 0.00022439049062 1.6e-09
-5.497982339533886005e-05 2.581910113512602578e+00 2.573251223569841123e-02 1.674201998638470093e-04 -2.496464412962819617e-05 -3.935198576637114363e-08 3.68 0.00022439049062 1.6e-09
-6.613922153675935364e-05 3.999524454172448396e-01 -5.531735773117715110e-03 1.476333108778903665e-04 1.564123582658077873e-05 -1.596641058906369467e-06 3.68 0.00022439049062 1.6e-09
-1.479384031621351652e-05 2.830887325927771592e+00 4.795430538464616477e-03 1.799172031400978204e-04 2.131816455725549854e-05 3.361253136551237342e-07 3.68 0.00022439049062 1.6e-09
2.092471369194823005e-05 3.677791035408321640e+00 3.188495230898437394e-02 2.242548177078441561e-04 -2.937300888060373613e-06 1.722831478508242523e-07 3.68 0.00022439049062 1.6e-09
