5.456463227553263849e-05 2.563559619668514422e+00 -4.168158214938441272e-05 1.664830153405002307e-04 -2.566518111087337463e-05 -7.986034148793231640e-10 3.73 0.00022704717395 1.6e-09
-5.885944459369071342e-05 4.015308950288607459e-01 -1.975365244093884622e-03 1.470649254294467516e-04 1.914837419104621115e-05 4.798133348573120399e-08 3.73 0.00022704717395 1.6e-09
-7.133459506942399877e-05 2.872994312966937969e+00 2.865420683416628877e-03 1.820346986371585677e-04 2.121147404575133674e-05 5.168714019411335914e-08 3.73 0.00022704717395 1.6e-09
-1.015922540350088209e-04 3.736409049286564699e+00 6.031297827137254222e-03 2.273705013102578047e-04 -2.551753521983831445e-06 1.071804490189286702e-08 3.73 0.00022704717395 1.6e-09
-9.825296796097113597e-06 2.273964198210232546e+00 4.373712932568352488e-03 1.523960623002785792e-04 -3.024665015743191815e-05 -5.647705776545154306e-08 3.73 0.00022704717395 1.6e-09
3.171947876536478160e-06 4.706711982336304612e-01 -4.847055069715239944e-03 1.331273280784264063e-04 4.445848064475491995e-05 -3.396510248774117934e-07 3.73 0.00022704717395 1.6e-09
-6.049715500427683637e-05 3.096224694098999475e+00 1.130629650042001486e-02 1.935086470052167144e-04 1.807300438276426727e-05 2.038791476234570913e-07 3.73 0.00022704717395 1.6e-09
-9.824229313705820513e-05 3.729361465291267663e+00 2.485424180542169376e-02 2.269681060110498999e-04 -4.536622798323215715e-06 5.459709120576699578e-08 3.73 0.00022704717395 1.6e-09
2.007572624685061467e-05 2.034603924935357355e+00 1.821202118081212407e-02 1.412697037463272640e-04 -3.422003739584493948e-05 -2.665768464288708759e-07 3.73 0.00022704717395 1.6e-09
1.439795431132895627e-05 5.772510801104833167e-01 -9.838272570429778402e-03 1.199213968847669056e-04 5.459438323666850046e-05 -5.448375283746329646e-07 3.73 0.00022704717395 1.6e-09
8.177430083234401431e-05 3.239108190861974101e+00 1.421367461585421044e-02 2.009560743410677172e-04 1.587834580889456698e-05 3.272162646554449354e-07 3.73 0.00022704717395 1.6e-09
-8.895326332837626224e-07 3.696505526411037579e+00 3.824951008970828292e-02 2.251998887057974122e-04 -6.162579724106931784e-06 1.209001766944311015e-07 3.73 0.00022704717395 1.6e-09
-5.572691477137843265e-05 1.804997245846524656e+00 2.933461310120630619e-02 1.312698336756203924e-04 -3.809274559099459789e-05 -4.862473521003022860e-07 3.73 0.00022704717395 1.6e-09
4.992883147198653158e-05 7.218958529640454591e-01 -1.510656649338814467e-02 1.110306151709522092e-04 5.687910841008137657e-05 -5.182653004439466886e-07 3.73 0.00022704717395 1.6e-09
9.344169228946819878e-05 3.344112917968134369e+00 1.311841296498056884e-02 2.064843196735032687e-04 1.395034153321148535e-05 3.936037825556918211e-07 3.73 0.00022704717395 1.6e-09
-9.473631681079617986e-05 3.631315626606313796e+00 4.389955755306952645e-02 2.217234334214765294e-04 -7.859002885813496200e-06 1.722076815348842432e-07 3.73 0.00022704717395 1.6e-09
4.042248550807355721e-05 1.530573352589625014e+00 3.316481127732864853e-02 1.205894543930131728e-04 -4.294884332059125943e-05 -7.224987863976422719e-07 3.73 0.00022704717395 1.6e-09
4.207596924587647680e-05 9.420124766288220375e-01 -1.806309998445373988e-02 1.075015508635804583e-04 5.422263503658604380e-05 -1.803427629187487909e-07 3.73 0.00022704717395 1.6e-09
5.278905272084813958e-05 3.443308072957771859e+00 1.608307740973120847e-02 2.117409185662966773e-04 1.182550473347425525e-05 4.131732592864015361e-07 3.73 0.00022704717395 1.6e-09
-3.234299501126662731e-05 3.531372048196920854e+00 4.771886808460504975e-02 2.164136102870711396e-04 -9.960069640418177335e-06 1.621606140585666320e-07 3.73 0.00022704717395 1.6e-09
-3.867467014063623667e-05 1.195411614350811558e+00 2.922134194552014619e-02 1.106815420227586866e-04 -4.934761647347285605e-05 -1.100162873862431336e-06 3.73 0.00022704717395 1.6e-09
-2.629631525551426682e-05 1.260073273395964311e+00 -1.451534803562816792e-02 1.122301763396122657e-04 4.805978968987963140e-05 3.665309399033090805e-07 3.73 0.00022704717395 1.6e-09
-1.082058214935131054e-04 3.548798338061311952e+00 3.351282674382800170e-02 2.173429721058146077e-04 9.497167443794531360e-06 4.270981332973542083e-07 3.73 0.00022704717395 1.6e-09
9.177109994594403065e-07 3.414033359849447002e+00 6.039721004671812221e-02 2.101943108699325796e-04 -1.235118447171954401e-05 5.180609992862098312e-08 3.73 0.00022704717395 1.6e-09
-3.007524111168033708e-05 8.779160602371709476e-01 2.087719669020011298e-02 1.077262856566447329e-04 -5.522497890972886958e-05 -1.800725393869041903e-06 3.73 0.00022704717395 1.6e-09
1.275939098460096869e-05 1.605511039870497259e+00 -3.196632573652344409e-03 1.233641230018009578e-04 4.150583833723058480e-05 8.537894811120550945e-07 3.73 0.00022704717395 1.6e-09
8.673099113944402773e-05 3.641863928677142148e+00 6.335374005679754450e-02 2.222951703026839138e-04 7.289830777526153371e-06 4.600295585150598857e-07 3.73 0.00022704717395 1.6e-09
4.839499860349894824e-05 3.293481302240754971e+00 8.304944533488781144e-02 2.038278389388441334e-04 -1.470128293409448345e-05 -1.337922996292294468e-07 3.73 0.00022704717395 1.6e-09
2.926710095350154269e-05 6.548049201909611483e-01 1.192280742001680660e-02 1.142971000738326776e-04 -5.638543172304246403e-05 -2.807016471048521126e-06 3.73 0.00022704717395 1.6e-09
-4.334032689389081009e-05 1.904423851544452706e+00 1.131685080363674725e-02 1.355296964952313449e-04 3.629155189135816368e-05 1.163850376160830351e-06 3.73 0.00022704717395 1.6e-09
1.144895773561243837e-05 3.701290678060545680e+00 9.265147999023673475e-02 2.254709231549261133e-04 5.343027526859317922e-06 4.881453635386290464e-07 3.73 0.00022704717395 1.6e-09
-6.434390762069063083e-05 3.151498980767457603e+00 1.044559520838979350e-01 1.963933372648485375e-04 -1.706795726645325039e-05 -3.414764110189430600e-07 3.73 0.00022704717395 1.6e-09
-2.128237302656443473e-05 5.100775253096063722e-01 2.657240036930802116e-03 1.274380979328802927e-04 -4.945319113220658105e-05 -3.767243793121291781e-06 3.73 0.00022704717395 1.6e-09
-3.822335965964857664e-05 2.174631178054949210e+00 2.590210876993487288e-02 1.477239642595104497e-04 3.178470072927394184e-05 1.292002821607245587e-06 3.73 0.00022704717395 1.6e-09
-7.749277733874339173e-05 3.726070182570172307e+00 1.129882520489773334e-01 2.268137242815071366e-04 3.302676246919097841e-06 4.721489895452695599e-07 3.73 0.00022704717395 1.6e-09
9.069427761723059163e-05 2.947622216742157075e+00 1.145127577398570573e-01 1.858552868440407229e-04 -2.005635805422626160e-05 -5.656968165404608407e-07 3.73 0.00022704717395 1.6e-09
-5.113401552668794928e-05 4.182966472498715893e-01 -7.559210061497428912e-03 1.432518181160326027e-04 -2.867507651728616537e-05 -3.975295545908015204e-06 3.73 0.00022704717395 1.6e-09
5.044146315486682192e-05 2.466941030944880264e+00 4.411607710439019447e-02 1.617289351793742952e-04 2.708350064783796661e-05 1.275191767615020012e-06 3.73 0.00022704717395 1.6e-09
1.115058171021645050e-04 3.726423822254891771e+00 1.259763947039697074e-01 2.268547366462257014e-04 7.891566013587737341e-07 3.728737394066196888e-07 3.73 0.00022704717395 1.6e-09
4.867870657206088052e-05 2.654762429607307350e+00 1.102809181567754870e-01 1.710216933226367845e-04 -2.423688401750064721e-05 -8.619357945379775084e-07 3.73 0.00022704717395 1.6e-09
1.707145257067594547e-05 3.935170045950023843e-01 -1.682784887242990204e-02 1.490770198422232786e-04 8.179501539623917658e-06 -2.472364863949799593e-06 3.73 0.00022704717395 1.6e-09
1.272856553038482114e-05 2.785609398321227559e+00 7.363739251414599951e-02 1.776011533840984413e-04 2.236243100006892072e-05 1.234200950769592357e-06 3.73 0.00022704717395 1.6e-09
-7.575991333109298356e-05 3.728857628237301824e+00 1.453596798706145443e-01 2.269759400112825458e-04 -1.879426630803191362e-06 2.048850279496695077e-07 3.73 0.00022704717395 1.6e-09
-5.886337133252948555e-05 2.345538364133001874e+00 1.031240929408894086e-01 1.558296978905846929e-04 -2.897691374136234725e-05 -1.302003896536841577e-06 3.73 0.00022704717395 1.6e-09
2.715878346986591498e-06 4.471645725420753115e-01 -2.097961421192920048e-02 1.372402335414686690e-04 3.923015120454569895e-05 -6.796000915819411055e-08 3.73 0.00022704717395 1.6e-09
-5.246090010569901663e-05 3.041770301780063690e+00 1.057858808989937949e-01 1.906910766588679413e-04 1.878264964973278976e-05 1.201566410055150718e-06 3.73 0.00022704717395 1.6e-09
-7.271541913924861535e-05 3.729484819763984937e+00 1.679008574762072548e-01 2.269797992779313124e-04 -4.042087531504231510e-06 3.772546036357073736e-08 3.73 0.00022704717395 1.6e-09
4.342415300231640624e-05 2.096785990378290609e+00 9.801160310311611557e-02 1.441010948887461879e-04 -3.308270448511189488e-05 -1.791140549037047861e-06 3.73 0.00022704717395 1.6e-09
-8.347468289218989962e-06 5.441343649303600483e-01 -1.937618773664052246e-02 1.232029189349975848e-04 5.273367298740304029e-05 1.643714394958119568e-06 3.73 0.00022704717395 1.6e-09
5.804997813134047616e-05 3.201601708097936871e+00 1.310328636892819087e-01 1.989898844526290299e-04 1.643199219110836232e-05 1.153255737058149751e-06 3.73 0.00022704717395 1.6e-09
-2.895402606787145450e-05 3.707481545122873978e+00 1.833848920267227012e-01 2.257853992635874634e-04 -5.667934156808448267e-06 -1.140448983441171673e-07 3.73 0.00022704717395 1.6e-09
-6.128099327120143606e-05 1.881366033968271179e+00 8.942821331052314138e-02 1.345019075088222998e-04 -3.669387787848036838e-05 -2.238081856673686857e-06 3.73 0.00022704717395 1.6e-09
5.078827237764679315e-05 6.685880113306311712e-01 -1.309334653917631347e-02 1.134450003985894957e-04 5.669310152938241603e-05 2.628956507171117211e-06 3.73 0.00022704717395 1.6e-09
6.446353614829914726e-05 3.307831420561272218e+00 1.492780774016074230e-01 2.045672389050927657e-04 1.457437149083231774e-05 1.067581832587157637e-06 3.73 0.00022704717395 1.6e-09
-6.780052920922206611e-05 3.653984972048942570e+00 1.896299096323791900e-01 2.229282685164075723e-04 -7.226637205429874035e-06 -2.710967246240232676e-07 3.73 0.00022704717395 1.6e-09
1.398683901236527801e-06 1.634925375421723004e+00 7.344912461249686331e-02 1.244466904189086296e-04 -4.094651667117758646e-05 -2.679438905996536924e-06 3.73 0.00022704717395 1.6e-09
-1.606667754090992440e-06 8.532973433079229508e-01 -6.916418127881681505e-04 1.079444335212647124e-04 5.558408096671381762e-05 3.072233734426377507e-06 3.73 0.00022704717395 1.6e-09
6.646862122744817366e-05 3.401724463433787982e+00 1.614898616745013005e-01 2.095377153522351671e-04 1.257278966359984376e-05 9.153949787610139441e-07 3.73 0.00022704717395 1.6e-09
3.862064755257946935e-05 3.561865208010978279e+00 1.852547426702103595e-01 2.180325055104911621e-04 -9.181404380476351946e-06 -4.540275014951750745e-07 3.73 0.00022704717395 1.6e-09
-2.866646236007009085e-05 1.312418678590083765e+00 4.794981457225258592e-02 1.136113482907045254e-04 -4.693149242573426436e-05 -3.150723896483431809e-06 3.73 0.00022704717395 1.6e-09
-3.131316517208885945e-05 1.145538857146807477e+00 2.159401494876028726e-02 1.096859079963174749e-04 5.021538549405003810e-05 3.026367329900152831e-06 3.73 0.00022704717395 1.6e-09
3.842911500097280931e-05 3.506618695897392612e+00 1.703811977899956087e-01 2.151054958302454543e-04 1.023266172924465855e-05 6.893280089935133917e-07 3.73 0.00022704717395 1.6e-09
-9.891019359873520116e-05 3.443873645249456494e+00 1.720669633873115612e-01 2.117781157329735832e-04 -1.156196606747146558e-05 -6.712200464174003722e-07 3.73 0.00022704717395 1.6e-09
-2.173102154895399266e-05 9.672670456023056973e-01 1.853505232624984289e-02 1.075732630820146099e-04 -5.362772624641698796e-05 -3.478896402865156621e-06 3.73 0.00022704717395 1.6e-09
3.815904535780420797e-05 1.503456229386159304e+00 5.267136693396647085e-02 1.196655192720782177e-04 4.326118269432343297e-05 2.752929323857570144e-06 3.73 0.00022704717395 1.6e-09
3.191125052002190238e-05 3.611454363950554303e+00 1.823678439070615664e-01 2.206750113582701836e-04 7.920052355769173524e-06 4.493080175762659991e-07 3.73 0.00022704717395 1.6e-09
-1.013235903918147741e-04 3.327070802400563743e+00 1.596541989542398232e-01 2.055990044791625865e-04 -1.395955550938592727e-05 -9.162452523854049118e-07 3.73 0.00022704717395 1.6e-09
-5.202510990539269294e-05 7.129697139918143023e-01 -3.615679753219963946e-03 1.114414915215848731e-04 -5.669583526703022246e-05 -3.307020703966881424e-06 3.73 0.00022704717395 1.6e-09
2.642204954466654862e-05 1.817362104915722920e+00 8.265017424299961335e-02 1.318116774452477553e-04 3.767100538340247657e-05 2.480760908494326839e-06 3.73 0.00022704717395 1.6e-09
9.086823435985300111e-05 3.684204759000355267e+00 1.949564173498409825e-01 2.245529702145011202e-04 5.949174822191494749e-06 2.524270842568709483e-07 3.73 0.00022704717395 1.6e-09
-4.596961294898627864e-05 3.202431101942577296e+00 1.504998723363422108e-01 1.990483034513660678e-04 -1.621675424403547198e-05 -1.154675239280482468e-06 3.73 0.00022704717395 1.6e-09
-4.117692369141335554e-05 5.524098918387778667e-01 -1.639451897270360892e-02 1.224351642966462232e-04 -5.299263473718294972e-05 -2.491013927818967113e-06 3.73 0.00022704717395 1.6e-09
9.355192396604339127e-07 2.080802457829685537e+00 1.047637093561855359e-01 1.433883517047277497e-04 3.323407502434439685e-05 2.171017408885792422e-06 3.73 0.00022704717395 1.6e-09
2.092788197861394689e-05 3.718185267598639321e+00 1.987553056600161461e-01 2.263826211748514805e-04 4.058492641747973363e-06 8.573084436686506228e-08 3.73 0.00022704717395 1.6e-09
7.714775078143586650e-05 3.028993329548399949e+00 1.364432454240331327e-01 1.900396914148915145e-04 -1.884802037077190599e-05 -1.357960827070996449e-06 3.73 0.00022704717395 1.6e-09
-4.096271696465393836e-05 4.445396237035673659e-01 -2.203710630131886991e-02 1.378514422337333897e-04 -3.808391898164397783e-05 -7.746065126388320096e-07 3.73 0.00022704717395 1.6e-09
6.256189986249484803e-05 2.355534038912039385e+00 1.175233728847425857e-01 1.563183351198259221e-04 2.874266074471479502e-05 1.713237316102826424e-06 3.73 0.00022704717395 1.6e-09
-3.338132118303877412e-05 3.722882051518830337e+00 1.855585893462010638e-01 2.266603682736005002e-04 1.742297523315340882e-06 -9.237827384303045792e-08 3.73 0.00022704717395 1.6e-09
-7.764462631118218799e-05 2.762396325469189673e+00 1.084248095204441431e-01 1.764318847432287717e-04 -2.262400667455571968e-05 -1.503987024118755568e-06 3.73 0.00022704717395 1.6e-09
-4.327116217341799118e-05 3.927466542309782649e-01 -2.011081502225724182e-02 1.493000006164213532e-04 -5.094467840295164205e-06 2.061573911977790061e-06 3.73 0.00022704717395 1.6e-09
3.701262781065832268e-05 2.676213057815922891e+00 1.264556673595207958e-01 1.720962664316985624e-04 2.388559931248549864e-05 1.170737048241898421e-06 3.73 0.00022704717395 1.6e-09
-1.121809919380437482e-04 3.724992327531444047e+00 1.613770991363220331e-01 2.267771673252194360e-04 -9.783061878838209800e-07 -3.024988141484837123e-07 3.73 0.00022704717395 1.6e-09
-5.521960361129235205e-05 2.444569262108460705e+00 7.116461023653165852e-02 1.606346594927686574e-04 -2.740598724857425209e-05 -1.575385719477557767e-06 3.73 0.00022704717395 1.6e-09
-1.689045911346484207e-05 4.225782771213812405e-01 -1.087224070987225129e-02 1.421994656417499016e-04 3.103654308625019138e-05 4.364847348423282197e-06 3.73 0.00022704717395 1.6e-09
-1.375968997764039938e-05 2.966432213196839029e+00 1.379277162280898583e-01 1.868120727824299442e-04 1.984099573097866084e-05 7.878157316966281609e-07 3.73 0.00022704717395 1.6e-09
9.317605564873602988e-05 3.733953696330255312e+00 1.464819134411436408e-01 2.272269077341446553e-04 -3.356664786580533021e-06 -4.877374366174553228e-07 3.73 0.00022704717395 1.6e-09
-7.060602841749626947e-05 2.181138736424768076e+00 4.408692952972094459e-02 1.480115466094600633e-04 -3.173150453432535458e-05 -1.635200925156602097e-06 3.73 0.00022704717395 1.6e-09
5.123417275599348176e-05 5.068750356452602635e-01 3.929950834938648581e-04 1.277301890416175363e-04 4.935801543719547815e-05 4.863476709688049314e-06 3.73 0.00022704717395 1.6e-09
-1.441208138799444460e-06 3.152701352915023847e+00 1.431165742325995471e-01 1.964380535733557180e-04 1.721684806827481173e-05 5.699351217088064512e-07 3.73 0.00022704717395 1.6e-09
1.059815116608754529e-04 3.722624274615028650e+00 1.365429595938344454e-01 2.265980708872629662e-04 -5.084874143346194354e-06 -5.926232810354219773e-07 3.73 0.00022704717395 1.6e-09
-5.939072886027141189e-05 1.965906006322990285e+00 2.768712764715247632e-02 1.381901723110345848e-04 -3.535844259547794995e-05 -1.663858590818077965e-06 3.73 0.00022704717395 1.6e-09
-5.167571435678692892e-05 6.168844427334052583e-01 1.027704935044011086e-02 1.166860591169218618e-04 5.578222729625847726e-05 4.324509304715080176e-06 3.73 0.00022704717395 1.6e-09
2.748258485767256503e-05 3.270386194524291135e+00 1.361600955423146464e-01 2.025963067193319901e-04 1.529985612202746812e-05 4.068804756648304200e-07 3.73 0.00022704717395 1.6e-09
-1.133147935631325981e-06 3.679820475706939931e+00 1.207168095160850441e-01 2.243068864664109815e-04 -6.613560327642742429e-06 -6.255527306413275449e-07 3.73 0.00022704717395 1.6e-09
-1.172011107021128258e-05 1.733025951336504278e+00 1.407940986427647784e-02 1.283098593623746716e-04 -3.932273687994901411e-05 -1.593566744512354496e-06 3.73 0.00022704717395 1.6e-09
-5.204763205453547133e-06 7.762952633756032839e-01 1.960961639365655512e-02 1.093390249958582796e-04 5.644289998486165229e-05 3.259976129644072669e-06 3.73 0.00022704717395 1.6e-09
-8.888463344268239281e-05 3.367865049258816690e+00 1.154788090239557696e-01 2.077451371874293419e-04 1.335399158083627215e-05 2.227704154700186872e-07 3.73 0.00022704717395 1.6e-09
6.070102184872133244e-05 3.598171370640547373e+00 9.277469675532726279e-02 2.199630502470996071e-04 -8.471527470740909067e-06 -6.061308017765282896e-07 3.73 0.00022704717395 1.6e-09
-3.689947517996474633e-05 1.424650045655025954e+00 -8.033516711580498178e-04 1.169990341298973496e-04 -4.489353243118501585e-05 -1.320809995772431859e-06 3.73 0.00022704717395 1.6e-09
-1.284366799725270573e-05 1.038985013077213582e+00 3.050664630283489095e-02 1.080932964604218140e-04 5.233991200930373155e-05 2.066260776582796821e-06 3.73 0.00022704717395 1.6e-09
1.100259743572502423e-06 3.475030482260092146e+00 8.685797443610002166e-02 2.134283844586323190e-04 1.103688448951212301e-05 -6.689868162211609075e-10 3.73 0.00022704717395 1.6e-09
-2.217858172505539788e-05 3.486803500341767226e+00 5.548557191737445854e-02 2.140528402628807079e-04 -1.079062965926635182e-05 -5.657914264391305440e-07 3.73 0.00022704717395 1.6e-09
-2.060243810051323084e-05 1.070613489782356931e+00 -1.426952700547009373e-02 1.084669715963750925e-04 -5.179825935357393037e-05 -6.627628665337681950e-07 3.73 0.00022704717395 1.6e-09
1.596289877138125035e-05 1.389466705209378539e+00 4.244909165845320298e-02 1.158965617136912429e-04 4.551055381125576876e-05 1.263412940858497941e-06 3.73 0.00022704717395 1.6e-09
-5.616801660639305401e-05 3.587053918089812221e+00 6.859565363497949209e-02 2.193748274159905854e-04 8.680241828815156587e-06 -1.764392063274468061e-07 3.73 0.00022704717395 1.6e-09
1.180119740784541193e-05 3.375106901851361307e+00 2.860661654318888761e-02 2.081320402576314625e-04 -1.318001251762301518e-05 -5.583437545314366447e-07 3.73 0.00022704717395 1.6e-09
-2.822994402072579768e-05 7.898899566617254564e-01 -1.997977040735857482e-02 1.090227861088489828e-04 -5.638875524210018499e-05 2.811779724053974687e-07 3.73 0.00022704717395 1.6e-09
-2.258273668994716516e-05 1.712655929808724942e+00 5.010419661435636107e-02 1.275146308163197927e-04 3.960462777378210457e-05 8.746034686300155261e-07 3.73 0.00022704717395 1.6e-09
2.224523179454186814e-05 3.669534589103617517e+00 6.327759486808517964e-02 2.237674017474815149e-04 6.663623141926505828e-06 -2.389210727614838328e-07 3.73 0.00022704717395 1.6e-09
-2.255741427864303494e-05 3.259375853085682451e+00 1.985305899354856615e-02 2.020300508992898983e-04 -1.538752537136103284e-05 -5.653646240708471259e-07 3.73 0.00022704717395 1.6e-09
-2.267286595781624274e-05 6.059017123017078621e-01 -1.829088298617344635e-02 1.175841447013625639e-04 -5.544511176404523869e-05 1.092185301522098869e-06 3.73 0.00022704717395 1.6e-09
2.560320997486668570e-05 1.982351433840429333e+00 4.885506918231440066e-02 1.389527323005647992e-04 3.497586389461366488e-05 6.225482191983815459e-07 3.73 0.00022704717395 1.6e-09
1.016343010470871576e-04 3.713051484138595981e+00 5.717349552645609873e-02 2.261033050217331453e-04 4.796979388768303949e-06 -2.195232744906217202e-07 3.73 0.00022704717395 1.6e-09
8.228225582189828825e-05 3.103697111000220055e+00 1.751964932380582762e-02 1.939072348457116966e-04 -1.783667244589019323e-05 -5.235327262425785552e-07 3.73 0.00022704717395 1.6e-09
5.104553854243878985e-05 4.778921658575848719e-01 -1.265477070666836713e-02 1.320711492961734496e-04 -4.529119355135900575e-05 1.651788903799929962e-06 3.73 0.00022704717395 1.6e-09
-6.870687817111696336e-05 2.254320706347388903e+00 3.636532079650986460e-02 1.514789940046225108e-04 3.047707987848874143e-05 3.223997762781085608e-07 3.73 0.00022704717395 1.6e-09
-1.446120085171390514e-05 3.726646341929666484e+00 3.786191589873288965e-02 2.268552214333984548e-04 2.608992856609764039e-06 -1.736072849719965901e-07 3.73 0.00022704717395 1.6e-09
6.309373691254141882e-05 2.865100523918119979e+00 8.722556320585276440e-03 1.816414985419635892e-04 -2.124209665128038411e-05 -3.775790053841414727e-07 3.73 0.00022704717395 1.6e-09
-3.812251456206354331e-05 4.012529106620624231e-01 -5.783081145525593124e-03 1.472127278797875027e-04 -1.810660935333040038e-05 1.922895122689075418e-06 3.73 0.00022704717395 1.6e-09
-7.846328644826346252e-05 2.569801994776327092e+00 2.008516277689441354e-02 1.667933846520252791e-04 2.556146502549361146e-05 2.327354552285388151e-08 3.73 0.00022704717395 1.6e-09
-7.249423822602166028e-05 3.729304334085844275e+00 1.070421166300026920e-02 2.270104190497039098e-04 -5.882180200507869572e-08 -1.579730412607479732e-07 3.73 0.00022704717395 1.6e-09
1.217181385413207249e-05 2.555144001348143235e+00 -7.064872986371791355e-03 1.660677297805661042e-04 -2.578349756019667784e-05 -1.608158806991966245e-07 3.73 0.00022704717395 1.6e-09
-1.897470302533983222e-06 4.026527553905396850e-01 -7.885692084760686886e-04 1.467924294625510791e-04 2.001533326755009295e-05 1.606966269916604807e-06 3.73 0.00022704717395 1.6e-09
-1.939201143993803361e-05 2.880226430276697336e+00 1.724844875023420071e-02 1.824027873975974474e-04 2.111362273969986030e-05 -3.983088130427420567e-08 3.73 0.00022704717395 1.6e-09
2.044536310984195653e-05 3.737307190290831915e+00 5.590820526755873980e-03 2.274170894368780912e-04 -2.609573328199600974e-06 -1.551186408556613727e-07 3.73 0.00022704717395 1.6e-09
5.070357297799559480e-05 2.269380031849020263e+00 -9.685507710104710594e-03 1.521754512063500325e-04 -3.033299149971340728e-05 -1.046079191360851108e-07 3.73 0.00022704717395 1.6e-09
2.012930767990696659e-07 4.722316228321311593e-01 6.880376987671626347e-05 1.328718799697763088e-04 4.474257193798374848e-05 8.874567548112974856e-07 3.73 0.00022704717395 1.6e-09
6.818177004339145443e-05 3.099479364882087751e+00 1.938256781492282005e-02 1.936773774096042832e-04 1.802575946199056064e-05 4.739286350075315863e-08 3.73 0.00022704717395 1.6e-09
-6.608244706897176309e-05 3.729943490137451967e+00 1.552299135913095401e-02 2.269983226954638941e-04 -4.559195540484828771e-06 -1.031503487534557373e-07 3.73 0.00022704717395 1.6e-09
-5.392992567003148958e-05 2.032962068252152310e+00 2.979595575440548540e-04 1.411953078714762977e-04 -3.425085280758490480e-05 -1.928389503521757865e-07 3.73 0.00022704717395 1.6e-09
-1.922841001857605707e-05 5.782690711990637888e-01 -2.736970674039245453e-03 1.198319869370074184e-04 5.465243524803000482e-05 1.815740138772583413e-07 3.73 0.00022704717395 1.6e-09
9.395595429531215575e-07 3.239846425526531348e+00 1.500099685914807468e-02 2.009950990322721925e-04 1.586410259456372685e-05 1.372561476266556197e-07 3.73 0.00022704717395 1.6e-09
7.751807365593214167e-05 3.695346406155680441e+00 2.153817750077317850e-02 2.251383540335962202e-04 -6.188842502868258910e-06 -9.426815516470523953e-09 3.73 0.00022704717395 1.6e-09
-5.679477129128916323e-05 1.800708259567204594e+00 1.048429959905030837e-02 1.310922465512451025e-04 -3.816975611648120077e-05 -2.769337158272597128e-07 3.73 0.00022704717395 1.6e-09
5.329430527264069094e-05 7.253376195750240729e-01 -7.549593699336306155e-03 1.109083213554110071e-04 5.687420075226334870e-05 -2.913267947814451406e-07 3.73 0.00022704717395 1.6e-09
-5.116530314478179439e-05 3.345518664192573599e+00 4.467544601767276143e-03 2.065594454705643387e-04 1.391422520511289887e-05 1.829322807203612576e-07 3.73 0.00022704717395 1.6e-09
3.893621843248592666e-05 3.628071245444233206e+00 1.936004495649796403e-02 2.215514438971663189e-04 -7.921082000082167480e-06 9.017672957354432276e-08 3.73 0.00022704717395 1.6e-09
3.504176535044033723e-05 1.520128335856775426e+00 1.555476109956383489e-02 1.202216841322896370e-04 -4.314815511874617727e-05 -3.262897600901799137e-07 3.73 0.00022704717395 1.6e-09
4.590147765870084787e-06 9.516038326166531558e-01 -1.199322077716974584e-02 1.075127939999984366e-04 5.406194774766721417e-05 -3.582917149410512068e-07 3.73 0.00022704717395 1.6e-09
1.027933521318025612e-04 3.447103812289197045e+00 -3.342093325112423068e-03 2.119425414399673082e-04 1.174466530266948393e-05 1.912389881703978220e-07 3.73 0.00022704717395 1.6e-09
-7.165746472927124184e-05 3.527811731839083365e+00 1.519184958146580638e-02 2.162248665022573654e-04 -1.003689803635150307e-05 1.445308754899075071e-07 3.73 0.00022704717395 1.6e-09
2.699378480173182464e-05 1.183240835118038792e+00 1.512301807011879988e-02 1.104166859694450596e-04 -4.961706631250408146e-05 -4.304814270294052937e-07 3.73 0.00022704717395 1.6e-09
-3.841390247032974888e-05 1.272447336454735733e+00 -1.226946420070988003e-02 1.125453206964484830e-04 4.782613811598462465e-05 -3.640325143664186695e-08 3.73 0.00022704717395 1.6e-09
-2.807038169016882475e-05 3.553472308277657810e+00 5.135386724488899893e-03 2.175906116455558542e-04 9.421966947547266523e-06 2.156161046223952800e-07 3.73 0.00022704717395 1.6e-09
-2.876985522410714440e-05 3.412398506343393478e+00 2.285238610092642231e-02 2.101066345310346735e-04 -1.241392302039637661e-05 1.025077904819724537e-07 3.73 0.00022704717395 1.6e-09
2.796951927527005038e-05 8.710931971929252171e-01 1.218191764612322134e-02 1.077740059268997741e-04 -5.538041020327948095e-05 -8.285452333142467454e-07 3.73 0.00022704717395 1.6e-09
2.959681737924815074e-05 1.613315200593705256e+00 -6.985229491888166400e-03 1.236573919089714471e-04 4.137390115747904059e-05 3.794844341554725778e-07 3.73 0.00022704717395 1.6e-09
6.532217809376335152e-05 3.644781659688142383e+00 2.899213965362851947e-02 2.224502120084482452e-04 7.252380413501535200e-06 2.849527006891817080e-07 3.73 0.00022704717395 1.6e-09
9.364501609943674083e-05 3.292542471611537014e+00 4.473379418171403998e-02 2.037774461882544048e-04 -1.474858409067303312e-05 -1.563213663581115456e-08 3.73 0.00022704717395 1.6e-09
1.001737723337253600e-05 6.514042208796773092e-01 8.664512637159952485e-03 1.144957517770140885e-04 -5.639687616256922064e-05 -1.677364428388392084e-06 3.73 0.00022704717395 1.6e-09
6.336295213980335547e-05 1.909353729514406961e+00 1.161458302815318073e-04 1.357466284290914909e-04 3.620972744491907222e-05 6.838255339212519841e-07 3.73 0.00022704717395 1.6e-09
1.974940201946495585e-05 3.702599466202156187e+00 5.378015633727954714e-02 2.255416502337961697e-04 5.309462589837749757e-06 3.651887431866325358e-07 3.73 0.00022704717395 1.6e-09
-6.814391448372007375e-06 3.148474039730629226e+00 6.796501913521516003e-02 1.962361031704676622e-04 -1.713454131244224009e-05 -1.507288970652809313e-07 3.73 0.00022704717395 1.6e-09
-1.595223933666383570e-08 5.069143193850956797e-01 3.725855350976628108e-03 1.278601159138107075e-04 -4.917335886758610443e-05 -2.758225940678756497e-06 3.73 0.00022704717395 1.6e-09
4.821552840933747007e-05 2.181700821431206361e+00 6.444134022350173595e-03 1.480564408064482889e-04 3.167676003229375988e-05 8.289135211917899014e-07 3.73 0.00022704717395 1.6e-09
5.929357069083127167e-05 3.727077056310765357e+00 6.981854285708601060e-02 2.268689842561955050e-04 3.236944417095560518e-06 4.081676624920531625e-07 3.73 0.00022704717395 1.6e-09
-2.116979874669751348e-06 2.940976509102026348e+00 8.102355729084412261e-02 1.855159330038532958e-04 -2.016639303394064892e-05 -2.883425269210972478e-07 3.73 0.00022704717395 1.6e-09
5.961683465417102736e-05 4.161168099157765976e-01 -3.697179700712090872e-03 1.437349941126077877e-04 -2.773919756005050936e-05 -3.450699540539975326e-06 3.73 0.00022704717395 1.6e-09
-4.967393964708245702e-05 2.477321170708959297e+00 1.692223013866527709e-02 1.622357365118728598e-04 2.695597138034748496e-05 8.633475956587864617e-07 3.73 0.00022704717395 1.6e-09
-2.798458758016282425e-05 3.728256012652539475e+00 8.025210084798617416e-02 2.269528552823151229e-04 7.205354648372951673e-07 3.693785179713517710e-07 3.73 0.00022704717395 1.6e-09
3.189548405629854904e-05 2.646715660922403401e+00 8.158142444088836709e-02 1.706193975526171290e-04 -2.438842156020550332e-05 -4.915591945110442827e-07 3.73 0.00022704717395 1.6e-09
2.973738831202027124e-05 3.939151086805323665e-01 -1.252264696404197485e-02 1.489785725063225911e-04 9.311391576034461800e-06 -2.777057520566840924e-06 3.73 0.00022704717395 1.6e-09
1.330771604594673820e-05 2.795189240777621986e+00 4.168839774557715760e-02 1.780857739107514560e-04 2.225576763344492377e-05 9.264576716317269338e-07 3.73 0.00022704717395 1.6e-09
2.942741565188175008e-05 3.730912497184402987e+00 1.024125642153184967e-01 2.270850535350632082e-04 -1.955024963444109482e-06 2.611831972117159548e-07 3.73 0.00022704717395 1.6e-09
9.802219842440156137e-06 2.338633630752765757e+00 8.236169391631488479e-02 1.554959609255717129e-04 -2.912903624910582724e-05 -8.809916812235759472e-07 3.73 0.00022704717395 1.6e-09
1.170574836523512153e-05 4.493683282395871670e-01 -1.892020444567643622e-02 1.368338213500916141e-04 3.980734605172466325e-05 -1.045626081508590608e-06 3.73 0.00022704717395 1.6e-09
2.989980359794290843e-05 3.048499564746362189e+00 7.130326342231371739e-02 1.910395977033875958e-04 1.870844131058830380e-05 1.001985321818259564e-06 3.73 0.00022704717395 1.6e-09
-1.092060503681081736e-04 3.730388351261181956e+00 1.304709243931854723e-01 2.270279578832837936e-04 -4.099956634266698223e-06 1.514246030031719103e-07 3.73 0.00022704717395 1.6e-09
6.885728704269630167e-05 2.089382832261995393e+00 8.593703201723565388e-02 1.437618311556003534e-04 -3.323748217261943854e-05 -1.371104192995729424e-06 3.73 0.00022704717395 1.6e-09
-3.712414553041883049e-05 5.478300266934146290e-01 -2.094271789251128668e-02 1.228031846253766965e-04 5.299082783212638180e-05 4.240813923130685025e-07 3.73 0.00022704717395 1.6e-09
8.673661765862447344e-05 3.207313450083421280e+00 9.524616040626414371e-02 1.992891230321516686e-04 1.636708072937591348e-05 1.034687571661720071e-06 3.73 0.00022704717395 1.6e-09
-8.202431706239516403e-05 3.707084741924506766e+00 1.511300622786885262e-01 2.257645272728222891e-04 -5.732582721777485899e-06 4.692124572010848373e-08 3.73 0.00022704717395 1.6e-09
-5.202141149299967026e-05 1.871586563280184690e+00 8.450316346432248937e-02 1.340827209772312532e-04 -3.688451284734402025e-05 -1.844257051426112863e-06 3.73 0.00022704717395 1.6e-09
-3.675837699605177008e-05 6.747819830701219379e-01 -1.855084226788441398e-02 1.131121335141442770e-04 5.677946168064580739e-05 1.452447022214087534e-06 3.73 0.00022704717395 1.6e-09
9.464805275845871336e-05 3.313697737638183316e+00 1.141483709206406738e-01 2.048766099172165530e-04 1.449682980460296037e-05 1.012736394888978174e-06 3.73 0.00022704717395 1.6e-09
-1.632509005459662323e-05 3.652216298462464650e+00 1.628925911347778310e-01 2.228341870080757336e-04 -7.315498076759999355e-06 -7.802528999261694849e-08 3.73 0.00022704717395 1.6e-09
4.215994072059812687e-05 1.622032918398959023e+00 7.422728043014505117e-02 1.239541165703538601e-04 -4.119827552487858880e-05 -2.342377088066044548e-06 3.73 0.00022704717395 1.6e-09
-1.958043847644492692e-05 8.634024672255713462e-01 -1.001505460226370312e-02 1.078346219028410852e-04 5.548103845143847784e-05 2.146437335403393422e-06 3.73 0.00022704717395 1.6e-09
-1.884955969250853467e-06 3.407913784981863703e+00 1.305592144633862528e-01 2.098647849748646590e-04 1.248702695607798886e-05 9.213283992115658226e-07 3.73 0.00022704717395 1.6e-09
8.323458403007302439e-05 3.559037604601996030e+00 1.663003998578587994e-01 2.178820154227749536e-04 -9.283752857280663031e-06 -2.493817593739372019e-07 3.73 0.00022704717395 1.6e-09
3.504824108467940140e-05 1.298533715006103151e+00 5.325325635410940728e-02 1.132254392690021686e-04 -4.721339216990321072e-05 -2.947268256122343507e-06 3.73 0.00022704717395 1.6e-09
7.009496929821758070e-06 1.158501529945676456e+00 8.742436870596871634e-03 1.099354090004832721e-04 4.999750681486952065e-05 2.466736517087855782e-06 3.73 0.00022704717395 1.6e-09
6.548640005585545693e-05 3.512213464959629938e+00 1.479671691447021487e-01 2.154021309290957262e-04 1.014137454281258008e-05 7.613197796055633188e-07 3.73 0.00022704717395 1.6e-09
5.356020922911177405e-05 3.440612036961271603e+00 1.642574366920068196e-01 2.116042862042436293e-04 -1.166708622599048811e-05 -4.794567940611883866e-07 3.73 0.00022704717395 1.6e-09
2.709451421621192368e-05 9.568369458016472429e-01 2.653244455626119214e-02 1.075378802312777429e-04 -5.380370726442394724e-05 -3.576336181971005349e-06 3.73 0.00022704717395 1.6e-09
-2.809788877620818704e-05 1.515223789104385599e+00 3.766979723857823148e-02 1.200761144462965900e-04 4.307766733730656374e-05 2.500553898188128651e-06 3.73 0.00022704717395 1.6e-09
-8.846159414559026299e-05 3.614911895009346843e+00 1.696387314895617948e-01 2.208591138399980370e-04 7.846836898645477860e-06 5.792090365709364768e-07 3.73 0.00022704717395 1.6e-09
-7.328473124034801589e-05 3.322227380318212298e+00 1.631318968011081783e-01 2.053437989836850693e-04 -1.405438489466399686e-05 -7.531632702200256018e-07 3.73 0.00022704717395 1.6e-09
7.803760483549725704e-06 7.055186792495835579e-01 4.409746286162230175e-03 1.117492830299829311e-04 -5.666059192437383123e-05 -3.875852728059075536e-06 3.73 0.00022704717395 1.6e-09
1.533288302018083815e-05 1.828766754363682967e+00 6.810610587966635376e-02 1.322925129808951209e-04 3.749185930979447435e-05 2.420491019600265232e-06 3.73 0.00022704717395 1.6e-09
-8.770574537253703605e-05 3.685804074572486044e+00 1.907523090493944140e-01 2.246390833317381318e-04 5.870931383854103135e-06 4.148521925550533281e-07 3.73 0.00022704717395 1.6e-09
-7.347349525596657378e-05 3.194362174336339066e+00 1.623303542420615753e-01 1.986275494797431671e-04 -1.633117195760493086e-05 -1.032031039167390725e-06 3.73 0.00022704717395 1.6e-09
1.766626597263960005e-05 5.462263345776975365e-01 -1.042113608344065294e-02 1.230932246295991914e-04 -5.256587233513305220e-05 -3.542997048322814514e-06 3.73 0.00022704717395 1.6e-09
-7.105117736217158838e-06 2.094369500860374878e+00 9.357264494286271495e-02 1.440092888644405153e-04 3.301728790997786724e-05 2.237194403571852769e-06 3.73 0.00022704717395 1.6e-09
-1.015552988925227376e-04 3.718680315988305729e+00 2.027329053719880703e-01 2.264101692512603006e-04 3.951935331856752399e-06 2.547590299376909475e-07 3.73 0.00022704717395 1.6e-09
1.406279080674872732e-05 3.016898070539129506e+00 1.539625160912907742e-01 1.894163333929123750e-04 -1.900426852001784237e-05 -1.296604339910194255e-06 3.73 0.00022704717395 1.6e-09
-3.420961501961529720e-05 4.404218640587524991e-01 -1.949796027267221288e-02 1.386456628414323069e-04 -3.690840972655557361e-05 -2.163400903506996973e-06 3.73 0.00022704717395 1.6e-09
6.418962925770680501e-06 2.371158594876957793e+00 1.130085486151692076e-01 1.570707478796951159e-04 2.849747600925831118e-05 1.882430294746694864e-06 3.73 0.00022704717395 1.6e-09
-5.402975971734714469e-05 3.722569562905064799e+00 1.991957443089011903e-01 2.266440786139323877e-04 1.609302336047943753e-06 6.102201391451020863e-08 3.73 0.00022704717395 1.6e-09
9.159616036440837959e-06 2.747286851446674394e+00 1.301882324590769580e-01 1.756680577720462608e-04 -2.283035978426730983e-05 -1.543900756772216582e-06 3.73 0.00022704717395 1.6e-09
-7.013377660671047276e-05 3.922865745662470482e-01 -2.167347416922464631e-02 1.494116202543585993e-04 -3.323204756827371300e-06 7.175526503187342570e-07 3.73 0.00022704717395 1.6e-09
2.178485974141156057e-06 2.690654229195337255e+00 1.313827113198320906e-01 1.728194053242564174e-04 2.366100834480458633e-05 1.422454266383771410e-06 3.73 0.00022704717395 1.6e-09
1.992167139704091730e-05 3.724028033824916761e+00 1.863332505845379794e-01 2.267245541160887675e-04 -1.112211539882115942e-06 -1.777491403090743458e-07 3.73 0.00022704717395 1.6e-09
-2.316142507196606380e-05 2.430081205061378924e+00 9.652436803853044200e-02 1.599274109422874166e-04 -2.760605213644496829e-05 -1.761557584958275984e-06 3.73 0.00022704717395 1.6e-09
-4.287576500256471882e-05 4.256218761495051961e-01 -1.548355534334231592e-02 1.415420912508783891e-04 3.230108062945588555e-05 3.559688843040035290e-06 3.73 0.00022704717395 1.6e-09
1.756208070635177708e-05 2.976263878158722065e+00 1.512221441998446991e-01 1.873175493633137873e-04 1.967148304543809629e-05 1.066251050023965056e-06 3.73 0.00022704717395 1.6e-09
-4.621188294530547390e-05 3.731561870479662701e+00 1.790752509914679824e-01 2.270980457869947061e-04 -3.448862462472027445e-06 -3.991471154924911483e-07 3.73 0.00022704717395 1.6e-09
-3.117484945979353184e-06 2.167866032621772909e+00 6.991943228719485481e-02 1.473915355962615950e-04 -3.191681512252100524e-05 -1.954969154333629804e-06 3.73 0.00022704717395 1.6e-09
5.335100809007436437e-05 5.123646246983541985e-01 -4.933046650258623815e-03 1.270021217163712498e-04 4.995193759045703149e-05 4.679846208744928608e-06 3.73 0.00022704717395 1.6e-09
-1.250102212327421520e-05 3.159196586089118242e+00 1.635593555536768440e-01 1.967762289123809545e-04 1.708782487242978168e-05 8.380240387927411191e-07 3.73 0.00022704717395 1.6e-09
9.009933755278141379e-05 3.719209855045271240e+00 1.731491931017276609e-01 2.264147289925463728e-04 -5.167348762638315685e-06 -5.518647028327225669e-07 3.73 0.00022704717395 1.6e-09
-4.105041567151985696e-05 1.953434330440297684e+00 5.082666468689047562e-02 1.376391573593128102e-04 -3.553338189286437776e-05 -2.090706367252711501e-06 3.73 0.00022704717395 1.6e-09
-2.639816442830516318e-05 6.242904953563130910e-01 6.285382877370770602e-03 1.161565355797284250e-04 5.594321435533971491e-05 4.625037128573541870e-06 3.73 0.00022704717395 1.6e-09
7.188738424279690717e-05 3.274920005167796688e+00 1.638460242711539117e-01 2.028342009783245213e-04 1.518909126351520794e-05 6.521305037060748875e-07 3.73 0.00022704717395 1.6e-09
1.481374100658791967e-05 3.675922152232510065e+00 1.601709416498067473e-01 2.240980079297634215e-04 -6.686696250579713184e-06 -6.441119533417580535e-07 3.73 0.00022704717395 1.6e-09
-1.417181004949304594e-05 1.721414768890866309e+00 3.266479616542079800e-02 1.278409735672822076e-04 -3.949589427823521821e-05 -2.130979667567716684e-06 3.73 0.00022704717395 1.6e-09
-5.308217164525280473e-05 7.852750018347212091e-01 1.876368970794483476e-02 1.091136142945764800e-04 5.633567486721764641e-05 3.889044137388858288e-06 3.73 0.00022704717395 1.6e-09
3.836832258749955525e-06 3.370762745891401124e+00 1.505888013257453140e-01 2.078984983084879862e-04 1.325524351237963427e-05 4.377081645771088822e-07 3.73 0.00022704717395 1.6e-09
4.640937844919777706e-05 3.593426621760622108e+00 1.344375759195838849e-01 2.197102091821403818e-04 -8.540623183798848572e-06 -6.939067256077796796e-07 3.73 0.00022704717395 1.6e-09
-1.265755394842955748e-06 1.412712143958315902e+00 1.162243450524122132e-02 1.166139593107900422e-04 -4.509899786459559416e-05 -1.995352711495185279e-06 3.73 0.00022704717395 1.6e-09
5.257524470151880391e-05 1.050362027274430066e+00 3.506862765377574687e-02 1.082262341901958581e-04 5.206505206793377640e-05 2.807190742334518375e-06 3.73 0.00022704717395 1.6e-09
2.906586036120412851e-05 3.476922812671525698e+00 1.277538621873287872e-01 2.135297098883077592e-04 1.094243876890321375e-05 1.705963717098139508e-07 3.73 0.00022704717395 1.6e-09
-4.586850088515992939e-05 3.480197108082788482e+00 9.721257970748399535e-02 2.137033090524158849e-04 -1.087815184368749027e-05 -7.226942599611550851e-07 3.73 0.00022704717395 1.6e-09
-2.743929708228719946e-05 1.056662802924001943e+00 -8.761917937996393374e-03 1.082922660508870360e-04 -5.204986761329886844e-05 -1.457167269234434961e-06 3.73 0.00022704717395 1.6e-09
-2.559868265780881937e-05 1.404529365461984813e+00 5.425062929059044220e-02 1.163692544269618765e-04 4.517997845067299120e-05 1.932388180028103094e-06 3.73 0.00022704717395 1.6e-09
-5.749870970278158651e-05 3.589322710774536240e+00 1.116378964302675858e-01 2.194962050500723133e-04 8.576840906501080692e-06 -6.664118167870815364e-08 3.73 0.00022704717395 1.6e-09
3.991743579407629232e-05 3.367381651611837334e+00 6.658897611295580554e-02 2.077247408436973751e-04 -1.329308398277843213e-05 -7.705839319504514626e-07 3.73 0.00022704717395 1.6e-09
-3.556698314471702269e-05 7.773566820311483827e-01 -2.006261656329722670e-02 1.093290461130180769e-04 -5.648873537400782053e-05 -4.627180691435409959e-07 3.73 0.00022704717395 1.6e-09
2.094179427305936669e-06 1.728625610551346448e+00 6.862487413765283595e-02 1.281561163191268947e-04 3.928881958057257829e-05 1.427259448338987608e-06 3.73 0.00022704717395 1.6e-09
-4.945664119597620605e-05 3.671909717441674825e+00 1.055457158820212460e-01 2.238938840021888524e-04 6.566972844734033816e-06 -1.958390711309484121e-07 3.73 0.00022704717395 1.6e-09
6.292439129270594215e-05 3.251848111526377316e+00 5.148415700394576994e-02 2.016343349221852150e-04 -1.550607698501512072e-05 -8.193114219360628486e-07 3.73 0.00022704717395 1.6e-09
-1.008350199630076121e-05 5.978433694872182791e-01 -2.190345278870994838e-02 1.182218636080418009e-04 -5.517575519244698141e-05 6.399628983409518297e-07 3.73 0.00022704717395 1.6e-09
6.425127174210019498e-05 1.995639518120616129e+00 7.259541872376468197e-02 1.395436771335215921e-04 3.472826749534915753e-05 1.064188401982997060e-06 3.73 0.00022704717395 1.6e-09
-5.837774772038778991e-05 3.714298287293514189e+00 9.698146955675773784e-02 2.261696154570343176e-04 4.717480662678662795e-06 -2.401452473653750800e-07 3.73 0.00022704717395 1.6e-09
1.500967605254802735e-05 3.095731701044991624e+00 4.159876478724325310e-02 1.934934209145691892e-04 -1.794591411610478343e-05 -8.116458456465243214e-07 3.73 0.00022704717395 1.6e-09
-6.364346853729449332e-05 4.736917219697597825e-01 -1.778038875734898328e-02 1.327453367201895766e-04 -4.450423115488988607e-05 1.750011097588389843e-06 3.73 0.00022704717395 1.6e-09
9.769630091929553881e-06 2.265403991684953766e+00 6.385883069428513470e-02 1.520060906685157670e-04 3.027211039033138472e-05 6.482168968770557986e-07 3.73 0.00022704717395 1.6e-09
-6.123672057374744747e-05 3.725944852577666389e+00 7.379097096836455261e-02 2.268186173722535758e-04 2.515422459916527693e-06 -2.518939056908951207e-07 3.73 0.00022704717395 1.6e-09
-1.108461343052742745e-05 2.853202864176910936e+00 2.461621936497463206e-02 1.810362515546789489e-04 -2.139681351622214304e-05 -6.915632393334803953e-07 3.73 0.00022704717395 1.6e-09
4.328913934782167107e-05 3.998174873621763714e-01 -9.906086402607618829e-03 1.475545430197963280e-04 -1.658712911083580119e-05 2.803892351246414009e-06 3.73 0.00022704717395 1.6e-09
2.310047673329013540e-05 2.582541013089735493e+00 4.883427883404296843e-02 1.674268421239320087e-04 2.534855131773066690e-05 2.146849027945535469e-07 3.73 0.00022704717395 1.6e-09
-1.991354141443273356e-05 3.728224360761974054e+00 3.994745542130640620e-02 2.269530897451531835e-04 -1.808286582621465205e-07 -2.835329212789023332e-07 3.73 0.00022704717395 1.6e-09
1.096958055393760877e-05 2.539791127374311230e+00 -1.153455711515740925e-05 1.653098718519511881e-04 -2.600633701695682023e-05 -4.668894370984140480e-07 3.73 0.00022704717395 1.6e-09
4.166746111089463130e-05 4.049457984246588316e-01 -1.552217663985269161e-03 1.462370522101746222e-04 2.161695654871025345e-05 3.027283665826277404e-06 3.73 0.00022704717395 1.6e-09
8.589362391698032154e-06 2.892874553420313077e+00 4.414115816028907346e-02 1.830475789128694220e-04 2.093437371479160903e-05 2.317597038641736251e-08 3.73 0.00022704717395 1.6e-09
-3.883188312287281873e-05 3.737687182394832774e+00 2.560178104047971387e-02 2.274356795630770416e-04 -2.707277656497335978e-06 -3.141056770480594186e-07 3.73 0.00022704717395 1.6e-09
3.562666292942386743e-06 2.258168814196546581e+00 -1.121192848916213389e-02 1.516421756204755283e-04 -3.051613295550460817e-05 -3.506437433611523962e-07 3.73 0.00022704717395 1.6e-09
4.831734120424898939e-05 4.762756172127727838e-01 3.258575242187191408e-03 1.322221233815787530e-04 4.537597886797611511e-05 2.297545802706081948e-06 3.73 0.00022704717395 1.6e-09
-7.534793944976862410e-05 3.106822750301221348e+00 4.246166919749443103e-02 1.940562173066388428e-04 1.793589099814430079e-05 1.815869781499448524e-08 3.73 0.00022704717395 1.6e-09
-1.885374209279929017e-05 3.730210822049764730e+00 2.643630492011124142e-02 2.270109178911950548e-04 -4.620280228055654621e-06 -2.803039551223370103e-07 3.73 0.00022704717395 1.6e-09
1.834743458492549273e-05 2.026656402062875451e+00 -7.883665612729653244e-03 1.409074128833325153e-04 -3.436874500504381511e-05 -3.473635436370547992e-07 3.73 0.00022704717395 1.6e-09
5.857361610314399633e-05 5.817838887769514189e-01 3.761435021116031271e-03 1.195273478389653093e-04 5.476573570682997916e-05 1.296080196533827393e-06 3.73 0.00022704717395 1.6e-09
8.187679411618199222e-05 3.242859440221537604e+00 3.287514813276251613e-02 2.011535213929027872e-04 1.580511878145241208e-05 4.689101435695123536e-08 3.73 0.00022704717395 1.6e-09
-1.856331309181380549e-05 3.693803605477178564e+00 2.428854611674183261e-02 2.250560250229540133e-04 -6.227066596471266700e-06 -1.868981555657680770e-07 3.73 0.00022704717395 1.6e-09
-2.041229049685796691e-06 1.793571076062077108e+00 -1.794352847414608897e-03 1.307942488924941204e-04 -3.829640556840181346e-05 -3.162081666472083607e-07 3.73 0.00022704717395 1.6e-09
4.412781421845888359e-05 7.306814047668594991e-01 1.285063732243371974e-03 1.107202242594709351e-04 5.685043168619040147e-05 3.982072936498655322e-07 3.73 0.00022704717395 1.6e-09
-8.136317970455699423e-05 3.347735036832767186e+00 1.458130826404934778e-02 2.066780414025225123e-04 1.384811877182005329e-05 4.590560480762424349e-08 3.73 0.00022704717395 1.6e-09
5.921292369316092150e-05 3.623478782298922951e+00 1.325772075859133967e-02 2.213080085524681711e-04 -7.998525285598938564e-06 -6.540925353316623018e-08 3.73 0.00022704717395 1.6e-09
-4.867194113807357642e-05 1.505968570802905582e+00 1.435241213710165744e-03 1.197297172456177213e-04 -4.339896501899843397e-05 -1.912517161840070019e-07 3.73 0.00022704717395 1.6e-09
2.501730026345325576e-06 9.645080772238829869e-01 -2.146439472762884382e-03 1.075493953558287599e-04 5.383045373388068604e-05 -1.098768551293854625e-07 3.73 0.00022704717395 1.6e-09
6.869381839314596372e-05 3.451607080988396525e+00 -3.662565774238706572e-03 2.121820926266013174e-04 1.163647425846445516e-05 1.431186994568134969e-08 3.73 0.00022704717395 1.6e-09
-9.060127517784869681e-05 3.521605486517756400e+00 -1.075401092385220919e-03 2.158961615784886880e-04 -1.015263440573601337e-05 3.234134009360809989e-08 3.73 0.00022704717395 1.6e-09
1.273193695763012490e-05 1.165211252900030026e+00 1.554188999646375843e-03 1.100471138033809563e-04 -4.997450888023743422e-05 -4.711614493474481144e-09 3.73 0.00022704717395 1.6e-09
-2.474136194403611579e-05 1.290949139171986282e+00 -3.481224695703333261e-03 1.130334743214152205e-04 4.746910538519457832e-05 -1.099448289073805715e-07 3.73 0.00022704717395 1.6e-09
1.021858262898916775e-04 3.559564839598380992e+00 -5.493278976217394124e-03 2.179139449996051240e-04 9.299841815143895704e-06 1.639429949696609568e-08 3.73 0.00022704717395 1.6e-09
-1.041055685011988688e-04 3.407985010893058941e+00 -2.111497462709667830e-03 2.098722321916324024e-04 -1.251820490545709811e-05 4.544155441320329259e-08 3.73 0.00022704717395 1.6e-09
2.188631794938482463e-07 8.594595285916895033e-01 1.664074026945181958e-03 1.078834434938319875e-04 -5.556813360873286297e-05 -1.429586119066390676e-08 3.73 0.00022704717395 1.6e-09
-2.085486492433652220e-05 1.627092639699224463e+00 -1.885113743770534204e-03 1.241769100256710692e-04 4.113765764356958201e-05 1.309813315790540464e-07 3.73 0.00022704717395 1.6e-09
1.055263875743365761e-04 3.648915964665541800e+00 9.830614389795518451e-03 2.226699059142425935e-04 7.173525926930605703e-06 8.956299263357455992e-08 3.73 0.00022704717395 1.6e-09
-2.479171170677495559e-05 3.289434731793832611e+00 1.450973437224623713e-02 2.036132709419636656e-04 -1.481945733327366986e-05 -1.010752611196100823e-08 3.73 0.00022704717395 1.6e-09
1.751434412399238913e-05 6.456645062416572767e-01 2.472899103406616360e-03 1.148373541158365601e-04 -5.635686061434597610e-05 -5.177595329586861785e-07 3.73 0.00022704717395 1.6e-09
6.492140554407019239e-05 1.918049612275414262e+00 -8.417388858463055673e-04 1.361253808568228742e-04 3.606521014149933623e-05 3.470392250009086650e-07 3.73 0.00022704717395 1.6e-09
7.983766315539851622e-05 3.704097115002905838e+00 2.718183791461478704e-02 2.256224441293722246e-04 5.245821100138026261e-06 1.958083971865884804e-07 3.73 0.00022704717395 1.6e-09
-5.234263955717387756e-05 3.143157500597207665e+00 3.533238023587287335e-02 1.959599067454426721e-04 -1.722120060112754318e-05 -7.041027093546605218e-08 3.73 0.00022704717395 1.6e-09
-4.373100802073063718e-05 5.026200158738090007e-01 1.985379174616780894e-03 1.284481651438967951e-04 -4.873057844523672648e-05 -1.448376182666230135e-06 3.73 0.00022704717395 1.6e-09
-3.244732359012163350e-05 2.191603955736399101e+00 -2.739714521237347419e-03 1.485200767357041296e-04 3.152092100329590259e-05 4.411544600588474902e-07 3.73 0.00022704717395 1.6e-09
1.128882545138621551e-04 3.727324139912993495e+00 3.547482149146803654e-02 2.268839573858855109e-04 3.147771976402416192e-06 2.803313853632823901e-07 3.73 0.00022704717395 1.6e-09
-7.622031966792862812e-06 2.930516763714474227e+00 4.757165393605337911e-02 1.849809997232915713e-04 -2.032269359399971846e-05 -1.089498437265755770e-07 3.73 0.00022704717395 1.6e-09
4.477094452612702971e-05 4.132804480975025840e-01 -1.541412201901788074e-03 1.443802499308177105e-04 -2.636695300121224804e-05 -2.343598181710416659e-06 3.73 0.00022704717395 1.6e-09
1.851636345941074489e-05 2.491577472844553665e+00 -1.514794908095423373e-03 1.629354622373523824e-04 2.674496238023922081e-05 4.627756534736565619e-07 3.73 0.00022704717395 1.6e-09
-1.168587838746783816e-05 3.729349773956069036e+00 3.877357453179625102e-02 2.270116195524360999e-04 6.064761847801389864e-07 2.922233828782900958e-07 3.73 0.00022704717395 1.6e-09
2.560275212390987175e-05 2.634048838680648430e+00 4.917144200421064149e-02 1.699869118987652208e-04 -2.459754059322232555e-05 -1.883784299713921165e-07 3.73 0.00022704717395 1.6e-09
-7.204855180475188748e-07 3.946478842430122258e-01 -8.092699749832716824e-03 1.487930260067592291e-04 1.097889144363148637e-05 -2.358861996872855781e-06 3.73 0.00022704717395 1.6e-09
6.415584293914884564e-05 2.808458011552511735e+00 1.573345143282788017e-02 1.787577927651920712e-04 2.208569736642168870e-05 5.744514284928620592e-07 3.73 0.00022704717395 1.6e-09
1.794516418298332862e-05 3.732836110111941164e+00 5.846352307620057004e-02 2.271865953825554212e-04 -2.051051702978477286e-06 2.413325228023578829e-07 3.73 0.00022704717395 1.6e-09
4.227839454757645820e-05 2.328764039790928386e+00 5.465749453868219004e-02 1.550200356801864155e-04 -2.932295090137817815e-05 -4.751626769387342632e-07 3.73 0.00022704717395 1.6e-09
3.276673907799284143e-05 4.525608640803560068e-01 -1.489949541500034010e-02 1.362545130086437444e-04 4.062121635260612830e-05 -1.429621158967603989e-06 3.73 0.00022704717395 1.6e-09
-5.582520419149642236e-05 3.056935984000554107e+00 3.964314863739797079e-02 1.914753809028578446e-04 1.861378502141463636e-05 7.242244000930713274e-07 3.73 0.00022704717395 1.6e-09
-3.831391169938827676e-05 3.730973111115487129e+00 8.758642369886510126e-02 2.270586525933256041e-04 -4.179506203247836883e-06 1.937219267086449843e-07 3.73 0.00022704717395 1.6e-09
6.034420423152693036e-05 2.079863891234293050e+00 6.501852068042801580e-02 1.433268211526572266e-04 -3.342745985360764331e-05 -9.067448264511252097e-07 3.73 0.00022704717395 1.6e-09
-2.017793523554977731e-05 5.529153157141427632e-01 -1.948715131768068848e-02 1.222729429379207356e-04 5.330909247588746266e-05 -4.384704320673769316e-07 3.73 0.00022704717395 1.6e-09
-2.079070947212589398e-05 3.213872550698797514e+00 5.874348092819040024e-02 1.996323303784463231e-04 1.628998172887189473e-05 8.213914786699098742e-07 3.73 0.00022704717395 1.6e-09
-1.029251617006845209e-04 3.705983653962526603e+00 1.098332190648634993e-01 2.257060831929629864e-04 -5.813633254192490194e-06 1.498435245694012448e-07 3.73 0.00022704717395 1.6e-09
2.577267972674925835e-05 1.858868550646520124e+00 7.020053128147819843e-02 1.335386447976720102e-04 -3.713858681483109801e-05 -1.344243722589601186e-06 3.73 0.00022704717395 1.6e-09
5.490320415015295191e-05 6.834967512132266165e-01 -2.081195641869497404e-02 1.126837666086763924e-04 5.682261451584560464e-05 4.041168153016867012e-07 3.73 0.00022704717395 1.6e-09
3.206427507763946234e-05 3.320631769959955015e+00 7.406308206655207171e-02 2.052422813500558944e-04 1.440076739342038079e-05 8.544762949302755491e-07 3.73 0.00022704717395 1.6e-09
-5.787171967685293764e-05 3.649388175413355917e+00 1.236522193223710264e-01 2.226840608912729921e-04 -7.421640902220114799e-06 7.899512696865517297e-08 3.73 0.00022704717395 1.6e-09
-2.130448128278828230e-05 1.604605577666587068e+00 6.613210287228971085e-02 1.232979417836766204e-04 -4.154124438043917144e-05 -1.822674239004558916e-06 3.73 0.00022704717395 1.6e-09
-3.521459929839409195e-05 8.777610530059701821e-01 -1.681902187568321688e-02 1.077073954861896860e-04 5.528899487812217583e-05 1.152365072819898147e-06 3.73 0.00022704717395 1.6e-09
-9.278986650504441572e-05 3.415815876853644184e+00 8.991075067802875576e-02 2.102827327391132038e-04 1.237152412569001528e-05 8.206037058813671325e-07 3.73 0.00022704717395 1.6e-09
-7.453871864149198747e-05 3.554949929904493544e+00 1.314826353863682851e-01 2.176652751397994772e-04 -9.407689431008676195e-06 -5.124648150964184955e-08 3.73 0.00022704717395 1.6e-09
3.302408192748268901e-06 1.278909729043664623e+00 5.128195268295129838e-02 1.127000316995132147e-04 -4.762657712712603807e-05 -2.455676798867543806e-06 3.73 0.00022704717395 1.6e-09
-2.434496619750274195e-05 1.177174514076630318e+00 -3.259019382652748615e-03 1.103105227727591291e-04 4.966648028903354882e-05 1.713045426698331848e-06 3.73 0.00022704717395 1.6e-09
3.850477760375642622e-05 3.520100091701943157e+00 1.115768102923092309e-01 2.158202923099782284e-04 1.002127522456515478e-05 7.320739133461911238e-07 3.73 0.00022704717395 1.6e-09
4.538007648297238988e-05 3.436394163623361919e+00 1.382650048584463665e-01 2.113802204733628996e-04 -1.180090628071572153e-05 -2.613289948988349165e-07 3.73 0.00022704717395 1.6e-09
5.276938933707108951e-06 9.416401517223141893e-01 2.985653008152983762e-02 1.075138502642809378e-04 -5.408557801606369100e-05 -3.259468692389854772e-06 3.73 0.00022704717395 1.6e-09
1.281494673961052879e-05 1.532200896545854896e+00 2.077447183254783891e-02 1.206786268312356656e-04 4.279726337642894628e-05 2.011234774539710809e-06 3.73 0.00022704717395 1.6e-09
-7.437942370422802145e-05 3.620623910820802038e+00 1.400967414994978566e-01 2.211634477987808813e-04 7.740494648415649135e-06 6.253837110135398951e-07 3.73 0.00022704717395 1.6e-09
1.380707984194247021e-05 3.316866063954408972e+00 1.480687704695386742e-01 2.050607173112049732e-04 -1.418810011490973704e-05 -5.318954462572241489e-07 3.73 0.00022704717395 1.6e-09
-4.627743682327520140e-05 6.954022080573337705e-01 1.047856974654601606e-02 1.122008086235751255e-04 -5.661464460458151484e-05 -3.957106045884893198e-06 3.73 0.00022704717395 1.6e-09
5.210738342898791551e-05 1.843842463332319381e+00 4.820436752747556813e-02 1.329317780675368370e-04 3.726246313783687517e-05 2.122885065340996795e-06 3.73 0.00022704717395 1.6e-09
-7.931344995404893225e-05 3.689107128088394916e+00 1.677911798511373676e-01 2.248166052528392724e-04 5.761861122023081701e-06 5.189129702902766620e-07 3.73 0.00022704717395 1.6e-09
-5.538001678440181201e-05 3.185395403932107961e+00 1.566033680364139480e-01 1.981597938789921650e-04 -1.648560247975331083e-05 -8.191568788436178048e-07 3.73 0.00022704717395 1.6e-09
-3.711127049862644549e-05 5.385077071796160464e-01 -4.318530402509448626e-03 1.239569739256345202e-04 -5.197158117276209720e-05 -4.158511351711441888e-06 3.73 0.00022704717395 1.6e-09
-5.511955443491839169e-05 2.111381185112396253e+00 7.337709981829607098e-02 1.447904024214592212e-04 3.276646329890622877e-05 2.078787474225181582e-06 3.73 0.00022704717395 1.6e-09
-4.279600089994640586e-05 3.720339121782299863e+00 1.863868496440830302e-01 2.265007104587213977e-04 3.808258666772385854e-06 3.933040923221668925e-07 3.73 0.00022704717395 1.6e-09
-8.150058596544903003e-05 3.002223653328933928e+00 1.555347111827691808e-01 1.886611874832232433e-04 -1.921527910633944155e-05 -1.110588409019922420e-06 3.73 0.00022704717395 1.6e-09
-6.212011738503022545e-05 4.353224887436053514e-01 -1.549200858790519830e-02 1.396595156414129086e-04 -3.530354152866226872e-05 -3.304707219828581949e-06 3.73 0.00022704717395 1.6e-09
-1.359710638216666504e-06 2.391646959606380296e+00 9.616015462853472195e-02 1.580614347313815120e-04 2.819529591349499161e-05 1.851992094088180499e-06 3.73 0.00022704717395 1.6e-09
-7.083758208488536443e-05 3.723225135590189971e+00 1.916904376174919655e-01 2.266800872575207531e-04 1.435155908891246347e-06 2.122193344500494067e-07 3.73 0.00022704717395 1.6e-09
-7.551088602873494632e-05 2.727605479456810755e+00 1.383666510224491608e-01 1.746768436765628219e-04 -2.311137831101669853e-05 -1.423172819634168022e-06 3.73 0.00022704717395 1.6e-09
1.173499941859988704e-06 3.919321564532150526e-01 -2.137531040492395701e-02 1.494971206164612449e-04 -9.530881686036845024e-07 -7.055725102226666286e-07 3.73 0.00022704717395 1.6e-09
2.244086900663596013e-05 2.710886045944932210e+00 1.217607851395246243e-01 1.738347667249353485e-04 2.337257262790329158e-05 1.521540684482923286e-06 3.73 0.00022704717395 1.6e-09
5.009796777590621865e-05 3.724344956626756353e+00 1.913423092066300901e-01 2.267400884131025914e-04 -1.283201449673914783e-06 -2.734460448786478297e-08 3.73 0.00022704717395 1.6e-09
-5.370489676705982041e-05 2.411480301872204635e+00 1.119665263815915468e-01 1.590219674740185629e-04 -2.788479783732628802e-05 -1.763321132737552794e-06 3.73 0.00022704717395 1.6e-09
6.754427534670218766e-05 4.297697927141724827e-01 -1.905348757678318114e-02 1.406778908820832414e-04 3.385563482159695568e-05 2.336296784367990244e-06 3.73 0.00022704717395 1.6e-09
-9.321213266334922012e-05 2.990193905768107285e+00 1.488452259505283481e-01 1.880331155294138828e-04 1.947194757340602224e-05 1.247586925512622890e-06 3.73 0.00022704717395 1.6e-09
2.165282358016409062e-05 3.729974794035136210e+00 1.945000293943859038e-01 2.270115967047129832e-04 -3.586574616347973764e-06 -2.583547179445434782e-07 3.73 0.00022704717395 1.6e-09
7.092229983408595466e-05 2.151466961569970415e+00 9.003221142725351123e-02 1.466273855088951828e-04 -3.216419148091566283e-05 -2.091397824328222032e-06 3.73 0.00022704717395 1.6e-09
-5.240267667105990082e-05 5.191391434659421433e-01 -1.081891656736423506e-02 1.261253201039487623e-04 5.067868200709691357e-05 3.930688596031375838e-06 3.73 0.00022704717395 1.6e-09
-8.389371030673433371e-06 3.168230641328042552e+00 1.680279183892585404e-01 1.972472975766293032e-04 1.692963570123854342e-05 1.052200499422083369e-06 3.73 0.00022704717395 1.6e-09
-7.753856190795052335e-06 3.715475180446286885e+00 1.954706511289358295e-01 2.262145243097016386e-04 -5.275969628699832506e-06 -4.379404708766443988e-07 3.73 0.00022704717395 1.6e-09
8.805544733742754057e-06 1.936809874045548385e+00 7.174345281887756220e-02 1.369080163137101867e-04 -3.577980105943032044e-05 -2.352002107731966709e-06 3.73 0.00022704717395 1.6e-09
-1.151928123259433049e-06 6.340940496077045463e-01 8.481571463856561646e-05 1.154925374189888390e-04 5.616465170720090662e-05 4.363583773253518162e-06 3.73 0.00022704717395 1.6e-09
3.443715598804653809e-05 3.281772163877282988e+00 1.761804528339620535e-01 2.031942668531102128e-04 1.504511444165529384e-05 8.755871131940735424e-07 3.73 0.00022704717395 1.6e-09
6.093751758261228390e-05 3.670398646934777354e+00 1.882589744784155528e-01 2.238028290769422679e-04 -6.804985141743332669e-06 -5.762090789839617391e-07 3.73 0.00022704717395 1.6e-09
5.649608568771235351e-05 1.702966080024642892e+00 5.171543636844299491e-02 1.271014946450636936e-04 -3.978667312296912202e-05 -2.534914391643031281e-06 3.73 0.00022704717395 1.6e-09
3.466400532617837382e-05 7.994891064925122581e-01 1.420132555089654094e-02 1.088027863432159168e-04 5.618316358147826543e-05 4.054104385417421215e-06 3.73 0.00022704717395 1.6e-09
6.292764548263509090e-05 3.376547478749538200e+00 1.722483539399890795e-01 2.082045073497628155e-04 1.310318074468171985e-05 6.582146278589620481e-07 3.73 0.00022704717395 1.6e-09
1.000964239922504058e-05 3.586268291229841587e+00 1.682284663485430487e-01 2.193291958382275928e-04 -8.663549716396504242e-06 -6.905604437236570695e-07 3.73 0.00022704717395 1.6e-09
-3.601575985668920704e-05 1.392596010797265471e+00 2.654141705113680777e-02 1.159804518500418501e-04 -4.544368500977628378e-05 -2.594993948029240636e-06 3.73 0.00022704717395 1.6e-09
4.583146129454146694e-05 1.069356083880729447e+00 3.450843930081361893e-02 1.084630296658380859e-04 5.167085841621017614e-05 3.255387297493710277e-06 3.73 0.00022704717395 1.6e-09
-4.361997039763198402e-05 3.481708739515760875e+00 1.589852505138316940e-01 2.137836904617147901e-04 1.079767255448432851e-05 3.757775873715629425e-07 3.73 0.00022704717395 1.6e-09
-2.060072803891050899e-05 3.471446504190058402e+00 1.358978967540472871e-01 2.132395102964847514e-04 -1.101763282761257417e-05 -7.953136320092193570e-07 3.73 0.00022704717395 1.6e-09
-4.708596543878960971e-05 1.037129183469505556e+00 4.271048460758497707e-04 1.080732728854809290e-04 -5.239376694362533199e-05 -2.299270845751613166e-06 3.73 0.00022704717395 1.6e-09
3.182533471646755644e-05 1.425945742614332712e+00 6.003400255080627856e-02 1.170579561059793421e-04 4.472659964956569813e-05 2.470842855591953470e-06 3.73 0.00022704717395 1.6e-09
2.888646129391096826e-06 3.592979899245370756e+00 1.497509901655446618e-01 2.196915128571943153e-04 8.426799288607964995e-06 1.032095126569347316e-07 3.73 0.00022704717395 1.6e-09
-2.320468545050224257e-05 3.357144511703567868e+00 1.068280768562432093e-01 2.071852437010563265e-04 -1.343969070740965277e-05 -9.141945997313937487e-07 3.73 0.00022704717395 1.6e-09
4.904828177265603854e-05 7.613091833288478938e-01 -1.635088241586312580e-02 1.097611525079628369e-04 -5.660463442441891248e-05 -1.447921594682513020e-06 3.73 0.00022704717395 1.6e-09
1.780744011982431077e-05 1.749796749004457919e+00 8.142943161628468651e-02 1.290151318377511219e-04 3.887718214281878613e-05 1.952106266755113761e-06 3.73 0.00022704717395 1.6e-09
6.101871033785813208e-05 3.674420516860871011e+00 1.472053890768567075e-01 2.240284852397311311e-04 6.417399271837202456e-06 -7.742805258659359639e-08 3.73 0.00022704717395 1.6e-09
5.077002520688519375e-05 3.240213821900488345e+00 8.950905549088075674e-02 2.010245954475188795e-04 -1.566802155804935853e-05 -1.025252470806568819e-06 3.73 0.00022704717395 1.6e-09
1.425078235011185295e-05 5.864505055242611453e-01 -2.245437139345490135e-02 1.191775027963140653e-04 -5.475352047636768886e-05 -2.494062769544172419e-07 3.73 0.00022704717395 1.6e-09
5.385674028882300702e-05 2.015448464709395537e+00 9.207317043046250871e-02 1.404291217575696503e-04 3.436462798463700043e-05 1.541747505365706740e-06 3.73 0.00022704717395 1.6e-09
5.088517680819508356e-05 3.715343801096311793e+00 1.400231365999393129e-01 2.262262113684874901e-04 4.566779924080104399e-06 -1.815864898806840799e-07 3.73 0.00022704717395 1.6e-09
-6.649473692043202891e-05 3.081686476278640896e+00 7.482739165173064866e-02 1.927651822137009573e-04 -1.812906404292032205e-05 -1.079196454173381321e-06 3.73 0.00022704717395 1.6e-09
-6.177574296843708218e-06 4.667613092936425123e-01 -2.124419216724574011e-02 1.338766156983789489e-04 -4.322278331501923306e-05 1.261639633571400808e-06 3.73 0.00022704717395 1.6e-09
6.074551694789870142e-05 2.284493524522988039e+00 8.977579878399716273e-02 1.529144462695109083e-04 2.993122909150669892e-05 1.056209714855208537e-06 3.73 0.00022704717395 1.6e-09
6.491143603193957456e-05 3.725058686984966450e+00 1.168681541871959273e-01 2.267724800116582731e-04 2.345842753514813101e-06 -2.583393764437290443e-07 3.73 0.00022704717395 1.6e-09
7.961374300637251759e-05 2.833945279811890039e+00 5.126849369045893140e-02 1.800558511304262935e-04 -2.166003340031288991e-05 -1.026693846685798921e-06 3.73 0.00022704717395 1.6e-09
-1.517325821160510105e-05 3.977247653006197314e-01 -1.419317591637636600e-02 1.480657609622038800e-04 -1.410625224519250712e-05 3.077042057981767011e-06 3.73 0.00022704717395 1.6e-09
-8.382966112719084822e-05 2.602675805404427223e+00 8.025494191161583468e-02 1.684263192350449233e-04 2.502988260679509083e-05 5.254887714125847900e-07 3.73 0.00022704717395 1.6e-09
-2.564900630280166901e-05 3.726879630635039575e+00 8.120737828017365878e-02 2.268811637275540416e-04 -3.604702629899142188e-07 -3.525633152500768788e-07 3.73 0.00022704717395 1.6e-09
-3.645848832319987869e-05 2.517348296875065561e+00 1.909410036106862912e-02 1.642041781342133417e-04 -2.632961256650056040e-05 -8.573642186446568149e-07 3.73 0.00022704717395 1.6e-09
-7.101055517167264414e-05 4.085902189486667613e-01 -3.946078631442797788e-03 1.453603921582270113e-04 2.397732151922485653e-05 4.037578880723753801e-06 3.73 0.00022704717395 1.6e-09
-1.776174098493827887e-05 2.910695745004971080e+00 7.797362014439648825e-02 1.839573229874496662e-04 2.067384665991578758e-05 2.211363981721757686e-07 3.73 0.00022704717395 1.6e-09
2.136981978846239289e-05 3.737218506147529595e+00 6.161316575954876862e-02 2.274083729115435656e-04 -2.862776049337799893e-06 -4.344542185823725568e-07 3.73 0.00022704717395 1.6e-09
1.979616480735447504e-05 2.240145892962811303e+00 -2.383113374540563999e-04 1.507872196398120531e-04 -3.080776142242226971e-05 -7.447048459381429252e-07 3.73 0.00022704717395 1.6e-09
-1.014751107170262724e-05 4.830334679778012230e-01 4.274679984451738857e-03 1.311558574055693275e-04 4.638770555464023342e-05 3.584756607606329689e-06 3.73 0.00022704717395 1.6e-09
-1.017122170912366342e-05 3.118040123387894269e+00 7.574428658689055793e-02 1.946375355250684364e-04 1.776813353468191834e-05 1.196513924715555334e-07 3.73 0.00022704717395 1.6e-09
-8.728635523976673841e-05 3.729492927334132624e+00 5.523821896094309458e-02 2.269704820181753506e-04 -4.716034168849861716e-06 -4.400639427613429026e-07 3.73 0.00022704717395 1.6e-09
4.003605458037715184e-05 2.014361205188113679e+00 -4.715030857743107706e-03 1.403516426318430425e-04 -3.457979269673254995e-05 -6.988653573792824042e-07 3.73 0.00022704717395 1.6e-09
-2.132917021514313662e-05 5.886325990723519919e-01 8.456437231927219425e-03 1.189232718138748474e-04 5.500362811758222666e-05 2.539591459822219372e-06 3.73 0.00022704717395 1.6e-09
3.425619118414417107e-05 3.248643993224342275e+00 6.396679305782720926e-02 2.014561115550978182e-04 1.570729696483144579e-05 7.426977911104351305e-08 3.73 0.00022704717395 1.6e-09
4.162012973367728333e-05 3.691417227780307897e+00 4.583374774766801885e-02 2.249278049725048415e-04 -6.306695680624900786e-06 -3.735391389766647670e-07 3.73 0.00022704717395 1.6e-09
-5.418731820038506238e-05 1.781916295594087707e+00 -4.964275113584390789e-03 1.303114586747935468e-04 -3.849296552617634151e-05 -5.969723662276217721e-07 3.73 0.00022704717395 1.6e-09
-7.849721473007942481e-06 7.392991097841232762e-01 9.645619336568111296e-03 1.104229722599983350e-04 5.679164928982626936e-05 1.384401454242448585e-06 3.73 0.00022704717395 1.6e-09
-5.732560076822367927e-05 3.351496383439823923e+00 4.109620964462605552e-02 2.068782635757253666e-04 1.374601451373533704e-05 1.027863341563154590e-08 3.73 0.00022704717395 1.6e-09
2.149156401195424126e-05 3.617601342504620732e+00 2.664375845417561728e-02 2.209961252357606144e-04 -8.100380149673767563e-06 -2.612607763992503634e-07 3.73 0.00022704717395 1.6e-09
5.466920850797714782e-05 1.487288456498718769e+00 -6.381337040610143667e-03 1.190822224872716033e-04 -4.374642891867673718e-05 -3.467446668097049779e-07 3.73 0.00022704717395 1.6e-09
-4.531163380738445842e-05 9.813717867723503741e-01 9.618538595247283149e-03 1.076230475313498102e-04 5.351246377557859475e-05 4.926828851779728702e-07 3.73 0.00022704717395 1.6e-09
-9.009520626032317648e-06 3.457103914580875070e+00 1.498868648725365516e-02 2.124747241793981285e-04 1.149744642996904041e-05 -8.210476699538396973e-08 3.73 0.00022704717395 1.6e-09
-3.086546768425540798e-05 3.512959652486754791e+00 2.079501713932968392e-03 2.154382373429436178e-04 -1.031246849873510582e-05 -1.507658478327405260e-07 3.73 0.00022704717395 1.6e-09
-4.306540841654868363e-05 1.141249927563391608e+00 -8.742753263458032109e-03 1.095903492100237174e-04 -5.043325197049069260e-05 9.243937397599207356e-08 3.73 0.00022704717395 1.6e-09
-4.646151680419474998e-05 1.315608868725569147e+00 1.031956436517228459e-02 1.137092442653198630e-04 4.698934780227108062e-05 1.468873762579003544e-07 3.73 0.00022704717395 1.6e-09
-8.003947167505906090e-05 3.567036651902313338e+00 3.908069197869519507e-03 2.183102064778904379e-04 9.153976208218930096e-06 -1.295388005145109155e-07 3.73 0.00022704717395 1.6e-09
-7.055188952118645479e-05 3.400552947410483640e+00 -9.252704473226422074e-03 2.094781643259979070e-04 -1.267943303211669029e-05 -1.078923139433151507e-07 3.73 0.00022704717395 1.6e-09
3.153461913709269576e-05 8.423305989044749253e-01 -8.377812263622280362e-03 1.080821197366871040e-04 -5.580861450128701839e-05 4.828663917317363243e-07 3.73 0.00022704717395 1.6e-09
-1.155503643588285528e-06 1.647659245163696218e+00 1.122071694271595949e-02 1.249638413436925121e-04 4.077345115061927448e-05 1.564343605008560001e-07 3.73 0.00022704717395 1.6e-09
-3.256787993889921970e-05 3.654479318882057015e+00 1.015967128293772739e-02 2.229653475771562290e-04 7.062572942492157737e-06 -8.391375025121587625e-08 3.73 0.00022704717395 1.6e-09
2.428423714548213190e-05 3.283501181848062167e+00 -9.766808953358234457e-04 2.032995645102456431e-04 -1.494781228711032906e-05 -1.192515535986323641e-07 3.73 0.00022704717395 1.6e-09
-1.065173069705453610e-05 6.367749040292250973e-01 -5.207663466437068185e-03 1.153960730431825908e-04 -5.621454824934406333e-05 4.336939243025588531e-07 3.73 0.00022704717395 1.6e-09
3.570118906098076778e-05 1.931958921480744218e+00 8.682201766492512324e-03 1.367318893547895902e-04 3.583351454094309057e-05 2.243963878856132804e-07 3.73 0.00022704717395 1.6e-09
-1.039321219526329764e-04 3.706234470801556657e+00 1.868903679037597215e-02 2.257369709857138520e-04 5.161055472805737403e-06 1.752683587152609844e-08 3.73 0.00022704717395 1.6e-09
1.957280081683894339e-05 3.134848641995448659e+00 1.374086642508780959e-02 1.955270991277399521e-04 -1.735693044124316409e-05 -1.181851782986441035e-07 3.73 0.00022704717395 1.6e-09
4.206908783934828274e-05 4.967805868133059466e-01 -2.067318129371024590e-03 1.292535339130600485e-04 -4.806789661351312966e-05 -1.107388536930838283e-07 3.73 0.00022704717395 1.6e-09
6.113135826740400596e-05 2.205602826569267982e+00 2.607002563859127115e-04 1.491796087952164038e-04 3.128007629307576459e-05 2.098309293243050946e-07 3.73 0.00022704717395 1.6e-09
2.792621616652604807e-06 3.727089504781885942e+00 1.729362198274507489e-02 2.268734473044543756e-04 3.030492414422009862e-06 1.170793471079564142e-07 3.73 0.00022704717395 1.6e-09
-8.356132496387772847e-05 2.915363827242142936e+00 2.140045353613563572e-02 1.842069620967581823e-04 -2.053070533767192412e-05 -6.536054401052542892e-08 3.73 0.00022704717395 1.6e-09
3.856024831146324586e-05 4.098336957074758535e-01 -1.386575920494394383e-03 1.451744392961031049e-04 -2.446986862818265952e-05 -8.830218939134676071e-07 3.73 0.00022704717395 1.6e-09
-5.742119120000403558e-05 2.510625367187466317e+00 -7.256963949542744735e-03 1.638709100719607588e-04 2.646127443948591014e-05 1.578042241670271879e-07 3.73 0.00022704717395 1.6e-09
7.250306817082886575e-05 3.729664854281926623e+00 1.040100620738632770e-02 2.270289040336939831e-04 4.413714102408337748e-07 1.582845044511867024e-07 3.73 0.00022704717395 1.6e-09
-5.575122693396849930e-05 2.615408679458107954e+00 2.002829100880414853e-02 1.690587041992774289e-04 -2.487739403294625479e-05 -1.620294551988875421e-08 3.73 0.00022704717395 1.6e-09
-2.231876616647957646e-05 3.960118492357898035e-01 -4.355016521439027989e-03 1.484462359906039519e-04 1.325232186035250403e-05 -1.317487977121243655e-06 3.73 0.00022704717395 1.6e-09
2.215752422531782300e-05 2.826391147885737531e+00 1.555289533693400084e-03 1.796662217812860281e-04 2.184870188753715048e-05 2.560105370170777359e-07 3.73 0.00022704717395 1.6e-09
-4.715346032162012345e-05 3.734496622463887139e+00 2.327858776596340371e-02 2.272733394976849059e-04 -2.181828368119383794e-06 1.496390196534550784e-07 3.73 0.00022704717395 1.6e-09
-5.334820685859334270e-05 2.314817203471052132e+00 2.617379176685077219e-02 1.543504332686158474e-04 -2.956428045085239808e-05 -1.738343366475349511e-07 3.73 0.00022704717395 1.6e-09
-4.064288111346321236e-05 4.570104216564754296e-01 -9.735178886484938121e-03 1.354532282180131780e-04 4.171744638772410091e-05 -1.151160079329826386e-06 3.73 0.00022704717395 1.6e-09
-8.058341360051756103e-05 3.067640462369529253e+00 1.787381680811400697e-02 1.920288231825561490e-04 1.847439401311936545e-05 4.312225855460203867e-07 3.73 0.00022704717395 1.6e-09
3.527941762755547512e-05 3.731008091571339946e+00 4.891239426134648405e-02 2.270594096821741399e-04 -4.279989088712065777e-06 1.558723924232656728e-07 3.73 0.00022704717395 1.6e-09
5.715286733581447491e-05 2.067780864527417162e+00 4.005690851453663076e-02 1.427754000996455676e-04 -3.365257156859250006e-05 -5.013351424228237805e-07 3.73 0.00022704717395 1.6e-09
-4.637053718769594898e-05 5.594349948338284140e-01 -1.531260203670313513e-02 1.216109627140980932e-04 5.370602773584139843e-05 -7.707181289332710599e-07 3.73 0.00022704717395 1.6e-09
2.609917245175935661e-05 3.221174359221489425e+00 2.956579136315167639e-02 2.000155906575531431e-04 1.617657913186991051e-05 5.620203051258008509e-07 3.73 0.00022704717395 1.6e-09
9.117130710522701638e-05 3.703571442488612142e+00 6.874358170622404951e-02 2.255773202244107075e-04 -5.925337886454863726e-06 1.732104633594849510e-07 3.73 0.00022704717395 1.6e-09
-3.403162551119400219e-05 1.842825750717110189e+00 4.989360026708847262e-02 1.328593100404986012e-04 -3.743357426990855542e-05 -8.475485169740770426e-07 3.73 0.00022704717395 1.6e-09
3.496144979841332495e-05 6.948589756047922616e-01 -1.940651446997262997e-02 1.121501362317955540e-04 5.687018121325927180e-05 -2.989685649777470868e-07 3.73 0.00022704717395 1.6e-09
-6.578514012995381830e-05 3.328282621775426442e+00 3.770348984092107558e-02 2.056463019535001023e-04 1.427453185626697020e-05 6.284748073749119058e-07 3.73 0.00022704717395 1.6e-09
-1.109552647307466395e-05 3.644490666965415571e+00 8.052543042189028166e-02 2.224237868001330699e-04 -7.560837796247362404e-06 1.668956880787957900e-07 3.73 0.00022704717395 1.6e-09
2.718800305116215825e-05 1.581585259301657498e+00 5.111918965955719596e-02 1.224398075038557584e-04 -4.199574001022183558e-05 -1.230831422241345085e-06 3.73 0.00022704717395 1.6e-09
4.989863158414509979e-05 8.974418860306152546e-01 -1.966475421543051327e-02 1.075891621022061456e-04 5.497504420513689389e-05 3.069527138705769430e-07 3.73 0.00022704717395 1.6e-09
-1.785803590327278385e-05 3.425185051847012829e+00 4.837619292686234224e-02 2.107793631987020392e-04 1.220322184917415449e-05 6.354701768311366950e-07 3.73 0.00022704717395 1.6e-09
7.845167514646730889e-05 3.548545115456695598e+00 8.838309719787872110e-02 2.173247480993126084e-04 -9.589788220591951629e-06 9.761899002135279959e-08 3.73 0.00022704717395 1.6e-09
4.933432537645978321e-05 1.252674363830741378e+00 4.259852567790657629e-02 1.120237148805615889e-04 -4.819015001054515504e-05 -1.776708254288430969e-06 3.73 0.00022704717395 1.6e-09
-8.594911783770961490e-06 1.202726403018698598e+00 -1.182089297515314004e-02 1.108610802851000144e-04 4.918045461907049785e-05 9.394515149276920280e-07 3.73 0.00022704717395 1.6e-09
-6.638183742680629860e-06 3.529920102959702266e+00 6.940863906888772306e-02 2.163410505903935223e-04 9.861625553335010423e-06 6.088614418837422964e-07 3.73 0.00022704717395 1.6e-09
-3.509068590206820652e-05 3.430423927887132685e+00 9.998650154342962615e-02 2.110634170175385515e-04 -1.196960396110594349e-05 -6.551117307595379081e-08 3.73 0.00022704717395 1.6e-09
6.647569494348823605e-06 9.215034244534807684e-01 2.788071206773473990e-02 1.075225166086836253e-04 -5.447598885816945730e-05 -2.594240080161224457e-06 3.73 0.00022704717395 1.6e-09
-2.342562263282150820e-05 1.554809105723899298e+00 5.671728063396943090e-03 1.214906133258568215e-04 4.241386088723105859e-05 1.401532469489428753e-06 3.73 0.00022704717395 1.6e-09
9.329132311596981036e-05 3.627984166210741712e+00 1.005685873874605368e-01 2.215558247036471858e-04 7.595434897822363969e-06 5.791421809128751508e-07 3.73 0.00022704717395 1.6e-09
9.884721455699114903e-05 3.310237273314523332e+00 1.181094525506178189e-01 2.047106674145781767e-04 -1.435640805129876374e-05 -3.023512363868561344e-07 3.73 0.00022704717395 1.6e-09
-2.776165471688856736e-05 6.823140020801725658e-01 1.329888860199379338e-02 1.128208631494088477e-04 -5.658035378333994158e-05 -3.537332656735314255e-06 3.73 0.00022704717395 1.6e-09
-2.396851255304746799e-05 1.862978634716126347e+00 2.729920945198600554e-02 1.337456463478146809e-04 3.697278531134223865e-05 1.658353814672364207e-06 3.73 0.00022704717395 1.6e-09
7.846361993169847517e-05 3.693557816274780414e+00 1.313400247620920003e-01 2.250558255897475461e-04 5.620754789925982178e-06 5.429288574234803570e-07 3.73 0.00022704717395 1.6e-09
6.912218438432653927e-05 3.174800792945078776e+00 1.348286808209882004e-01 1.976067796981660488e-04 -1.668578392817110967e-05 -5.634401447925352853e-07 3.73 0.00022704717395 1.6e-09
3.067945419738430870e-05 5.288745603607754031e-01 5.737940819726199647e-04 1.250722068520808720e-04 -5.121817255242145804e-05 -4.210130628892042024e-06 3.73 0.00022704717395 1.6e-09
7.327265834872851856e-06 2.132364401509056595e+00 4.851330252020120276e-02 1.457600720861689436e-04 3.244990101502119269e-05 1.731754692981902250e-06 3.73 0.00022704717395 1.6e-09
3.264105346090583575e-05 3.722797392266804728e+00 1.532562388007278065e-01 2.266345310435256941e-04 3.635050541269335499e-06 4.714941893951839071e-07 3.73 0.00022704717395 1.6e-09
2.129186669397746035e-06 2.984421707593970297e+00 1.408439259580087921e-01 1.877450386440008266e-04 -1.949840533717777161e-05 -8.396560982880013362e-07 3.73 0.00022704717395 1.6e-09
-3.496206359882827932e-05 4.292043301105017417e-01 -1.094792920988938920e-02 1.409105158587091065e-04 -3.319282671843375859e-05 -3.958832683000879411e-06 3.73 0.00022704717395 1.6e-09
3.107189457405733543e-05 2.417221741037178795e+00 7.059040613949243981e-02 1.593029810020977252e-04 2.782574189977258541e-05 1.629367956619945355e-06 3.73 0.00022704717395 1.6e-09
3.543686257727094000e-05 3.724726002196577124e+00 1.645546734394253974e-01 2.267617099359513276e-04 1.212998909719074256e-06 3.275534785895330868e-07 3.73 0.00022704717395 1.6e-09
4.962144334101995375e-05 2.703206970473809534e+00 1.310562779944478562e-01 1.734489104273395123e-04 -2.349576243178191155e-05 -1.166849541532437313e-06 3.73 0.00022704717395 1.6e-09
2.788710533302367792e-05 3.919405081147195880e-01 -1.941387989245432766e-02 1.494908414029934556e-04 2.107928240493841091e-06 -1.902030162809468410e-06 3.73 0.00022704717395 1.6e-09
-5.679128598340445742e-05 2.736679139980699560e+00 9.982780963015641662e-02 1.751312665865654050e-04 2.303149169974583719e-05 1.449229726569806342e-06 3.73 0.00022704717395 1.6e-09
4.734597538165284799e-05 3.725942071784435150e+00 1.754835556898899918e-01 2.268237307135293097e-04 -1.493231487500137729e-06 1.149366948253373833e-07 3.73 0.00022704717395 1.6e-09
-4.960227091584358880e-05 2.388667992139266616e+00 1.141382854652640000e-01 1.579141608095346806e-04 -2.825754753457209191e-05 -1.582357532759991402e-06 3.73 0.00022704717395 1.6e-09
6.631420927616526084e-05 4.353077813962333842e-01 -2.094552704156433381e-02 1.395470740000538169e-04 3.576238181069859115e-05 9.742015262863709919e-07 3.73 0.00022704717395 1.6e-09
6.224512134107435251e-05 3.008329958444431629e+00 1.314202643314235086e-01 1.889676484647498421e-04 1.921859702522415775e-05 1.293434256450510926e-06 3.73 0.00022704717395 1.6e-09
-4.343790210216870592e-06 3.729501075920282460e+00 1.895126124420935532e-01 2.269843705083681340e-04 -3.750247721986363831e-06 -9.653041605114537640e-08 3.73 0.00022704717395 1.6e-09
2.382954547958947796e-05 2.131878029906000727e+00 1.000488199183626054e-01 1.457196628872163828e-04 -3.247887003414260006e-05 -2.017069663107085602e-06 3.73 0.00022704717395 1.6e-09
-1.859425350898296259e-05 5.276387028480675756e-01 -1.607131021797737064e-02 1.250876027528768702e-04 5.146248832267076839e-05 2.794310755304163839e-06 3.73 0.00022704717395 1.6e-09
-5.994397651488240928e-05 3.180125709969491510e+00 1.554676449292566320e-01 1.978677233607035926e-04 1.675122611610844827e-05 1.165155678348675003e-06 3.73 0.00022704717395 1.6e-09
-2.010188085362181671e-05 3.712106749827822405e+00 1.985304876215727155e-01 2.260338215795961803e-04 -5.419385273031421100e-06 -2.756257011762377082e-07 3.73 0.00022704717395 1.6e-09
2.700877648901631070e-06 1.916467548351958872e+00 8.577653137134344519e-02 1.360198656823403463e-04 -3.610094796341919814e-05 -2.391863487053399632e-06 3.73 0.00022704717395 1.6e-09
6.405912152131415445e-06 6.462812289683343980e-01 -7.077840041481490291e-03 1.147189124580206079e-04 5.640922402873122296e-05 3.612845347402279469e-06 3.73 0.00022704717395 1.6e-09
-6.381757156323513867e-05 3.291142551770424696e+00 1.702895075534017755e-01 2.036871374741355671e-04 1.487546895795067597e-05 1.026892695429159130e-06 3.73 0.00022704717395 1.6e-09
-3.100999576095521881e-05 3.664035863775175095e+00 1.985839886969875678e-01 2.234636357431654934e-04 -6.955423028182608055e-06 -4.367292900170441946e-07 3.73 0.00022704717395 1.6e-09
-2.618265440697766411e-05 1.678378557710363150e+00 6.680955577411352986e-02 1.261318619581767390e-04 -4.018281453760505148e-05 -2.720252240235001240e-06 3.73 0.00022704717395 1.6e-09
7.923817100908586871e-06 8.185106083127509091e-01 6.842590037879570965e-03 1.084388892631693753e-04 5.600288801711055268e-05 3.737988334186363628e-06 3.73 0.00022704717395 1.6e-09
-9.219673089631406253e-05 3.385356143802304985e+00 1.756669202147266295e-01 2.086699998639346258e-04 1.291753467473629756e-05 8.341654700040106908e-07 3.73 0.00022704717395 1.6e-09
-7.126427823820015363e-05 3.577172087050104921e+00 1.865420087072620081e-01 2.188456850451116838e-04 -8.840513129415423051e-06 -5.981282919977684599e-07 3.73 0.00022704717395 1.6e-09
-1.746152589911944652e-05 1.364201378028618628e+00 4.027107867179419154e-02 1.151107429478126601e-04 -4.595266174646672915e-05 -2.999259715613178906e-06 3.73 0.00022704717395 1.6e-09
1.683488934383587111e-05 1.096099520283020379e+00 2.906061968755239283e-02 1.088431612287692283e-04 5.115670554891257757e-05 3.323694503801179780e-06 3.73 0.00022704717395 1.6e-09
-6.062190455786425490e-05 3.489930828593840850e+00 1.738519772378929740e-01 2.142197884795221554e-04 1.059506363925073226e-05 5.680058370726866519e-07 3.73 0.00022704717395 1.6e-09
6.908521796329032704e-05 3.460860910966667259e+00 1.630079843244536253e-01 2.126779848222713775e-04 -1.121665137396148511e-05 -7.699457406093290732e-07 3.73 0.00022704717395 1.6e-09
-8.583089136780844535e-06 1.011704086427295479e+00 1.089978723261292477e-02 1.078347016652435108e-04 -5.284140655812796778e-05 -3.021813739874555154e-06 3.73 0.00022704717395 1.6e-09
1.915261439031076465e-05 1.453992624442780990e+00 5.873835027712287493e-02 1.179795160660541107e-04 4.417854840603191305e-05 2.764166643019993320e-06 3.73 0.00022704717395 1.6e-09
-9.201519858144895222e-05 3.598818742590107256e+00 1.747724123940134211e-01 2.200023093428983144e-04 8.243977632044297639e-06 2.945073416014893695e-07 3.73 0.00022704717395 1.6e-09
1.007356982035447748e-04 3.345000865500045606e+00 1.405216899262506369e-01 2.065442629306794191e-04 -1.364045979854346244e-05 -9.600424471604191944e-07 3.73 0.00022704717395 1.6e-09
3.862550223405515626e-05 7.424486665616327752e-01 -9.975135268211501177e-03 1.103485330058089715e-04 -5.667795386050564991e-05 -2.480172371671975197e-06 3.73 0.00022704717395 1.6e-09
3.595484060032625925e-06 1.775687458090674742e+00 8.587730428219202128e-02 1.300769720124402831e-04 3.839770435895050387e-05 2.333845554509500769e-06 3.73 0.00022704717395 1.6e-09
1.431820166184102195e-05 3.677514400584479315e+00 1.791934801751230433e-01 2.241943784329309764e-04 6.239520636978432362e-06 8.904118623605762298e-08 3.73 0.00022704717395 1.6e-09
3.289299344370508974e-05 3.225132829581052185e+00 1.254904919917150530e-01 2.002352095632231350e-04 -1.587695240264297224e-05 -1.140678387664890363e-06 3.73 0.00022704717395 1.6e-09
7.115505058904351906e-06 5.726867791830212440e-01 -2.015870079611527255e-02 1.204209802118470633e-04 -5.413771184810754593e-05 -1.399302171620997577e-06 3.73 0.00022704717395 1.6e-09
2.773023386360584940e-05 2.040897017048598272e+00 1.032608404575805494e-01 1.415748380614833255e-04 3.391015787102036642e-05 1.947039795488344769e-06 3.73 0.00022704717395 1.6e-09
1.579529552480705263e-05 3.716196562050071428e+00 1.768506405003856252e-01 2.262731837480120656e-04 4.373265542930736597e-06 -5.904705257980449072e-08 3.73 0.00022704717395 1.6e-09
7.041754965160381362e-05 3.061644315103662528e+00 1.096176793691281126e-01 1.917265279407882276e-04 -1.840108357988569718e-05 -1.271945325106328932e-06 3.73 0.00022704717395 1.6e-09
-6.321905136776802291e-05 4.578037159316326044e-01 -2.258641731018606880e-02 1.354219064907084412e-04 -4.134965040837006568e-05 3.046357634187588909e-07 3.73 0.00022704717395 1.6e-09
-4.808525263856673507e-06 2.311284671760622800e+00 1.088525239765947006e-01 1.541924051169155899e-04 2.947345319755492380e-05 1.450795434347773412e-06 3.73 0.00022704717395 1.6e-09
-5.922686765352672898e-05 3.723905101580743171e+00 1.576663819389692023e-01 2.267122422671672994e-04 2.124806166541421867e-06 -1.950531881824646214e-07 3.73 0.00022704717395 1.6e-09
-7.618545495763266002e-05 2.807036957124454002e+00 8.240709735355358778e-02 1.786907767169192824e-04 -2.200910524338329550e-05 -1.316654834547333090e-06 3.73 0.00022704717395 1.6e-09
-2.672189074371139915e-05 3.953284202609456122e-01 -1.786089574314200790e-02 1.486563915448507083e-04 -1.070861894523085106e-05 2.737748363744989464e-06 3.73 0.00022704717395 1.6e-09
-7.872418509304215776e-05 2.630336037688111084e+00 1.079904050449515679e-01 1.698034657709392332e-04 2.458852256522966339e-05 8.811642233204908536e-07 3.73 0.00022704717395 1.6e-09
7.969875653773958110e-05 3.725474317916872113e+00 1.255379996251325125e-01 2.268052065243499841e-04 -6.066741782388702598e-07 -3.537593055985421534e-07 3.73 0.00022704717395 1.6e-09
-7.778703143008075256e-05 2.488517027497921141e+00 4.565138138311673754e-02 1.627870698795698618e-04 -2.674591059157858957e-05 -1.255675358755097130e-06 3.73 0.00022704717395 1.6e-09
5.073504981254575887e-05 4.137611917533674522e-01 -7.445148517239369781e-03 1.441664803209324300e-04 2.684545425476018852e-05 4.472483626502578167e-06 3.73 0.00022704717395 1.6e-09
2.232679718845443213e-05 2.932831654395398502e+00 1.117263229097298638e-01 1.850899210450862717e-04 2.033562378640517339e-05 5.053379989965228683e-07 3.73 0.00022704717395 1.6e-09
-1.291530522022852750e-05 3.735760719608529179e+00 1.057464030570780811e-01 2.273277794285092702e-04 -3.055760654938108713e-06 -4.930974025100959337e-07 3.73 0.00022704717395 1.6e-09
-9.625231743155695065e-06 2.216323505151144957e+00 2.041979203315585911e-02 1.496628424919298488e-04 -3.117990475628999627e-05 -1.208463141600307888e-06 3.73 0.00022704717395 1.6e-09
-5.740794816426706559e-05 4.923671407772501896e-01 3.046349832859558508e-03 1.297520878568699052e-04 4.765709663985633591e-05 4.494337399865745742e-06 3.73 0.00022704717395 1.6e-09
-3.298273286877824749e-05 3.132118135361151801e+00 1.122520065455916288e-01 1.953677923601253763e-04 1.754807127209212557e-05 3.256788829382200240e-07 3.73 0.00022704717395 1.6e-09
-1.041411522904572270e-04 3.727144074400404516e+00 9.561278493706436288e-02 2.268426275537047425e-04 -4.854316272377917299e-06 -5.504174082535090159e-07 3.73 0.00022704717395 1.6e-09
-5.604045948307652473e-05 1.995803613860532844e+00 8.748241232284788976e-03 1.395205174902826870e-04 -3.487678210081737349e-05 -1.176712042622696856e-06 3.73 0.00022704717395 1.6e-09
8.511150818327052159e-06 5.993052643989912331e-01 1.059238735304356659e-02 1.180388572304777613e-04 5.531144773197031348e-05 3.638345237171742758e-06 3.73 0.00022704717395 1.6e-09
5.271437432951539331e-06 3.257012964270391553e+00 1.016731592373766313e-01 2.018943372917717037e-04 1.555487175192714580e-05 2.105575668906579358e-07 3.73 0.00022704717395 1.6e-09
-3.726351420232783772e-05 3.687377601568953445e+00 8.142206411896583951e-02 2.247112510014916153e-04 -6.415696457875578383e-06 -5.308722439988685516e-07 3.73 0.00022704717395 1.6e-09
-2.918594498021350107e-05 1.764105681575634632e+00 1.344655162837667551e-03 1.295762794793569824e-04 -3.879733811324322893e-05 -1.063356196788645251e-06 3.73 0.00022704717395 1.6e-09
3.016715719132150408e-05 7.526424753673366386e-01 1.602393625718155634e-02 1.100008389169727588e-04 5.666278982689530025e-05 2.438037773088619876e-06 3.73 0.00022704717395 1.6e-09
3.311938652277391038e-05 3.357289608209312437e+00 7.820523071783436198e-02 2.071857480805451579e-04 1.359485524952773523e-05 8.056882851690010553e-08 3.73 0.00022704717395 1.6e-09
-8.070639273184576526e-05 3.610034126024475931e+00 5.632911118435612874e-02 2.205941521577292424e-04 -8.233359737943737614e-06 -4.567516632925970573e-07 3.73 0.00022704717395 1.6e-09
3.613489591416012357e-05 1.463069151296727544e+00 -6.646261157754371728e-03 1.182615547178252611e-04 -4.418869686497276119e-05 -7.637618790140746085e-07 3.73 0.00022704717395 1.6e-09
-4.691401876081108610e-06 1.003480352494168226e+00 2.117276210070365844e-02 1.077688580139888399e-04 5.306032584794789791e-05 1.301452602349810591e-06 3.73 0.00022704717395 1.6e-09
3.257216368266176377e-05 3.463910644183807008e+00 4.845113135079570643e-02 2.128374119500551587e-04 1.131266701847992010e-05 -8.133195033022326616e-08 3.73 0.00022704717395 1.6e-09
-1.067320171136859099e-04 3.502025670995604134e+00 2.353797550804860930e-02 2.148595546572712543e-04 -1.050273992976923524e-05 -3.676358910854397359e-07 3.73 0.00022704717395 1.6e-09
1.893100462973431515e-05 1.111612403363918089e+00 -1.402669355801093934e-02 1.090729826415216613e-04 -5.101126204604819405e-05 -1.598362421619511184e-07 3.73 0.00022704717395 1.6e-09
-4.357150788194260411e-05 1.346288390802956592e+00 2.673209862043483820e-02 1.145898908434602077e-04 4.637758855127288278e-05 6.613756285602623524e-07 3.73 0.00022704717395 1.6e-09
9.033012775769554701e-05 3.575616952187948172e+00 3.131968983837198073e-02 2.187668171932344264e-04 8.945956596156928183e-06 -1.946648129465212114e-07 3.73 0.00022704717395 1.6e-09
-2.701120136529434185e-06 3.390082419807800562e+00 2.659284142620424625e-03 2.089238781901083799e-04 -1.289118556766595867e-05 -3.271190361677431002e-07 3.73 0.00022704717395 1.6e-09
-2.906041929296638470e-05 8.200246227980516611e-01 -1.599260919664064959e-02 1.084235111017512149e-04 -5.607252111488618862e-05 5.703816894799834372e-07 3.73 0.00022704717395 1.6e-09
3.740802091998698665e-05 1.674910547110930903e+00 2.998398806281434709e-02 1.260226810776122705e-04 4.028250011184347648e-05 4.394354423834154515e-07 3.73 0.00022704717395 1.6e-09
3.971125530667488269e-05 3.661190647922844654e+00 3.005129315467957446e-02 2.233226413346757694e-04 6.894840569480226736e-06 -2.001366897530526276e-07 3.73 0.00022704717395 1.6e-09
-9.462197426089837069e-05 3.274178021751816825e+00 1.549656336844661272e-03 2.028087396137366973e-04 -1.511947834095134382e-05 -3.218557171216967434e-07 3.73 0.00022704717395 1.6e-09
3.231702985178857147e-05 6.241278180043404733e-01 -1.270587642491672470e-02 1.162394350663957206e-04 -5.595239918420401152e-05 9.945977314853385501e-07 3.73 0.00022704717395 1.6e-09
4.326693412510718346e-05 1.952134484916667523e+00 2.684525681500124494e-02 1.376169223504316187e-04 3.549123637220939266e-05 3.358386312361705522e-07 3.73 0.00022704717395 1.6e-09
-9.870982129699885422e-05 3.709166405447030357e+00 3.017348430557166214e-02 2.258942563379211341e-04 5.021218655014241910e-06 -1.318147593346129199e-07 3.73 0.00022704717395 1.6e-09
6.102406654178854910e-05 3.122731761773858583e+00 7.804846013419995850e-03 1.948964159472537034e-04 -1.754725807922461004e-05 -2.852107806906021297e-07 3.73 0.00022704717395 1.6e-09
4.662899564239617376e-05 4.890398111511607970e-01 -7.459022238079765152e-03 1.303716423443665017e-04 -4.702213375712582962e-05 9.917993042851286446e-07 3.73 0.00022704717395 1.6e-09
2.259659638753164310e-05 2.224984297416336076e+00 1.480555803546374470e-02 1.500925079800798740e-04 3.095825302752427748e-05 1.778409351373244356e-07 3.73 0.00022704717395 1.6e-09
-4.865298509720763777e-05 3.726745962088490849e+00 1.896229749942077158e-02 2.268575122397835625e-04 2.862706774460828209e-06 -4.704077537969777371e-08 3.73 0.00022704717395 1.6e-09
-3.624405633490429849e-05 2.894733251627968240e+00 7.904423178219570009e-03 1.831530738668784609e-04 -2.082022284466392265e-05 -1.671462674943250621e-07 3.73 0.00022704717395 1.6e-09
3.921713036671204848e-05 4.058908500821452048e-01 -3.064656910445501779e-03 1.460984529211673639e-04 -2.189370744540518999e-05 6.485843917735865566e-07 3.73 0.00022704717395 1.6e-09
-3.455404417153097710e-05 2.535399450000181965e+00 9.614621509647135536e-04 1.650923628158992157e-04 2.608095502709728200e-05 7.328701566940714172e-09 3.73 0.00022704717395 1.6e-09
-4.173424058607622512e-05 3.729460460346074591e+00 9.696486912982094693e-04 2.270184813486528317e-04 2.343819329856091046e-07 -4.802436524644230799e-09 3.73 0.00022704717395 1.6e-09
8.339778834210133049e-05 2.589943223830676988e+00 1.399827275873206088e-04 1.677914370530202734e-04 -2.526600318438325670e-05 -1.111758616372738681e-08 3.73 0.00022704717395 1.6e-09
-3.704167272610782490e-05 3.984155239348120547e-01 -1.857405589593660042e-03 1.478394242208566091e-04 1.618248065496675087e-05 1.267291901230127392e-07 3.73 0.00022704717395 1.6e-09
-4.776999389110365057e-05 2.849617173676431747e+00 2.412736603009538964e-03 1.808447880592015458e-04 2.153605636928486222e-05 3.775804209218577186e-08 3.73 0.00022704717395 1.6e-09
8.055467623654256730e-05 3.735932860574324277e+00 4.538649493309234242e-03 2.273472246205864304e-04 -2.370047568986612902e-06 4.971654189342453185e-09 3.73 0.00022704717395 1.6e-09
-5.346645952596193897e-05 2.295731392718332486e+00 3.033500504083255778e-03 1.534351462126502200e-04 -2.988690428929204583e-05 -4.317308357030825832e-08 3.73 0.00022704717395 1.6e-09
5.599908038509306948e-05 4.632446310984753013e-01 -4.382381772073893830e-03 1.343782267669210435e-04 4.304128264737846040e-05 -2.861735285380685879e-07 3.73 0.00022704717395 1.6e-09
-5.935565108989102344e-05 3.081319308870702933e+00 1.087168172320574638e-02 1.927365140410311419e-04 1.828517715085688922e-05 1.870844479545957453e-07 3.73 0.00022704717395 1.6e-09
-5.849375409715501083e-05 3.730605152553843507e+00 2.304077619048975484e-02 2.270362346537586223e-04 -4.397129015794023628e-06 4.605824596319041003e-08 3.73 0.00022704717395 1.6e-09
