1.213037518623357646e-05 2.622446025078618792e+00 -4.015229438514403325e-05 1.693880591641069616e-04 -2.510986860797550675e-05 -7.711193104734301523e-10 3.77 0.00022917714029 1.6e-09
1.947773562027042365e-05 3.947029216397206497e-01 -1.706851844806273446e-03 1.486355357260810530e-04 1.362188010654927166e-05 9.405781548839588684e-08 3.77 0.00022917714029 1.6e-09
2.536187872913909174e-05 2.840901727961375745e+00 3.224348630611088774e-04 1.803838783055194028e-04 2.202502946480527018e-05 2.328839542299865526e-08 3.77 0.00022917714029 1.6e-09
-8.030900301666252846e-05 3.780688626282984632e+00 2.174615253211359834e-03 2.297349506065888539e-04 -1.726553360969841631e-06 1.175724412948354008e-08 3.77 0.00022917714029 1.6e-09
-8.127319480954487156e-06 2.435019083421169128e+00 2.279690284089899190e-03 1.601241675166520124e-04 -2.805035759437190347e-05 -1.571743244712261991e-08 3.77 0.00022917714029 1.6e-09
-3.017781577766714442e-05 4.244515121323116369e-01 -3.369814024257017891e-03 1.415818721548847692e-04 3.328155246103911704e-05 -2.038228719547263772e-07 3.77 0.00022917714029 1.6e-09
-8.980744676465993767e-05 3.004680819420826765e+00 8.813627189980108995e-03 1.887505397301149650e-04 1.989542478800483216e-05 1.477219635825005103e-07 3.77 0.00022917714029 1.6e-09
-8.923527495133499684e-05 3.797980690506975954e+00 1.818291119623551694e-02 2.306366309642531140e-04 -2.907944217829473877e-06 3.461701617414415393e-08 3.77 0.00022917714029 1.6e-09
3.852270471691616462e-06 2.321790666101693379e+00 1.377277586795541686e-02 1.546130939417655588e-04 -2.998843716233734762e-05 -1.603119020104943693e-07 3.77 0.00022917714029 1.6e-09
1.375668030966282655e-05 4.552252504401070321e-01 -6.382981462952144747e-03 1.354227308675187464e-04 4.260390206011983644e-05 -3.774778293292013422e-07 3.77 0.00022917714029 1.6e-09
-4.742593837156948119e-06 3.098105767423652956e+00 1.952782162372002778e-02 1.935577671664500939e-04 1.881022170331783850e-05 3.003489974806693078e-07 3.77 0.00022917714029 1.6e-09
8.872235451005757606e-05 3.820584977717368158e+00 3.859277164679163208e-02 2.318247394745295105e-04 -3.436939881233239636e-06 6.844497889914278612e-08 3.77 0.00022917714029 1.6e-09
2.116906540703662897e-05 2.293740359885823921e+00 2.888399107491525231e-02 1.532291638882953835e-04 -3.063288849291347972e-05 -3.450119538493162115e-07 3.77 0.00022917714029 1.6e-09
-5.369144345864727006e-05 4.640544064370227262e-01 -9.539257548730906838e-03 1.336789511348619275e-04 4.497716212186874535e-05 -4.832805367344529603e-07 3.77 0.00022917714029 1.6e-09
-9.751692002462402308e-05 3.130843120411285874e+00 3.178487992997192091e-02 1.952283379115193310e-04 1.865435913386082810e-05 4.616848714579902677e-07 3.77 0.00022917714029 1.6e-09
-4.075356027941216727e-05 3.853542881600968695e+00 6.085884055377785429e-02 2.335718697853208787e-04 -3.305010596556894111e-06 1.014006063978694502e-07 3.77 0.00022917714029 1.6e-09
-1.210163126313195493e-05 2.355235346985945277e+00 4.578957130625578575e-02 1.561327170800683541e-04 -2.992096747980341900e-05 -5.212018954635531538e-07 3.77 0.00022917714029 1.6e-09
-2.092246731616455608e-05 4.438039045327523691e-01 -1.195297477343991444e-02 1.370248263071317080e-04 4.154176286139532462e-05 -5.895600607683596792e-07 3.77 0.00022917714029 1.6e-09
-8.544043426972287901e-05 3.105739445639679630e+00 4.586001873441662713e-02 1.938858178919772399e-04 1.938224165054738298e-05 6.308090254854341375e-07 3.77 0.00022917714029 1.6e-09
-4.960434062732772348e-05 3.899833078496588445e+00 8.457992188829938085e-02 2.360372720072321444e-04 -2.527435999692488792e-06 1.267007333760511312e-07 3.77 0.00022917714029 1.6e-09
7.589946731357901408e-05 2.512080089219606904e+00 6.447155061547307775e-02 1.637304538138341467e-04 -2.787023159657382019e-05 -6.573542370534762181e-07 3.77 0.00022917714029 1.6e-09
-5.475538555398953237e-05 4.047040924531293271e-01 -1.295242965335987977e-02 1.449394176052825104e-04 2.934315244423407542e-05 -8.334059742774856675e-07 3.77 0.00022917714029 1.6e-09
-1.276010108801361748e-05 3.007487412001139671e+00 5.765410554240116281e-02 1.887563526614288072e-04 2.111075391750301812e-05 7.883066499239526609e-07 3.77 0.00022917714029 1.6e-09
1.791876929767531330e-05 3.946967747160848639e+00 1.045515293381611144e-01 2.385538552559959792e-04 -1.124089217248004597e-06 1.462209561087113803e-07 3.77 0.00022917714029 1.6e-09
-8.107937273046070031e-06 2.744245048775693974e+00 8.182711833255559841e-02 1.752890133605549804e-04 -2.481075518241186888e-05 -7.096167821439956514e-07 3.77 0.00022917714029 1.6e-09
-4.114352977310485626e-05 3.783359801707943393e-01 -1.204031308269960104e-02 1.514635518832881296e-04 4.514937380913336390e-06 -1.394629905882450480e-06 3.77 0.00022917714029 1.6e-09
2.608374918212896641e-05 2.815114078222761496e+00 5.710979211521326204e-02 1.788775363671150855e-04 2.387841482540307655e-05 8.869686098147455244e-07 3.77 0.00022917714029 1.6e-09
-2.899284119563644540e-06 3.956700448777705326e+00 1.093493933930990564e-01 2.390736703582050553e-04 6.328263415117225121e-07 1.753701058457826456e-07 3.77 0.00022917714029 1.6e-09
7.107991532769313177e-05 2.964256593440804277e+00 8.977574741607463604e-02 1.865165886464078095e-04 -2.178726975368924134e-05 -6.470621683855438821e-07 3.77 0.00022917714029 1.6e-09
-6.402667926428196109e-05 3.944599153941293901e-01 -9.257856302813650962e-03 1.473923193310118160e-04 -2.350407625824129602e-05 -2.061809295023612573e-06 3.77 0.00022917714029 1.6e-09
-5.242763611580231718e-05 2.571944537249635232e+00 4.578745783886733339e-02 1.666719944645814471e-04 2.712789353126049001e-05 9.488226851685193697e-07 3.77 0.00022917714029 1.6e-09
1.384388052430052284e-06 3.919419178622613575e+00 1.033837283134967644e-01 2.370803145391000340e-04 2.254763742909193277e-06 2.345678263344264124e-07 3.77 0.00022917714029 1.6e-09
9.359099209416216962e-05 3.102042525406780271e+00 9.170295544634360363e-02 1.936762101192418507e-04 -1.959167868384442392e-05 -5.355776542178921802e-07 3.77 0.00022917714029 1.6e-09
1.389800305678887972e-06 4.392600980537554323e-01 -5.477810487588826577e-03 1.378275110144345779e-04 -4.062119632821416655e-05 -2.576600309373295241e-06 3.77 0.00022917714029 1.6e-09
-6.399745003316686422e-05 2.371298857936252169e+00 3.674094939325567299e-02 1.568780502493627741e-04 2.982644436908661072e-05 1.047100413757091192e-06 3.77 0.00022917714029 1.6e-09
6.202361583083203396e-06 3.872353662215517023e+00 1.027788843430275656e-01 2.345669177994330959e-04 3.400428440708434980e-06 3.118242272474491643e-07 3.77 0.00022917714029 1.6e-09
-4.925235761248043581e-05 3.169983900525595644e+00 9.818096846671756084e-02 1.972484641380062602e-04 -1.827047495564328226e-05 -4.733687839251204800e-07 3.77 0.00022917714029 1.6e-09
3.990279257853232396e-05 4.814999109386695064e-01 -2.067585058794323832e-03 1.307921516388503114e-04 -4.796278751515606565e-05 -3.040762553891782302e-06 3.77 0.00022917714029 1.6e-09
2.860731844571479034e-06 2.246331986952053938e+00 3.401605454723585775e-02 1.509390662028057693e-04 3.152471333987519775e-05 1.196534479288398972e-06 3.77 0.00022917714029 1.6e-09
4.347272223290255243e-05 3.836027353136213236e+00 1.107280379464270770e-01 2.326309352975133751e-04 4.032171986843632042e-06 3.848111871645816588e-07 3.77 0.00022917714029 1.6e-09
-9.007182505266755543e-06 3.193030756459111164e+00 1.098317518013083999e-01 1.984765964337848495e-04 -1.765346433915875935e-05 -4.801709250202597159e-07 3.77 0.00022917714029 1.6e-09
3.974523556468463392e-05 5.046052801861747872e-01 -1.840005813521466255e-04 1.276353370048453287e-04 -5.034771441731623724e-05 -3.494466746803883003e-06 3.77 0.00022917714029 1.6e-09
6.194549132849974009e-05 2.189476848544969378e+00 3.657944998979718865e-02 1.482960563068534579e-04 3.225046534497589575e-05 1.371945421133839741e-06 3.77 0.00022917714029 1.6e-09
1.526419073772420731e-06 3.811863745385989599e+00 1.240676451936212343e-01 2.313477504765380300e-04 4.234366240138650820e-06 4.392833745888285160e-07 3.77 0.00022917714029 1.6e-09
6.683279307384859026e-05 3.182463006434802288e+00 1.232305894627613030e-01 1.979434715373192401e-04 -1.758712560899572478e-05 -5.428021415978723304e-07 3.77 0.00022917714029 1.6e-09
6.082589149894535241e-05 5.043361617899660976e-01 -5.177577649798539676e-04 1.277926839185894307e-04 -4.997991535965513611e-05 -3.908246267442259120e-06 3.77 0.00022917714029 1.6e-09
2.805315081739164005e-05 2.190519850272100832e+00 4.313755286283725565e-02 1.483728781949680484e-04 3.209468826925192969e-05 1.536285853386494615e-06 3.77 0.00022917714029 1.6e-09
1.136479387903603281e-04 3.796089407558305151e+00 1.393705806820325632e-01 2.305166030796559841e-04 4.030927728748895307e-06 4.654643240781927900e-07 3.77 0.00022917714029 1.6e-09
2.048446560418569533e-05 3.137429184566652651e+00 1.350082651232818176e-01 1.956137806899510253e-04 -1.804408258092496980e-05 -6.503182560078809956e-07 3.77 0.00022917714029 1.6e-09
-2.281842773000505121e-05 4.816724643859543464e-01 -3.413140379652664178e-03 1.311848517029897201e-04 -4.673582579711651206e-05 -4.197155202827015167e-06 3.77 0.00022917714029 1.6e-09
7.041002488747712801e-05 2.247892249977466506e+00 5.295232139895739154e-02 1.511030560790210179e-04 3.103638276755030684e-05 1.646965286788125548e-06 3.77 0.00022917714029 1.6e-09
7.068697366318221883e-05 3.784289708408073771e+00 1.536173542357334720e-01 2.299026679020730398e-04 3.400411261256145478e-06 4.526786931240259767e-07 3.77 0.00022917714029 1.6e-09
-8.037893343570127374e-05 3.046779551922059515e+00 1.418512039103009825e-01 1.909299154431231627e-04 -1.915451730162501812e-05 -8.004627166283006262e-07 3.77 0.00022917714029 1.6e-09
9.795867835585014307e-06 4.423742138708091076e-01 -8.759121289439855684e-03 1.380562800691039838e-04 -3.838988610624322555e-05 -4.143146537862771584e-06 3.77 0.00022917714029 1.6e-09
-6.809682892086100798e-05 2.368029673601721008e+00 6.599075124836116524e-02 1.568755175066017583e-04 2.900562635751429422e-05 1.661777353512097937e-06 3.77 0.00022917714029 1.6e-09
9.779422918130142460e-05 3.772744294725218772e+00 1.642491948556775161e-01 2.293069315747223408e-04 2.230051440994315959e-06 3.864450582635092392e-07 3.77 0.00022917714029 1.6e-09
5.027518445009190764e-05 2.893390362122423287e+00 1.403620479004656363e-01 1.830613955971299115e-04 -2.117727643437008515e-05 -9.999046140493252252e-07 3.77 0.00022917714029 1.6e-09
-6.110338980487304617e-05 4.031852389493756350e-01 -1.528934524091142728e-02 1.465819783291663343e-04 -2.066083325430103653e-05 -3.289687667485720323e-06 3.77 0.00022917714029 1.6e-09
4.309548750660013167e-07 2.554773987711496552e+00 8.364966148277513946e-02 1.660287513336912565e-04 2.602976898303431080e-05 1.571440633130683646e-06 3.77 0.00022917714029 1.6e-09
3.765241968903563835e-05 3.763529546981412732e+00 1.715623292943857514e-01 2.288306465924504966e-04 5.276355013111598465e-07 2.567492545151661399e-07 3.77 0.00022917714029 1.6e-09
3.474577918376409386e-05 2.680168730466129912e+00 1.300008722730836008e-01 1.722761348074929293e-04 -2.414973988269338354e-05 -1.258410385462531205e-06 3.77 0.00022917714029 1.6e-09
4.702343847455347999e-05 3.914932941423230339e-01 -2.007765589041962673e-02 1.494716681776891282e-04 6.192523988335371459e-06 -1.331291414541321021e-06 3.77 0.00022917714029 1.6e-09
-2.433481167792832803e-05 2.778963448241081657e+00 1.071192415965226963e-01 1.772483937891044820e-04 2.276411022536792359e-05 1.435507900613006135e-06 3.77 0.00022917714029 1.6e-09
2.902038615847131199e-05 3.767992326105344070e+00 1.803724811454019972e-01 2.290626237218352308e-04 -1.323605404347268297e-06 8.666889136587921184e-08 3.77 0.00022917714029 1.6e-09
5.798879596093586901e-05 2.470000339246437804e+00 1.173743685190146990e-01 1.618451332951212037e-04 -2.734524577480635309e-05 -1.557112763592956219e-06 3.77 0.00022917714029 1.6e-09
-2.201578127574162322e-06 4.168503918561871635e-01 -2.068989066436900670e-02 1.432664345977864356e-04 2.957178826083359192e-05 8.747791606205824730e-07 3.77 0.00022917714029 1.6e-09
3.751070176337937970e-05 2.967942152061590289e+00 1.313308336496829543e-01 1.868675271449851455e-04 2.024137703631124141e-05 1.318909434618622368e-06 3.77 0.00022917714029 1.6e-09
1.630965741001628609e-05 3.785438448240879161e+00 1.910488949545774695e-01 2.299711002033980262e-04 -2.712469380776604027e-06 -7.277382851488497645e-08 3.77 0.00022917714029 1.6e-09
2.495854853997887530e-06 2.333082390234785919e+00 1.084250925638035046e-01 1.551674671668401518e-04 -2.963834749371890213e-05 -1.818217557175176436e-06 3.77 0.00022917714029 1.6e-09
-8.481593451273131167e-06 4.513932770576134512e-01 -1.833989358804966052e-02 1.361349277849103622e-04 4.146290377752077569e-05 2.401018142191765214e-06 3.77 0.00022917714029 1.6e-09
7.241229169870755768e-05 3.081085755581463914e+00 1.505807244530253941e-01 1.926799012912835387e-04 1.889366034060452039e-05 1.242173986563260835e-06 3.77 0.00022917714029 1.6e-09
1.132197972564281946e-05 3.809809440425419247e+00 2.002543416909196572e-01 2.312501613321248887e-04 -3.372986969832490444e-06 -1.926783964049822880e-07 3.77 0.00022917714029 1.6e-09
6.279972266801344999e-05 2.290970770726036054e+00 1.038546625210129554e-01 1.531044431964790719e-04 -3.052904724898693455e-05 -1.972700147147378207e-06 3.77 0.00022917714029 1.6e-09
2.998946599332618515e-05 4.648350065119338792e-01 -1.583456041740240183e-02 1.335695053248214239e-04 4.486415833859021436e-05 3.311334641816658497e-06 3.77 0.00022917714029 1.6e-09
-1.235066431896514208e-05 3.124409502244260395e+00 1.636136862025925343e-01 1.948961014502848985e-04 1.860763129823566847e-05 1.203452934532992883e-06 3.77 0.00022917714029 1.6e-09
-7.370614888080299237e-05 3.844766108923419079e+00 2.068945453173249849e-01 2.331013460909851245e-04 -3.308282365821482653e-06 -2.685353498552235549e-07 3.77 0.00022917714029 1.6e-09
2.809640780643293695e-05 2.347428255487697513e+00 1.035320926103171918e-01 1.557595318843213602e-04 -2.992205987788073239e-05 -1.999820146585892183e-06 3.77 0.00022917714029 1.6e-09
8.519130060987578244e-06 4.462287486382927604e-01 -1.505889772345005151e-02 1.365719397353345153e-04 4.189300954107535459e-05 3.852165744374319506e-06 3.77 0.00022917714029 1.6e-09
-7.125348014226473667e-05 3.104237800448618856e+00 1.698501516582950344e-01 1.938070382028135488e-04 1.930228828231960532e-05 1.196326467458193011e-06 3.77 0.00022917714029 1.6e-09
-4.330649020187728117e-05 3.894473081158371208e+00 2.099845948922637318e-01 2.357476478256768015e-04 -2.535563351210433538e-06 -3.012852515674849149e-07 3.77 0.00022917714029 1.6e-09
6.263090937757621358e-05 2.508025896688035772e+00 1.067715378462741477e-01 1.635299310971699723e-04 -2.784736280899747124e-05 -1.897945005521497815e-06 3.77 0.00022917714029 1.6e-09
2.232650396458415120e-05 4.057819207487028956e-01 -1.655914386781640046e-02 1.446616979256298624e-04 2.964164758551788718e-05 3.957811910560192693e-06 3.77 0.00022917714029 1.6e-09
7.806070223423177768e-05 3.006051906274503693e+00 1.648661313657361904e-01 1.886783873328122660e-04 2.107165949030794010e-05 1.200582951827023996e-06 3.77 0.00022917714029 1.6e-09
-9.988393956296095404e-05 3.946628469939509110e+00 2.039490431885188637e-01 2.385321936292494741e-04 -1.070859610450403850e-06 -2.921969186860489089e-07 3.77 0.00022917714029 1.6e-09
-3.862541918749180998e-05 2.752379976998415856e+00 1.086866255404764503e-01 1.756960588636456537e-04 -2.466470358238812406e-05 -1.671385811891934466e-06 3.77 0.00022917714029 1.6e-09
5.599619644929380044e-05 3.783994504662104852e-01 -1.923118187048821273e-02 1.513962833371281316e-04 3.623854214484824163e-06 3.177373382175260079e-06 3.77 0.00022917714029 1.6e-09
2.632609101421865482e-05 2.804994662413059281e+00 1.421676035898056800e-01 1.783579036540428433e-04 2.398552156478417466e-05 1.184585605212002222e-06 3.77 0.00022917714029 1.6e-09
-3.199887368412895081e-06 3.957264729244327928e+00 1.807039169838652315e-01 2.391008175945566298e-04 7.539361152560417834e-07 -2.458807555835621459e-07 3.77 0.00022917714029 1.6e-09
-1.793201285067646617e-05 2.981190486111431781e+00 1.003199184399816146e-01 1.873859433126478114e-04 -2.154168779251165757e-05 -1.364908202112552627e-06 3.77 0.00022917714029 1.6e-09
-3.546831725194894767e-05 3.977272699341255491e-01 -2.043428677531654303e-02 1.465520235858863794e-04 -2.544088680519322697e-05 1.772532460271941179e-06 3.77 0.00022917714029 1.6e-09
6.305898495392465975e-05 2.549911177701523535e+00 1.120780325321911741e-01 1.655806370497385602e-04 2.738704719280706632e-05 1.168767106211745995e-06 3.77 0.00022917714029 1.6e-09
-2.426883563679696709e-05 3.915627981261158741e+00 1.515806117382875184e-01 2.368756644735416713e-04 2.418679431757488704e-06 -1.752953218217242468e-07 3.77 0.00022917714029 1.6e-09
-9.006913398610798304e-05 3.116766984954316477e+00 8.737746200500612348e-02 1.944435256692126756e-04 -1.934635269629741391e-05 -1.090606966365779163e-06 3.77 0.00022917714029 1.6e-09
4.921428427451913319e-05 4.457364031327830101e-01 -1.925280383026093875e-02 1.365953817536037340e-04 -4.209672088540264634e-05 6.959291968683647380e-07 3.77 0.00022917714029 1.6e-09
-1.662700715867056309e-05 2.347528124337085131e+00 8.985185142570925598e-02 1.557373005680413251e-04 3.011672701849355124e-05 1.167669619034923877e-06 3.77 0.00022917714029 1.6e-09
7.292235538115109268e-05 3.865652118552499239e+00 1.316763682496682186e-01 2.342087556165030338e-04 3.532999287393340448e-06 -1.077916498977499058e-07 3.77 0.00022917714029 1.6e-09
-1.126176115918223208e-05 3.176891681065791673e+00 7.956409980455661501e-02 1.976124639817953177e-04 -1.812572991750272840e-05 -9.143110823045635541e-07 3.77 0.00022917714029 1.6e-09
-4.272062701737004985e-05 4.863794654684711061e-01 -1.708577181244780308e-02 1.300834990781010248e-04 -4.854695963849841185e-05 7.794815938406274962e-08 3.77 0.00022917714029 1.6e-09
2.120359847222705408e-05 2.231669146381978663e+00 7.632219816101912246e-02 1.502564818215322497e-04 3.168066150128393368e-05 1.162365129775657833e-06 3.77 0.00022917714029 1.6e-09
4.279253970863671581e-05 3.828711734172883574e+00 1.203896704464131606e-01 2.322427243715232304e-04 4.078455466798304860e-06 -5.532830847833304106e-08 3.77 0.00022917714029 1.6e-09
4.338601742149590787e-05 3.187821341512703910e+00 7.615332580681397068e-02 1.982103729635027614e-04 -1.767099624113557875e-05 -8.144989952895891842e-07 3.77 0.00022917714029 1.6e-09
9.607019015219132223e-06 5.019878380577562638e-01 -1.501441900799208203e-02 1.280287573752493502e-04 -5.001419068304423698e-05 -2.424605452897542286e-07 3.77 0.00022917714029 1.6e-09
-4.031272696074756994e-05 2.193627543162643967e+00 6.789696456238179800e-02 1.485039771971088734e-04 3.211452748502433973e-05 1.130945833025069817e-06 3.77 0.00022917714029 1.6e-09
2.740469843276553122e-05 3.804905854095790296e+00 1.130982856382903579e-01 2.309826408194921073e-04 4.115019507311064508e-06 -1.714570805420893042e-08 3.77 0.00022917714029 1.6e-09
-5.019093546257401316e-05 3.157809213813642213e+00 7.410126927018290122e-02 1.966675322782549798e-04 -1.786299773457686199e-05 -7.569145436787559111e-07 3.77 0.00022917714029 1.6e-09
-4.548229976506603024e-06 4.894095785654283270e-01 -1.332959157081612528e-02 1.299609492214793410e-04 -4.811234682185559352e-05 -3.670305944749159771e-07 3.77 0.00022917714029 1.6e-09
-2.476255905299782175e-05 2.225341646992527345e+00 6.151881362781255747e-02 1.500285008135897032e-04 3.145911062322822725e-05 1.049984759124048810e-06 3.77 0.00022917714029 1.6e-09
5.639676378382299223e-05 3.789399918166764358e+00 1.056665156976293873e-01 2.301710537397985159e-04 3.648133856039381370e-06 7.941551528418255031e-09 3.77 0.00022917714029 1.6e-09
4.856730998008115189e-05 3.080754911747010993e+00 7.059469037785431889e-02 1.926831310848440681e-04 -1.877390028076999541e-05 -7.163390079291901323e-07 3.77 0.00022917714029 1.6e-09
5.538888925764476692e-05 4.536328181120474756e-01 -1.193147923847054717e-02 1.359221448099661193e-04 -4.150906857024699956e-05 -2.988783072322373625e-07 3.77 0.00022917714029 1.6e-09
-4.177999008578063501e-05 2.327922140114633720e+00 5.502156085547506986e-02 1.549398048734630055e-04 2.969707589811394229e-05 8.949381312917450818e-07 3.77 0.00022917714029 1.6e-09
-1.729032067487782482e-05 3.777548002048444875e+00 9.422853155177475515e-02 2.295593184976257362e-04 2.622206166308850012e-06 1.434948030507409220e-08 3.77 0.00022917714029 1.6e-09
6.366506229283513691e-05 2.942355948361264240e+00 6.247401188772037234e-02 1.855655142018555769e-04 -2.057315256691818277e-05 -6.724337418170266047e-07 3.77 0.00022917714029 1.6e-09
2.337179409624460212e-06 4.110797692209631204e-01 -1.056072212136599520e-02 1.447092956683317501e-04 -2.625929209378566234e-05 3.863692811390714517e-08 3.77 0.00022917714029 1.6e-09
7.560390871387944064e-05 2.502740609279581196e+00 4.883696756466745365e-02 1.634594414193735147e-04 2.688712311150338164e-05 6.777588141576182082e-07 3.77 0.00022917714029 1.6e-09
-5.535036586559628627e-06 3.769112949936427981e+00 7.828891337182766752e-02 2.291271409425669201e-04 1.017659332255273159e-06 -1.104949164415697542e-08 3.77 0.00022917714029 1.6e-09
-7.971913311186832989e-05 2.741447115485179609e+00 4.853523171727414098e-02 1.753571856235473033e-04 -2.334286947409170462e-05 -6.202062722138987907e-07 3.77 0.00022917714029 1.6e-09
-4.677888820655919685e-05 3.899690997444629215e-01 -8.985126012585911010e-03 1.498856364735367630e-04 -9.268916953233513514e-07 6.451821559976209458e-07 3.77 0.00022917714029 1.6e-09
-5.408831287342402868e-05 2.724360005290423103e+00 4.850689559788884386e-02 1.744917964433936918e-04 2.362495570055227542e-05 5.009610091745968512e-07 3.77 0.00022917714029 1.6e-09
1.032279104417937934e-05 3.772508744593547458e+00 6.753990115418379014e-02 2.293073386407936212e-04 -8.341387865868320164e-07 -6.711692642613608280e-08 3.77 0.00022917714029 1.6e-09
-5.821638732297295630e-06 2.529008161649206166e+00 3.574110202877395920e-02 1.647480138598740661e-04 -2.652879283501879520e-05 -6.099452295785506447e-07 3.77 0.00022917714029 1.6e-09
-5.139960848604944348e-05 4.061755533547314889e-01 -7.424958867232267501e-03 1.457450670096111520e-04 2.401219482236736528e-05 1.211940373341120511e-06 3.77 0.00022917714029 1.6e-09
3.317828575123505177e-05 2.924360643723653119e+00 5.571567499802118628e-02 1.846346191045253034e-04 2.091246154481223889e-05 4.403556635839846927e-07 3.77 0.00022917714029 1.6e-09
8.901477566025046474e-05 3.788739313252563079e+00 6.960165307295743120e-02 2.301540003956519551e-04 -2.342317378603212546e-06 -1.180791409050650800e-07 3.77 0.00022917714029 1.6e-09
3.573523655053023108e-05 2.376467127608368202e+00 3.197692179515122801e-02 1.572637176672140832e-04 -2.903492465035808476e-05 -6.842859233120108618e-07 3.77 0.00022917714029 1.6e-09
1.820705455742340206e-05 4.389938811992267764e-01 -6.564814388994099498e-03 1.385192893837985874e-04 3.835595279620398958e-05 1.512494703369023747e-06 3.77 0.00022917714029 1.6e-09
-8.860220154169758642e-05 3.053383908197614627e+00 6.464800801034238653e-02 1.912504093051689818e-04 1.933196489293630076e-05 4.564602980432638702e-07 3.77 0.00022917714029 1.6e-09
-5.002533999715927480e-05 3.811017925056251698e+00 7.846492317109039771e-02 2.313218262401899711e-04 -3.158215501601241249e-06 -1.409661002118934298e-07 3.77 0.00022917714029 1.6e-09
3.446219429853931732e-05 2.312194677193450509e+00 3.524603989182523850e-02 1.541284866846562383e-04 -3.024967299716622982e-05 -7.898872688630575701e-07 3.77 0.00022917714029 1.6e-09
-4.160283009188688247e-05 4.579268499471900178e-01 -6.772774786315072584e-03 1.348093191594234479e-04 4.356087486182573445e-05 1.643330699621598814e-06 3.77 0.00022917714029 1.6e-09
3.560619005167193444e-05 3.112129210852418115e+00 7.267702050324401086e-02 1.942668293240636731e-04 1.878699794925659672e-05 5.089075757416713264e-07 3.77 0.00022917714029 1.6e-09
-7.861095379329801204e-05 3.841514565655990143e+00 8.920138340250749476e-02 2.329341801882993293e-04 -3.283252188087309792e-06 -1.419072425096269870e-07 3.77 0.00022917714029 1.6e-09
-6.252573431364363864e-05 2.340899976570118390e+00 4.223092946306186701e-02 1.554596283985780632e-04 -3.004178003502157963e-05 -8.762944694448095375e-07 3.77 0.00022917714029 1.6e-09
3.394330905209462897e-05 4.483272961735910167e-01 -7.881600668815148120e-03 1.362800607961058507e-04 4.229199334582376752e-05 1.731703712279108150e-06 3.77 0.00022917714029 1.6e-09
-1.514319120053820428e-06 3.109098062533866447e+00 7.996835300243732014e-02 1.940727674104880695e-04 1.919814725046757503e-05 5.813814318916794566e-07 3.77 0.00022917714029 1.6e-09
-8.699201682689639947e-05 3.885026738863454732e+00 1.004000986065576306e-01 2.352484207519048558e-04 -2.727543635425212797e-06 -1.326551229613527075e-07 3.77 0.00022917714029 1.6e-09
3.094331094301123954e-05 2.467596005244793389e+00 5.148980889279810430e-02 1.615599562446836724e-04 -2.842678044620369098e-05 -9.202981702045035397e-07 3.77 0.00022917714029 1.6e-09
-6.576168715153036094e-05 4.140982937113131812e-01 -9.436357785154701056e-03 1.428803407630036850e-04 3.319248913787155384e-05 1.770338752472954169e-06 3.77 0.00022917714029 1.6e-09
-3.871459008112268616e-05 3.036402389348690889e+00 8.398715353755112356e-02 1.902606840026945564e-04 2.061701964951225137e-05 6.495674184736364355e-07 3.77 0.00022917714029 1.6e-09
-3.333111192654475012e-05 3.935950443294085055e+00 1.078076648056633668e-01 2.379654216948541958e-04 -1.496577689517853133e-06 -1.196588721306854165e-07 3.77 0.00022917714029 1.6e-09
-7.082438708781272913e-05 2.684416383405563877e+00 5.978426601606581098e-02 1.722819738860452800e-04 -2.559030479001116922e-05 -8.908615433501978940e-07 3.77 0.00022917714029 1.6e-09
9.121064471150053775e-06 3.814204580701094915e-01 -1.076112586174542834e-02 1.506397990633232865e-04 1.162564327493525670e-05 1.519060545647147694e-06 3.77 0.00022917714029 1.6e-09
6.427971920374679507e-05 2.870351654362481408e+00 7.593827212067350008e-02 1.816934004548862347e-04 2.312655223761728041e-05 6.588782924420332286e-07 3.77 0.00022917714029 1.6e-09
9.747791136868042190e-05 3.961026162960731511e+00 1.003958282310347949e-01 2.393050129964902095e-04 2.086383969688571952e-07 -9.676694824573916595e-08 3.77 0.00022917714029 1.6e-09
8.883598810882426726e-05 2.920733110153903134e+00 5.892968106901241843e-02 1.842741502500099210e-04 -2.243788972975858348e-05 -7.512087366746331903e-07 3.77 0.00022917714029 1.6e-09
-7.211399781762513513e-05 3.867014486100894266e-01 -1.084126598083298351e-02 1.492971811603033424e-04 -1.765274140244505867e-05 8.259876234831970452e-07 3.77 0.00022917714029 1.6e-09
2.849651141583671465e-06 2.628269173722638907e+00 5.499116172571207051e-02 1.694671073114250139e-04 2.639849111745835370e-05 6.083224288072651773e-07 3.77 0.00022917714029 1.6e-09
-8.761948759725580061e-05 3.933106414202009571e+00 7.928503138459416788e-02 2.378115790087760280e-04 1.942091612779397439e-06 -4.197994714348281756e-08 3.77 0.00022917714029 1.6e-09
-8.722500391210018266e-05 3.083246644053414975e+00 5.019063744083505224e-02 1.926908256172247874e-04 -1.996095426639373722e-05 -5.453147722846095320e-07 3.77 0.00022917714029 1.6e-09
-2.807009993666055076e-05 4.292010110119954813e-01 -8.880543729809358203e-03 1.397430133068554617e-04 -3.816994296118040501e-05 4.831550480663821868e-08 3.77 0.00022917714029 1.6e-09
5.313404578217879859e-06 2.406417027377805162e+00 3.583521905877646435e-02 1.585691988725911169e-04 2.937331723282302326e-05 5.830303797680174244e-07 3.77 0.00022917714029 1.6e-09
-2.929103421682593424e-05 3.884293145094860122e+00 6.371565979675197777e-02 2.352037669260386983e-04 3.241036805601143909e-06 4.325394652145641911e-08 3.77 0.00022917714029 1.6e-09
1.171803633386676782e-05 3.166890373282557292e+00 4.727051028000082977e-02 1.970786190182888297e-04 -1.842975817432138911e-05 -3.843816496706249467e-07 3.77 0.00022917714029 1.6e-09
-2.568741659125110255e-05 4.761550700794248137e-01 -5.569868556632025583e-03 1.315696852312536833e-04 -4.740309514134167048e-05 -6.716326796325598803e-07 3.77 0.00022917714029 1.6e-09
-2.527275934909739642e-05 2.259740124387371818e+00 2.421421156430645510e-02 1.515653370164903339e-04 3.138027859637174913e-05 6.215517590556931891e-07 3.77 0.00022917714029 1.6e-09
-2.020259678908534071e-05 3.843805353388258794e+00 5.981602887901339705e-02 2.330448003499085399e-04 4.006939055561621409e-06 1.392709321364854049e-07 3.77 0.00022917714029 1.6e-09
6.248029115784651502e-05 3.199295625748940886e+00 5.315652165102281029e-02 1.987983049600166880e-04 -1.765678892655725952e-05 -2.999955227663531069e-07 3.77 0.00022917714029 1.6e-09
4.299645398971374869e-05 5.054010034675033847e-01 -2.245615516013548148e-03 1.274913648838855063e-04 -5.062457488349612184e-05 -1.352807636041692394e-06 3.77 0.00022917714029 1.6e-09
-2.999240208789831638e-05 2.186784533388228979e+00 1.858291482893004165e-02 1.481625561710753626e-04 3.235361621001192438e-05 7.134081754138583171e-07 3.77 0.00022917714029 1.6e-09
-6.720530695342316011e-05 3.816731536276046111e+00 6.432493211671788669e-02 2.316057257478731641e-04 4.309446882140376446e-06 2.322961872678613262e-07 3.77 0.00022917714029 1.6e-09
3.776565506918769097e-05 3.195957964633926451e+00 6.438842485522974779e-02 1.986446944605374065e-04 -1.746704698053599860e-05 -2.761770187470600948e-07 3.77 0.00022917714029 1.6e-09
-2.723915385254370951e-05 5.104727106265076753e-01 3.077849510459947167e-05 1.269582789825791035e-04 -5.077529066175756232e-05 -2.022512268407579276e-06 3.77 0.00022917714029 1.6e-09
-1.794936714185208355e-05 2.175513531852779625e+00 1.699153821525124786e-02 1.476653370463020041e-04 3.239507540229250715e-05 8.315163194896462533e-07 3.77 0.00022917714029 1.6e-09
9.299993044585321271e-05 3.799813182764167685e+00 7.334245369003636328e-02 2.307127796538341650e-04 4.191850826300172989e-06 3.129961895496107246e-07 3.77 0.00022917714029 1.6e-09
-9.401061599112098851e-05 3.159323211570968404e+00 7.734583987126961158e-02 1.967512629479272943e-04 -1.779918541086629363e-05 -2.967397102885932332e-07 3.77 0.00022917714029 1.6e-09
5.769313528712245189e-05 4.918696755770977092e-01 4.652579463617119307e-04 1.296298788456902071e-04 -4.835302983784848976e-05 -2.680363710226873182e-06 3.77 0.00022917714029 1.6e-09
-6.833710046183757232e-05 2.220798060404568730e+00 1.829850494562312857e-02 1.498154224348216892e-04 3.154730784753250811e-05 9.417985144635048317e-07 3.77 0.00022917714029 1.6e-09
-6.988039696654810859e-05 3.788544716166941662e+00 8.359600205385576965e-02 2.301257073965379631e-04 3.675217478784139124e-06 3.709356838582611848e-07 3.77 0.00022917714029 1.6e-09
-3.329614946753126201e-05 3.081577987497159388e+00 8.866806530468751557e-02 1.927272270043751631e-04 -1.874808303100300620e-05 -3.539031385342050057e-07 3.77 0.00022917714029 1.6e-09
-5.571471944654316156e-05 4.548074065519881470e-01 -1.551456269077922589e-03 1.357354607365426143e-04 -4.164710583001005506e-05 -3.247919780168951764e-06 3.77 0.00022917714029 1.6e-09
-5.835312640860446521e-06 2.325956405296964569e+00 2.237799677488656880e-02 1.548435296223116590e-04 2.974616417489678403e-05 1.009412973767887428e-06 3.77 0.00022917714029 1.6e-09
-1.142383100168878254e-04 3.778665414915143295e+00 9.250627732739705178e-02 2.296176487291651616e-04 2.654578167496186037e-06 3.903316720093057212e-07 3.77 0.00022917714029 1.6e-09
5.760814927003027731e-05 2.947410119387156247e+00 9.491714741089707363e-02 1.858232894820141512e-04 -2.050384657177596154e-05 -4.507975937457334617e-07 3.77 0.00022917714029 1.6e-09
-4.628929293279924350e-05 4.127125211179490938e-01 -6.155389036642566411e-03 1.443403277165409876e-04 -2.698300111569800402e-05 -3.452261380616479527e-06 3.77 0.00022917714029 1.6e-09
-6.502489886647164457e-05 2.495585398775977737e+00 3.135186734650974305e-02 1.631045745065203890e-04 2.700951969369717301e-05 1.025276335824575747e-06 3.77 0.00022917714029 1.6e-09
9.649743171803513541e-05 3.769214557360473172e+00 1.006225724410417244e-01 2.291313746792506098e-04 1.075127064756898064e-06 3.523761382366998127e-07 3.77 0.00022917714029 1.6e-09
-2.632871296632280323e-06 2.750081029659727783e+00 9.461205957143101197e-02 1.757909208974492757e-04 -2.320818500637465963e-05 -6.110862623155836123e-07 3.77 0.00022917714029 1.6e-09
6.298992051191008032e-05 3.904665113429622858e-01 -1.216246351022986019e-02 1.497609281990339397e-04 -2.267597968270572330e-06 -2.822200929569134713e-06 3.77 0.00022917714029 1.6e-09
-1.639377031404680636e-05 2.713427046341192472e+00 4.948699935949250894e-02 1.739443278756248033e-04 2.374524394781098445e-05 1.035578153512163696e-06 3.77 0.00022917714029 1.6e-09
-2.185343685354982393e-05 3.768711326520159055e+00 1.144995449838494966e-01 2.291057071485905617e-04 -7.781756498259582283e-07 2.595002072943953245e-07 3.77 0.00022917714029 1.6e-09
4.381744520799802181e-05 2.531627940610711391e+00 9.267490495235464198e-02 1.648799034305291626e-04 -2.643534989260382958e-05 -8.730914826392888732e-07 3.77 0.00022917714029 1.6e-09
4.130296976250076265e-05 4.059322401952565329e-01 -1.698456367151078561e-02 1.458217961127502931e-04 2.342443905269068626e-05 -1.410721265503069654e-06 3.77 0.00022917714029 1.6e-09
3.331721911200995515e-05 2.918572846272535770e+00 7.446707597862846362e-02 1.843423914326486009e-04 2.092624726518382510e-05 1.070541723918567427e-06 3.77 0.00022917714029 1.6e-09
-8.324070852314545041e-05 3.782086772443257860e+00 1.357446962872563279e-01 2.298005222681589522e-04 -2.350646360164299431e-06 1.526763812000507219e-07 3.77 0.00022917714029 1.6e-09
-2.569752764785365086e-05 2.367339330439359735e+00 9.459524066864344327e-02 1.568299119383612908e-04 -2.908399848903835412e-05 -1.199360673016738926e-06 3.77 0.00022917714029 1.6e-09
1.616763873712817072e-05 4.413712206710254105e-01 -1.916391907661694344e-02 1.380751227784334791e-04 3.878727562868278705e-05 -4.711628757250578255e-08 3.77 0.00022917714029 1.6e-09
-8.408942521651557704e-06 3.055488544501283599e+00 9.845376968003760609e-02 1.913637295135413221e-04 1.921305865604775896e-05 1.116124009024171728e-06 3.77 0.00022917714029 1.6e-09
3.906304830042252172e-05 3.802919398548081364e+00 1.574145749886362022e-01 2.308895253744540018e-04 -3.261509253996800685e-06 6.373233828583402065e-08 3.77 0.00022917714029 1.6e-09
3.315566151636244348e-05 2.292607961512499237e+00 9.949307837733628590e-02 1.531988942813970419e-04 -3.045336808606558931e-05 -1.480855554834947063e-06 3.77 0.00022917714029 1.6e-09
5.717027359492371757e-05 4.641411798020458335e-01 -1.957350822939885743e-02 1.337677675624378390e-04 4.455060272883438392e-05 8.811793333773326596e-07 3.77 0.00022917714029 1.6e-09
-5.685700541723012199e-05 3.120274915054548792e+00 1.185089647620504172e-01 1.946930741775343551e-04 1.858282693568823901e-05 1.172197526460834310e-06 3.77 0.00022917714029 1.6e-09
9.706913370493503780e-05 3.832311472253634665e+00 1.766930074635131853e-01 2.324412037246343364e-04 -3.451479798949193269e-06 5.148459226213819626e-11 3.77 0.00022917714029 1.6e-09
-2.564502755443871383e-05 2.313355119280035233e+00 1.068950947432145138e-01 1.541426345087069851e-04 -3.035925244439028047e-05 -1.657483921177587259e-06 3.77 0.00022917714029 1.6e-09
6.339084964342022344e-05 4.567746507284999868e-01 -1.965275733131471858e-02 1.347833046172286855e-04 4.387843835607247182e-05 1.418789458318220068e-06 3.77 0.00022917714029 1.6e-09
-1.749768150523959632e-05 3.122344104644831919e+00 1.343250402946789546e-01 1.947645571592676638e-04 1.891118954428271383e-05 1.247257038436719297e-06 3.77 0.00022917714029 1.6e-09
2.829081184012390991e-05 3.875358771296122828e+00 1.936851051601610196e-01 2.347292917258610872e-04 -2.936271804919177655e-06 -3.529476245615782425e-08 3.77 0.00022917714029 1.6e-09
5.880218015020352194e-05 2.434489753572702142e+00 1.176647456133612657e-01 1.599448087619505026e-04 -2.881108934457513330e-05 -1.710139644718743632e-06 3.77 0.00022917714029 1.6e-09
-3.482196860354197510e-05 4.216629179062023058e-01 -2.021450967495484752e-02 1.412440711047902736e-04 3.574042063410248689e-05 1.520003541520895497e-06 3.77 0.00022917714029 1.6e-09
6.028199223891002833e-06 3.055589509109027269e+00 1.434651036930149060e-01 1.912564782591268000e-04 2.025370730532419792e-05 1.343428330031678804e-06 3.77 0.00022917714029 1.6e-09
-2.867138561782656722e-05 3.928122022305816863e+00 2.061620127174579875e-01 2.375436919522012653e-04 -1.723002992023713651e-06 -3.689878157785687951e-08 3.77 0.00022917714029 1.6e-09
-7.472310150639653223e-06 2.651066337797104211e+00 1.306729191841569659e-01 1.706089257898363840e-04 -2.597254806339993540e-05 -1.631679385150372544e-06 3.77 0.00022917714029 1.6e-09
2.068508257512987933e-05 3.843943477497236971e-01 -2.091289623013778756e-02 1.498271845370195091e-04 1.513893568657472972e-05 8.724814510930980901e-07 3.77 0.00022917714029 1.6e-09
-2.427836377606875051e-05 2.895241973620964249e+00 1.388893986186536256e-01 1.829652786791485179e-04 2.271905980507026273e-05 1.441947335432918525e-06 3.77 0.00022917714029 1.6e-09
3.557236756753418038e-05 3.957962139159456605e+00 2.061377346612154327e-01 2.391380657370796928e-04 -2.840432617849187274e-09 -3.279679829154413231e-09 3.77 0.00022917714029 1.6e-09
7.339504213252396215e-05 2.895253797867783252e+00 1.383101034580234978e-01 1.829650777594025350e-04 -2.272566232928049156e-05 -1.445691840248587257e-06 3.77 0.00022917714029 1.6e-09
1.137768280419286201e-05 3.842621306902088696e-01 -2.030978989432478260e-02 1.498958695814820580e-04 -1.471430965536691166e-05 -4.526492152601097672e-07 3.77 0.00022917714029 1.6e-09
2.829266246618155069e-05 2.652300638859950599e+00 1.204463473811610841e-01 1.706673166180448765e-04 2.599285031657613441e-05 1.536755399795665630e-06 3.77 0.00022917714029 1.6e-09
-9.424061710432043559e-05 3.932272000351957786e+00 1.930207198585313921e-01 2.377647869627798089e-04 1.761942756047200387e-06 5.717719033898069034e-08 3.77 0.00022917714029 1.6e-09
-3.445472706154643157e-05 3.064719173118702678e+00 1.365869021116064841e-01 1.917262494984131409e-04 -2.017160042022499351e-05 -1.238987564779744131e-06 3.77 0.00022917714029 1.6e-09
1.821377646452349618e-05 4.238114513989182930e-01 -1.805748743004803245e-02 1.408302091304789306e-04 -3.637260408651478883e-05 -1.491278791182073390e-06 3.77 0.00022917714029 1.6e-09
7.630866784508182358e-06 2.426319788447776737e+00 1.033235964467297402e-01 1.595366169906048458e-04 2.900351076834447591e-05 1.643891392291820802e-06 3.77 0.00022917714029 1.6e-09
3.534796725790027269e-05 3.882647297436856881e+00 1.819222165843270567e-01 2.351147744656329809e-04 3.081708902589280787e-06 1.173618406906302501e-07 3.77 0.00022917714029 1.6e-09
6.033779425484494662e-05 3.149987577143196660e+00 1.343448965800125849e-01 1.961957126889676026e-04 -1.861087548015463939e-05 -1.106039204471719207e-06 3.77 0.00022917714029 1.6e-09
-4.106717185589338565e-05 4.687765930526454627e-01 -1.574093819419166915e-02 1.327473475550387935e-04 -4.612196486631260780e-05 -2.009790681450737765e-06 3.77 0.00022917714029 1.6e-09
-4.124066602507370672e-05 2.278930988173047734e+00 9.427405434215557767e-02 1.524783115913206429e-04 3.099751944947762815e-05 1.745184138529043957e-06 3.77 0.00022917714029 1.6e-09
9.256298073906141341e-05 3.841018219489618524e+00 1.778299105669515767e-01 2.328962164284079789e-04 3.837048125421441076e-06 1.537614628367103995e-07 3.77 0.00022917714029 1.6e-09
-8.778077539976641161e-05 3.179815458188133714e+00 1.342094475799139874e-01 1.977822538472501300e-04 -1.785036978137969076e-05 -1.057394211683619642e-06 3.77 0.00022917714029 1.6e-09
5.061317983829484804e-06 4.950968329080775443e-01 -1.466865478702835540e-02 1.289225058895297131e-04 -4.934660416267565612e-05 -2.193649327244423162e-06 3.77 0.00022917714029 1.6e-09
-6.077101632155690379e-06 2.210296346976652337e+00 9.156845731141949329e-02 1.492696479247923201e-04 3.187778894578366894e-05 1.808942435898265354e-06 3.77 0.00022917714029 1.6e-09
-9.377519155940081770e-05 3.812862758541031738e+00 1.774373685528394251e-01 2.314011430291772631e-04 4.098141031416025383e-06 1.608015589247805109e-07 3.77 0.00022917714029 1.6e-09
3.577517317533362670e-05 3.168959560370506079e+00 1.337253245500312770e-01 1.972380867665304274e-04 -1.776260696031746946e-05 -1.064775944065865640e-06 3.77 0.00022917714029 1.6e-09
4.247218459547839133e-05 4.952926411856183320e-01 -1.510157458970820543e-02 1.290399277105130200e-04 -4.898811995001132145e-05 -2.127727041705493022e-06 3.77 0.00022917714029 1.6e-09
-6.502355223709717390e-05 2.210086515606821678e+00 9.251416449847699175e-02 1.492927982819563593e-04 3.172552558945678891e-05 1.803701501261044573e-06 3.77 0.00022917714029 1.6e-09
-9.733264182885545347e-05 3.794444188745286439e+00 1.768748429263938271e-01 2.304309993427815966e-04 3.876290608869389825e-06 1.392922035260435875e-07 3.77 0.00022917714029 1.6e-09
1.537095510641440523e-05 3.116499692289214529e+00 1.302411280421427731e-01 1.945277068403156650e-04 -1.830673791492516887e-05 -1.104515624482646680e-06 3.77 0.00022917714029 1.6e-09
-6.948535950028059463e-06 4.702578252391254043e-01 -1.657434366395395958e-02 1.330038933290126517e-04 -4.491802462338809199e-05 -1.764336226434061507e-06 3.77 0.00022917714029 1.6e-09
1.842499762300488499e-05 2.276838849545321786e+00 9.487058896124445084e-02 1.524842417896718743e-04 3.050920936531181235e-05 1.694359493643417821e-06 3.77 0.00022917714029 1.6e-09
-6.955734262977151757e-05 3.780764780241506084e+00 1.723987775628066932e-01 2.297197956327477557e-04 3.131430873938583941e-06 8.803280255700853653e-08 3.77 0.00022917714029 1.6e-09
-6.131045250985290608e-05 3.009361207871275923e+00 1.209083104144718646e-01 1.890028084534407121e-04 -1.964172550721955497e-05 -1.159531894443831231e-06 3.77 0.00022917714029 1.6e-09
-5.081750907149983038e-05 4.290863450804152102e-01 -1.798372462579105047e-02 1.407312249958773487e-04 -3.421168390464552277e-05 -9.158165667968250047e-07 3.77 0.00022917714029 1.6e-09
5.151893872514057911e-06 2.416461909628869531e+00 9.699371043101606693e-02 1.592322581801542672e-04 2.818983602261393741e-05 1.453782982953884515e-06 3.77 0.00022917714029 1.6e-09
2.734831669546126075e-05 3.768859280027096137e+00 1.605344343320104783e-01 2.291062519327697830e-04 1.776931179743435741e-06 6.789575210711976689e-10 3.77 0.00022917714029 1.6e-09
2.043832199511006929e-05 2.833239996427685981e+00 1.028673475954343663e-01 1.800010863600510548e-04 -2.200656207996536145e-05 -1.211207703677020342e-06 3.77 0.00022917714029 1.6e-09
-5.884634637775278631e-05 3.950835195868478422e-01 -1.756708939005014597e-02 1.485842319486294376e-04 -1.278167402535278590e-05 6.012239779866704647e-07 3.77 0.00022917714029 1.6e-09
2.113811255789429296e-05 2.623590234568222712e+00 1.000137468542274255e-01 1.694482846826914503e-04 2.500626074035555994e-05 1.127147345492701154e-06 3.77 0.00022917714029 1.6e-09
2.054161479047803283e-05 3.764732438235748102e+00 1.434595754235969134e-01 2.288960586734599964e-04 -4.929797071388495918e-08 -1.238046375357113039e-07 3.77 0.00022917714029 1.6e-09
5.656312624406671451e-05 2.612103531673696466e+00 7.842815803699224042e-02 1.688744702930291934e-04 -2.519584357067357892e-05 -1.246579578634735667e-06 3.77 0.00022917714029 1.6e-09
3.668437617333644794e-05 3.959614502030490701e-01 -1.411041738798356204e-02 1.482988736677124980e-04 1.464856575774009081e-05 2.328434103415838285e-06 3.77 0.00022917714029 1.6e-09
2.489287243941595650e-05 2.846089178592827285e+00 1.069327338973402042e-01 1.806480062952985880e-04 2.189267332257264430e-05 8.518204006092670225e-07 3.77 0.00022917714029 1.6e-09
-1.075567406745810329e-04 3.777305723796754222e+00 1.314947658681157039e-01 2.295531630679120000e-04 -1.786754683826671998e-06 -2.540182309001147873e-07 3.77 0.00022917714029 1.6e-09
-9.767535251583550800e-06 2.425236526861096920e+00 5.814508221983241687e-02 1.596478297773147690e-04 -2.815413487862168749e-05 -1.282929412417334826e-06 3.77 0.00022917714029 1.6e-09
3.448478862804870565e-05 4.268284692867900798e-01 -9.103604153781391650e-03 1.410544917518142042e-04 3.403334158949592413e-05 3.404823605569220506e-06 3.77 0.00022917714029 1.6e-09
-1.925099691952837443e-05 3.009791665932243454e+00 1.144649937345771917e-01 1.890101910782253803e-04 1.980453590226527788e-05 6.888191091955975302e-07 3.77 0.00022917714029 1.6e-09
9.741190087697900585e-05 3.799328876658023546e+00 1.268020765334042510e-01 2.307051486597853224e-04 -2.924752789980630465e-06 -3.462167629486921403e-07 3.77 0.00022917714029 1.6e-09
-7.364429431607976925e-05 2.325037347771696794e+00 4.695782509475441430e-02 1.547633855692081618e-04 -2.992751426763515650e-05 -1.313176733621815322e-06 3.77 0.00022917714029 1.6e-09
3.724016845010471124e-05 4.542094449100230746e-01 -5.242459820313416681e-03 1.355530556252669062e-04 4.238081979409814279e-05 3.865886843846834251e-06 3.77 0.00022917714029 1.6e-09
-6.072489289892868072e-05 3.095794780425810799e+00 1.188231876449964003e-01 1.934289099876562376e-04 1.888316799112796162e-05 6.058924298036420479e-07 3.77 0.00022917714029 1.6e-09
-1.433197196022058272e-05 3.828135475458184889e+00 1.248186710740471494e-01 2.322240699551536265e-04 -3.299499647702718453e-06 -3.921187911029629975e-07 3.77 0.00022917714029 1.6e-09
2.090929751771986457e-06 2.321258371203223980e+00 4.235688606501146480e-02 1.545326705914313735e-04 -3.024246498548048459e-05 -1.305657990902502085e-06 3.77 0.00022917714029 1.6e-09
3.094423180155189169e-05 4.549915715982552067e-01 -3.837047904208856341e-03 1.351689873301421677e-04 4.330351468442301250e-05 4.122678714965442233e-06 3.77 0.00022917714029 1.6e-09
4.196385415697264113e-05 3.114904495607862422e+00 1.198550532237172839e-01 1.943867100669870391e-04 1.896784283699249631e-05 5.686880644157261632e-07 3.77 0.00022917714029 1.6e-09
-2.809491978417222628e-05 3.869023703768209810e+00 1.230752968611518450e-01 2.343953645040413518e-04 -2.965717000597536514e-06 -4.054300565368759942e-07 3.77 0.00022917714029 1.6e-09
-7.716565121889414189e-05 2.417888390197300730e+00 4.160455501362216035e-02 1.591496567464324957e-04 -2.905674558702140735e-05 -1.248964055903622769e-06 3.77 0.00022917714029 1.6e-09
6.766107707166765296e-05 4.265346042558605388e-01 -4.917024930019943743e-03 1.403157777331793588e-04 3.704101572079289927e-05 4.388137667452039374e-06 3.77 0.00022917714029 1.6e-09
-3.849047119923949053e-05 3.066643081046052544e+00 1.164488516231734216e-01 1.918376798870579888e-04 2.007964521151731329e-05 5.439146969922172989e-07 3.77 0.00022917714029 1.6e-09
7.435725322904695024e-05 3.922324581835102464e+00 1.179685434873673777e-01 2.372370486414130601e-04 -1.919278958529055611e-06 -4.009243182148909479e-07 3.77 0.00022917714029 1.6e-09
5.266639764770508791e-05 2.616310047082716306e+00 4.098529586665800029e-02 1.688797791247768009e-04 -2.649274097987818020e-05 -1.129133314094446137e-06 3.77 0.00022917714029 1.6e-09
-5.126583440978190148e-05 3.884715533114952990e-01 -7.897806313149128427e-03 1.488065654084141237e-04 1.917096205412579764e-05 4.503053522257929040e-06 3.77 0.00022917714029 1.6e-09
-6.716688695311304690e-05 2.928203674070747109e+00 1.012153082484283373e-01 1.846560882710727178e-04 2.233439622308741417e-05 4.689637242944145650e-07 3.77 0.00022917714029 1.6e-09
-1.127592493041759995e-04 3.962937961702910350e+00 9.885885763091709078e-02 2.394065156100344907e-04 -2.461319647494237540e-07 -3.836556582699324675e-07 3.77 0.00022917714029 1.6e-09
-4.392797169938630647e-05 2.868221381865814656e+00 3.186254256965695419e-02 1.815813414095348883e-04 -2.318720607564161794e-05 -9.101447852687670638e-07 3.77 0.00022917714029 1.6e-09
-6.551054583541518440e-05 3.810241803555537432e-01 -1.125526818631074691e-02 1.507221208392758665e-04 -1.065023284791936315e-05 3.959180293052980764e-06 3.77 0.00022917714029 1.6e-09
-6.799467089444263422e-05 2.691104128636232495e+00 7.034586830065642227e-02 1.726034491857048134e-04 2.560454240406173971e-05 3.126987680674610046e-07 3.77 0.00022917714029 1.6e-09
-6.133438649980815706e-05 3.948410927006479554e+00 6.227509622128752503e-02 2.386286242408826243e-04 1.587897020006718521e-06 -3.353742063001779701e-07 3.77 0.00022917714029 1.6e-09
-1.129200859886891065e-05 3.062986457260565842e+00 1.200066037744710115e-02 1.916263380468211921e-04 -2.037561245185656774e-05 -6.084171404196530433e-07 3.77 0.00022917714029 1.6e-09
-6.222128573544311817e-05 4.200349017387386974e-01 -1.226668084764784630e-02 1.415595913056086753e-04 -3.540138068309491248e-05 2.921334874164079142e-06 3.77 0.00022917714029 1.6e-09
7.873401440264016790e-06 2.442837886940239400e+00 4.022423547392463272e-02 1.603283828861402742e-04 2.892249026920174019e-05 1.659394607431710003e-07 3.77 0.00022917714029 1.6e-09
9.160899891644858929e-05 3.898011288479961145e+00 3.044284454162048820e-02 2.359344932369894813e-04 3.085052085089327301e-06 -2.466053505050852462e-07 3.77 0.00022917714029 1.6e-09
-8.112653295556446881e-05 3.168443449216989727e+00 -1.734400427947381182e-03 1.971493295584675711e-04 -1.852467670174215496e-05 -3.459742817119891463e-07 3.77 0.00022917714029 1.6e-09
-4.419529346292415400e-05 4.739181878242652024e-01 -1.011628632665278506e-02 1.318491227979249497e-04 -4.720645246742824534e-05 1.881500080740292799e-06 3.77 0.00022917714029 1.6e-09
-1.556636703851714307e-05 2.265898682612589532e+00 1.967199673741601429e-02 1.518458833110089795e-04 3.134933427565851877e-05 9.253508140470440501e-08 3.77 0.00022917714029 1.6e-09
-4.479057449440589420e-05 3.851659466710358082e+00 1.407386475807680982e-02 2.334607254751702851e-04 4.047354092321653465e-06 -1.337787811907805090e-07 3.77 0.00022917714029 1.6e-09
-6.199153413807731135e-05 3.214562931755150288e+00 -2.671396606455823854e-03 1.995898426096362152e-04 -1.751893586638600517e-05 -1.727720722045043823e-07 3.77 0.00022917714029 1.6e-09
4.326199273634360830e-05 5.132754431102743986e-01 -6.088566528348670487e-03 1.264064579992188410e-04 -5.153097534944318155e-05 9.514895478715864240e-07 3.77 0.00022917714029 1.6e-09
-6.076219096145027811e-05 2.168502436212167872e+00 6.479464905695244380e-03 1.472991984811227459e-04 3.269512695736353808e-05 9.727729912451829430e-08 3.77 0.00022917714029 1.6e-09
-6.410483732751257806e-05 3.820194756287412119e+00 9.734334847816663097e-03 2.317859088400536750e-04 4.505056676397157061e-06 -9.720414983595948298e-09 3.77 0.00022917714029 1.6e-09
1.422680805970837493e-05 3.223261128118212415e+00 5.656505870475460850e-03 2.000666355862998911e-04 -1.714073234613153096e-05 -6.906433864381565875e-08 3.77 0.00022917714029 1.6e-09
-1.007261713965833724e-05 5.281084757330591906e-01 -1.613040427924192655e-03 1.247171158123044541e-04 -5.249109325237303681e-05 6.480428497130411590e-08 3.77 0.00022917714029 1.6e-09
9.159520137670447567e-06 2.136000962769747602e+00 -2.251450713275834556e-03 1.458203686145687289e-04 3.307502451367710331e-05 1.645620485776207282e-07 3.77 0.00022917714029 1.6e-09
-6.991725488844056935e-05 3.801211372663520827e+00 1.287324161171090123e-02 2.307806874115693268e-04 4.555436999574630222e-06 1.177459868514224207e-07 3.77 0.00022917714029 1.6e-09
-6.635588339457707755e-05 3.201988088010534916e+00 1.930507442274033425e-02 1.989716120738374582e-04 -1.725514503132111671e-05 -1.252014900180285020e-08 3.77 0.00022917714029 1.6e-09
-6.216262506894707429e-05 5.182117434395039357e-01 2.156591760197446896e-03 1.260390395950129142e-04 -5.136792671207005581e-05 -8.580208421966396384e-07 3.77 0.00022917714029 1.6e-09
-8.745443743419144213e-06 2.158091951608941184e+00 -8.214297187714407131e-03 1.468703368397473194e-04 3.260827375282899588e-05 2.701616203085184421e-07 3.77 0.00022917714029 1.6e-09
2.433202345862890280e-05 3.790256286094192628e+00 1.999884253197053291e-02 2.302077785510687070e-04 4.225124344119516990e-06 2.402374022522874778e-07 3.77 0.00022917714029 1.6e-09
9.381343528575442634e-05 3.148194586799431871e+00 3.502035451098739482e-02 1.961800043529611428e-04 -1.788705893202242257e-05 1.002393374884014109e-08 3.77 0.00022917714029 1.6e-09
-5.203079403329582183e-05 4.871339822797283725e-01 4.119871450225413151e-03 1.303999242110388183e-04 -4.755921591719424954e-05 -1.860655126162526023e-06 3.77 0.00022917714029 1.6e-09
-6.424652092986926307e-05 2.233216492451175927e+00 -1.210377622856871963e-02 1.504143966654212399e-04 3.129845028490944056e-05 3.839700126185871095e-07 3.77 0.00022917714029 1.6e-09
3.011808586395148626e-05 3.782937066878385490e+00 2.818486212117346512e-02 2.298332662161870410e-04 3.487359071525528178e-06 3.443922672599565755e-07 3.77 0.00022917714029 1.6e-09
-6.062633482561678873e-05 3.051146435561015835e+00 4.945165553279408377e-02 1.911600006655339047e-04 -1.912255072527743841e-05 3.091996647287185743e-09 3.77 0.00022917714029 1.6e-09
5.128663645515477680e-05 4.429415916667416298e-01 3.150980031616891670e-03 1.379775303913216393e-04 -3.861037815422901806e-05 -2.894007501459822581e-06 3.77 0.00022917714029 1.6e-09
-7.564769505730103733e-05 2.365962062726298498e+00 -1.292070718385355567e-02 1.567773544563417804e-04 2.909096034530570039e-05 4.835787613670016398e-07 3.77 0.00022917714029 1.6e-09
-4.871283923055350377e-05 3.775429567000797793e+00 3.606911321634000828e-02 2.294519773877902588e-04 2.260173388968340350e-06 4.090250704224923188e-07 3.77 0.00022917714029 1.6e-09
-7.902553020294508898e-05 2.895690363194413752e+00 5.955058790567756277e-02 1.831813772911919478e-04 -2.120173487475714570e-05 -4.580684328549845101e-08 3.77 0.00022917714029 1.6e-09
-3.405038170934102961e-05 4.028288941139336887e-01 -1.465406637730789661e-03 1.466902600055389563e-04 -2.054512500988705230e-05 -3.662256500586820861e-06 3.77 0.00022917714029 1.6e-09
-7.381159938728412478e-05 2.557137157526244930e+00 -5.904645729402708404e-03 1.661435893803741475e-04 2.607615652251547115e-05 5.889999835785272464e-07 3.77 0.00022917714029 1.6e-09
-9.139494251036761651e-05 3.768623256176777847e+00 4.807000589720796663e-02 2.291030297819034839e-04 5.452671006660952486e-07 4.125868038367501929e-07 3.77 0.00022917714029 1.6e-09
-7.669766786604450583e-05 2.684396346668174616e+00 6.609426965586145952e-02 1.724880482447722918e-04 -2.416758693049620322e-05 -1.899451915735208759e-07 3.77 0.00022917714029 1.6e-09
-7.277838757009313865e-06 3.912830706965119143e-01 -8.904887040516267643e-03 1.495429921097285843e-04 6.027673680728234178e-06 -3.594697367481254421e-06 3.77 0.00022917714029 1.6e-09
-4.901996061492725669e-05 2.779686361689218899e+00 1.421283519850256513e-02 1.772850661320093002e-04 2.282600561083363065e-05 7.465554722278347322e-07 3.77 0.00022917714029 1.6e-09
-1.028369307637788920e-04 3.771901928603476506e+00 7.274511056797221265e-02 2.292726520382100831e-04 -1.307698295505485598e-06 3.645004962800219596e-07 3.77 0.00022917714029 1.6e-09
5.140318760135478192e-05 2.472442522888443239e+00 7.545463655185187524e-02 1.619649966673742921e-04 -2.738043912833873196e-05 -4.947392320311131233e-07 3.77 0.00022917714029 1.6e-09
6.314901719989687650e-05 4.166687254535388352e-01 -1.626726149888891443e-02 1.433312595800525623e-04 2.941038311246038043e-05 -2.646068429717032549e-06 3.77 0.00022917714029 1.6e-09
5.534020823197054802e-05 2.969567267533278265e+00 4.172270415786983461e-02 1.869539521674216606e-04 2.026450216832270679e-05 9.220847515340507639e-07 3.77 0.00022917714029 1.6e-09
4.999368966556916094e-05 3.786414903533608545e+00 1.055641997003643473e-01 2.300255747692657861e-04 -2.749262379253049071e-06 3.044283697793016449e-07 3.77 0.00022917714029 1.6e-09
-7.004575438709310172e-05 2.327041039684121237e+00 8.877558128737733645e-02 1.548822105241412636e-04 -2.976742841600311747e-05 -8.891564450465385023e-07 3.77 0.00022917714029 1.6e-09
-2.790831799697526670e-05 4.533704390632237180e-01 -2.121637068826521394e-02 1.358019245795539869e-04 4.181421565398942697e-05 -1.567122178630447873e-06 3.77 0.00022917714029 1.6e-09
-4.691263341510229804e-05 3.087397648930508609e+00 6.854013761917271408e-02 1.930108799314295023e-04 1.883185641620972826e-05 1.075775256964942010e-06 3.77 0.00022917714029 1.6e-09
-1.608384442043961333e-05 3.807376485226175333e+00 1.371794784659895461e-01 2.311226417035421379e-04 -3.484012270038074822e-06 2.507998465092477153e-07 3.77 0.00022917714029 1.6e-09
3.080007191779089221e-05 2.272058218060085899e+00 1.028422854064368064e-01 1.522110048924059757e-04 -3.082569376951028236e-05 -1.240161262390491805e-06 3.77 0.00022917714029 1.6e-09
-9.413398763635717932e-06 4.711726349473631115e-01 -2.373763719599772393e-02 1.325573114102589602e-04 4.585748343335919921e-05 -7.861051236677881032e-07 3.77 0.00022917714029 1.6e-09
-3.727403282564603968e-05 3.137378583854408376e+00 9.284955771868810825e-02 1.955771160726498654e-04 1.840999615088398532e-05 1.218549442548789950e-06 3.77 0.00022917714029 1.6e-09
-5.588361175725729889e-05 3.837932392246024449e+00 1.661075965740812233e-01 2.327381353379392537e-04 -3.526105753705706784e-06 2.080323972385193465e-07 3.77 0.00022917714029 1.6e-09
7.175316064244138163e-05 2.311400713736926349e+00 1.181440374988575598e-01 1.540385833167804623e-04 -3.043896141300570727e-05 -1.485751311351547807e-06 3.77 0.00022917714029 1.6e-09
3.286921524964239662e-05 4.571625981670462968e-01 -2.480087667690546865e-02 1.346627664478062560e-04 4.403578000599311188e-05 -3.987169809297522424e-07 3.77 0.00022917714029 1.6e-09
-3.458007850870987277e-05 3.127125157917024723e+00 1.143524823079068720e-01 1.950065336648719601e-04 1.891902198178563370e-05 1.372566998956553597e-06 3.77 0.00022917714029 1.6e-09
-1.173979649482302347e-04 3.882780987494110825e+00 1.933304953429197393e-01 2.351237808969858603e-04 -2.881923625713563353e-06 1.845980997026932505e-07 3.77 0.00022917714029 1.6e-09
-4.220234096954619037e-05 2.450790835424544234e+00 1.368554683987003306e-01 1.607328828734536173e-04 -2.860136314860632230e-05 -1.601071978496873343e-06 3.77 0.00022917714029 1.6e-09
-3.297164657806499427e-06 4.175526684264896926e-01 -2.502759644295015490e-02 1.420749019341028792e-04 3.433996007218257274e-05 -5.855067504824103266e-07 3.77 0.00022917714029 1.6e-09
-1.886013431044329322e-05 3.046341468730068058e+00 1.300712686305122157e-01 1.907706475498095549e-04 2.044192020961000501e-05 1.552561725249183260e-06 3.77 0.00022917714029 1.6e-09
-5.190613811248472677e-05 3.934803549118877086e+00 2.169820868844208606e-01 2.378995623867864121e-04 -1.561745759761892888e-06 1.926777240096328073e-07 3.77 0.00022917714029 1.6e-09
3.119574784306307195e-06 2.680355968062375638e+00 1.586930800451131496e-01 1.720714137801619757e-04 -2.558018942495990524e-05 -1.578249969106107269e-06 3.77 0.00022917714029 1.6e-09
-5.934620861295251878e-05 3.819049975412035502e-01 -2.396343517573512605e-02 1.504600395296676720e-04 1.162351122630675768e-05 -1.647316326150093626e-06 3.77 0.00022917714029 1.6e-09
-3.563943861250401209e-05 2.869008751692081916e+00 1.326530556611688338e-01 1.816213756175293233e-04 2.307569843201487836e-05 1.751977837423839495e-06 3.77 0.00022917714029 1.6e-09
1.152365262728883113e-04 3.956671167543405865e+00 2.293171040464324906e-01 2.390678724859313282e-04 2.065985457820993484e-07 2.352874905099241957e-07 3.77 0.00022917714029 1.6e-09
1.884519222698260901e-05 2.920373179392761642e+00 1.758162718751745679e-01 1.842537347011102247e-04 -2.233655021591586293e-05 -1.457017617854201855e-06 3.77 0.00022917714029 1.6e-09
7.161888187419446921e-05 3.881342418955361362e-01 -2.083483569491963519e-02 1.489063671487391729e-04 -1.835746202449919917e-05 -3.099477505907712442e-06 3.77 0.00022917714029 1.6e-09
5.600787305057364272e-05 2.619520162184387324e+00 1.225655888182499154e-01 1.690325183388279723e-04 2.639601490126378548e-05 1.966545727608483166e-06 3.77 0.00022917714029 1.6e-09
-5.430455898202752918e-05 3.923873741786092051e+00 2.299003631900979894e-01 2.373144952964526401e-04 1.951146118906267283e-06 2.975267403606032316e-07 3.77 0.00022917714029 1.6e-09
-2.006467061767023766e-05 3.077780805346315596e+00 1.835780359780775084e-01 1.924080792651550187e-04 -1.989590041725586376e-05 -1.332766512375201121e-06 3.77 0.00022917714029 1.6e-09
3.229039405380041772e-05 4.308983490155511298e-01 -1.697289752386119815e-02 1.394070214243937282e-04 -3.830468417047477484e-05 -3.915796368039474500e-06 3.77 0.00022917714029 1.6e-09
-3.672785112213334570e-05 2.400732601345267891e+00 1.140540646530779079e-01 1.582959982477087526e-04 2.931468708540332018e-05 2.192784161054765370e-06 3.77 0.00022917714029 1.6e-09
2.695352262481663067e-06 3.874015300746110668e+00 2.314541729964838535e-01 2.346519345208931246e-04 3.218612840791702610e-06 3.449150035429012936e-07 3.77 0.00022917714029 1.6e-09
-7.121947341042983242e-05 3.156617408412524028e+00 1.887026326264086284e-01 1.965452743004450790e-04 -1.840839191003937125e-05 -1.285219289316042794e-06 3.77 0.00022917714029 1.6e-09
3.145346117605445600e-05 4.758882555882451015e-01 -1.462593151960697030e-02 1.316219244949492963e-04 -4.708281375340026996e-05 -4.156508252783071590e-06 3.77 0.00022917714029 1.6e-09
2.772522611811475453e-05 2.260367902557469222e+00 1.128564053263493572e-01 1.515985333957254504e-04 3.120869224072753915e-05 2.396149581287707011e-06 3.77 0.00022917714029 1.6e-09
9.686777810817875283e-05 3.834326355438054890e+00 2.372498024435424346e-01 2.325364087457647310e-04 3.942771085096168527e-06 3.534469331062017025e-07 3.77 0.00022917714029 1.6e-09
-1.395504057837254185e-05 3.186271948407349619e+00 1.926090180955440379e-01 1.981195923725750561e-04 -1.767663996569916588e-05 -1.315741912852068084e-06 3.77 0.00022917714029 1.6e-09
6.323938900432431284e-05 5.028348685268750895e-01 -1.483947986698893814e-02 1.278461444564661935e-04 -5.011485876244500690e-05 -4.072453582853252649e-06 3.77 0.00022917714029 1.6e-09
3.127465680517235562e-05 2.192133720219747062e+00 1.175047769495352890e-01 1.484157645115301131e-04 3.209364899301455438e-05 2.537107781707216590e-06 3.77 0.00022917714029 1.6e-09
-2.183501798468830677e-05 3.807852921209728514e+00 2.441717422922019265e-01 2.311297731897872087e-04 4.223644072334453806e-06 3.188408101130173182e-07 3.77 0.00022917714029 1.6e-09
7.491399604674579382e-05 3.181019066963706621e+00 1.931223885276724950e-01 1.978651673642448084e-04 -1.752416855351548184e-05 -1.396777308755583849e-06 3.77 0.00022917714029 1.6e-09
1.124597666861471134e-05 5.060923611061591831e-01 -1.744831712053466696e-02 1.275400897807524552e-04 -5.012798088407495548e-05 -3.715621820442777585e-06 3.77 0.00022917714029 1.6e-09
6.085626597553850408e-05 2.184137185903049616e+00 1.257341465754808207e-01 1.480721077785961213e-04 3.206498089633156998e-05 2.580740717237624843e-06 3.77 0.00022917714029 1.6e-09
-1.131836111107351940e-04 3.790630709073562254e+00 2.489564866266965049e-01 2.302212243577619866e-04 4.094836772198494695e-06 2.437818870032885450e-07 3.77 0.00022917714029 1.6e-09
-4.317185355977893886e-05 3.140834139670681147e+00 1.881685855418184228e-01 1.957892771844412037e-04 -1.790560083721282349e-05 -1.507778094786930176e-06 3.77 0.00022917714029 1.6e-09
-1.629036087953138865e-05 4.856120415504097676e-01 -2.156624561800802448e-02 1.305680596266500944e-04 -4.728235370977225215e-05 -2.994265335226831614e-06 3.77 0.00022917714029 1.6e-09
-2.503066696538287862e-05 2.234373254323700486e+00 1.355812350134001365e-01 1.504623460268037242e-04 3.112269568301537692e-05 2.489096281730266891e-06 3.77 0.00022917714029 1.6e-09
-7.914997375211645341e-05 3.777879690601858798e+00 2.484897187477234093e-01 2.295573852491724861e-04 3.506123778284524136e-06 1.303700864178046820e-07 3.77 0.00022917714029 1.6e-09
-7.685527945038684401e-05 3.053516141958355412e+00 1.755357025768388146e-01 1.912776013394407583e-04 -1.897529492034708237e-05 -1.636205446908189953e-06 3.77 0.00022917714029 1.6e-09
3.433646346676170460e-05 4.461420888872175139e-01 -2.551157203649179195e-02 1.373295090820322254e-04 -3.929631649375798412e-05 -1.655585952284370081e-06 3.77 0.00022917714029 1.6e-09
-4.958388131687042389e-05 2.351380889592676660e+00 1.448725686786042910e-01 1.560759342770874831e-04 2.913220299000557727e-05 2.217838389977309571e-06 3.77 0.00022917714029 1.6e-09
-9.508786657299793616e-05 3.765674238801563156e+00 2.387082588682455375e-01 2.289284705955876864e-04 2.347488176587332500e-06 -2.271143479089842946e-08 3.77 0.00022917714029 1.6e-09
3.632708640309372482e-05 2.898995249299955557e+00 1.521687203466102756e-01 1.833497995056123991e-04 -2.101766055729303309e-05 -1.764649612634819838e-06 3.77 0.00022917714029 1.6e-09
3.700452545910319028e-05 4.047197732308399076e-01 -2.641319211891184765e-02 1.462159122730137453e-04 -2.140641662777159366e-05 6.440946347118188748e-07 3.77 0.00022917714029 1.6e-09
-2.763558303993775625e-06 2.542382134690948980e+00 1.517716797194944012e-01 1.654207686258206227e-04 2.610734151569599155e-05 1.761523994304952186e-06 3.77 0.00022917714029 1.6e-09
3.673748225576354588e-05 3.756945063587565414e+00 2.168168901291892270e-01 2.284805111170079648e-04 5.854955103446270674e-07 -2.144387341988456099e-07 3.77 0.00022917714029 1.6e-09
-7.848969808431259184e-05 2.679017382022846228e+00 1.172026984559728091e-01 1.722236650989930726e-04 -2.410207247767404343e-05 -1.850214407091407502e-06 3.77 0.00022917714029 1.6e-09
-6.613037933304105815e-05 3.921316777375430940e-01 -2.134668108454980742e-02 1.493231465725903618e-04 6.498536152245483251e-06 3.536602727091451172e-06 3.77 0.00022917714029 1.6e-09
5.120290575203873516e-05 2.776486169924509362e+00 1.576331413617894639e-01 1.771258612422205885e-04 2.273902623456567441e-05 1.256221093508351167e-06 3.77 0.00022917714029 1.6e-09
-6.863937657223821340e-05 3.764891084690129563e+00 1.901615620205286405e-01 2.288979858570584108e-04 -1.320611562467936913e-06 -4.181913598014047855e-07 3.77 0.00022917714029 1.6e-09
-7.217068098432257014e-05 2.464606872767181045e+00 8.007404773743895254e-02 1.615853735676645736e-04 -2.741458728813798729e-05 -1.853041696379356133e-06 3.77 0.00022917714029 1.6e-09
-9.040565531846350136e-06 4.188298041717679610e-01 -1.163687173074262268e-02 1.428413141430211089e-04 3.018210130854858292e-05 5.504276048421099369e-06 3.77 0.00022917714029 1.6e-09
4.976865521469273193e-05 2.971033939910060262e+00 1.622280847841208185e-01 1.870257150964798123e-04 2.019718749007517214e-05 8.775591754316145350e-07 3.77 0.00022917714029 1.6e-09
-3.707731525159376190e-05 3.786631306581680789e+00 1.690837789944096836e-01 2.300343149781355337e-04 -2.722214782802350693e-06 -5.785514935748867325e-07 3.77 0.00022917714029 1.6e-09
3.818372135266280705e-05 2.330921372372481315e+00 5.259843254519909472e-02 1.550619429188375312e-04 -2.972419780859536552e-05 -1.791514190477515815e-06 3.77 0.00022917714029 1.6e-09
-2.801366859191389949e-05 4.531450647357312400e-01 -2.621637018523406779e-03 1.358184563064453805e-04 4.163260302284274388e-05 6.249659837769442570e-06 3.77 0.00022917714029 1.6e-09
-7.599180166160353952e-05 3.083487044488712581e+00 1.618458547915563039e-01 1.928009741141800226e-04 1.891185207008440697e-05 6.382816331469897200e-07 3.77 0.00022917714029 1.6e-09
7.566115046411379019e-05 3.814307917302295348e+00 1.525403382740613545e-01 2.314897373198536695e-04 -3.355376338313962526e-06 -6.684683395066640463e-07 3.77 0.00022917714029 1.6e-09
3.817003699977930726e-05 2.296393873991818602e+00 3.534440765068060791e-02 1.533595219042677344e-04 -3.052652694896745118e-05 -1.674957722755470598e-06 3.77 0.00022917714029 1.6e-09
-3.294745035159926232e-05 4.640608180838663444e-01 2.310651365795200057e-03 1.336876269802397355e-04 4.452245467230634058e-05 6.546663556353908022e-06 3.77 0.00022917714029 1.6e-09
6.464084188950428207e-05 3.123456371284631494e+00 1.560232672371453522e-01 1.948432650424459351e-04 1.869429716168437305e-05 4.842468869991121990e-07 3.77 0.00022917714029 1.6e-09
3.932553983621187249e-05 3.852293262834549203e+00 1.371634296316294188e-01 2.335034378872508499e-04 -3.237353608630174698e-06 -7.018597287700105792e-07 3.77 0.00022917714029 1.6e-09
-7.298374137726258888e-05 2.363036485200893821e+00 2.436599586914585391e-02 1.565076688909641670e-04 -2.978251533783102310e-05 -1.510310611834471682e-06 3.77 0.00022917714029 1.6e-09
6.237273929562121388e-05 4.425031178839029522e-01 2.571387738271792289e-03 1.372557979760237999e-04 4.079167369886138291e-05 6.916999953688273721e-06 3.77 0.00022917714029 1.6e-09
-8.596493650445234810e-05 3.097961296507767415e+00 1.451125774760260723e-01 1.934747882958325386e-04 1.950792534218967085e-05 3.663061587730972829e-07 3.77 0.00022917714029 1.6e-09
2.646909744685477125e-05 3.905697871521724984e+00 1.196819740166120416e-01 2.363483454338598960e-04 -2.379631563746013561e-06 -7.033511959714050204e-07 3.77 0.00022917714029 1.6e-09
7.287892363893820320e-05 2.538215990569724578e+00 1.505022981787952283e-02 1.650125918471159379e-04 -2.753234808906406287e-05 -1.303073310723111839e-06 3.77 0.00022917714029 1.6e-09
6.194380393411661086e-05 4.008840302562862723e-01 -1.396008321322266118e-03 1.457819534028326127e-04 2.687748260165248181e-05 7.433213715596980486e-06 3.77 0.00022917714029 1.6e-09
-8.570103027264360234e-05 2.988868478192213907e+00 1.236096477740375177e-01 1.877808857245919991e-04 2.147022363117725237e-05 2.113157442399117679e-07 3.77 0.00022917714029 1.6e-09
-8.040641556380189164e-06 3.960544748085118805e+00 9.009570236533578913e-02 2.392773207159663233e-04 -7.971546709386883319e-07 -6.912263269310993160e-07 3.77 0.00022917714029 1.6e-09
7.333510936873990991e-05 2.800470176106724551e+00 -1.729978752666201137e-03 1.781254192550220090e-04 -2.414052924351123503e-05 -1.021570606842017225e-06 3.77 0.00022917714029 1.6e-09
-2.997697299126197485e-05 3.784285240049279908e-01 -8.349401845176953815e-03 1.513508058506819937e-04 -1.945310641166290980e-06 7.387317350678434454e-06 3.77 0.00022917714029 1.6e-09
-7.918467544450095519e-05 2.765344241905804079e+00 8.370598845965361579e-02 1.763359690075119376e-04 2.467469246386696927e-05 -5.263166301970538061e-08 3.77 0.00022917714029 1.6e-09
-1.082098041985208122e-04 3.965835202449940589e+00 3.853540700963704879e-02 2.395584914344138191e-04 1.165692383226317588e-06 -6.545031034819141783e-07 3.77 0.00022917714029 1.6e-09
8.334457233935618629e-05 3.037318249489583621e+00 -3.309958218682175490e-02 1.902799420564115699e-04 -2.088007879032353242e-05 -6.388346454284839235e-07 3.77 0.00022917714029 1.6e-09
5.792005900160336813e-05 4.107614427975309623e-01 -1.411987993978195549e-02 1.434618604756418038e-04 -3.188663284764866040e-05 6.242486001124465021e-06 3.77 0.00022917714029 1.6e-09
1.702552989380310561e-05 2.486196542617946648e+00 4.193170810443850455e-02 1.624323005617500822e-04 2.840140530635637986e-05 -3.332294742240344155e-07 3.77 0.00022917714029 1.6e-09
-7.234032887939198346e-05 3.915361708119430517e+00 -1.117551381443993019e-02 2.368578525364647492e-04 2.932014673037493720e-06 -5.674507942511570056e-07 3.77 0.00022917714029 1.6e-09
-6.578782742059965916e-05 3.173924293790358675e+00 -5.948016577784843995e-02 1.974203245234139098e-04 -1.859683689913900880e-05 -2.764451168026168511e-07 3.77 0.00022917714029 1.6e-09
-4.575805518326869200e-05 4.741370098789879917e-01 -1.495323311821174228e-02 1.317114952001755294e-04 -4.727561352433879251e-05 4.771971737700956691e-06 3.77 0.00022917714029 1.6e-09
-7.304262431754244341e-05 2.266822532920837574e+00 1.283502393517314648e-02 1.518721808762927292e-04 3.141681558007236184e-05 -5.257775956272281602e-07 3.77 0.00022917714029 1.6e-09
-3.622842810217687652e-05 3.860646360473029670e+00 -4.008968109230322263e-02 2.339347920961021559e-04 4.147662428902969081e-06 -4.413355326365427702e-07 3.77 0.00022917714029 1.6e-09
6.528830794679530412e-05 3.239552976639519244e+00 -6.770410338178572962e-02 2.008868884753302548e-04 -1.726762855208854023e-05 -2.185587043089238248e-08 3.77 0.00022917714029 1.6e-09
-4.048854407985358800e-05 5.297739360085311766e-01 -1.150715999461989630e-02 1.243196768522584453e-04 -5.294525996896547177e-05 3.477862907675257629e-06 3.77 0.00022917714029 1.6e-09
3.671762110093235084e-05 2.133202726650041292e+00 -6.420712302122078517e-03 1.456480352950581753e-04 3.330224990995529300e-05 -6.082920516492585144e-07 3.77 0.00022917714029 1.6e-09
-5.313934121902209331e-05 3.822334748169421648e+00 -5.184292807607991660e-02 2.318918994402508144e-04 4.837587658337914454e-06 -2.902590389850418890e-07 3.77 0.00022917714029 1.6e-09
-5.965626544495346566e-05 3.265916866880889113e+00 -6.172210829307089863e-02 2.022933942795734907e-04 -1.658731966920068209e-05 1.457224561451934108e-07 3.77 0.00022917714029 1.6e-09
-3.725063915733848967e-05 5.621947100332910230e-01 -5.694623952622741327e-03 1.209716615812886446e-04 -5.475460730154962290e-05 2.331654863439501159e-06 3.77 0.00022917714029 1.6e-09
-6.256922310083501025e-05 2.067230947135728858e+00 -1.998218712047350118e-02 1.426476865936801900e-04 3.423908124279207072e-05 -5.858358859365693181e-07 3.77 0.00022917714029 1.6e-09
6.194151798192437013e-05 3.799375724401854448e+00 -5.214278563756878648e-02 2.306713103784781282e-04 5.123972801528353211e-06 -1.222249674839086889e-07 3.77 0.00022917714029 1.6e-09
8.864864992459822518e-05 3.267426517386811113e+00 -4.640434498666316798e-02 2.023876741858960195e-04 -1.638309492021249356e-05 2.545560239346168924e-07 3.77 0.00022917714029 1.6e-09
3.335438367208961566e-05 5.705907400299961019e-01 9.070589389906344620e-04 1.202492174421035956e-04 -5.502104566627016369e-05 1.197917589876820725e-06 3.77 0.00022917714029 1.6e-09
-3.840718124789746859e-05 2.051033463443387994e+00 -2.994821749584975282e-02 1.419334324941257564e-04 3.441044341462884426e-05 -4.716774076997799384e-07 3.77 0.00022917714029 1.6e-09
-2.096764356925504816e-05 3.787159733131660211e+00 -4.454267151695832927e-02 2.300258108706766690e-04 5.121302196190437059e-06 5.584410525939954937e-08 3.77 0.00022917714029 1.6e-09
1.001793510406358138e-05 3.248830302060774500e+00 -2.490574078113929127e-02 2.014248220928205910e-04 -1.652071312483580534e-05 3.197746926726966103e-07 3.77 0.00022917714029 1.6e-09
-4.603053637123750963e-06 5.582408873412700867e-01 6.993857085881656846e-03 1.215284632270666827e-04 -5.423460900584148011e-05 -2.658453574827915619e-08 3.77 0.00022917714029 1.6e-09
-7.015706189842247633e-05 2.074711064186966603e+00 -3.720902352187256679e-02 1.430272663541183381e-04 3.395388821554460364e-05 -2.866691699489390198e-07 3.77 0.00022917714029 1.6e-09
-8.577535331304846631e-05 3.781745085660049632e+00 -3.157319371730445134e-02 2.297455963643317274e-04 4.852823603511735492e-06 2.348812121326468936e-07 3.77 0.00022917714029 1.6e-09
-8.791586546169830713e-05 3.208896871343140056e+00 1.629585831908241314e-04 1.993457286770713424e-04 -1.699700095512398723e-05 3.485115784918782747e-07 3.77 0.00022917714029 1.6e-09
-4.857309141337628263e-05 5.285670609639574469e-01 1.129502354362032363e-02 1.248540724730498944e-04 -5.203178786346744969e-05 -1.403919261340397455e-06 3.77 0.00022917714029 1.6e-09
2.331352662744127599e-05 2.135804761458144796e+00 -4.199685479912144970e-02 1.458527973801537932e-04 3.288501358015015518e-05 -5.879891145922241038e-08 3.77 0.00022917714029 1.6e-09
2.376230552746582889e-05 3.779726567548665095e+00 -1.552601160756645823e-02 2.296500368392917610e-04 4.290993974948550303e-06 4.017399038480856123e-07 3.77 0.00022917714029 1.6e-09
-2.421545902140091760e-05 3.140698899323261184e+00 2.595315333526161672e-02 1.957992787594081078e-04 -1.789180040003270238e-05 3.425280033955081043e-07 3.77 0.00022917714029 1.6e-09
8.605120245379130735e-06 4.855188048202867535e-01 1.242074411327095777e-02 1.306988923039718148e-04 -4.708488811411622340e-05 -2.947611418930601295e-06 3.77 0.00022917714029 1.6e-09
5.444346193552866741e-05 2.238140304540443104e+00 -4.369653510816121078e-02 1.506583403082475850e-04 3.115785142887857293e-05 1.821145726394996801e-07 3.77 0.00022917714029 1.6e-09
1.132022528860572602e-04 3.777509859421328553e+00 1.750464014714442958e-03 2.295480311268910953e-04 3.374122815904246511e-06 5.372031765665039990e-07 3.77 0.00022917714029 1.6e-09
-9.056969767538811697e-05 3.030470539561734178e+00 4.927180977014335161e-02 1.900975367774824002e-04 -1.935754646287593788e-05 2.939821830889223331e-07 3.77 0.00022917714029 1.6e-09
7.016946336469123322e-06 4.367876076653259831e-01 8.945972404320009716e-03 1.392277270146697254e-04 -3.645868990251011587e-05 -4.537792558029224641e-06 3.77 0.00022917714029 1.6e-09
-1.109163132970041098e-05 2.389960934615713573e+00 -3.950489055418539980e-02 1.579449706321372506e-04 2.867406521444588053e-05 4.219224650119136280e-07 3.77 0.00022917714029 1.6e-09
-3.536821554345773383e-05 3.771809424451205039e+00 2.093388033820184346e-02 2.292628233606129129e-04 2.009003827738225810e-06 6.152680925748454116e-07 3.77 0.00022917714029 1.6e-09
2.631359029619154241e-05 2.860950915126521554e+00 6.784444998452676678e-02 1.814115279272869303e-04 -2.166554363544774450e-05 1.683941937586586689e-07 3.77 0.00022917714029 1.6e-09
-5.628780053883112574e-05 3.987912648818524586e-01 1.365914035517319690e-04 1.477062181148608335e-04 -1.625661816393418613e-05 -5.674236481561458661e-06 3.77 0.00022917714029 1.6e-09
2.666090893487059189e-05 2.594159416714870048e+00 -2.290284764557790759e-02 1.679850550873330768e-04 2.548409961217916394e-05 6.853864622550273817e-07 3.77 0.00022917714029 1.6e-09
-2.854967351299860786e-05 3.765193828834187073e+00 4.887893838283421249e-02 2.289221215474964073e-04 1.830114012888537948e-07 6.153234197813669247e-07 3.77 0.00022917714029 1.6e-09
-7.585538851985127156e-05 2.637606812786670751e+00 8.380702551278385037e-02 1.701495753074392205e-04 -2.482204101447878751e-05 -1.171298795718822635e-07 3.77 0.00022917714029 1.6e-09
-7.895301251184938648e-06 3.946281234666350057e-01 -1.221333845605600439e-02 1.486936034920847364e-04 1.140748322308928857e-05 -5.476702824685231535e-06 3.77 0.00022917714029 1.6e-09
8.082165265271263981e-05 2.821460894154834698e+00 8.962551742415069550e-03 1.794055993387488716e-04 2.219792010038764904e-05 9.787072987835576210e-07 3.77 0.00022917714029 1.6e-09
2.343071270028549064e-06 3.769220630265434302e+00 9.087807768241268347e-02 2.291276886154133656e-04 -1.700941084214514109e-06 5.567368685376961065e-07 3.77 0.00022917714029 1.6e-09
6.504234068889811838e-05 2.424245196330719221e+00 1.022501522932939277e-01 1.596120091258372412e-04 -2.808984238091244250e-05 -6.054469526463836729e-07 3.77 0.00022917714029 1.6e-09
4.995673968757142141e-05 4.274553764100035846e-01 -2.324333145746025966e-02 1.410003446141250088e-04 3.353194070689484202e-05 -4.028743229146755310e-06 3.77 0.00022917714029 1.6e-09
7.007247806006319118e-05 3.005402183070203570e+00 4.591887897526891055e-02 1.887977226349253027e-04 1.974431804114729110e-05 1.225827511586431544e-06 3.77 0.00022917714029 1.6e-09
-6.323659568754538124e-05 3.783698963098666823e+00 1.356958768849323149e-01 2.298766060425098566e-04 -3.074875056574591287e-06 4.801765014363279152e-07 3.77 0.00022917714029 1.6e-09
3.294458757428655007e-05 2.286155364614677943e+00 1.208439056217860547e-01 1.529239456972567371e-04 -3.038043259095580422e-05 -1.146117869128660752e-06 3.77 0.00022917714029 1.6e-09
3.173167132523589174e-05 4.665585507740388493e-01 -2.976325258720171479e-02 1.335118952031748296e-04 4.427773522598890568e-05 -2.492454529288011503e-06 3.77 0.00022917714029 1.6e-09
5.795658975944605756e-05 3.113776460305023530e+00 8.043044455890308031e-02 1.943790150135197821e-04 1.843399801742758894e-05 1.412348652168609212e-06 3.77 0.00022917714029 1.6e-09
-1.093713004267464077e-04 3.803975456667005872e+00 1.751812624774741756e-01 2.309369713706224464e-04 -3.734136908089472949e-06 4.014786796679812382e-07 3.77 0.00022917714029 1.6e-09
2.248711702414292596e-05 2.240022797870946825e+00 1.374358980163951083e-01 1.506899580065173161e-04 -3.127949579553468298e-05 -1.589596842115741307e-06 3.77 0.00022917714029 1.6e-09
3.365996096591830758e-05 4.825452783601205109e-01 -3.234261491531247035e-02 1.307647968144681500e-04 4.745462146656352360e-05 -1.407072082132382139e-06 3.77 0.00022917714029 1.6e-09
-2.072094488570844499e-05 3.156163697119596989e+00 1.114993483221677906e-01 1.965541170611613173e-04 1.811334881653410924e-05 1.574954552198386604e-06 3.77 0.00022917714029 1.6e-09
9.701479044227007196e-05 3.834034337195766362e+00 2.102066049730853536e-01 2.325261138973795541e-04 -3.727979055639774647e-06 3.316349579277687339e-07 3.77 0.00022917714029 1.6e-09
2.758474295477813200e-05 2.286662118721191739e+00 1.546985714700129244e-01 1.528552556378366906e-04 -3.075549787903295653e-05 -1.882865220133844384e-06 3.77 0.00022917714029 1.6e-09
6.307061779644818577e-05 4.650957015175153919e-01 -3.279098842971524264e-02 1.333007004453927555e-04 4.535187004108695249e-05 -8.839032300535544896e-07 3.77 0.00022917714029 1.6e-09
-5.088252357897930398e-05 3.141046815352787736e+00 1.383958045098703238e-01 1.957297964149519269e-04 1.868618781206347174e-05 1.748715631743210357e-06 3.77 0.00022917714029 1.6e-09
-4.228686723266185767e-05 3.879138937795292286e+00 2.425086192853953548e-01 2.349257183142182783e-04 -3.029661985453091939e-06 2.892909016776091568e-07 3.77 0.00022917714029 1.6e-09
-8.421989517551454010e-07 2.432553769382917785e+00 1.762326965340969276e-01 1.598395278925445633e-04 -2.880739126904633448e-05 -2.002570501937731259e-06 3.77 0.00022917714029 1.6e-09
-3.976484460864413979e-07 4.216393365396314818e-01 -3.226075675046284619e-02 1.411767887576954341e-04 3.559116591230515364e-05 -1.173904397466102390e-06 3.77 0.00022917714029 1.6e-09
6.780417554855921309e-05 3.056989426279329347e+00 1.578629958065755901e-01 1.913203603242324513e-04 2.025115880293872132e-05 1.964719905319799519e-06 3.77 0.00022917714029 1.6e-09
-5.198174328982539601e-05 3.932605259832306466e+00 2.712236392580124056e-01 2.377786141118012734e-04 -1.654701318070337752e-06 2.957757694664011927e-07 3.77 0.00022917714029 1.6e-09
2.263095605874533339e-05 2.670344772934521771e+00 2.031044172676289561e-01 1.715650450734110288e-04 -2.566101986189539300e-05 -1.952089928080230334e-06 3.77 0.00022917714029 1.6e-09
-7.010846767046103277e-05 3.828621137436800659e-01 -3.025823824631825032e-02 1.501717281885874412e-04 1.238116745838045210e-05 -2.651220934977196546e-06 3.77 0.00022917714029 1.6e-09
-5.661756165643368644e-05 2.874536513935585624e+00 1.634164515983067001e-01 1.819000626721354696e-04 2.295839552492228222e-05 2.241447057080093068e-06 3.77 0.00022917714029 1.6e-09
8.012468796461651589e-05 3.955291673874845593e+00 2.904211134977729980e-01 2.389904763115222204e-04 1.747911000270382566e-07 3.519323813763783060e-07 3.77 0.00022917714029 1.6e-09
1.568689428898300728e-05 2.918838440885967778e+00 2.276924282599248339e-01 1.841710762323777329e-04 -2.229709169829825015e-05 -1.811646897977473182e-06 3.77 0.00022917714029 1.6e-09
4.321600299051583558e-05 3.889539359409005526e-01 -2.579303726165254121e-02 1.486677780852190087e-04 -1.864028499159687483e-05 -4.563558409465885937e-06 3.77 0.00022917714029 1.6e-09
-4.147085515997989190e-05 2.616019206387788287e+00 1.561871339625371946e-01 1.688532496527617925e-04 2.638716526038096169e-05 2.574218331081720004e-06 3.77 0.00022917714029 1.6e-09
2.397952720607908104e-05 3.920612540200843821e+00 2.988594692955743870e-01 2.371361742317398900e-04 1.973958777942304182e-06 4.231510396752790021e-07 3.77 0.00022917714029 1.6e-09
-3.451079716557377226e-05 3.081336259044305415e+00 2.421990432831996887e-01 1.925898512409492656e-04 -1.976838496365494884e-05 -1.703546830585711974e-06 3.77 0.00022917714029 1.6e-09
5.908766530565487244e-06 4.345654383124857301e-01 -2.097169501354381044e-02 1.386580863720537687e-04 -3.912912974408080588e-05 -5.483878134815181764e-06 3.77 0.00022917714029 1.6e-09
2.106387207903499779e-05 2.388389337324458239e+00 1.507476618688409764e-01 1.576938600881335633e-04 2.941078962573891815e-05 2.917941029092816721e-06 3.77 0.00022917714029 1.6e-09
-4.567394869367098585e-05 3.869164088082171826e+00 3.067088273567942780e-01 2.343877341245872016e-04 3.314482042651497999e-06 4.593473163049357771e-07 3.77 0.00022917714029 1.6e-09
7.661371369905395042e-06 3.166073271783790055e+00 2.506214624055776996e-01 1.970350027221783040e-04 -1.819332120591920322e-05 -1.689883962459673730e-06 3.77 0.00022917714029 1.6e-09
-1.549758217095569370e-05 4.847899932003074119e-01 -1.865913513724753309e-02 1.302394797911319386e-04 -4.821186127673959414e-05 -5.568216573693296663e-06 3.77 0.00022917714029 1.6e-09
2.312487923288437898e-05 2.237168179411117563e+00 1.527601996288449060e-01 1.504929213655953183e-04 3.147594043852485125e-05 3.209141323525117212e-06 3.77 0.00022917714029 1.6e-09
6.194657265320991908e-05 3.829097787835821443e+00 3.161040107772716823e-01 2.322501028407820403e-04 4.135384486730367801e-06 4.364167545950945550e-07 3.77 0.00022917714029 1.6e-09
9.585929466736725310e-05 3.206966427224838156e+00 2.541172889701630577e-01 1.991954394309422018e-04 -1.731192838490907372e-05 -1.752931625775081766e-06 3.77 0.00022917714029 1.6e-09
4.363873606977573962e-05 5.208978750183665962e-01 -1.970924311948064889e-02 1.254748906594673331e-04 -5.180323777529262461e-05 -5.220230233816789097e-06 3.77 0.00022917714029 1.6e-09
-1.221469877633394775e-05 2.150378935590853580e+00 1.602217621288113958e-01 1.464550632279900159e-04 3.267149301848756610e-05 3.405199858912053883e-06 3.77 0.00022917714029 1.6e-09
-1.091260550829750855e-04 3.803098337545131713e+00 3.238512056053504118e-01 2.308648846648985787e-04 4.593098856512681297e-06 3.574127401884816214e-07 3.77 0.00022917714029 1.6e-09
-6.772645976912708920e-05 3.222847656334570488e+00 2.513601770491218357e-01 2.000432125952909357e-04 -1.687070105583786235e-05 -1.853401138781843398e-06 3.77 0.00022917714029 1.6e-09
1.901469168611778326e-05 5.395416748256502970e-01 -2.350487454958125055e-02 1.233869525479621798e-04 -5.304677978326113527e-05 -4.577731572326762429e-06 3.77 0.00022917714029 1.6e-09
-4.994982880337242798e-05 2.109356685063537018e+00 1.703214650600234359e-01 1.445793095015942610e-04 3.320792874469531518e-05 3.484578282357449016e-06 3.77 0.00022917714029 1.6e-09
2.907701465421357219e-05 3.787319542343336565e+00 3.272406234971652061e-01 2.300270975072738464e-04 4.758498419517366595e-06 2.338116965264068745e-07 3.77 0.00022917714029 1.6e-09
1.677469483824097982e-05 3.220670709764913653e+00 2.415997579911310367e-01 1.999403143179832214e-04 -1.677509035232176946e-05 -1.963026159920642876e-06 3.77 0.00022917714029 1.6e-09
5.952400624858883980e-05 5.416653655928309608e-01 -2.894534335657456339e-02 1.232158245917047376e-04 -5.305376813472598683e-05 -3.656660252819410663e-06 3.77 0.00022917714029 1.6e-09
5.080003365385491864e-05 2.103495673504079733e+00 1.809406640571027958e-01 1.443295225126889933e-04 3.320050047206471759e-05 3.434504793744120799e-06 3.77 0.00022917714029 1.6e-09
8.015914322711486346e-06 3.777825646776457269e+00 3.246244288689225654e-01 2.295269800383206498e-04 4.700224772874328567e-06 7.760915463661754199e-08 3.77 0.00022917714029 1.6e-09
-2.222156113822124611e-05 3.199495736133636470e+00 2.246824204904681044e-01 1.988437984314832350e-04 -1.698148883770631538e-05 -2.065397943552533576e-06 3.77 0.00022917714029 1.6e-09
-3.999852301606186182e-05 5.274989842844537424e-01 -3.474771099495131688e-02 1.249163144825564051e-04 -5.178792929897175633e-05 -2.408042470534006173e-06 3.77 0.00022917714029 1.6e-09
-4.341850228674135065e-05 2.131976390963834511e+00 1.904570729383768812e-01 1.456614048307974113e-04 3.265947663843718821e-05 3.238671463104846945e-06 3.77 0.00022917714029 1.6e-09
8.959987322943607389e-05 3.771238816947217298e+00 3.146528650285101980e-01 2.291865998062428249e-04 4.365030160231733665e-06 -1.011721184487724605e-07 3.77 0.00022917714029 1.6e-09
-8.876089757389591566e-06 3.150095252836974780e+00 2.003760669652662751e-01 1.962795385386627701e-04 -1.759756162223957373e-05 -2.151241752932293683e-06 3.77 0.00022917714029 1.6e-09
3.586071503152212929e-05 4.955712716855029676e-01 -3.922500373270061680e-02 1.291598015014534784e-04 -4.823458243384266386e-05 -6.761579897874653009e-07 3.77 0.00022917714029 1.6e-09
5.742495272715614381e-05 2.204930736559347348e+00 1.970184405578639386e-01 1.490907207364631300e-04 3.138202618136972689e-05 2.863520803897505903e-06 3.77 0.00022917714029 1.6e-09
-8.562863814261424547e-05 3.764066034980491970e+00 2.948780036334891497e-01 2.288220642489927894e-04 3.644650446315860325e-06 -2.953130372499241855e-07 3.77 0.00022917714029 1.6e-09
-5.901010262691544885e-05 3.052083916852658785e+00 1.674034183774550932e-01 1.912108011109172484e-04 -1.887288527366437073e-05 -2.208801522949862477e-06 3.77 0.00022917714029 1.6e-09
-3.799877625770012530e-06 4.480169678955818746e-01 -3.958929276518226986e-02 1.370355267922109053e-04 -3.910066490296587827e-05 1.853941334918037560e-06 3.77 0.00022917714029 1.6e-09
3.078256126254379698e-05 2.342766655805232467e+00 1.972320643025174958e-01 1.556773748415347177e-04 2.909369593770871733e-05 2.256837241783675758e-06 3.77 0.00022917714029 1.6e-09
-7.067585214411759487e-05 3.753649266307118371e+00 2.598650349910340274e-01 2.282923180663986337e-04 2.303359373571701661e-06 -5.009016096462903263e-07 3.77 0.00022917714029 1.6e-09
3.967475885884317520e-05 2.876920917194628391e+00 1.226205684890019909e-01 1.822320546592831754e-04 -2.123656724640058568e-05 -2.197995666786153000e-06 3.77 0.00022917714029 1.6e-09
3.942359025090366026e-05 4.030524682831980732e-01 -3.182063934925914717e-02 1.466784147937125009e-04 -1.846593574234793990e-05 5.351333466335989987e-06 3.77 0.00022917714029 1.6e-09
1.782656343922941100e-05 2.561161822604684168e+00 1.877022533042540797e-01 1.663620627704775947e-04 2.571584799245028012e-05 1.432819052697626861e-06 3.77 0.00022917714029 1.6e-09
-4.245447955264993367e-05 3.747529232496155771e+00 2.054643122449829329e-01 2.279841113183194486e-04 3.197287386476923653e-07 -7.121940040139186498e-07 3.77 0.00022917714029 1.6e-09
1.100963617094253351e-05 2.631984701534141990e+00 6.588786396825252467e-02 1.698813943627790408e-04 -2.474802762629063320e-05 -2.023478710949989634e-06 3.77 0.00022917714029 1.6e-09
-6.199829318112327079e-05 3.966837777101577811e-01 -1.467412236820837476e-02 1.482122463185573714e-04 1.204308869979885512e-05 8.389627167043034440e-06 3.77 0.00022917714029 1.6e-09
-1.527287470766115979e-05 2.817259739716154066e+00 1.735073995100464561e-01 1.791942827451337356e-04 2.214661043783787940e-05 6.554430582736415377e-07 3.77 0.00022917714029 1.6e-09
5.700317185749060982e-05 3.763103062224452344e+00 1.475831255799824326e-01 2.288017147065253738e-04 -1.709276203978035970e-06 -8.996366138798609499e-07 3.77 0.00022917714029 1.6e-09
2.745067861781182631e-05 2.414762522612738938e+00 1.271884087151525268e-02 1.591552603027070862e-04 -2.821199477023851487e-05 -1.683799718254584129e-06 3.77 0.00022917714029 1.6e-09
1.973890487261329750e-05 4.314391170923830843e-01 4.117043237317971616e-03 1.401903341774826672e-04 3.431493540593331796e-05 9.127751161828597548e-06 3.77 0.00022917714029 1.6e-09
-6.349539527729909324e-05 3.009241851283523062e+00 1.581455030387129979e-01 1.889893720681026486e-04 1.971173566693364300e-05 1.578701952094603848e-07 3.77 0.00022917714029 1.6e-09
4.298452194273836544e-05 3.788823649161619400e+00 1.039536597757380609e-01 2.301471220649483089e-04 -3.044513874899345239e-06 -1.003595371766348669e-06 3.77 0.00022917714029 1.6e-09
2.669760401915222903e-05 2.294336614831673060e+00 -2.225069574611117373e-02 1.533058064023358133e-04 -3.035489359004743082e-05 -1.328923686432541022e-06 3.77 0.00022917714029 1.6e-09
-2.010571855341202087e-05 4.658963079539493179e-01 1.636347119860760702e-02 1.336155443850826810e-04 4.370091911316926564e-05 8.647940640598470141e-06 3.77 0.00022917714029 1.6e-09
-1.815604613754417745e-05 3.109470757865067103e+00 1.388735695279231241e-01 1.941472502919328871e-04 1.859360223935843927e-05 -1.326760875579897709e-07 3.77 0.00022917714029 1.6e-09
-1.006809279292810941e-04 3.816038845645512545e+00 7.021380841453378485e-02 2.315793738714385687e-04 -3.566311040916846121e-06 -1.018456609588160736e-06 3.77 0.00022917714029 1.6e-09
1.711948417292560195e-05 2.270703979930961403e+00 -4.341178178423842071e-02 1.521317761213194857e-04 -3.097036873466793149e-05 -1.006352075396146422e-06 3.77 0.00022917714029 1.6e-09
-4.680041813246306037e-05 4.735325450861459506e-01 2.095564450770073112e-02 1.321556546965070610e-04 4.568593687959958286e-05 8.181140731548358072e-06 3.77 0.00022917714029 1.6e-09
2.100422211493404776e-06 3.140837213379451320e+00 1.170183064433553133e-01 1.957475401788597263e-04 1.848337453630804036e-05 -3.206661665296161788e-07 3.77 0.00022917714029 1.6e-09
-4.723547371422088972e-05 3.851529685891471821e+00 4.118735325536165837e-02 2.334617058444788328e-04 -3.411214705198391983e-06 -9.837209050008215401e-07 3.77 0.00022917714029 1.6e-09
-4.281650224912903694e-05 2.339285842281229932e+00 -5.823458746008031151e-02 1.553629243250057848e-04 -3.016035398216244254e-05 -7.327688117772512409e-07 3.77 0.00022917714029 1.6e-09
6.451704259017119602e-05 4.499650576506755151e-01 1.970265513455392650e-02 1.359141744825190636e-04 4.200178329988250967e-05 8.250609263069044700e-06 3.77 0.00022917714029 1.6e-09
-7.667654416673686749e-05 3.113917611702686550e+00 9.468229501031191764e-02 1.943062264779438133e-04 1.929622296677399720e-05 -4.774652545906078466e-07 3.77 0.00022917714029 1.6e-09
1.826996080733795112e-05 3.903159144037681383e+00 1.324478695066123868e-02 2.362124305975715364e-04 -2.565317016881993094e-06 -9.433902812248567999e-07 3.77 0.00022917714029 1.6e-09
-4.743188580754112839e-06 2.511771118472247544e+00 -7.331429553617507811e-02 1.637096480448375197e-04 -2.790427131468217634e-05 -5.179648127535988597e-07 3.77 0.00022917714029 1.6e-09
5.512199337281946393e-05 4.060626700266458666e-01 1.393713785293308922e-02 1.445876488285235723e-04 2.887113146326756745e-05 9.104943810617825996e-06 3.77 0.00022917714029 1.6e-09
7.674424995582053649e-05 3.010035793715708508e+00 6.693972999367357735e-02 1.888723408816204877e-04 2.121287752691156819e-05 -7.085569806573544144e-07 3.77 0.00022917714029 1.6e-09
-6.936646993718104690e-05 3.963015602153159733e+00 -2.541489988434385283e-02 2.394083712027350900e-04 -9.579368288062499470e-07 -9.307607711416267100e-07 3.77 0.00022917714029 1.6e-09
7.919656567116235553e-05 2.784636635697192553e+00 -9.978013582153379135e-02 1.773173348852531781e-04 -2.437406050307891351e-05 -3.001085201950586481e-07 3.77 0.00022917714029 1.6e-09
6.391650402302808277e-05 3.790178367255346847e-01 3.834339721952642176e-03 1.511454970279433967e-04 -4.427311662369423683e-07 1.008817283499383705e-05 3.77 0.00022917714029 1.6e-09
6.040781881087562859e-05 2.784108658836162320e+00 2.192900703582180422e-02 1.772737183151338908e-04 2.451010901755859892e-05 -1.144902163030611082e-06 3.77 0.00022917714029 1.6e-09
1.106960492818497856e-04 3.977731120250444619e+00 -9.060870138947446639e-02 2.401907941729015299e-04 1.133490807200888723e-06 -9.236528682732305578e-07 3.77 0.00022917714029 1.6e-09
1.264724676497825913e-06 3.053704360503613380e+00 -1.461031433893612563e-01 1.911158284973903240e-04 -2.072126139873374406e-05 4.700867055922038473e-08 3.77 0.00022917714029 1.6e-09
-9.687334168063396018e-06 4.162083811089223317e-01 -7.452703807131375383e-03 1.421560718127857245e-04 -3.383993093913253004e-05 9.534462309630684120e-06 3.77 0.00022917714029 1.6e-09
1.227298283106182931e-05 2.469144581019314444e+00 -2.297327791451444362e-02 1.615750734926393666e-04 2.872321303690201892e-05 -1.643742229123155427e-06 3.77 0.00022917714029 1.6e-09
7.794363925261985526e-05 3.922866112930368576e+00 -1.515438931695962665e-01 2.372500055443425664e-04 3.174807365512965703e-06 -8.450008790077612257e-07 3.77 0.00022917714029 1.6e-09
-4.141693670944332592e-05 3.217876167845104884e+00 -1.819398083072917838e-01 1.997039124979412710e-04 -1.803322872662095118e-05 4.188926788400975879e-07 3.77 0.00022917714029 1.6e-09
1.276899558343362308e-05 5.024478767593203443e-01 -1.280911337619270937e-02 1.274575326726564003e-04 -5.077977021961093275e-05 7.722455594895920967e-06 3.77 0.00022917714029 1.6e-09
6.333705264733444280e-05 2.199483913768336407e+00 -4.970783614232967412e-02 1.486742949785197258e-04 3.247192072126536442e-05 -1.975661149836074018e-06 3.77 0.00022917714029 1.6e-09
