-6.775146348240803393e-05 2.724777318934113346e+00 -3.765163416954132544e-05 1.744859106179587989e-04 -2.417802496018818395e-05 -7.252229433069486341e-10 3.84 0.00023291400673 1.6e-09
-1.845553194532743234e-05 3.877444764754395257e-01 -1.296319923084908194e-03 1.502416259485474031e-04 3.412320241852636467e-06 1.516666784440628202e-07 3.84 0.00023291400673 1.6e-09
-5.960719066336632785e-05 2.778024460146211183e+00 -4.783044379866230669e-03 1.771672898518715825e-04 2.348054850678609517e-05 -2.781328138835990053e-08 3.84 0.00023291400673 1.6e-09
-1.114531620020958117e-04 3.847851931008833937e+00 -4.956733122434317518e-03 2.333296199984534578e-04 -3.533355348731572552e-07 1.743625931578734388e-08 3.84 0.00023291400673 1.6e-09
4.374140217241427451e-05 2.693696451488662547e+00 -1.684635399388011677e-03 1.729105914743020141e-04 -2.470499736986663656e-05 4.667260588148855374e-08 3.84 0.00023291400673 1.6e-09
-4.987848789305081548e-06 3.882348273542999273e-01 -1.097864759703160668e-03 1.500243902960664202e-04 7.499671038695578938e-06 -5.735991461754794983e-08 3.84 0.00023291400673 1.6e-09
4.637906616229345563e-06 2.813098173253809620e+00 -6.914498433234047420e-03 1.789338619428187038e-04 2.307875063481639436e-05 -2.593600305857834263e-08 3.84 0.00023291400673 1.6e-09
-1.024887379798248855e-04 3.860047749579579524e+00 -5.962568895533844684e-03 2.339756122153719938e-04 -5.046132236740817451e-07 3.378044948750682461e-08 3.84 0.00023291400673 1.6e-09
5.129532460794988390e-05 2.693371237407340857e+00 -9.040491757298353909e-04 1.728792720348986452e-04 -2.481421227188989503e-05 6.241969640071454005e-08 3.84 0.00023291400673 1.6e-09
1.637726180544600110e-05 3.875549860090767296e-01 -1.147406345406087533e-03 1.500977698647886415e-04 7.933180992681572891e-06 -2.253649359366682592e-07 3.84 0.00023291400673 1.6e-09
-6.574279150781395709e-05 2.819876800894260960e+00 -8.125196230717987578e-03 1.792634237891785082e-04 2.309899418496266514e-05 -1.481582567285619474e-08 3.84 0.00023291400673 1.6e-09
-2.248885380355326093e-05 3.873231381444209198e+00 -5.633809365396973134e-03 2.346748379246773263e-04 -4.076075195704813305e-07 4.963989340848482390e-08 3.84 0.00023291400673 1.6e-09
5.313911446313389776e-05 2.724065046699106318e+00 6.898546670239347287e-04 1.744093913598053112e-04 -2.447933540369829838e-05 6.737679269318094820e-08 3.84 0.00023291400673 1.6e-09
-2.213256116229618371e-05 3.856918369652438394e-01 -1.080905225114149604e-03 1.505006148192611750e-04 4.599931345412889902e-06 -3.667629901429105817e-07 3.84 0.00023291400673 1.6e-09
4.329735340481890026e-05 2.796327329634566095e+00 -1.031120921950144480e-02 1.780569368140452063e-04 2.350979905691686378e-05 -1.411082484082518166e-08 3.84 0.00023291400673 1.6e-09
-1.068676527453346772e-04 3.882849121712974139e+00 -6.658532854704430487e-03 2.351854060870091584e-04 -8.528409254532122834e-08 6.683467167345984271e-08 3.84 0.00023291400673 1.6e-09
-1.833336785310482440e-05 2.774949687554551403e+00 1.534685322906593433e-03 1.769718095941398258e-04 -2.382164906163180092e-05 8.366449568938301256e-08 3.84 0.00023291400673 1.6e-09
-5.133153798949917536e-05 3.848781212342186620e-01 -6.525879751467301201e-04 1.506796570010344397e-04 -1.480144674612714073e-06 -5.186888419177848407e-07 3.84 0.00023291400673 1.6e-09
-6.335694270812631819e-05 2.748928758082540114e+00 -1.478014454713402065e-02 1.756519316112929133e-04 2.421431133262051051e-05 -3.384909480055749128e-08 3.84 0.00023291400673 1.6e-09
-1.933704541613161801e-05 3.884818013022475647e+00 -1.052172564182889819e-02 2.352896435380214457e-04 3.370055817766736616e-07 8.949569129307950128e-08 3.84 0.00023291400673 1.6e-09
-6.146717687076572721e-05 2.827956101431726488e+00 1.009806241309216777e-03 1.796623667902080444e-04 -2.307842551799910342e-05 1.239197320968050607e-07 3.84 0.00023291400673 1.6e-09
5.929181255046300216e-05 3.868796687420289482e-01 1.941264793495054331e-04 1.501764546534153054e-04 -8.247789724831347205e-06 -7.274235089500110354e-07 3.84 0.00023291400673 1.6e-09
-7.054905309916576221e-05 2.692798021640710360e+00 -2.144960011831249444e-02 1.728282274327546829e-04 2.497507338153686713e-05 -6.869573501564180017e-08 3.84 0.00023291400673 1.6e-09
3.696348232555138412e-05 3.878371054166570353e+00 -1.657412935522962344e-02 2.349466216694687075e-04 7.342767900393334411e-07 1.220894083408588428e-07 3.84 0.00023291400673 1.6e-09
-4.026816477910096924e-05 2.865858569854665916e+00 -7.163870076467655963e-05 1.816012215283109251e-04 -2.248847430510644683e-05 1.851247865302693624e-07 3.84 0.00023291400673 1.6e-09
-2.903258879212855385e-06 3.906343492144064844e-01 1.307769069444850987e-03 1.492801165891299864e-04 -1.333811113142318790e-05 -1.033461955950472282e-06 3.84 0.00023291400673 1.6e-09
5.123483745856113436e-05 2.646821355217809923e+00 -2.896833582010592892e-02 1.705363431340596808e-04 2.554183174614600872e-05 -1.009444470097543130e-07 3.84 0.00023291400673 1.6e-09
-1.906435449569294469e-05 3.866601548249401610e+00 -2.259795725563507746e-02 2.343213974976782817e-04 9.879001566953395459e-07 1.656568030123718550e-07 3.84 0.00023291400673 1.6e-09
-1.945208072080993546e-05 2.878517124308507036e+00 -1.371053600416515179e-04 1.822597340432891694e-04 -2.221132161964778541e-05 2.522777992462638607e-07 3.84 0.00023291400673 1.6e-09
4.128626005153298510e-06 3.931959236456927242e-01 2.320695501952328016e-03 1.487268215021780632e-04 -1.535264812851065019e-05 -1.453971180441530358e-06 3.84 0.00023291400673 1.6e-09
2.628133586463349671e-05 2.625851928686032455e+00 -3.558697446456993152e-02 1.695036011388098931e-04 2.574436492937278820e-05 -1.105727974982137136e-07 3.84 0.00023291400673 1.6e-09
-8.888193098047447943e-05 3.853864371126031863e+00 -2.627156392441019200e-02 2.336460363504316764e-04 1.017077281161785023e-06 2.161795070424798993e-07 3.84 0.00023291400673 1.6e-09
-7.919455185414131038e-06 2.863314249416253343e+00 1.987876374689457812e-03 1.814967134050383436e-04 -2.231767345946696182e-05 3.068763981758035037e-07 3.84 0.00023291400673 1.6e-09
-3.823148769027617067e-05 3.927625867202170218e-01 2.723198931402706722e-03 1.489328509230591229e-04 -1.380037372485309857e-05 -1.967761874477033294e-06 3.84 0.00023291400673 1.6e-09
-5.465413263108499743e-05 2.636150380195012133e+00 -3.960038126668100067e-02 1.700307685837721436e-04 2.550784262366811766e-05 -8.211525910397321911e-08 3.84 0.00023291400673 1.6e-09
-8.794455753465408839e-05 3.843495441085311271e+00 -2.576189749365304094e-02 2.330974891861629125e-04 8.033208985210623739e-07 2.660785722196679023e-07 3.84 0.00023291400673 1.6e-09
-2.753603968358571771e-05 2.823436270163305117e+00 6.785266842209401045e-03 1.794768113989139062e-04 -2.279285946594397221e-05 3.303974985728617995e-07 3.84 0.00023291400673 1.6e-09
1.602903401692716217e-05 3.902501260140148753e-01 2.047271759137995768e-03 1.496396933282153642e-04 -9.018852643557216821e-06 -2.505079373953056893e-06 3.84 0.00023291400673 1.6e-09
-4.257821293600744749e-06 2.674895145370662419e+00 -3.937444848434129563e-02 1.719793714090266904e-04 2.488297114170762218e-05 -6.551821504992306195e-09 3.84 0.00023291400673 1.6e-09
-2.376494894850725520e-05 3.837548432648079100e+00 -1.953465837692197962e-02 2.327835831936919035e-04 3.963303529909654533e-07 3.073915770265775163e-07 3.84 0.00023291400673 1.6e-09
4.079388910212419333e-05 2.767608934505172869e+00 1.446135983448128444e-02 1.766508997749602523e-04 -2.354491866895570647e-05 3.043562964965269723e-07 3.84 0.00023291400673 1.6e-09
6.808384855971054027e-05 3.883139557172223810e-01 1.307654643193528494e-04 1.501585775384840045e-04 -2.085973594495201452e-06 -2.957725504809429607e-06 3.84 0.00023291400673 1.6e-09
8.076022144521553716e-05 2.731386614706072358e+00 -3.375639496860642630e-02 1.748226407317927510e-04 2.405274645660265132e-05 1.160788704334476652e-07 3.84 0.00023291400673 1.6e-09
-2.609545704731245182e-05 3.837315501270565754e+00 -6.639758204610783990e-03 2.327715754888129603e-04 -8.859266634921703049e-08 3.351652475448660862e-07 3.84 0.00023291400673 1.6e-09
-1.906837466064463890e-05 2.710365604854962029e+00 2.511343202801611871e-02 1.737622104468792910e-04 -2.436709851473126338e-05 2.156480025070518758e-07 3.84 0.00023291400673 1.6e-09
6.996385179677849135e-05 3.886575372930820560e-01 -2.709733653426942088e-03 1.500293027314410265e-04 5.067971198617608498e-06 -3.230384770158881825e-06 3.84 0.00023291400673 1.6e-09
7.540320543776224340e-05 2.789658208735562361e+00 -2.287761004671453463e-02 1.777627433347776656e-04 2.326596254528404622e-05 2.734702400761558291e-07 3.84 0.00023291400673 1.6e-09
-1.061414391692801375e-04 3.843296593241467107e+00 1.233734905971069044e-02 2.330877419273929348e-04 -5.080040094006708107e-07 3.489532311986962266e-07 3.84 0.00023291400673 1.6e-09
-6.134740665473632705e-05 2.669217438216691107e+00 3.834796976239085442e-02 1.716874051202131580e-04 -2.501556649554463705e-05 6.824297294149888105e-08 3.84 0.00023291400673 1.6e-09
5.220201094775467175e-05 3.902083336306740868e-01 -5.774705718908109894e-03 1.495380856267165771e-04 1.023833019775559832e-05 -3.307576869991760543e-06 3.84 0.00023291400673 1.6e-09
-3.997975214522382084e-05 2.833113267216269993e+00 -8.346411668260552558e-03 1.799566764062964213e-04 2.275126627277496719e-05 4.450745004912369889e-07 3.84 0.00023291400673 1.6e-09
7.718004309706513136e-05 3.854662940970471574e+00 3.504012541197187858e-02 2.336891174813650546e-04 -7.510596377847649184e-07 3.513693818456037184e-07 3.84 0.00023291400673 1.6e-09
-3.510261828695166993e-05 2.658457377946803035e+00 5.306746171601109396e-02 1.711332149573131691e-04 -2.526887405533023191e-05 -1.123010306886679853e-07 3.84 0.00023291400673 1.6e-09
-6.485863762201234009e-05 3.902967787910597286e-01 -8.332984989675298187e-03 1.493962047749056274e-04 1.187169671099154049e-05 -3.261301517768099546e-06 3.84 0.00023291400673 1.6e-09
7.147276504141053489e-06 2.849410206016584901e+00 7.435518870957830498e-03 1.807716360564940220e-04 2.263680464880922369e-05 6.118514389936092903e-07 3.84 0.00023291400673 1.6e-09
6.823637308437624743e-05 3.868786860978496556e+00 5.832380386354744928e-02 2.344376785191939474e-04 -7.163025761507471442e-07 3.461567031062983752e-07 3.84 0.00023291400673 1.6e-09
2.717188906051370723e-05 2.682921904699421489e+00 6.782395369852570188e-02 1.723423733657293089e-04 -2.502872127464213616e-05 -2.904116593061731884e-07 3.84 0.00023291400673 1.6e-09
-7.060731852469146917e-05 3.879377381415877180e-01 -9.966405880177331422e-03 1.498992960419417704e-04 9.360592556359569191e-06 -3.188279407837245884e-06 3.84 0.00023291400673 1.6e-09
-2.816518606534742738e-05 2.833087936949744812e+00 2.195573328897452298e-02 1.799261221732096304e-04 2.297219263992629165e-05 7.608855018419763901e-07 3.84 0.00023291400673 1.6e-09
-4.945761238762589712e-05 3.881003627346599316e+00 7.920551787180066250e-02 2.350860696827138552e-04 -4.195823333251347565e-07 3.375442738440803286e-07 3.84 0.00023291400673 1.6e-09
4.871396417233599157e-05 2.734672246323500922e+00 8.112906297618847906e-02 1.749340668755898259e-04 -2.437489799621276378e-05 -4.371108469207498801e-07 3.84 0.00023291400673 1.6e-09
2.926808534301458513e-05 3.853548260060729591e-01 -1.066541910491753190e-02 1.505169869028908779e-04 3.334634914049108886e-06 -3.148573859640526691e-06 3.84 0.00023291400673 1.6e-09
-7.560978833517891580e-05 2.787571344687895358e+00 3.323161136808078231e-02 1.776061597482957210e-04 2.366284794181480758e-05 8.849506439436550507e-07 3.84 0.00023291400673 1.6e-09
-8.539337641007582497e-05 3.885858221628047726e+00 9.553759802004067880e-02 2.353436990163347239e-04 3.185385450883864008e-08 3.294354475346164038e-07 3.84 0.00023291400673 1.6e-09
-4.358513407419102988e-05 2.794701385237542191e+00 9.169147173251332439e-02 1.779685826494981212e-04 -2.354196698353801866e-05 -5.409044613976251799e-07 3.84 0.00023291400673 1.6e-09
3.411958469384205207e-05 3.855854166685913631e-01 -1.075365787215753349e-02 1.504637896845562300e-04 -4.144634618440929029e-06 -3.140193838650468267e-06 3.84 0.00023291400673 1.6e-09
6.613682552158150487e-06 2.726951178824414512e+00 4.080496725778616496e-02 1.745446453240701696e-04 2.448560237225288799e-05 9.828579961918477059e-07 3.84 0.00023291400673 1.6e-09
-6.960050324175966305e-06 3.880747344932302667e+00 1.069337946256933014e-01 2.350716989503345128e-04 4.843833802666502391e-07 3.231906264860427701e-07 3.84 0.00023291400673 1.6e-09
3.091495141844000587e-05 2.841442062831027293e+00 9.900663369699586047e-02 1.803506403243297120e-04 -2.283487410829523185e-05 -6.105120927940097938e-07 3.84 0.00023291400673 1.6e-09
5.825344832749631554e-05 3.886746206789079006e-01 -1.073944273943504280e-02 1.497274885871809113e-04 -1.036302953817068045e-05 -3.115177356674429514e-06 3.84 0.00023291400673 1.6e-09
3.826045087608666583e-05 2.672729994702995882e+00 4.603465046447775821e-02 1.718305252749843294e-04 2.516615820704119994e-05 1.057610249231122742e-06 3.84 0.00023291400673 1.6e-09
-7.014603535611110754e-05 3.868208686751695158e+00 1.148153673666467145e-01 2.344055059432416507e-04 8.008547387570737695e-07 3.155446106255006110e-07 3.84 0.00023291400673 1.6e-09
-1.458399098064510404e-05 2.860577756287311590e+00 1.034955307547782977e-01 1.813397948309304901e-04 -2.245244178879713586e-05 -6.668414756193770779e-07 3.84 0.00023291400673 1.6e-09
-3.294500430326060549e-05 3.915364468893487992e-01 -1.109999514288862073e-02 1.491009933260661956e-04 -1.323514453223586130e-05 -3.015244213938436831e-06 3.84 0.00023291400673 1.6e-09
-5.643159028422442916e-06 2.644276819007723489e+00 5.093354305465122578e-02 1.704221179180876366e-04 2.546073427525784525e-05 1.110768637671833147e-06 3.84 0.00023291400673 1.6e-09
9.713912881242888289e-05 3.853502642527378175e+00 1.209753490786264762e-01 2.336255539055619884e-04 8.568076951777060933e-07 2.996587375910556688e-07 3.84 0.00023291400673 1.6e-09
-8.052437052956229046e-05 2.847646507137946870e+00 1.057097188351154432e-01 1.806963271970760934e-04 -2.250372087964242561e-05 -7.294117920377655531e-07 3.84 0.00023291400673 1.6e-09
-5.973726254005770820e-05 3.915919950190287491e-01 -1.207858844474818741e-02 1.491928464359458875e-04 -1.205232475562076918e-05 -2.775475689973717048e-06 3.84 0.00023291400673 1.6e-09
-4.865008762510361477e-05 2.650930459400847816e+00 5.700254412434999779e-02 1.707700455085004170e-04 2.525868632649346174e-05 1.141153757679830808e-06 3.84 0.00023291400673 1.6e-09
-1.079750554505496513e-04 3.841285667558441475e+00 1.265391231092252156e-01 2.329788074798891915e-04 6.662168650961750351e-07 2.691001761962732014e-07 3.84 0.00023291400673 1.6e-09
-3.004318512377700547e-05 2.806576038612157209e+00 1.059165029049822793e-01 1.786198296998236081e-04 -2.298446566486050827e-05 -8.084732420547800497e-07 3.84 0.00023291400673 1.6e-09
-1.298848790408101318e-05 3.895262272698394868e-01 -1.353207472277879325e-02 1.497928746757867607e-04 -7.175666438689596820e-06 -2.338327264393962571e-06 3.84 0.00023291400673 1.6e-09
-3.171188673954536625e-05 2.689817682848344660e+00 6.490506858987372951e-02 1.727286475974317654e-04 2.462795738375179810e-05 1.149618945345735746e-06 3.84 0.00023291400673 1.6e-09
5.001305540320509198e-05 3.834775636237187868e+00 1.320873753997507394e-01 2.326347562542615340e-04 2.478247919422389941e-07 2.218258261849804231e-07 3.84 0.00023291400673 1.6e-09
-9.426347959353991877e-06 2.749514023290597908e+00 1.045183994844688796e-01 1.757365129711276920e-04 -2.374767393078403715e-05 -9.037980513791653560e-07 3.84 0.00023291400673 1.6e-09
2.401092709035345304e-05 3.881860513800793888e-01 -1.499228430649881746e-02 1.501510241894646195e-04 -9.883897360633603874e-08 -1.705019155319050533e-06 3.84 0.00023291400673 1.6e-09
4.463076376729283035e-05 2.746994858171742049e+00 7.435802896608403878e-02 1.756085478838960510e-04 2.379828307190040424e-05 1.142191642445552261e-06 3.84 0.00023291400673 1.6e-09
-2.416145199462019325e-05 3.835882139529233292e+00 1.378182424711544007e-01 2.326932093865005592e-04 -2.192735379684087948e-07 1.624956680112420741e-07 3.84 0.00023291400673 1.6e-09
3.853039282743276516e-05 2.695925774056061819e+00 1.023493526038616042e-01 1.730334867738858020e-04 -2.453733577061318965e-05 -1.004382232180414624e-06 3.84 0.00023291400673 1.6e-09
4.920925049485746431e-05 3.889450721861016369e-01 -1.597655485383194657e-02 1.498976006715584640e-04 6.636442168271339563e-06 -9.786459462670994023e-07 3.84 0.00023291400673 1.6e-09
1.210130030999555153e-06 2.801939701249097858e+00 8.403755161387321815e-02 1.783803069792752887e-04 2.308379927443542711e-05 1.126762945217109263e-06 3.84 0.00023291400673 1.6e-09
5.114390486815587641e-05 3.844672987323227709e+00 1.432207623468219060e-01 2.331579708697208847e-04 -5.831979245191801309e-07 1.007244002761438624e-07 3.84 0.00023291400673 1.6e-09
6.675378011752423890e-05 2.666441607435052319e+00 1.002169334387232602e-01 1.715415956442286184e-04 -2.504585452610171573e-05 -1.089748659067913758e-06 3.84 0.00023291400673 1.6e-09
-4.049356736646043367e-07 3.899241191756207536e-01 -1.631205241136122683e-02 1.495376173560839937e-04 1.053599115204068690e-05 -3.171359772117140432e-07 3.84 0.00023291400673 1.6e-09
-7.541230573668489994e-05 2.835540161097338974e+00 9.195365175071058828e-02 1.800721128881854326e-04 2.272952579410560044e-05 1.107580688512006882e-06 3.84 0.00023291400673 1.6e-09
-8.992094943856194275e-05 3.858939623890276671e+00 1.469407981213031733e-01 2.339135385557835820e-04 -6.861626418262564957e-07 4.616647356425405491e-08 3.84 0.00023291400673 1.6e-09
2.654603199718576402e-05 2.673689529302026635e+00 9.822478645203092107e-02 1.718877023609338879e-04 -2.505909052071742573e-05 -1.137548454174429199e-06 3.84 0.00023291400673 1.6e-09
-3.145174447021347060e-05 3.886799500710129696e-01 -1.614378561559036765e-02 1.497383935406417063e-04 1.016806902341760172e-05 1.643843783977306131e-07 3.84 0.00023291400673 1.6e-09
2.760019768965457014e-06 2.836300516200777722e+00 9.610115434693633496e-02 1.800949782873759674e-04 2.284257136182389733e-05 1.082437491904297617e-06 3.84 0.00023291400673 1.6e-09
-1.078453087362759330e-06 3.874227236418944287e+00 1.471339947868697817e-01 2.347246218561223254e-04 -5.123833479425718095e-07 4.599744214652937286e-09 3.84 0.00023291400673 1.6e-09
4.906549310070322593e-05 2.716312909195032432e+00 9.554305116779773788e-02 1.740131767322272574e-04 -2.457015675569209259e-05 -1.133664141871095130e-06 3.84 0.00023291400673 1.6e-09
7.356601046296008144e-05 3.858805095154391740e-01 -1.566797989516872935e-02 1.503807583921201339e-04 5.471326035015217928e-06 4.306159944293542785e-07 3.84 0.00023291400673 1.6e-09
2.406589298144469664e-05 2.802489057569021558e+00 9.503184626208163732e-02 1.783644278741621826e-04 2.340889434279362630e-05 1.043270271032818372e-06 3.84 0.00023291400673 1.6e-09
3.347499775300808778e-05 3.884347711742164755e+00 1.420837984777309493e-01 2.352623096457053149e-04 -1.052195202532426459e-07 -2.259173833867509658e-08 3.84 0.00023291400673 1.6e-09
-1.146747691417671289e-05 2.778413791898346918e+00 9.076791919785297258e-02 1.771419781444211628e-04 -2.375913549176499122e-05 -1.077504372664034481e-06 3.84 0.00023291400673 1.6e-09
-5.793994573534836035e-05 3.849199218910395737e-01 -1.494036932595540004e-02 1.506086841514362872e-04 -1.946495945855055541e-06 5.177679423238957732e-07 3.84 0.00023291400673 1.6e-09
3.253441009836048002e-05 2.743949464043668129e+00 8.865198496640736003e-02 1.753984048061826915e-04 2.425199050907660337e-05 9.808282553643924077e-07 3.84 0.00023291400673 1.6e-09
-3.777442721508863745e-05 3.884347733737390840e+00 1.313094522462649461e-01 2.352623769397387790e-04 3.950993363404733214e-07 -3.727085090817270705e-08 3.84 0.00023291400673 1.6e-09
-1.598235335088064326e-05 2.836185244330756916e+00 8.298835414061930815e-02 1.800785560220103006e-04 -2.293966749828869634e-05 -9.816405652706246234e-07 3.84 0.00023291400673 1.6e-09
-6.830603111329091866e-05 3.875921054115371578e-01 -1.390928364102903513e-02 1.499591312821438392e-04 -9.349063991406018803e-06 5.223564511725677864e-07 3.84 0.00023291400673 1.6e-09
-6.098148843234799083e-05 2.681509334872384187e+00 7.861490339499448143e-02 1.722627826213039024e-04 2.508846245696531494e-05 8.905130235285774696e-07 3.84 0.00023291400673 1.6e-09
-1.166345914080271193e-04 3.874631086426366000e+00 1.162474239884994237e-01 2.347462490536550103e-04 8.106028147911117886e-07 -4.336653237555614816e-08 3.84 0.00023291400673 1.6e-09
-8.149336982652162086e-05 2.870109376186383621e+00 7.266239561741022479e-02 1.818202474033337585e-04 -2.237844590218938023e-05 -8.654818483422911210e-07 3.84 0.00023291400673 1.6e-09
-4.136223478176758296e-05 3.915024792943356813e-01 -1.255567116537664382e-02 1.490539283041356121e-04 -1.403576512309695324e-05 5.351825856271949810e-07 3.84 0.00023291400673 1.6e-09
7.145985464875060907e-06 2.638466115280327262e+00 6.719880967125949067e-02 1.701238797706423477e-04 2.560166241392823201e-05 7.735360131793841807e-07 3.84 0.00023291400673 1.6e-09
2.898704650119615552e-05 3.860383022748859361e+00 9.911283405577994698e-02 2.339904933443166801e-04 9.920519152097346265e-07 -4.568606366323300470e-08 3.84 0.00023291400673 1.6e-09
-4.107539869379320572e-05 2.871724052174910113e+00 6.097674929638371988e-02 1.819178866849205010e-04 -2.224140534776494890e-05 -7.449783248882228886e-07 3.84 0.00023291400673 1.6e-09
-5.914989122782795243e-05 3.929923423137299254e-01 -1.094203450257388507e-02 1.487928282834468426e-04 -1.469224297396887403e-05 5.983240376056971735e-07 3.84 0.00023291400673 1.6e-09
6.884726691086413819e-05 2.629442009210472442e+00 5.599350338719748243e-02 1.696908059259262655e-04 2.562424979928334707e-05 6.365910732268560558e-07 3.84 0.00023291400673 1.6e-09
-1.014516933860477312e-04 3.847264046260825410e+00 8.155313231013613939e-02 2.332960198771157653e-04 9.141745643542693317e-07 -4.836724018727772335e-08 3.84 0.00023291400673 1.6e-09
-4.281838882461388627e-05 2.842550789741554951e+00 4.888046540906156728e-02 1.804446665422230903e-04 -2.254517710794810072e-05 -6.277135931893194981e-07 3.84 0.00023291400673 1.6e-09
-1.043426289481202133e-05 3.912116245477890164e-01 -9.185128018871790284e-03 1.493381435684602333e-04 -1.136865642829422199e-05 7.079750382649626168e-07 3.84 0.00023291400673 1.6e-09
7.584597270233435831e-05 2.655903422588949958e+00 4.590939105251103103e-02 1.710255076416171882e-04 2.516691330301732950e-05 4.936914651082614940e-07 3.84 0.00023291400673 1.6e-09
8.186623911912051916e-05 3.839131214226908728e+00 6.482793883722146044e-02 2.328666707019955997e-04 5.753525788592280593e-07 -5.379581230403692477e-08 3.84 0.00023291400673 1.6e-09
-8.799161427981271738e-05 2.792189881403391638e+00 3.717477217102231613e-02 1.778949609806615298e-04 -2.319283080695692641e-05 -5.176018426883750347e-07 3.84 0.00023291400673 1.6e-09
2.641181544386908748e-06 3.886071313288008144e-01 -7.450034171921559797e-03 1.500515449111742379e-04 -5.154473283892048635e-06 8.301111469937133130e-07 3.84 0.00023291400673 1.6e-09
3.693712780866086022e-05 2.707065487464179299e+00 3.763882719329789128e-02 1.735957118745454436e-04 2.441287583811270397e-05 3.648616180531471806e-07 3.84 0.00023291400673 1.6e-09
1.142347413040998151e-04 3.838054118177936402e+00 5.039163740808229319e-02 2.328105345764320188e-04 1.218809191755428422e-07 -6.168374217512561245e-08 3.84 0.00023291400673 1.6e-09
-8.581889684605908464e-05 2.737447799676143934e+00 2.692890861996601048e-02 1.751269398111111528e-04 -2.397382996430808428e-05 -4.207481740479951624e-07 3.84 0.00023291400673 1.6e-09
-1.911524131739355715e-05 3.877106561573280263e-01 -5.933798419585455466e-03 1.502605348550361164e-04 1.770810481811649056e-06 9.245458984666957249e-07 3.84 0.00023291400673 1.6e-09
-6.373424924105674507e-05 2.763997736261336158e+00 3.145971708477653811e-02 1.764607430290183326e-04 2.364982546529699058e-05 2.656993582009631236e-07 3.84 0.00023291400673 1.6e-09
5.233699580193686249e-05 3.844342667124305279e+00 3.933508023758835320e-02 2.331435596156522126e-04 -2.844865462894831902e-07 -6.912115557533763384e-08 3.84 0.00023291400673 1.6e-09
-8.844366933751936330e-06 2.698145879698275351e+00 1.909577022535391758e-02 1.731387188436911504e-04 -2.460518500670844517e-05 -3.429604076644306326e-07 3.84 0.00023291400673 1.6e-09
-1.047499654038856813e-05 3.882198209569706071e-01 -4.776758807767374562e-03 1.500464024443964178e-04 6.849549445859405477e-06 9.705280185146471133e-07 3.84 0.00023291400673 1.6e-09
-7.630952787935859662e-05 2.806943940997974174e+00 2.674642000226015726e-02 1.786243232069191847e-04 2.313868496943490574e-05 1.962485747419543700e-07 3.84 0.00023291400673 1.6e-09
-7.382379220053618288e-06 3.856383255554862721e+00 3.124490202585943066e-02 2.337812097644776147e-04 -5.012951355115476581e-07 -7.278503208039860368e-08 3.84 0.00023291400673 1.6e-09
-3.472025301303031274e-05 2.689353078751815396e+00 1.362490769423914741e-02 1.726822507363570897e-04 -2.483542552114662732e-05 -2.813765083313325885e-07 3.84 0.00023291400673 1.6e-09
-3.397004464952749876e-05 3.879089214770732319e-01 -3.958449147671620760e-03 1.500180256180535761e-04 8.320372007838540369e-06 9.706715286151334646e-07 3.84 0.00023291400673 1.6e-09
7.770024803029269324e-05 2.822123179591288000e+00 2.206337605979100808e-02 1.793813388460437758e-04 2.303623742343415150e-05 1.419448592382177821e-07 3.84 0.00023291400673 1.6e-09
-6.811902290572335503e-05 3.870809983295719459e+00 2.414197927158662910e-02 2.345462059468702079e-04 -4.523586775015468698e-07 -7.106617726907988398e-08 3.84 0.00023291400673 1.6e-09
-6.874780007993337369e-05 2.715121194319246367e+00 9.300156377746459507e-03 1.739622056225091445e-04 -2.458053292240542232e-05 -2.226559682140986105e-07 3.84 0.00023291400673 1.6e-09
-1.283475543570104061e-05 3.860361944083270380e-01 -3.287214768179716994e-03 1.504099260500339676e-04 5.630210520235506442e-06 9.294878866866667948e-07 3.84 0.00023291400673 1.6e-09
-4.987416403472577501e-05 2.804344541782879396e+00 1.568768477840383133e-02 1.784633942998542847e-04 2.339967042205899780e-05 8.285048443834575687e-08 3.84 0.00023291400673 1.6e-09
-6.087307314377934789e-05 3.882712766035957941e+00 1.547745689030552430e-02 2.351780597339608913e-04 -1.579071975901427956e-07 -6.306959864656694923e-08 3.84 0.00023291400673 1.6e-09
-1.788665903477890232e-05 2.766581940969152775e+00 4.470569297869100671e-03 1.765479138892255689e-04 -2.394073526666575010e-05 -1.497205378423506640e-07 3.84 0.00023291400673 1.6e-09
-2.577853044954339323e-05 3.847227235182671956e-01 -2.492913045468175045e-03 1.507039669069412560e-04 -4.259440817433246635e-07 8.332548265502677114e-07 3.84 0.00023291400673 1.6e-09
5.225080242212291133e-05 2.758038506243522203e+00 6.363383309007665176e-03 1.761112067365596019e-04 2.409470738731661382e-05 4.179346082747595753e-09 3.84 0.00023291400673 1.6e-09
-7.244253642672940667e-05 3.887028529081044681e+00 3.552412551358981492e-03 2.354069976952326791e-04 2.892862598586037882e-07 -4.620866763042746194e-08 3.84 0.00023291400673 1.6e-09
3.012546315456835803e-05 2.825088335654338145e+00 -1.809392084713515661e-03 1.795131917844834364e-04 -2.314385926650577255e-05 -5.119010859384230407e-08 3.84 0.00023291400673 1.6e-09
6.561762232486447095e-05 3.864592103876894891e-01 -1.341376064490766270e-03 1.502578421578640018e-04 -7.809567408117831691e-06 6.530376860162272984e-07 3.84 0.00023291400673 1.6e-09
1.313740154939865796e-05 2.697571517602055380e+00 -5.803538555099237856e-03 1.730649487180532364e-04 2.493050353346021799e-05 -9.394039303449384412e-08 3.84 0.00023291400673 1.6e-09
7.677898495403237262e-05 3.881844214019701589e+00 -1.116034082189539325e-02 2.351309033221465287e-04 7.328214986857541166e-07 -1.637504215718214994e-08 3.84 0.00023291400673 1.6e-09
8.867347603981696395e-05 2.870888967997610841e+00 -8.853943567370022028e-03 1.818534086054465109e-04 -2.245521760116172015e-05 7.116622280444208067e-08 3.84 0.00023291400673 1.6e-09
7.613305503957177483e-06 3.907648124121221866e-01 2.445352704062847549e-04 1.492143272200723253e-04 -1.388553823493032241e-05 3.561779936169578638e-07 3.84 0.00023291400673 1.6e-09
-5.879299659080801512e-05 2.643398756205372457e+00 -1.935194706879900597e-02 1.703595849597303665e-04 2.562910437276421700e-05 -1.953284040772748391e-07 3.84 0.00023291400673 1.6e-09
3.795767783369022124e-05 3.869967365120952074e+00 -2.627820971095110383e-02 2.344995760904132942e-04 1.054060724851429931e-06 2.867171812892587874e-08 3.84 0.00023291400673 1.6e-09
4.168554771593725261e-05 2.891522318112961010e+00 -1.480077327278830554e-02 1.829205054964873507e-04 -2.206065199277655630e-05 2.038510486234473831e-07 3.84 0.00023291400673 1.6e-09
4.431300455705053848e-05 3.943918912288600365e-01 2.078407740207195015e-03 1.483965992395368098e-04 -1.693690411405941162e-05 -8.093804792085939096e-08 3.84 0.00023291400673 1.6e-09
-4.655875392882921502e-05 2.613118642443183148e+00 -3.247016574675382072e-02 1.688638802949932302e-04 2.595909816192547390e-05 -2.771577344413710949e-07 3.84 0.00023291400673 1.6e-09
-4.119438919314609361e-05 3.856303380378237389e+00 -3.918893539228386624e-02 2.337745836492115497e-04 1.152974767635512159e-06 8.660278783975258616e-08 3.84 0.00023291400673 1.6e-09
2.263673494620813121e-05 2.883209966867975815e+00 -1.805528985697521516e-02 1.825096295266240504e-04 -2.205922064798535988e-05 3.298334270656127867e-07 3.84 0.00023291400673 1.6e-09
6.206054850706040841e-05 3.947110711529943083e-01 3.689375388174929646e-03 1.484205368205293455e-04 -1.631630559356037945e-05 -6.606424290270087457e-07 3.84 0.00023291400673 1.6e-09
4.658507591390492503e-05 2.615206881023169228e+00 -4.350030174176484909e-02 1.689838972580689417e-04 2.582102625171111743e-05 -3.187291171624013316e-07 3.84 0.00023291400673 1.6e-09
-1.113857208526453075e-04 3.844746033423292353e+00 -4.787796378426377453e-02 2.331628018847622334e-04 1.000680297591945379e-06 1.508054412124931878e-07 3.84 0.00023291400673 1.6e-09
-4.353625417926300302e-06 2.848420624611669449e+00 -1.788359121015739919e-02 1.807467016423525564e-04 -2.244920004410751462e-05 4.318951449471668100e-07 3.84 0.00023291400673 1.6e-09
-6.558572243024811356e-05 3.920430808758352814e-01 4.469562314681854200e-03 1.491799266616762013e-04 -1.217941516880633448e-05 -1.345514452148162777e-06 3.84 0.00023291400673 1.6e-09
5.538380654489760918e-05 2.648317783028470096e+00 -5.071896607841455684e-02 1.706477566476743198e-04 2.526600608489335003e-05 -3.044728151798998123e-07 3.84 0.00023291400673 1.6e-09
7.879097840007468585e-06 3.837473559194587214e+00 -5.055360109648897315e-02 2.327788854504532468e-04 6.232056450096270173e-07 2.127385430450688165e-07 3.84 0.00023291400673 1.6e-09
1.071576544303440401e-05 2.794595697270102264e+00 -1.395864267849689089e-02 1.780181382894974499e-04 -2.315405045509453852e-05 4.902441036137930901e-07 3.84 0.00023291400673 1.6e-09
2.595986749884387763e-05 3.890418027452987593e-01 3.944151459945931942e-03 1.499857065417620487e-04 -5.505834573274690060e-06 -2.045951746899371173e-06 3.84 0.00023291400673 1.6e-09
-4.408259391973075401e-05 2.703104098734677940e+00 -5.243797166584466402e-02 1.733984186395033894e-04 2.445269941993683560e-05 -2.269023459143150870e-07 3.84 0.00023291400673 1.6e-09
9.922980490849006054e-05 3.835616858478783087e+00 -4.557783406072182797e-02 2.326813862769037098e-04 1.272543520882709335e-07 2.652105897328659254e-07 3.84 0.00023291400673 1.6e-09
-8.661199542263275041e-05 2.734340322558956871e+00 -5.993297960209976495e-03 1.749728415765611971e-04 -2.400016554765007561e-05 4.840685459295201744e-07 3.84 0.00023291400673 1.6e-09
-2.210331383745820999e-05 3.882248641496723329e-01 2.070658288455967840e-03 1.501777342822329265e-04 2.099907038346176771e-06 -2.639838855160116896e-06 3.84 0.00023291400673 1.6e-09
-2.762181442943998714e-05 2.764807185461413130e+00 -4.786285003496207335e-02 1.765071307497573846e-04 2.359411700841959370e-05 -9.250848925570558568e-08 3.84 0.00023291400673 1.6e-09
5.583079757523494089e-05 3.839675878785371310e+00 -3.249034250980636918e-02 2.328961742803288982e-04 -3.480334629602377215e-07 3.047736724037689870e-07 3.84 0.00023291400673 1.6e-09
1.015533191191284425e-05 2.683931221208426976e+00 5.892674630317527862e-03 1.724295708268560375e-04 -2.477612928279020717e-05 4.031219800572437655e-07 3.84 0.00023291400673 1.6e-09
-4.122379627417761155e-05 3.895486779598230642e-01 -6.709332065452186132e-04 1.497593955979391594e-04 8.441872889094490580e-06 -3.039524792630548705e-06 3.84 0.00023291400673 1.6e-09
-7.454735363654608853e-05 2.817052049211659970e+00 -3.779854810901120410e-02 1.791455133578428007e-04 2.293356947879203651e-05 7.764640606056487700e-08 3.84 0.00023291400673 1.6e-09
2.152292126141511745e-05 3.849280246189498378e+00 -1.292958984286810518e-02 2.334042559369298153e-04 -6.759614806759742146e-07 3.313282967684714379e-07 3.84 0.00023291400673 1.6e-09
-1.616961612369701101e-05 2.658852554125910927e+00 2.067236613568960296e-02 1.711597954175436719e-04 -2.522448953451462080e-05 2.599040544091425692e-07 3.84 0.00023291400673 1.6e-09
2.679768380841951320e-05 3.905933725868170892e-01 -3.489899091991378356e-03 1.493836542031637036e-04 1.171294233171503858e-05 -3.245034535563524959e-06 3.84 0.00023291400673 1.6e-09
-8.052857268957977163e-05 2.846352869421896692e+00 -2.430078021369672103e-02 1.806220974853822540e-04 2.263439330241516571e-05 2.579471920348705285e-07 3.84 0.00023291400673 1.6e-09
1.143160816219435463e-04 3.862723832618883524e+00 9.956822904963563009e-03 2.341164229263462127e-04 -7.689191763458463660e-07 3.463953870484918687e-07 3.84 0.00023291400673 1.6e-09
7.091577678278961538e-05 2.667810355589498084e+00 3.667035568020349245e-02 1.715912697853945088e-04 -2.521077428325709576e-05 8.662188412695917023e-08 3.84 0.00023291400673 1.6e-09
1.992635973834243910e-05 3.892519333277418836e-01 -5.679247083398116652e-03 1.496143922986744017e-04 1.104404339185950891e-05 -3.326733259709841034e-06 3.84 0.00023291400673 1.6e-09
-8.167055042305959784e-05 2.844873545223429723e+00 -9.909609224321436205e-03 1.805317964327040172e-04 2.277302186834759398e-05 4.280602153872065752e-07 3.84 0.00023291400673 1.6e-09
6.738207621878245152e-05 3.876468218086191353e+00 3.274874091342876159e-02 2.348456907514965479e-04 -5.865811955407779109e-07 3.527882155098774727e-07 3.84 0.00023291400673 1.6e-09
6.101103643986062583e-05 2.708608905285105450e+00 5.214892345793227524e-02 1.736255271381233320e-04 -2.472651440347872965e-05 -8.035612568031170223e-08 3.84 0.00023291400673 1.6e-09
-2.399897185016984139e-05 3.863511788952117554e-01 -6.917281429012595365e-03 1.502832283952144953e-04 6.521506268401087488e-06 -3.364863826989992235e-06 3.84 0.00023291400673 1.6e-09
5.160816334470592318e-05 2.812047223401775042e+00 2.902538999440014769e-03 1.788519420141335809e-04 2.330585779927966809e-05 5.754534823206985979e-07 3.84 0.00023291400673 1.6e-09
6.913415374141298466e-06 3.885347361436698677e+00 5.254716828930926231e-02 2.353172394451921593e-04 -1.944315425044638223e-07 3.548941184169624827e-07 3.84 0.00023291400673 1.6e-09
-3.608486973820889104e-05 2.767101824707496771e+00 6.561301573409239474e-02 1.765705169406768678e-04 -2.394510561437214214e-05 -2.153081366136566049e-07 3.84 0.00023291400673 1.6e-09
-6.780615069403438003e-05 3.850065746303509284e-01 -7.323044609225570073e-03 1.506122765090478098e-04 -5.256452657268264531e-07 -3.405089620455370264e-06 3.84 0.00023291400673 1.6e-09
4.874487363371425309e-05 2.756667408733542324e+00 1.258470390464738568e-02 1.760428141384850955e-04 2.409654225274147907e-05 6.961656943558461281e-07 3.84 0.00023291400673 1.6e-09
8.786063467329311685e-05 3.885084137425886208e+00 6.785695551593474983e-02 2.353029529160542829e-04 2.708537282309922281e-07 3.571664955775294097e-07 3.84 0.00023291400673 1.6e-09
1.514440403566280554e-05 2.822212621094614349e+00 7.622900807114413313e-02 1.793679291072125721e-04 -2.315439666725943227e-05 -3.122799016964708285e-07 3.84 0.00023291400673 1.6e-09
-2.885642813941832001e-05 3.869680055529564067e-01 -7.340888992428344639e-03 1.501397146265460157e-04 -7.636785488921007053e-06 -3.449725188118750289e-06 3.84 0.00023291400673 1.6e-09
5.389596011262796276e-06 2.697067353902837361e+00 1.943313498452717281e-02 1.730453616958023584e-04 2.488372207525620122e-05 7.950158623124092088e-07 3.84 0.00023291400673 1.6e-09
-5.135763727937229514e-05 3.875770293429696256e+00 7.931581311559672554e-02 2.348077335853359401e-04 6.762631615140922217e-07 3.606896957394710800e-07 3.84 0.00023291400673 1.6e-09
-7.339087414720182184e-06 2.855844611870848482e+00 8.423148870894939244e-02 1.810912908309061833e-04 -2.259413073658083666e-05 -3.849924793842957259e-07 3.84 0.00023291400673 1.6e-09
-1.867528803170440365e-05 3.903864478726671861e-01 -7.535896528898815630e-03 1.493463389677595309e-04 -1.231347978167088669e-05 -3.474673429004850133e-06 3.84 0.00023291400673 1.6e-09
5.331894801612857120e-05 2.654366011117959001e+00 2.520096350901232171e-02 1.709186956691086828e-04 2.538583323887943596e-05 8.796649657203993921e-07 3.84 0.00023291400673 1.6e-09
1.501023957550072095e-05 3.861666939459410752e+00 8.885168398991286076e-02 2.340589958967269162e-04 8.671793544212601891e-07 3.611663184293996816e-07 3.84 0.00023291400673 1.6e-09
-7.462678164428601256e-05 2.858946825825554594e+00 9.037137207542135509e-02 1.812647128089878786e-04 -2.242317518602730779e-05 -4.556075013701981076e-07 3.84 0.00023291400673 1.6e-09
-2.457250054858159535e-05 3.919936443221288536e-01 -8.381930226474029744e-03 1.490443922933843866e-04 -1.319996456251049132e-05 -3.432461043361268013e-06 3.84 0.00023291400673 1.6e-09
-1.183987548211022834e-05 2.643079226229620105e+00 3.178809736639232747e-02 1.703702186640625074e-04 2.543653696771499433e-05 9.536060326275720373e-07 3.84 0.00023291400673 1.6e-09
1.058207744752176136e-04 3.847789025028235166e+00 9.813796583655867711e-02 2.333235897862288226e-04 7.913448462805127419e-07 3.511311403136702774e-07 3.84 0.00023291400673 1.6e-09
8.831985664363058966e-05 2.831191228891404954e+00 9.507484427503982982e-02 1.798639055037387722e-04 -2.270514210402181443e-05 -5.423276429082158137e-07 3.84 0.00023291400673 1.6e-09
6.623988496424035755e-05 3.907262067671940509e-01 -1.005042967327685402e-02 1.494571211104449987e-04 -1.013038349190098129e-05 -3.248945833907202843e-06 3.84 0.00023291400673 1.6e-09
-4.841607893350130141e-05 2.666582363447601800e+00 4.049362479824650252e-02 1.715592082328598307e-04 2.500541544865313910e-05 1.016475353151675634e-06 3.84 0.00023291400673 1.6e-09
5.935425561991054799e-05 3.837901082280348319e+00 1.081274647431303138e-01 2.328004941876299122e-04 4.759872107504423987e-07 3.244493230464485368e-07 3.84 0.00023291400673 1.6e-09
6.281438837732019795e-05 2.780061375084557973e+00 9.850242072278410366e-02 1.772786450194216152e-04 -2.334550633650695053e-05 -6.542546676450446143e-07 3.84 0.00023291400673 1.6e-09
-2.045105535594985311e-05 3.886789938969472669e-01 -1.227360808321985644e-02 1.500312874149700390e-04 -3.883531791487111687e-06 -2.857542113356197199e-06 3.84 0.00023291400673 1.6e-09
-2.845784113543998144e-05 2.716715364897483553e+00 5.174998645826989208e-02 1.740826988082704637e-04 2.423897800905148488e-05 1.068408304315467533e-06 3.84 0.00023291400673 1.6e-09
-7.304239223947481025e-05 3.834552422353417089e+00 1.192287371493811338e-01 2.326233904947038454e-04 1.903860661734329700e-08 2.804342200752564809e-07 3.84 0.00023291400673 1.6e-09
3.116594684299948991e-05 2.721079736298297025e+00 1.010531905945089848e-01 1.743020559195728857e-04 -2.416278022556450498e-05 -7.892424483950944200e-07 3.84 0.00023291400673 1.6e-09
-7.357765026685498752e-05 3.884311883980553493e-01 -1.446804634737482859e-02 1.500724675408199793e-04 3.469368127099324227e-06 -2.267077217967421434e-06 3.84 0.00023291400673 1.6e-09
3.278247722460527738e-05 2.776026988216665714e+00 6.482149517459695476e-02 1.770735290343204238e-04 2.341133442259787348e-05 1.111189169958259850e-06 3.84 0.00023291400673 1.6e-09
-9.490781382828188258e-05 3.838954998373900196e+00 1.311095414777249113e-01 2.328557720662449942e-04 -4.279134500373643632e-07 2.252200447120535903e-07 3.84 0.00023291400673 1.6e-09
6.002150271082996803e-05 2.675165330384130513e+00 1.033547267368261496e-01 1.719868570341632585e-04 -2.486898547881247261e-05 -9.310574603662559063e-07 3.84 0.00023291400673 1.6e-09
-5.406245018901621811e-05 3.898006210084979939e-01 -1.608137257314492738e-02 1.496332824009789938e-04 9.248471799345334835e-06 -1.598358166096518019e-06 3.84 0.00023291400673 1.6e-09
1.034195997258005356e-06 2.823840766169792182e+00 7.785783763071579822e-02 1.794868363599699096e-04 2.282218676481818264e-05 1.146329941309282030e-06 3.84 0.00023291400673 1.6e-09
-8.665289771913604444e-05 3.850277337782752607e+00 1.424611270169549027e-01 2.334545115298688827e-04 -6.945592471010507810e-07 1.686437062333895559e-07 3.84 0.00023291400673 1.6e-09
2.351303132003540187e-05 2.660451362568120537e+00 1.057192150415229293e-01 1.712345622642327662e-04 -2.517650173896446688e-05 -1.052769088263209556e-06 3.84 0.00023291400673 1.6e-09
1.693092361446494430e-05 3.900628493773329319e-01 -1.691611068325218556e-02 1.494492070503897576e-04 1.137455743654316971e-05 -1.011532953520505105e-06 3.84 0.00023291400673 1.6e-09
-7.667367049211457736e-05 2.844060334346122154e+00 8.858060954843489931e-02 1.804987761588057568e-04 2.266496939947485208e-05 1.173451399635164869e-06 3.84 0.00023291400673 1.6e-09
4.517724244745947257e-05 3.865412841034141067e+00 1.513627392076517530e-01 2.342564620213620475e-04 -6.882225659114314245e-07 1.192841811615067295e-07 3.84 0.00023291400673 1.6e-09
2.060565869158662971e-05 2.683915081515428902e+00 1.077586150214587535e-01 1.723929902750722287e-04 -2.495920249869737175e-05 -1.129339466475698092e-06 3.84 0.00023291400673 1.6e-09
2.015380360128735582e-06 3.877734925750834227e-01 -1.709490997840251714e-02 1.499275933515881621e-04 9.073314288197608730e-06 -6.121403643180707427e-07 3.84 0.00023291400673 1.6e-09
3.420358245485379553e-05 2.829377785365418951e+00 9.496827988066439130e-02 1.797369627456060846e-04 2.297908773001579557e-05 1.188670571525214871e-06 3.84 0.00023291400673 1.6e-09
8.414124771191424670e-05 3.879045219476055628e+00 1.558093876632408170e-01 2.349800380117890593e-04 -3.984535814112774211e-07 8.174999044556978797e-08 3.84 0.00023291400673 1.6e-09
6.113955455313480243e-05 2.737595930240301456e+00 1.083480334013540991e-01 1.750808573219335895e-04 -2.429685492941496030e-05 -1.149114124127022889e-06 3.84 0.00023291400673 1.6e-09
-7.140476525029265437e-05 3.851720709561629041e-01 -1.681132881009649721e-02 1.505430421013698877e-04 2.943895801479046477e-06 -4.149407523627841683e-07 3.84 0.00023291400673 1.6e-09
4.195914547292708952e-05 2.782838902253298219e+00 9.589045007763428996e-02 1.773656945315778321e-04 2.369184872668874943e-05 1.184611509857711266e-06 3.84 0.00023291400673 1.6e-09
-9.517386765581953864e-06 3.884964103692190918e+00 1.543910957751214452e-01 2.352945090580866867e-04 7.546590113321592271e-08 5.632127270087145574e-08 3.84 0.00023291400673 1.6e-09
-8.420783746752278113e-05 2.800788661979890737e+00 1.061017431709943559e-01 1.782766635509285035e-04 -2.343214883706811299e-05 -1.117389234292998228e-06 3.84 0.00023291400673 1.6e-09
3.098675656727965474e-05 3.856215713561510494e-01 -1.619107203598058042e-02 1.504336407653660609e-04 -4.891480771666821084e-06 -3.453324087082749571e-07 3.84 0.00023291400673 1.6e-09
-2.265893088905407177e-05 2.719573052969222360e+00 9.192916170693792022e-02 1.741711369009971947e-04 2.456936543836473743e-05 1.153886815299428905e-06 3.84 0.00023291400673 1.6e-09
6.731672985485644654e-05 3.880154794866829349e+00 1.473245843326836946e-01 2.350389437051490684e-04 5.499532499730752130e-07 3.959681584237534243e-08 3.84 0.00023291400673 1.6e-09
-8.371932905294835739e-05 2.849870456431109478e+00 1.004444603168197919e-01 1.807802441879046112e-04 -2.269800238055756869e-05 -1.052597115891368457e-06 3.84 0.00023291400673 1.6e-09
5.235335784265834897e-05 3.891290439791719180e-01 -1.532838563781641766e-02 1.495953727345498020e-04 -1.136117943084331350e-05 -2.875214187822576694e-07 3.84 0.00023291400673 1.6e-09
-7.182791465912010634e-05 2.663104329725033637e+00 8.519352710800996709e-02 1.713464832216175142e-04 2.529353664156101914e-05 1.092037057868080811e-06 3.84 0.00023291400673 1.6e-09
-7.355779809761852468e-05 3.867505002781034040e+00 1.364010118511241321e-01 2.343673287058648826e-04 8.839347708320684623e-07 2.582007739228732540e-08 3.84 0.00023291400673 1.6e-09
-3.821457166200805181e-05 2.869656498110549236e+00 9.197854951333098161e-02 1.818033234735081998e-04 -2.231866181954350627e-05 -9.756682510552951141e-07 3.84 0.00023291400673 1.6e-09
-3.653666408783407102e-05 3.922130762904940671e-01 -1.431906243340799918e-02 1.489222051923096580e-04 -1.428000200629694216e-05 -1.506946792521588636e-07 3.84 0.00023291400673 1.6e-09
-6.186250643666914273e-05 2.634251565088691294e+00 7.779118849966885907e-02 1.699208583187810121e-04 2.559849588842958389e-05 9.978208543339218267e-07 3.84 0.00023291400673 1.6e-09
-2.372656150873600863e-05 3.852923603463113800e+00 1.234703235577677694e-01 2.335945666063704649e-04 9.467171593236112279e-07 9.152305848521765925e-09 3.84 0.00023291400673 1.6e-09
-8.584193167528098489e-05 2.856193056899654970e+00 8.159444362885935609e-02 1.811326453517762771e-04 -2.238587893021095764e-05 -8.994330959534858297e-07 3.84 0.00023291400673 1.6e-09
3.621437535126974879e-05 3.920904026024657485e-01 -1.320336414017114768e-02 1.490622469125028578e-04 -1.301419833566630179e-05 1.023063520901242752e-07 3.84 0.00023291400673 1.6e-09
-1.314633944835623641e-05 2.642265428068351518e+00 7.091511312808097822e-02 1.703374207809562539e-04 2.538297109495836132e-05 8.757776248260277823e-07 3.84 0.00023291400673 1.6e-09
-8.621724099298745214e-05 3.841455344462264332e+00 1.097021500051896942e-01 2.329881934206696169e-04 7.394570844798245131e-07 -1.392445542653830231e-08 3.84 0.00023291400673 1.6e-09
8.293484425178922182e-05 2.814611912753433032e+00 6.999410916472234567e-02 1.790276905058650028e-04 -2.289290973955350605e-05 -8.272248714762730797e-07 3.84 0.00023291400673 1.6e-09
-7.297687043351102243e-05 3.896666805674701695e-01 -1.194846453847489554e-02 1.497591995312499351e-04 -7.982678236285146935e-06 4.536557464606368730e-07 3.84 0.00023291400673 1.6e-09
-2.107454777105797279e-06 2.682894543134308307e+00 6.511946124808751235e-02 1.723809044019615781e-04 2.474403118492045567e-05 7.400796367886506158e-07 3.84 0.00023291400673 1.6e-09
-6.472725431279080239e-05 3.836317686697904961e+00 9.615371976854955594e-02 2.327174455268211798e-04 3.259834188349247923e-07 -4.327827080329429554e-08 3.84 0.00023291400673 1.6e-09
5.081010573988450961e-05 2.758524037563326203e+00 5.810972691454827088e-02 1.761911845655627241e-04 -2.365458367716100026e-05 -7.587477868466162637e-07 3.84 0.00023291400673 1.6e-09
-8.756170481852520960e-06 3.879345407058127915e-01 -1.054699921214563747e-02 1.502171284972119098e-04 -9.705149581300040050e-07 8.422370711876689036e-07 3.84 0.00023291400673 1.6e-09
2.636937677418659556e-05 2.740488803991919298e+00 6.058381183147829030e-02 1.752783829923064461e-04 2.392971051220516303e-05 6.111116988624584127e-07 3.84 0.00023291400673 1.6e-09
5.724767509169904390e-05 3.839034871577030383e+00 8.401884834522679868e-02 2.328617932698129615e-04 -1.419884086687707193e-07 -7.473432868924858758e-08 3.84 0.00023291400673 1.6e-09
8.814356943486101228e-06 2.708060496973163200e+00 4.723388809035897890e-02 1.736427174032389759e-04 -2.440965299282652458e-05 -6.942280562838803186e-07 3.84 0.00023291400673 1.6e-09
-5.201500945937911728e-05 3.882056576818920246e-01 -9.117628292220871650e-03 1.500873145725198084e-04 5.464532567271465613e-06 1.182698893694253856e-06 3.84 0.00023291400673 1.6e-09
4.924791437430481300e-05 2.793729818302544743e+00 5.683144153026781220e-02 1.779618426650655732e-04 2.325010601059816700e-05 5.026322304955805390e-07 3.84 0.00023291400673 1.6e-09
-5.788728255738854149e-05 3.849081396691908630e+00 7.373631109337934475e-02 2.333937076888128038e-04 -4.684387063530571453e-07 -1.020085302851407636e-07 3.84 0.00023291400673 1.6e-09
-2.214396162325075595e-05 2.683014784870228375e+00 3.822186199744480317e-02 1.723716464254396185e-04 -2.486182081154070933e-05 -6.313944345335171833e-07 3.84 0.00023291400673 1.6e-09
4.063388060009039430e-05 3.886605818037455196e-01 -7.840930851806534457e-03 1.498661784319907993e-04 8.837627433273909046e-06 1.422290085068634289e-06 3.84 0.00023291400673 1.6e-09
-2.632833057979010730e-05 2.824038105250090247e+00 5.261273318423255463e-02 1.794848448835244616e-04 2.294983435542855151e-05 4.126555931183467473e-07 3.84 0.00023291400673 1.6e-09
1.366270285014873351e-05 3.863792770773744056e+00 6.422353933401241111e-02 2.341733633927676550e-04 -5.542367357079458823e-07 -1.204731636557278084e-07 3.84 0.00023291400673 1.6e-09
-1.938424607063328025e-05 2.694203854478805837e+00 3.069002405245318046e-02 1.729162499702413471e-04 -2.482550784751404220e-05 -5.616530525295912667e-07 3.84 0.00023291400673 1.6e-09
-3.675311472507653075e-05 3.872665113125410841e-01 -6.794750904152616067e-03 1.501132095046633507e-04 7.982213909690625718e-06 1.549320663613932897e-06 3.84 0.00023291400673 1.6e-09
-2.561724789824809429e-05 2.821134905131637893e+00 4.628713371735607846e-02 1.793212258626579491e-04 2.311871944410578939e-05 3.265420471850338429e-07 3.84 0.00023291400673 1.6e-09
-5.348805313967534521e-05 3.878563751001738336e+00 5.328876966261855697e-02 2.349573031957854206e-04 -3.480776243145739954e-07 -1.284911473637314980e-07 3.84 0.00023291400673 1.6e-09
-3.521428887301779689e-05 2.738719867079346670e+00 2.320327791407350224e-02 1.751429726252772857e-04 -2.430427936343567411e-05 -4.725781369634082087e-07 3.84 0.00023291400673 1.6e-09
-3.858749702210904518e-05 3.850550194816217964e-01 -5.851193592116566908e-03 1.506127981390888377e-04 2.968575483758062668e-06 1.567988877535375065e-06 3.84 0.00023291400673 1.6e-09
3.173024220376553713e-05 2.784520368877379859e+00 3.643202590458700929e-02 1.774519413793570815e-04 2.371617053600440022e-05 2.265412552567923469e-07 3.84 0.00023291400673 1.6e-09
-3.503944189508381257e-06 3.887505701166890759e+00 3.882807915637302709e-02 2.354322213096112805e-04 6.730340341754034844e-08 -1.251964852553787567e-07 3.84 0.00023291400673 1.6e-09
4.879647927895796363e-06 2.800355574033678518e+00 1.428589269744865234e-02 1.782549542955505452e-04 -2.349784702442889010e-05 -3.544158902048852394e-07 3.84 0.00023291400673 1.6e-09
5.482014259584309945e-06 3.852057818630911235e-01 -4.738497972964006606e-03 1.505555524614528306e-04 -4.576964128860588726e-06 1.475378409386867283e-06 3.84 0.00023291400673 1.6e-09
3.861565640007534156e-05 2.724716755884606822e+00 2.276526799753129937e-02 1.744275848959515526e-04 2.457137385770101829e-05 1.035767294686011105e-07 3.84 0.00023291400673 1.6e-09
-4.021898483887125479e-05 3.886420955305039282e+00 2.043194194497334470e-02 2.353741289668156067e-04 5.645715540246192291e-07 -1.083220240254387716e-07 3.84 0.00023291400673 1.6e-09
-5.279809055859194141e-05 2.856820091628868408e+00 3.778754985992988265e-03 1.811313562342713136e-04 -2.268370625616330627e-05 -2.070990316155158939e-07 3.84 0.00023291400673 1.6e-09
-5.713093738948897820e-05 3.889526393309369334e-01 -3.194925803682102140e-03 1.496300904714439103e-04 -1.188687888525112920e-05 1.265742158134210938e-06 3.84 0.00023291400673 1.6e-09
-2.521065745528465582e-06 2.661948603094634880e+00 6.606825093391903783e-03 1.712817049934285598e-04 2.540659370701628942e-05 -3.496009985755431920e-08 3.84 0.00023291400673 1.6e-09
6.943050403730354413e-06 3.876267925440034290e+00 4.351650858289552560e-05 2.348341364162399121e-04 9.732096108141015558e-07 -7.551687658881513926e-08 3.84 0.00023291400673 1.6e-09
-8.330443680613171167e-05 2.890692532920676516e+00 -6.746932585188748777e-03 1.828725801641374008e-04 -2.211869016445218683e-05 -4.206634446836194952e-08 3.84 0.00023291400673 1.6e-09
6.309469092807868274e-05 3.936309873544798776e-01 -1.159943561917111884e-03 1.485314807572900753e-04 -1.662392757028397208e-05 9.317006310207757835e-07 3.84 0.00023291400673 1.6e-09
5.387290606402732915e-05 2.617730573304269726e+00 -1.006690920696566918e-02 1.690876947648066149e-04 2.593597190649196425e-05 -1.695432483506286776e-07 3.84 0.00023291400673 1.6e-09
-8.199475191602178419e-05 3.862058945654092135e+00 -1.950455296841788200e-02 2.340796202845130635e-04 1.184216749677675603e-06 -2.732677837412766247e-08 3.84 0.00023291400673 1.6e-09
-7.777396204188784647e-05 2.894675287895671190e+00 -1.531404045586120047e-02 1.830907427527288256e-04 -2.194166981613586420e-05 1.247985577421992916e-07 3.84 0.00023291400673 1.6e-09
7.421747543405380449e-06 3.956005025815376719e-01 1.092703188375192388e-03 1.481532472555539110e-04 -1.759028438000587803e-05 4.625883388796797887e-07 3.84 0.00023291400673 1.6e-09
6.872301530522250193e-05 2.605380306008852731e+00 -2.558455612030723428e-02 1.684889644537034545e-04 2.600417771319581023e-05 -2.780405178580126544e-07 3.84 0.00023291400673 1.6e-09
-5.409059087683877571e-05 3.848814162712639764e+00 -3.597534253290480405e-02 2.333778532298385602e-04 1.128536291140155059e-06 3.174618303505756272e-08 3.84 0.00023291400673 1.6e-09
-3.527231653808139466e-05 2.869572339156831298e+00 -2.076143541133460002e-02 1.818214070977483402e-04 -2.218346917515644272e-05 2.787217230281093181e-07 3.84 0.00023291400673 1.6e-09
-6.497868785540710076e-05 3.937721531130123909e-01 3.014407632314296172e-03 1.487112362480196210e-04 -1.478739529110808992e-05 -1.369436283707705532e-07 3.84 0.00023291400673 1.6e-09
1.930204221557753623e-05 2.627046098367223692e+00 -3.841194374512352239e-02 1.695812910245204290e-04 2.560376062645681046e-05 -3.404356267893024755e-07 3.84 0.00023291400673 1.6e-09
-7.950385535728160047e-05 3.839580268779815508e+00 -4.757214655082189075e-02 2.328898475733328472e-04 8.345478435905147656e-07 9.438114315678100004e-08 3.84 0.00023291400673 1.6e-09
7.307873032227210695e-05 2.821788975083344031e+00 -2.258188455746185791e-02 1.793962436068565175e-04 -2.278742854471264601e-05 4.032861365646139705e-07 3.84 0.00023291400673 1.6e-09
4.185833444574805785e-05 3.902649158655219219e-01 3.994908552110015831e-03 1.496594105882454893e-04 -8.959836885221170502e-06 -8.224860122636247519e-07 3.84 0.00023291400673 1.6e-09
-3.170054151147879670e-05 2.675280496223493287e+00 -4.681748079039877580e-02 1.720002295976248816e-04 2.486112225434792590e-05 -3.414665827622630963e-07 3.84 0.00023291400673 1.6e-09
-8.795245032539767305e-05 3.835792722711002245e+00 -5.240057165761875801e-02 2.326903854478420703e-04 3.784727897443022826e-07 1.530348216381180472e-07 3.84 0.00023291400673 1.6e-09
6.940387316136584206e-05 2.762823253085382902e+00 -2.032277201241003417e-02 1.764101612559969452e-04 -2.359883440616379223e-05 4.774379363510528541e-07 3.84 0.00023291400673 1.6e-09
3.494614712408865569e-05 3.881476568143960582e-01 3.676296643983593786e-03 1.502111515486595017e-04 -1.518738304109589117e-06 -1.498954819085715151e-06 3.84 0.00023291400673 1.6e-09
-6.624103258945379137e-05 2.736003602189229333e+00 -4.939853439756500264e-02 1.750531746118499281e-04 2.399642242217667385e-05 -2.772294240144617938e-07 3.84 0.00023291400673 1.6e-09
3.948002998090416077e-05 3.837954094909931335e+00 -4.907223803900494230e-02 2.328051087308173638e-04 -1.210398631804263391e-07 2.027587660978991887e-07 3.84 0.00023291400673 1.6e-09
-1.913703211424754383e-05 2.708163348060592668e+00 -1.367755136936735574e-02 1.736501978039127004e-04 -2.440418378373100319e-05 4.824975947368225193e-07 3.84 0.00023291400673 1.6e-09
7.402044797800039775e-05 3.885065357153568710e-01 2.183456465043029544e-03 1.500647830374991993e-04 5.402821797870145455e-06 -2.058402411789809115e-06 3.84 0.00023291400673 1.6e-09
-4.615502335533541440e-05 2.792621482122781718e+00 -4.606221571494201888e-02 1.779090875783976254e-04 2.324804288709965877e-05 -1.608664444785064897e-07 3.84 0.00023291400673 1.6e-09
8.682440299534840327e-05 3.845749679947354505e+00 -3.802578471128365001e-02 2.332175282351793663e-04 -5.128693300684408089e-07 2.418575314362056230e-07 3.84 0.00023291400673 1.6e-09
-2.768959661541210872e-05 2.673532679448432425e+00 -3.162637495039180048e-03 1.719003413019526329e-04 -2.497775034100660783e-05 4.167189471347047419e-07 3.84 0.00023291400673 1.6e-09
6.133501595978402613e-05 3.896874796771902516e-01 9.122896248794497721e-05 1.496641751598374627e-04 9.874280136516803174e-06 -2.444128469994235694e-06 3.84 0.00023291400673 1.6e-09
7.603247855062945514e-05 2.830661515312756560e+00 -3.820566289046022079e-02 1.798295622228658673e-04 2.280309309374358871e-05 -1.723784673619864883e-08 3.84 0.00023291400673 1.6e-09
2.788569801758032895e-05 3.857837065693858314e+00 -2.171668370621942026e-02 2.338576407094956249e-04 -6.878880839871913652e-07 2.703891125061532025e-07 3.84 0.00023291400673 1.6e-09
-1.000182279621257287e-05 2.669685453926325280e+00 9.730613960344736829e-03 1.716922315720176197e-04 -2.513883607706622451e-05 3.008772911326570575e-07 3.84 0.00023291400673 1.6e-09
-1.467105609353149781e-05 3.892891741312448639e-01 -1.881774421711732278e-03 1.496543384134967568e-04 1.073070756359177537e-05 -2.673857189349418412e-06 3.84 0.00023291400673 1.6e-09
1.747487229351801183e-05 2.840804293884212406e+00 -2.806082128311378904e-02 1.803308709484859962e-04 2.278062333365435486e-05 1.287267621877276164e-07 3.84 0.00023291400673 1.6e-09
-8.443874171203713292e-05 3.871460909288731322e+00 -3.501621274522661448e-03 2.345802267191869563e-04 -6.032861458181171909e-07 2.894892443134143574e-07 3.84 0.00023291400673 1.6e-09
2.708165888609195769e-05 2.698150581233803358e+00 2.313521761283791195e-02 1.731055663085095302e-04 -2.483943495672015069e-05 1.683009870403046055e-07 3.84 0.00023291400673 1.6e-09
-2.885795107181074156e-06 3.869772735455695445e-01 -3.219401249251414854e-03 1.501608539752174575e-04 7.710451392098831785e-06 -2.807441002925986880e-06 3.84 0.00023291400673 1.6e-09
-5.725000000368272551e-05 2.820239103488965782e+00 -1.807254283885168650e-02 1.792715536308564354e-04 2.317010925689718661e-05 2.588000744166347727e-07 3.84 0.00023291400673 1.6e-09
-9.947363982041905939e-06 3.882253035802203822e+00 1.342595042470845663e-02 2.351532777259374249e-04 -3.024083367000435794e-07 3.022384825766903493e-07 3.84 0.00023291400673 1.6e-09
6.533905074763160731e-05 2.749388300780382988e+00 3.537600647584340785e-02 1.756772257976413863e-04 -2.418796606724579303e-05 5.008372107443400698e-08 3.84 0.00023291400673 1.6e-09
-2.719086785492160960e-05 3.850530514140509952e-01 -3.779345615946665560e-03 1.506191376053003664e-04 1.690243647579209144e-06 -2.906346447655449822e-06 3.84 0.00023291400673 1.6e-09
-6.275938394717440105e-05 2.774108235517407373e+00 -1.021503404851610911e-02 1.769251948165286362e-04 2.385904073249702932e-05 3.641998543829806981e-07 3.84 0.00023291400673 1.6e-09
-1.288253584153695007e-05 3.885636188359129939e+00 2.693189666484935643e-02 2.353328800417385275e-04 1.319037302462544620e-07 3.136132870609584460e-07 3.84 0.00023291400673 1.6e-09
1.337028060996192533e-05 2.805270969437407835e+00 4.542548973489340947e-02 1.785065743527377755e-04 -2.340930212385495168e-05 -3.680586815856674133e-08 3.84 0.00023291400673 1.6e-09
-4.380199702297480328e-05 3.859097978811306673e-01 -3.784502367787848272e-03 1.504100687374484502e-04 -5.333115453993408568e-06 -3.010810234014814289e-06 3.84 0.00023291400673 1.6e-09
4.856097364105527414e-05 2.716694841547601325e+00 -5.012284944373250270e-03 1.740302690687779588e-04 2.463377867784401242e-05 4.479281103108878670e-07 3.84 0.00023291400673 1.6e-09
5.422439879633979054e-05 3.879993660500229868e+00 3.689053107312496860e-02 2.350327594120432142e-04 5.493429902170048262e-07 3.277047779165428204e-07 3.84 0.00023291400673 1.6e-09
-4.640004782866237964e-06 2.846874175449674915e+00 5.337296815799850297e-02 1.806301710651617479e-04 -2.276722162567843558e-05 -9.541591465626746046e-08 3.84 0.00023291400673 1.6e-09
3.528009665724270334e-05 3.890512457397736767e-01 -3.687767739675275672e-03 1.496610601744421596e-04 -1.092417726178096347e-05 -3.136473868267768319e-06 3.84 0.00023291400673 1.6e-09
-6.170101177375589090e-05 2.667667126825352675e+00 -1.313457616381701835e-03 1.715776496606914953e-04 2.525582744170578469e-05 5.215109622768848646e-07 3.84 0.00023291400673 1.6e-09
9.349283051066371842e-05 3.868031004573556420e+00 4.498994453465421373e-02 2.343973318369871003e-04 8.204342627907141473e-07 3.440399394971677281e-07 3.84 0.00023291400673 1.6e-09
6.472234861492639048e-05 2.862101399815957237e+00 6.014064610080167850e-02 1.814188042515180069e-04 -2.245295623682681688e-05 -1.436636489194623132e-07 3.84 0.00023291400673 1.6e-09
2.435141086353320939e-05 3.915904947042440076e-01 -4.002604283634901908e-03 1.491096714659770838e-04 -1.330173286990572276e-05 -3.271124256762757628e-06 3.84 0.00023291400673 1.6e-09
8.094860012444187879e-05 2.643894674149536606e+00 2.744727216411055500e-03 1.704047553881406598e-04 2.548064319455731403e-05 5.959134570263608174e-07 3.84 0.00023291400673 1.6e-09
-2.540576874790600185e-05 3.854399996394989536e+00 5.326992017682097291e-02 2.336744533651214446e-04 8.660841354185681087e-07 3.570344911371526340e-07 3.84 0.00023291400673 1.6e-09
8.607941515841002376e-05 2.847353659570454276e+00 6.650970795690366866e-02 1.806809194682883841e-04 -2.254457225234642698e-05 -2.023645839253120218e-07 3.84 0.00023291400673 1.6e-09
-6.210736580094695382e-05 3.914459323092831511e-01 -5.134091670218025524e-03 1.492465569842276070e-04 -1.185406636640410407e-05 -3.362510410112580694e-06 3.84 0.00023291400673 1.6e-09
4.704560492933750559e-07 2.653023450118722870e+00 8.830770738717800411e-03 1.708751214052319162e-04 2.525366902263162972e-05 6.764312029961203765e-07 3.84 0.00023291400673 1.6e-09
-3.860795680756487784e-05 3.843074300652881803e+00 6.319104085591714659e-02 2.330749651481561096e-04 6.524942401544619271e-07 3.591014863046694628e-07 3.84 0.00023291400673 1.6e-09
-2.642766811085921495e-05 2.806264181125909030e+00 7.275042142485538266e-02 1.786038382606373875e-04 -2.302212055804724963e-05 -2.876912206442661595e-07 3.84 0.00023291400673 1.6e-09
1.080131691217929292e-05 3.894241153868082117e-01 -7.184853370056048030e-03 1.498293471971317810e-04 -6.983971349814112700e-06 -3.325027708857446013e-06 3.84 0.00023291400673 1.6e-09
3.770575194441930000e-05 2.692152132134520315e+00 1.806291582144346070e-02 1.728460268333776337e-04 2.462174880621505944e-05 7.639863208665605959e-07 3.84 0.00023291400673 1.6e-09
-9.931459498890545315e-05 3.836820236553584174e+00 7.562777502681167219e-02 2.327443401785209110e-04 2.483312032463301220e-07 3.450183667032704957e-07 3.84 0.00023291400673 1.6e-09
3.769013332138267450e-05 2.749753102562957796e+00 7.901882932758329259e-02 1.757476563090611577e-04 -2.378058339434858658e-05 -4.082758915688999622e-07 3.84 0.00023291400673 1.6e-09
-7.796419117862578763e-06 3.881895397475070841e-01 -9.824149928972694679e-03 1.501585709106250440e-04 -6.577879739217303626e-09 -3.090465338708749460e-06 3.84 0.00023291400673 1.6e-09
-4.762690344351378771e-05 2.748529276492617690e+00 3.060330243856136667e-02 1.756851396014499976e-04 2.381038321440368173e-05 8.566205599638523629e-07 3.84 0.00023291400673 1.6e-09
8.501045318102417496e-05 3.837407827435912910e+00 9.072302906917374676e-02 2.327751703914397610e-04 -2.338550862147902636e-07 3.152724377104901668e-07 3.84 0.00023291400673 1.6e-09
-5.237451525718835336e-05 2.695757841766358798e+00 8.560945283894208502e-02 1.730257331416421669e-04 -2.455968246249488895e-05 -5.602522086228091580e-07 3.84 0.00023291400673 1.6e-09
2.360238106533316325e-05 3.890337792898227454e-01 -1.243227178712533534e-02 1.498843458900765398e-04 6.706442187769738336e-06 -2.676409929375257859e-06 3.84 0.00023291400673 1.6e-09
5.679117313124522641e-05 2.803351270535544337e+00 4.528537803926904054e-02 1.784531833107828066e-04 2.307861291459555356e-05 9.492901549533459865e-07 3.84 0.00023291400673 1.6e-09
3.660793571994506713e-05 3.845125918666571163e+00 1.074252554551550498e-01 2.331828742943004950e-04 -6.004917365346079117e-07 2.759528537370088787e-07 3.84 0.00023291400673 1.6e-09
7.107985068261942743e-05 2.663872632505261517e+00 9.264167824347933899e-02 1.714135818707247056e-04 -2.509587931769103740e-05 -7.231434330652921729e-07 3.84 0.00023291400673 1.6e-09
-6.291256397189707943e-05 3.902153499090524336e-01 -1.444081935169951557e-02 1.494739102218114535e-04 1.081614646097359413e-05 -2.199673989196171845e-06 3.84 0.00023291400673 1.6e-09
-4.502185725004340003e-05 2.838397764929496248e+00 5.994972581532333200e-02 1.802194342803129000e-04 2.269351469948866488e-05 1.035767329705410165e-06 3.84 0.00023291400673 1.6e-09
-6.797931886977251308e-05 3.858208499363335875e+00 1.236659546432172241e-01 2.338752674169580499e-04 -7.298146328320452444e-07 2.350409817344559463e-07 3.84 0.00023291400673 1.6e-09
8.533857495212825389e-05 2.667066626313810307e+00 9.973683537098879115e-02 1.715566069238496738e-04 -2.515643526575878371e-05 -8.666142812474066976e-07 3.84 0.00023291400673 1.6e-09
9.272241582405571438e-06 3.892573705452477828e-01 -1.561948017608473516e-02 1.496041155821962250e-04 1.083037081522078020e-05 -1.793880968207482717e-06 3.84 0.00023291400673 1.6e-09
8.598758117984563816e-05 2.842159766370568441e+00 7.224883509053184327e-02 1.803959976895597075e-04 2.275063857504161407e-05 1.110455198233513117e-06 3.84 0.00023291400673 1.6e-09
-1.007496314721076028e-04 3.872695774052910878e+00 1.370928508628653231e-01 2.346434159820184537e-04 -5.802140942432070417e-07 1.989273708488764191e-07 3.84 0.00023291400673 1.6e-09
5.957536602114089122e-05 2.705379893561036031e+00 1.059798945763558570e-01 1.734642750099624122e-04 -2.471363947919029248e-05 -9.657543693875977191e-07 3.84 0.00023291400673 1.6e-09
-7.288893698178213116e-05 3.864361043251468009e-01 -1.603145095585860325e-02 1.502429752725450442e-04 6.678963644429995180e-06 -1.538701252457405914e-06 3.84 0.00023291400673 1.6e-09
1.519440317343238758e-05 2.812096445067546746e+00 8.026489642831596827e-02 1.788539269598466124e-04 2.326431362220548240e-05 1.167412398917737235e-06 3.84 0.00023291400673 1.6e-09
-1.200377209223607247e-05 3.882793153590580637e+00 1.456511938976327025e-01 2.351794542765104712e-04 -2.044996075644206313e-07 1.709155695526007395e-07 3.84 0.00023291400673 1.6e-09
-7.714665867211759054e-05 2.764691637565581672e+00 1.100357413443402571e-01 1.764486102464932866e-04 -2.393030277572434937e-05 -1.011667399812733189e-06 3.84 0.00023291400673 1.6e-09
-5.859926442577877126e-05 3.849494815380525292e-01 -1.588255946840876412e-02 1.506037527629149031e-04 -4.014258267592524495e-07 -1.421696530786603490e-06 3.84 0.00023291400673 1.6e-09
5.654817787934593844e-05 2.756658086927104456e+00 8.329340753087560723e-02 1.760413676205503652e-04 2.405951751672018998e-05 1.200303473221624443e-06 3.84 0.00023291400673 1.6e-09
4.883808122993972165e-06 3.883446171878832232e+00 1.483879210948744198e-01 2.352139437293724938e-04 2.761920484291044075e-07 1.506791355358966316e-07 3.84 0.00023291400673 1.6e-09
4.347459186188802898e-05 2.822172527147745580e+00 1.107684241537546938e-01 1.793646335585321336e-04 -2.312199008969462866e-05 -1.013398103215802087e-06 3.84 0.00023291400673 1.6e-09
-6.262165137241963437e-05 3.869073279925462350e-01 -1.541981349838636960e-02 1.501318898340200155e-04 -7.735927532216051259e-06 -1.356448185492408661e-06 3.84 0.00023291400673 1.6e-09
4.249864653364483021e-05 2.695186235217242654e+00 8.245808875744277400e-02 1.729501139318694752e-04 2.487489426100710565e-05 1.204531161041246616e-06 3.84 0.00023291400673 1.6e-09
-9.682499923211850944e-05 3.874387259912555059e+00 1.461537306058761088e-01 2.347325297855974192e-04 6.967308970701482948e-07 1.341681250092440850e-07 3.84 0.00023291400673 1.6e-09
6.753150377931600756e-05 2.857809499312172985e+00 1.080658162722216153e-01 1.811900522307281162e-04 -2.254364586397984227e-05 -9.912933974973100026e-07 3.84 0.00023291400673 1.6e-09
-5.868784328938491182e-05 3.904795534724149197e-01 -1.489725848865008917e-02 1.493037565998260477e-04 -1.261843305972038112e-05 -1.238158893703198837e-06 3.84 0.00023291400673 1.6e-09
3.699986397005865869e-05 2.650653989796344590e+00 7.992043875212281878e-02 1.707323036267298420e-04 2.540936867158467523e-05 1.176989658825881989e-06 3.84 0.00023291400673 1.6e-09
6.320203657807658211e-05 3.860235696316689058e+00 1.407823213232295978e-01 2.339816402417435950e-04 8.941229091459427506e-07 1.149653724810697653e-07 3.84 0.00023291400673 1.6e-09
-8.729252153754684990e-05 2.861809033522356494e+00 1.025704507117329578e-01 1.814105180023637808e-04 -2.235966549019163734e-05 -9.646805327152299130e-07 3.84 0.00023291400673 1.6e-09
-6.613548985244867317e-05 3.921402624105266299e-01 -1.447559288488433141e-02 1.489943532984196574e-04 -1.356895686906635248e-05 -9.958215088259502413e-07 3.84 0.00023291400673 1.6e-09
-6.837354509016722133e-06 2.638808701201418305e+00 7.741125961249151199e-02 1.701567792110077041e-04 2.547239608501447700e-05 1.116139819711140824e-06 3.84 0.00023291400673 1.6e-09
-4.455842044769194407e-05 3.846586496943857014e+00 1.336916256565363614e-01 2.332588176398431691e-04 8.344416225449221365e-07 8.733788461022412167e-08 3.84 0.00023291400673 1.6e-09
7.566975687051333559e-05 2.834292946157908943e+00 9.488503364719613753e-02 1.800219293710165493e-04 -2.264604663396627376e-05 -9.432003602473261670e-07 3.84 0.00023291400673 1.6e-09
5.865578931825145238e-05 3.907483633647144683e-01 -1.412043082630631829e-02 1.494413534896559437e-04 -1.047405790233119770e-05 -5.992033516245395190e-07 3.84 0.00023291400673 1.6e-09
-5.314303886080704454e-06 2.662815206326822004e+00 7.577565219028473131e-02 1.713705791269394996e-04 2.504294273887581026e-05 1.026316397987421142e-06 3.84 0.00023291400673 1.6e-09
-8.003265305326796582e-05 3.837569657968806780e+00 1.257468644448849759e-01 2.327824499788192425e-04 5.203292174315460480e-07 4.895786556298880692e-08 3.84 0.00023291400673 1.6e-09
6.673568681333580865e-05 2.784008958031415126e+00 8.561540991770058562e-02 1.774784517962172022e-04 -2.328897916635461388e-05 -9.273253284829351723e-07 3.84 0.00023291400673 1.6e-09
5.356659474093969212e-05 3.885223070927866784e-01 -1.363660915033847870e-02 1.500616982390926826e-04 -4.269575306931247245e-06 -7.310036153470815493e-08 3.84 0.00023291400673 1.6e-09
-4.707440476086005923e-07 2.713191694831158518e+00 7.521925101003154590e-02 1.739042923209187263e-04 2.429144454901914610e-05 9.211679927060137185e-07 3.84 0.00023291400673 1.6e-09
-9.292681874620628752e-06 3.835725725148377840e+00 1.177988408378206064e-01 2.326856520956808105e-04 6.206016542886887896e-08 2.527959573055821462e-09 3.84 0.00023291400673 1.6e-09
1.293375438030024507e-05 2.727817717291813882e+00 7.580803639807287553e-02 1.746407066049902531e-04 -2.408356574016439123e-05 -9.129707278581428353e-07 3.84 0.00023291400673 1.6e-09
-4.173154397828339544e-05 3.880117433116205272e-01 -1.286967304736635204e-02 1.501708565813173043e-04 2.845090839223446862e-06 4.951146534850276178e-07 3.84 0.00023291400673 1.6e-09
-6.047208109083125415e-05 2.771083783542734658e+00 7.532018270208874766e-02 1.768201479803548624e-04 2.351181082094984306e-05 8.180308034154619064e-07 3.84 0.00023291400673 1.6e-09
1.159036669626917996e-04 3.841851836535489451e+00 1.104978656253216146e-01 2.330099965440393238e-04 -3.663873394501605528e-07 -4.476701778921860945e-08 3.84 0.00023291400673 1.6e-09
-2.088621247251281276e-05 2.686920145884357680e+00 6.670450574442532421e-02 1.725753387786758551e-04 -2.473294911541715224e-05 -8.932667810755077732e-07 3.84 0.00023291400673 1.6e-09
9.442910589040553419e-06 3.888835803098155131e-01 -1.187131213109725129e-02 1.498601008014251276e-04 8.104018918955139817e-06 9.933804562803902776e-07 3.84 0.00023291400673 1.6e-09
-7.185999914637351089e-05 2.815496354830172798e+00 7.491246997441942945e-02 1.790590573352177041e-04 2.298668790394219660e-05 7.262869653944467025e-07 3.84 0.00023291400673 1.6e-09
1.866027373003179940e-05 3.854533098613688313e+00 1.034870907017939740e-01 2.336815686014538044e-04 -5.864603890056556457e-07 -8.492357141659714639e-08 3.84 0.00023291400673 1.6e-09
-4.705897215197106130e-06 2.678200284916374407e+00 5.881715745490270764e-02 1.721218707676407870e-04 -2.497291356881816722e-05 -8.579732514292302798e-07 3.84 0.00023291400673 1.6e-09
3.858041600611413917e-05 3.886281106735306468e-01 -1.083732100016063758e-02 1.498115870454262602e-04 9.582409526340726603e-06 1.347900735491498768e-06 3.84 0.00023291400673 1.6e-09
-6.702641249939646196e-05 2.831073594342035094e+00 7.236171020976644996e-02 1.798346556669147773e-04 2.289994447286058916e-05 6.421195256397059164e-07 3.84 0.00023291400673 1.6e-09
-3.350361583344659629e-05 3.870178457309349618e+00 9.521067646299752329e-02 2.345113337112520097e-04 -5.281299166628400921e-07 -1.130766046392768553e-07 3.84 0.00023291400673 1.6e-09
8.494485475033945526e-05 2.706626765677948576e+00 5.144680048281934787e-02 1.735318046681128110e-04 -2.469918720214548695e-05 -7.954740847785931684e-07 3.84 0.00023291400673 1.6e-09
-4.628621441162503473e-06 3.863915875919372023e-01 -9.883318861237902486e-03 1.502882539301995078e-04 6.657618443916827289e-06 1.539638450468559122e-06 3.84 0.00023291400673 1.6e-09
2.285996104511460241e-05 2.811719915839800965e+00 6.607347365658755578e-02 1.788368710192573239e-04 2.328331791164520425e-05 5.523059394477363613e-07 3.84 0.00023291400673 1.6e-09
3.307398352067555957e-05 3.883247858055575819e+00 8.358462128817310821e-02 2.352054175946326968e-04 -2.114548793428415297e-07 -1.277914734895353907e-07 3.84 0.00023291400673 1.6e-09
1.946577794024167550e-05 2.762530172024297404e+00 4.311515800198097159e-02 1.763403941725126458e-04 -2.399924755081561271e-05 -6.974256181983677626e-07 3.84 0.00023291400673 1.6e-09
2.731351978701126827e-05 3.846924476516022651e-01 -8.909497419087943765e-03 1.506813748672754347e-04 1.087766766860126568e-07 1.578232602845654276e-06 3.84 0.00023291400673 1.6e-09
-8.047824688601171335e-05 2.761909756575669839e+00 5.521506157791637726e-02 1.763039975546055928e-04 2.404663272343416589e-05 4.430956610618062741e-07 3.84 0.00023291400673 1.6e-09
-1.056659614696521841e-04 3.887906028755492294e+00 6.729240722572636668e-02 2.354528795873259703e-04 2.747370785298069576e-07 -1.286920261088513175e-07 3.84 0.00023291400673 1.6e-09
-7.361978059857614883e-05 2.824905011256745535e+00 3.272742907945928176e-02 1.795027804109525801e-04 -2.314340752839774844e-05 -5.634237841886938081e-07 3.84 0.00023291400673 1.6e-09
-3.679842851204849941e-05 3.864182573718564218e-01 -7.668024256246650482e-03 1.502448981490537259e-04 -7.704838195866692656e-06 1.488082415147970350e-06 3.84 0.00023291400673 1.6e-09
7.712360884944105164e-05 2.697803812795895873e+00 4.053962361465238140e-02 1.730763830599476205e-04 2.492037675081325076e-05 3.105735807922178163e-07 3.84 0.00023291400673 1.6e-09
-6.067626857925498664e-05 3.882062655808453666e+00 4.713404367186958127e-02 2.351420579004086762e-04 7.449846417177680349e-07 -1.152275067338952454e-07 3.84 0.00023291400673 1.6e-09
6.209118319999769211e-05 2.871855298583361638e+00 2.077575984608991122e-02 1.819022113929843424e-04 -2.244034382926280612e-05 -4.033760424289971393e-07 3.84 0.00023291400673 1.6e-09
-4.586752489924425448e-05 3.908698296482379098e-01 -5.953825381429597371e-03 1.491737820960102991e-04 -1.396512478602714936e-05 1.300276691181944273e-06 3.84 0.00023291400673 1.6e-09
2.720799592574422659e-05 2.642191755963045452e+00 2.403863860663765090e-02 1.703008412419187013e-04 2.563435247119280228e-05 1.641032008278750287e-07 3.84 0.00023291400673 1.6e-09
4.799082422907647628e-05 3.869186676802156999e+00 2.563220058991213385e-02 2.344580622408974917e-04 1.054481848248780389e-06 -8.792049298507370199e-08 3.84 0.00023291400673 1.6e-09
-2.985054447711303421e-05 2.890520257304537211e+00 9.013746150566985527e-03 1.828704619902705455e-04 -2.206386932235707615e-05 -2.328590469137991437e-07 3.84 0.00023291400673 1.6e-09
-4.831092698174287473e-05 3.943285915326401048e-01 -3.800686966811896335e-03 1.484102095153560434e-04 -1.679402397528694077e-05 1.028112807482340719e-06 3.84 0.00023291400673 1.6e-09
-5.323877291344074976e-05 2.613916900114708675e+00 7.617313968092363774e-03 1.689055770252245411e-04 2.593942607893035403e-05 2.052364822968563551e-08 3.84 0.00023291400673 1.6e-09
-8.684310912887209879e-05 3.854965215938915168e+00 5.243902776940177930e-03 2.337038844689760949e-04 1.130537436009746253e-06 -4.965740936615161783e-08 3.84 0.00023291400673 1.6e-09
3.549374210865380546e-05 2.878166824707688143e+00 -1.017292400727340569e-03 1.822534204934314476e-04 -2.212077514356149154e-05 -6.551182520911108520e-08 3.84 0.00023291400673 1.6e-09
-3.580654084104312282e-06 3.941543029671863430e-01 -1.528477226755834469e-03 1.485608693803825721e-04 -1.569653372749086706e-05 6.680201924482425074e-07 3.84 0.00023291400673 1.6e-09
-7.541076876437144123e-05 2.620632123146242165e+00 -7.320163222862389324e-03 1.692550994423995645e-04 2.574520915363335541e-05 -1.010081317455898850e-07 3.84 0.00023291400673 1.6e-09
-1.145450454584907401e-04 3.843751253992816252e+00 -1.224514947593265124e-02 2.331106018891725314e-04 9.389077754690636158e-07 -5.498922808663426033e-09 3.84 0.00023291400673 1.6e-09
4.607824938768547167e-05 2.839500616460578719e+00 -8.502551628911760029e-03 1.802933713280421976e-04 -2.257155044780074805e-05 8.693222939099563362e-08 3.84 0.00023291400673 1.6e-09
-7.116170294268624229e-05 3.912015648262370249e-01 3.620426962842854647e-04 1.493881357434986357e-04 -1.107902972175615379e-05 2.235075671647801845e-07 3.84 0.00023291400673 1.6e-09
5.549710769605346481e-06 2.658371469994607939e+00 -1.938312107207333657e-02 1.711505634455882138e-04 2.513047144817089225e-05 -1.812649628995847209e-07 3.84 0.00023291400673 1.6e-09
-1.127830428927377362e-04 3.837895720710777336e+00 -2.509340903156415115e-02 2.328016839777495291e-04 5.465099334060903688e-07 3.873005604585998640e-08 3.84 0.00023291400673 1.6e-09
-3.702604414071445418e-05 2.785159981991770728e+00 -1.284029242952224731e-02 1.775400155163222064e-04 -2.329042863937678910e-05 2.091582281799475761e-07 3.84 0.00023291400673 1.6e-09
1.939044746996418440e-05 3.884332592864879752e-01 1.413493216167649360e-03 1.501239914023042173e-04 -4.307547228600556159e-06 -2.670888859136743464e-07 3.84 0.00023291400673 1.6e-09
-4.761228398228743762e-05 2.714225439447739419e+00 -2.717142898055219594e-02 1.739552393278569003e-04 2.431872968655418750e-05 -2.066334584626894597e-07 3.84 0.00023291400673 1.6e-09
-8.057370107873475511e-05 3.838326515552319407e+00 -3.156596960263711310e-02 2.328250639539816583e-04 7.405533986289783061e-08 7.869192831585814038e-08 3.84 0.00023291400673 1.6e-09
-4.525599661870651977e-05 2.730597341528368638e+00 -1.339396201873619893e-02 1.747807341403566101e-04 -2.408002334231925436e-05 2.829247351027692027e-07 3.84 0.00023291400673 1.6e-09
-6.535026814886517571e-05 3.878221322986425967e-01 1.462964328565150973e-03 1.502468129770162845e-04 2.645318539726219282e-06 -7.326418866476194615e-07 3.84 0.00023291400673 1.6e-09
-5.033926782366274992e-05 2.770917783187422323e+00 -3.008228702808714294e-02 1.768104762944824339e-04 2.355395989708001733e-05 -1.782081123431568823e-07 3.84 0.00023291400673 1.6e-09
-6.878263581866989670e-05 3.844804306431233165e+00 -3.110048934515840385e-02 2.331678937603212307e-04 -3.310540405089364448e-07 1.127271351571360343e-07 3.84 0.00023291400673 1.6e-09
-2.138562930639039078e-05 2.692371897526865343e+00 -1.006555171507463389e-02 1.728478485606822041e-04 -2.469371557163940002e-05 2.985603433672223676e-07 3.84 0.00023291400673 1.6e-09
3.615096489406618112e-05 3.885579846338526600e-01 7.501951908983949067e-04 1.499735981588122178e-04 7.560272549862108979e-06 -1.108471030732682020e-06 3.84 0.00023291400673 1.6e-09
-5.013925179322957927e-05 2.812362451703836363e+00 -2.887199672588241367e-02 1.789001662231673494e-04 2.305594878131013816e-05 -1.131015806486294167e-07 3.84 0.00023291400673 1.6e-09
2.301154820073474620e-05 3.855924164806189047e+00 -2.513941572397351137e-02 2.337566549315467693e-04 -5.551893867762112850e-07 1.407233222038961157e-07 3.84 0.00023291400673 1.6e-09
-3.699204323044780044e-05 2.682530540630894578e+00 -3.818400844589201100e-03 1.723398354168369771e-04 -2.493202644442937382e-05 2.652918384481995022e-07 3.84 0.00023291400673 1.6e-09
-3.496516449439239266e-06 3.884364272057014844e-01 -2.186889088050402601e-04 1.499002481969325545e-04 9.128808239267479963e-06 -1.375291296565313142e-06 3.84 0.00023291400673 1.6e-09
8.780628472689504845e-05 2.827871700830507873e+00 -2.531193818008267357e-02 1.796756574642717084e-04 2.293877558731630766e-05 -3.509323668980863490e-08 3.84 0.00023291400673 1.6e-09
-4.641218932636046558e-05 3.869030226346045431e+00 -1.650789279840741280e-02 2.344515498671149707e-04 -5.244990866653425649e-07 1.630736876359506141e-07 3.84 0.00023291400673 1.6e-09
6.685829930372934576e-05 2.704209626763868002e+00 3.652034606545852789e-03 1.734132362952916302e-04 -2.473356056857944500e-05 2.077638365465158161e-07 3.84 0.00023291400673 1.6e-09
6.855462257816753507e-05 3.866833707228995443e-01 -9.511545323589417136e-04 1.502645658798550696e-04 6.894565966217160210e-06 -1.558189237747494920e-06 3.84 0.00023291400673 1.6e-09
3.061929450756132931e-05 2.813499540168027835e+00 -2.155384682556140546e-02 1.789320362014535921e-04 2.324159632261226459e-05 3.479688866518177079e-08 3.84 0.00023291400673 1.6e-09
1.068814808889796740e-04 3.880097697172563365e+00 -8.256286372629938891e-03 2.350390365077976908e-04 -2.778960114908826476e-07 1.815860142400404221e-07 3.84 0.00023291400673 1.6e-09
-5.194291003101991289e-06 2.749965327077980248e+00 1.062867828596534246e-02 1.757096784966196410e-04 -2.415895142688527568e-05 1.539124269060512836e-07 3.84 0.00023291400673 1.6e-09
1.757966924828095813e-05 3.850076667430505917e-01 -1.169774972837597099e-03 1.506505558824447867e-04 1.577101128986600018e-06 -1.705500685248456219e-06 3.84 0.00023291400673 1.6e-09
-3.616784235438374963e-05 2.773037897934495621e+00 -1.945000836228839500e-02 1.768724494448445784e-04 2.386450977937011185e-05 8.420133708814401430e-08 3.84 0.00023291400673 1.6e-09
9.476224123875864967e-05 3.884735942254038399e+00 -2.579569416809064132e-03 2.352852763407048842e-04 1.234313677468268550e-07 2.004227857312279345e-07 3.84 0.00023291400673 1.6e-09
-5.363385572101328795e-06 2.803570423389077693e+00 1.605197768077685008e-02 1.784215605218518387e-04 -2.342839500468462126e-05 1.229461515445648269e-07 3.84 0.00023291400673 1.6e-09
6.966541515304298341e-05 3.857009833233386864e-01 -8.833117992379309509e-04 1.504716624720161579e-04 -5.116794569716967615e-06 -1.867713084668837918e-06 3.84 0.00023291400673 1.6e-09
-8.177219576122082118e-05 2.718829111114776431e+00 -1.965730225734577119e-02 1.741360002243231924e-04 2.461817295827273147e-05 1.140477721389611648e-07 3.84 0.00023291400673 1.6e-09
-3.294879773354410907e-05 3.880880592532967022e+00 2.213575454484468955e-04 2.350800728161274824e-04 5.464949361291344382e-07 2.244662069149863235e-07 3.84 0.00023291400673 1.6e-09
-3.772159605956563761e-05 2.846855363292890573e+00 2.008293070433770505e-02 1.806288492352706263e-04 -2.277799964409995184e-05 1.173014144063685486e-07 3.84 0.00023291400673 1.6e-09
1.913705353130589347e-05 3.887524135501431721e-01 -3.342327155175342816e-04 1.497350698171951182e-04 -1.081745330640304454e-05 -2.085208367102871650e-06 3.84 0.00023291400673 1.6e-09
-7.916033996646334092e-05 2.669066758858833488e+00 -2.129440594757145769e-02 1.716451595755049645e-04 2.525667403294827433e-05 1.376065181663177195e-07 3.84 0.00023291400673 1.6e-09
2.467342443047905627e-06 3.870457046797106671e+00 1.761166158000200370e-03 2.345262356794283764e-04 8.423782391365641783e-07 2.555400406757387549e-07 3.84 0.00023291400673 1.6e-09
-7.793455163438465854e-05 2.867051684405849343e+00 2.388099153692335372e-02 1.816704275115358161e-04 -2.240123594108192308e-05 1.238698041985364898e-07 3.84 0.00023291400673 1.6e-09
-2.378576498620498707e-07 3.916568770519305298e-01 6.400988693144101394e-05 1.490822376756609788e-04 -1.376586949547495994e-05 -2.373780447602090870e-06 3.84 0.00023291400673 1.6e-09
4.009988540089002575e-05 2.640543565474708920e+00 -2.266292433744206483e-02 1.702331347080444099e-04 2.556048034128065595e-05 1.716932530243693419e-07 3.84 0.00023291400673 1.6e-09
-3.134304654892948683e-05 3.857650378673180391e+00 4.264390828574951553e-03 2.338468748496774394e-04 9.326420551978106304e-07 2.902842819964352067e-07 3.84 0.00023291400673 1.6e-09
8.002425710168231535e-05 2.859178705482387617e+00 2.857366619418805903e-02 1.812808858107667505e-04 -2.241283329760506690e-05 1.232922670975837332e-07 3.84 0.00023291400673 1.6e-09
1.285296181678279227e-05 3.920894698999327632e-01 -1.659069037479130471e-04 1.490685328907078821e-04 -1.318677486967444225e-05 -2.709675589646192054e-06 3.84 0.00023291400673 1.6e-09
-6.000756336480486263e-05 2.642387423979851935e+00 -2.202363896802825641e-02 1.703388668130471971e-04 2.544283486439206021e-05 2.288135521431022620e-07 3.84 0.00023291400673 1.6e-09
6.117656888929626485e-05 3.846282820444634432e+00 9.546791727126946112e-03 2.332450741155624630e-04 7.730938150197360443e-07 3.215700044533795217e-07 3.84 0.00023291400673 1.6e-09
8.927611815626018395e-05 2.824949908287630151e+00 3.467652492345589532e-02 1.795496068165134990e-04 -2.280069160338691725e-05 9.698841774449230193e-08 3.84 0.00023291400673 1.6e-09
2.451698911293863909e-05 3.902084526838370815e-01 -1.389848910546879601e-03 1.496235192099122744e-04 -9.170525232249947310e-06 -3.022649519148203905e-06 3.84 0.00023291400673 1.6e-09
1.724540794255035404e-05 2.674311611799179644e+00 -1.786454819159472365e-02 1.719482234840103514e-04 2.490543997344799707e-05 3.153251591782561455e-07 3.84 0.00023291400673 1.6e-09
2.305591149605197137e-05 3.838976854275915063e+00 1.894707679816023255e-02 2.328589753413102246e-04 4.145343432822497728e-07 3.419720712220785716e-07 3.84 0.00023291400673 1.6e-09
7.989848973706189812e-06 2.772255798470113941e+00 4.235906340661683978e-02 1.768844732490832143e-04 -2.348503033260890483e-05 2.921712990256695606e-08 3.84 0.00023291400673 1.6e-09
-2.961481395394806353e-05 3.883489036903802205e-01 -3.646284971884218573e-03 1.501323656266525218e-04 -2.665066735672941249e-06 -3.214863224441206252e-06 3.84 0.00023291400673 1.6e-09
7.648712496241479334e-05 2.726967535317445623e+00 -9.249541749080084432e-03 1.745990796808453364e-04 2.412049964733620666e-05 4.308855139214321306e-07 3.84 0.00023291400673 1.6e-09
1.038382188852795618e-04 3.837482314620765500e+00 3.321341029630693609e-02 2.327800889678690189e-04 -5.700781733179536658e-08 3.474740073406446799e-07 3.84 0.00023291400673 1.6e-09
2.273690016977430588e-05 2.715537313658619833e+00 5.174779865597981671e-02 1.740216202186322639e-04 -2.429095016932290759e-05 -8.858760699240868163e-08 3.84 0.00023291400673 1.6e-09
-6.805100695395446429e-05 3.884776287662492500e-01 -6.540597492293754797e-03 1.500646315325696934e-04 4.399345390201968306e-06 -3.217840101910866637e-06 3.84 0.00023291400673 1.6e-09
-1.339303792693334822e-07 2.784319509841585827e+00 3.535509405179197533e-03 1.774915945671381437e-04 2.334120957832483379e-05 5.668102011849410339e-07 3.84 0.00023291400673 1.6e-09
5.550862722366775684e-05 3.842590412287993473e+00 5.181733687961988244e-02 2.330499071803084511e-04 -4.794805169843632147e-07 3.392366235147040615e-07 3.84 0.00023291400673 1.6e-09
7.520656124861519419e-05 2.673202171155721452e+00 6.271173136566587925e-02 1.718861968687797424e-04 -2.495285203793237656e-05 -2.488155787333176364e-07 3.84 0.00023291400673 1.6e-09
-3.563068286247200820e-06 3.899153343481801537e-01 -9.398453926605862541e-03 1.496068286980671894e-04 9.682359922723061127e-06 -3.052589085931982208e-06 3.84 0.00023291400673 1.6e-09
-6.595552965870081095e-05 2.828635996639681682e+00 1.882896564425949604e-02 1.797289717745426010e-04 2.280444408646837087e-05 7.086544259607797780e-07 3.84 0.00023291400673 1.6e-09
3.950831152859225846e-06 3.853528858729776019e+00 7.271177485971649923e-02 2.336284586352569900e-04 -7.186783276214430264e-07 3.219475470364215067e-07 3.84 0.00023291400673 1.6e-09
7.487311962040118975e-05 2.660782392504116523e+00 7.457587364445124323e-02 1.712491597000234417e-04 -2.522357621840355711e-05 -4.252024853443887572e-07 3.84 0.00023291400673 1.6e-09
-6.721012092971748143e-05 3.900755797715454998e-01 -1.161535393847399136e-02 1.494489784191219226e-04 1.149913527147889494e-05 -2.820213988257706426e-06 3.84 0.00023291400673 1.6e-09
8.787088573556864086e-05 2.846301294297523654e+00 3.425977151924659847e-02 1.806140789723745678e-04 2.266068700032651680e-05 8.430549627306582655e-07 3.84 0.00023291400673 1.6e-09
-5.942126077305401495e-05 3.867560252105603169e+00 9.312857127563484161e-02 2.343719150417087553e-04 -6.916231975085003995e-07 3.010066321730984141e-07 3.84 0.00023291400673 1.6e-09
-2.469964938999600246e-05 2.683966064653787509e+00 8.624874626594922211e-02 1.723956824694278321e-04 -2.499057475982149288e-05 -5.848236172374859195e-07 3.84 0.00023291400673 1.6e-09
2.444265107733921560e-05 3.878408881511160589e-01 -1.292722113341173221e-02 1.499221094639627749e-04 9.122451130073217396e-06 -2.624589075278755689e-06 3.84 0.00023291400673 1.6e-09
-2.996500569282848053e-05 2.831092315966603046e+00 4.745505432567724557e-02 1.798245618026510088e-04 2.298492370589313511e-05 9.605733726513083370e-07 3.84 0.00023291400673 1.6e-09
5.640144602437264555e-05 3.879880922486620864e+00 1.104170836891301272e-01 2.350256507002478144e-04 -4.165076055540503483e-07 2.810074007521946301e-07 3.84 0.00023291400673 1.6e-09
4.464660708836808059e-05 2.735037838100355501e+00 9.640244737425616994e-02 1.749526734149860750e-04 -2.435111418868042061e-05 -7.038642939259575843e-07 3.84 0.00023291400673 1.6e-09
7.382314341896939643e-05 3.853217365503029956e-01 -1.339989212510255684e-02 1.505202814451888933e-04 3.202797290221496762e-06 -2.515860652073618082e-06 3.84 0.00023291400673 1.6e-09
-2.883446562468104291e-05 2.786247997253870956e+00 5.669905310951392496e-02 1.775393256157512629e-04 2.366359303946935933e-05 1.054686260843995873e-06 3.84 0.00023291400673 1.6e-09
-6.278255691602028143e-05 3.884900794769077237e+00 1.226882103094697474e-01 2.352920420760755708e-04 3.673004550981373526e-08 2.647873089473322423e-07 3.84 0.00023291400673 1.6e-09
7.574363229612907978e-05 2.794845673007182008e+00 1.037318473032631250e-01 1.779748123797279011e-04 -2.353184380802537059e-05 -7.764192122998692646e-07 3.84 0.00023291400673 1.6e-09
-2.186269008290215291e-05 3.855756636811930038e-01 -1.333307904695041346e-02 1.504605157550980188e-04 -4.207994339951896572e-06 -2.467444605810075841e-06 3.84 0.00023291400673 1.6e-09
-4.368493156185500987e-05 2.725918179159387833e+00 6.184080882052227224e-02 1.744919345756745603e-04 2.448942298081506553e-05 1.122278974703024216e-06 3.84 0.00023291400673 1.6e-09
-6.088014162813281890e-05 3.879918966956125814e+00 1.297056121517365379e-01 2.350269547640463567e-04 4.927029709305810331e-07 2.519304133867209084e-07 3.84 0.00023291400673 1.6e-09
6.526971377113983713e-05 2.841523508576504931e+00 1.076391648630432574e-01 1.803543687203936017e-04 -2.282294280463595604e-05 -8.147403054564895569e-07 3.84 0.00023291400673 1.6e-09
-5.757315618916698644e-05 3.886683861854469679e-01 -1.314249028973703270e-02 1.497259996840656919e-04 -1.038289400163665780e-05 -2.402729178854916765e-06 3.84 0.00023291400673 1.6e-09
-2.180311873277455601e-05 2.671913999319606603e+00 6.444123272277230141e-02 1.717889117348966757e-04 2.516888238407435018e-05 1.162900877236846528e-06 3.84 0.00023291400673 1.6e-09
-4.375990094234138002e-05 3.867491623547647528e+00 1.328993412389442574e-01 2.343668136441138204e-04 8.030376310433310347e-07 2.379568453330607513e-07 3.84 0.00023291400673 1.6e-09
8.689856669233232233e-05 2.860518289011142912e+00 1.084702135085229280e-01 1.813358491337727877e-04 -2.244954202077166429e-05 -8.399900641906777707e-07 3.84 0.00023291400673 1.6e-09
6.869621851673677671e-05 3.914790678808238722e-01 -1.319852966354676665e-02 1.491073000663561965e-04 -1.327210500616415848e-05 -2.245738038882675744e-06 3.84 0.00023291400673 1.6e-09
-1.887664065968827783e-05 2.643809723468009132e+00 6.651712715737440051e-02 1.703985152541248659e-04 2.545782355898682867e-05 1.175473897881082697e-06 3.84 0.00023291400673 1.6e-09
-8.029665590524560849e-05 3.852974637608534536e+00 1.339738319950810608e-01 2.335970114530679792e-04 8.698380169682274422e-07 2.161132727605148894e-07 3.84 0.00023291400673 1.6e-09
1.305698377368867674e-05 2.847481739693728642e+00 1.067848246804728729e-01 1.806870694837255358e-04 -2.250548209625118697e-05 -8.693425647786804699e-07 3.84 0.00023291400673 1.6e-09
-4.891419476835007500e-05 3.914973648394506345e-01 -1.364208766259504199e-02 1.492118027162754536e-04 -1.202606256649178213e-05 -1.939575865003231050e-06 3.84 0.00023291400673 1.6e-09
-3.433208477615324282e-05 2.650865092006665868e+00 6.943142339324652468e-02 1.707666177396784319e-04 2.525242610222009205e-05 1.158934358816327522e-06 3.84 0.00023291400673 1.6e-09
5.241755908804222294e-05 3.841115570630337039e+00 1.339799705237245397e-01 2.329694791629687142e-04 6.580159063139406758e-07 1.810354275129738400e-07 3.84 0.00023291400673 1.6e-09
-8.620184695534011381e-05 2.806675493516301856e+00 1.029566849114228605e-01 1.786250603269396429e-04 -2.297829438554850650e-05 -9.099359167939390319e-07 3.84 0.00023291400673 1.6e-09
4.948087953121104631e-05 3.894142550111256984e-01 -1.431096992542270352e-02 1.498153134893844907e-04 -7.161025542418726750e-06 -1.448314130646250540e-06 3.84 0.00023291400673 1.6e-09
-8.237682419026213924e-05 2.689848701889050453e+00 7.371586381726899506e-02 1.727290742609856994e-04 2.463082512785390061e-05 1.117394132995692718e-06 3.84 0.00023291400673 1.6e-09
2.504352659199706919e-05 3.835146790987508769e+00 1.335511343675067630e-01 2.326542467011049101e-04 2.550022726350474707e-07 1.320191656655853366e-07 3.84 0.00023291400673 1.6e-09
6.480191930655254575e-05 2.750602358654208324e+00 9.757286533795447858e-02 1.757902179209887045e-04 -2.374266212918072535e-05 -9.597097333530322613e-07 3.84 0.00023291400673 1.6e-09
2.577479625122705667e-05 3.880616195259953827e-01 -1.482623958797080546e-02 1.501768193207463325e-04 -1.610512825335346396e-07 -8.054314234233647556e-07 3.84 0.00023291400673 1.6e-09
-5.662226722308778837e-05 2.746431190291424684e+00 7.910465842146735538e-02 1.755781139972276107e-04 2.382035211134575574e-05 1.061851864826850727e-06 3.84 0.00023291400673 1.6e-09
-1.065722418577872381e-04 3.836878558704943210e+00 1.331284403909613334e-01 2.327460355762595869e-04 -1.978521889989176121e-07 7.440615071561649970e-08 3.84 0.00023291400673 1.6e-09
8.342305784764417296e-05 2.698919763076314204e+00 9.167586341773831249e-02 1.731825069029917187e-04 -2.451034494079681972e-05 -1.008991481865579061e-06 3.84 0.00023291400673 1.6e-09
-2.473841817241750299e-06 3.886993012953528503e-01 -1.489727967241679177e-02 1.499532035395916539e-04 6.386713004365985504e-06 -1.243024530197795684e-07 3.84 0.00023291400673 1.6e-09
8.522945827255204746e-07 2.800011876005333633e+00 8.446150950588371398e-02 1.782811116169511108e-04 2.312543647367098072e-05 1.003959133704127825e-06 3.84 0.00023291400673 1.6e-09
9.426472177894126597e-05 3.846189774756846536e+00 1.325313040347632643e-01 2.332386375023277067e-04 -5.534035221650530883e-07 1.751172752927980717e-08 3.84 0.00023291400673 1.6e-09
4.508811164366345668e-05 2.671836841717888156e+00 8.618981475817030780e-02 1.718109277075539486e-04 -2.498577721233889243e-05 -1.042132855287059051e-06 3.84 0.00023291400673 1.6e-09
-6.439612979688975989e-05 3.894620646309088219e-01 -1.452477927239394576e-02 1.496487495674333514e-04 1.002813920346445080e-05 4.585593703505824791e-07 3.84 0.00023291400673 1.6e-09
2.672293324780716437e-05 2.831768992015411435e+00 8.803550300053043787e-02 1.798796384128404724e-04 2.279486897149522994e-05 9.482469147496322182e-07 3.84 0.00023291400673 1.6e-09
