-3.337989966066083603e-05 2.444968908464590918e+00 -4.498017784486638994e-05 1.607048968412345892e-04 -2.681654529295431666e-05 -8.561269767335629283e-10 3.65 0.00022279967277 1.6e-09
3.824024147239677893e-06 4.216396935232702425e-01 -2.577063336808954955e-03 1.427403198640458460e-04 2.914065776371092210e-05 -6.689826038429559046e-08 3.65 0.00022279967277 1.6e-09
8.986983724779564581e-06 2.928503470837672928e+00 6.478221121531109114e-03 1.849116941691115752e-04 1.957031465810546330e-05 1.005605925679562891e-07 3.65 0.00022279967277 1.6e-09
6.461997983606621910e-05 3.632985274621375993e+00 1.228356003217050824e-02 2.218652690655615971e-04 -4.335235447852787644e-06 1.330480659522730377e-08 3.65 0.00022279967277 1.6e-09
-3.618989978178039653e-05 1.919753819715967813e+00 7.458820299455163477e-03 1.362823772158041052e-04 -3.545628792633011088e-05 -1.477522499187235280e-07 3.65 0.00022279967277 1.6e-09
-2.971123211026557875e-05 6.405833880242416400e-01 -7.395890194250387059e-03 1.154155537634768381e-04 5.556213336947726724e-05 -4.762530694393891384e-07 3.65 0.00022279967277 1.6e-09
-7.582931702807098600e-06 3.239766994306257253e+00 2.289517508530872388e-03 2.010593227738086716e-04 1.432494931396280912e-05 1.876808736693489806e-07 3.65 0.00022279967277 1.6e-09
-2.909623648383018597e-05 3.511883140495601463e+00 1.811829716191889345e-02 2.154173794776805353e-04 -8.496409790522902050e-06 1.013582436504546871e-07 3.65 0.00022279967277 1.6e-09
5.309941606376146792e-05 1.309457211587376380e+00 1.416414959779703150e-02 1.136399836808353147e-04 -4.665603811789671934e-05 -3.947045819089202466e-07 3.65 0.00022279967277 1.6e-09
-5.463585156686567580e-05 1.141728605389975115e+00 -1.020728414479684862e-02 1.097349360322641258e-04 4.993737308603649083e-05 -8.476447476414329838e-08 3.65 0.00022279967277 1.6e-09
-5.245973172963765699e-05 3.460641953433052365e+00 3.716902734080240397e-03 2.127063370520076210e-04 9.631750337026313499e-06 1.846913719317781884e-07 3.65 0.00022279967277 1.6e-09
-1.003285860650036346e-04 3.296361186217751094e+00 1.881368883296598293e-02 2.040369948272662969e-04 -1.314204386406207015e-05 8.526965898611951464e-08 3.65 0.00022279967277 1.6e-09
2.769705461477429422e-05 7.337505464235738462e-01 8.247525174016922742e-03 1.108821712665186536e-04 -5.613171701976818684e-05 -8.389602903057226551e-07 3.65 0.00022279967277 1.6e-09
5.494875949584026594e-05 1.782186919327028551e+00 -6.302304793194952320e-03 1.304542671651114398e-04 3.779207158333015837e-05 3.796133114703466381e-07 3.65 0.00022279967277 1.6e-09
3.256874586144034258e-05 3.609569041261103450e+00 2.884073805435353327e-02 2.206184950987842162e-04 5.257919712594452403e-06 2.726838116034996304e-07 3.65 0.00022279967277 1.6e-09
-5.997888592964544104e-05 3.003820961220166730e+00 4.220733128597737444e-02 1.887902321277330645e-04 -1.832598341995361643e-05 -6.271161661304030337e-08 3.65 0.00022279967277 1.6e-09
-6.323936061470801214e-05 4.491900707598543985e-01 8.185507244640087771e-04 1.373250614809702348e-04 -3.807780886357962588e-05 -2.041231177645046879e-06 3.65 0.00022279967277 1.6e-09
1.947220234907949451e-05 2.337343993471995063e+00 -4.676063210850588125e-03 1.555011527781802172e-04 2.849983374941196781e-05 4.458879587924154508e-07 3.65 0.00022279967277 1.6e-09
1.558034014464099946e-05 3.649181979081031812e+00 3.547277547995110469e-02 2.227544976388215643e-04 9.092693160702173329e-07 3.010365028694397391e-07 3.65 0.00022279967277 1.6e-09
-3.396387765285559647e-05 2.550750771867056788e+00 4.679349201439182704e-02 1.658944150308217836e-04 -2.518240887064912017e-05 -1.845190023927901881e-07 3.65 0.00022279967277 1.6e-09
1.005132714497557444e-05 4.039740505449768149e-01 -9.238130237385157317e-03 1.467584342282139665e-04 1.819586340550260209e-05 -2.232790772814668684e-06 3.65 0.00022279967277 1.6e-09
3.499601274542580345e-05 2.842221972712530853e+00 1.813566880196702813e-02 1.805080538951082795e-04 2.085073149310938997e-05 5.853302586474258188e-07 3.65 0.00022279967277 1.6e-09
5.383219167930501929e-05 3.641358221222714242e+00 6.051529809811325572e-02 2.223183354384622120e-04 -3.493549173548281101e-06 2.212429788700544466e-07 3.65 0.00022279967277 1.6e-09
5.753140881491220903e-05 2.028504346263223290e+00 5.038065321604881519e-02 1.411000203926523165e-04 -3.358424940873661957e-05 -6.473571871022392668e-07 3.65 0.00022279967277 1.6e-09
-4.374327197239990086e-05 5.765047698179928126e-01 -1.805575113621269573e-02 1.203378371543384828e-04 5.356677576075824558e-05 -7.191646578420199361e-07 3.65 0.00022279967277 1.6e-09
-9.307171542262781378e-05 3.187846118728296485e+00 3.826952363991026340e-02 1.983374359395036614e-04 1.531435268781717278e-05 6.673056162669727048e-07 3.65 0.00022279967277 1.6e-09
-1.742197854722841728e-05 3.547322044245287742e+00 8.215638022921153971e-02 2.172960952621482821e-04 -7.600907824002307259e-06 1.517366462175712821e-07 3.65 0.00022279967277 1.6e-09
-1.057124380983158783e-05 1.446859673122687262e+00 4.697586683404343655e-02 1.178270126223000510e-04 -4.395363712908649978e-05 -1.419256163978511541e-06 3.65 0.00022279967277 1.6e-09
4.570763025945686909e-05 1.011712020588537708e+00 -1.607669843797407405e-02 1.079879911239818851e-04 5.242447345289444810e-05 6.475404053306656486e-07 3.65 0.00022279967277 1.6e-09
5.844598166111796738e-05 3.416014404245807157e+00 5.726283794653160703e-02 2.103472489347546156e-04 1.058174396982344942e-05 6.045336399197340427e-07 3.65 0.00022279967277 1.6e-09
2.364388042728769913e-05 3.342630614391991273e+00 8.957251828294283957e-02 2.064738413748324220e-04 -1.215700638289925538e-05 -2.847284897902870278e-08 3.65 0.00022279967277 1.6e-09
-2.301051323064260757e-05 8.303011372021225078e-01 2.296286089385547735e-02 1.084714644729124549e-04 -5.528649376488465711e-05 -2.636053530845840156e-06 3.65 0.00022279967277 1.6e-09
5.570971436564532383e-05 1.657456565271858251e+00 5.496994304085740801e-03 1.254510144741722427e-04 4.000771562190651208e-05 1.288463391501303007e-06 3.65 0.00022279967277 1.6e-09
6.682528757451624071e-05 3.587293852962379681e+00 9.473815324179442332e-02 2.194291514163153474e-04 6.115290419632463196e-06 5.424384022941364845e-07 3.65 0.00022279967277 1.6e-09
-2.574720718242969617e-05 3.073829618785645756e+00 1.078379111524582212e-01 1.924091260835255040e-04 -1.716395401623056868e-05 -3.772547915806607078e-07 3.65 0.00022279967277 1.6e-09
-7.346886404373831358e-06 4.870223458872059430e-01 2.078768882913835443e-05 1.310103926141068962e-04 -4.544149735872507392e-05 -3.911249660510459394e-06 3.65 0.00022279967277 1.6e-09
-9.163855200372188561e-06 2.225578064888400931e+00 3.087594448486770393e-02 1.501887462013315661e-04 3.027229220840149567e-05 1.316634722289012493e-06 3.65 0.00022279967277 1.6e-09
7.898959149853566994e-05 3.645601869330928224e+00 1.168651402202290079e-01 2.225587772904506247e-04 1.835702063546852967e-06 4.265909832244911299e-07 3.65 0.00022279967277 1.6e-09
1.522980685380296738e-05 2.657149196624344345e+00 1.075491375810410793e-01 1.711788209638053393e-04 -2.353700604066443722e-05 -7.832699475137261359e-07 3.65 0.00022279967277 1.6e-09
-7.249160698801041273e-05 3.952695284881766469e-01 -1.600043527979282815e-02 1.489012185836745467e-04 5.443973289298280829e-06 -2.663097436040309855e-06 3.65 0.00022279967277 1.6e-09
3.756861856745065528e-05 2.742997732221778229e+00 6.817447678203233941e-02 1.754856099890192748e-04 2.227585356316718804e-05 1.207871974665791709e-06 3.65 0.00022279967277 1.6e-09
2.566095501221216937e-05 3.643898889565143406e+00 1.379567745266127021e-01 2.224613263530457940e-04 -2.597430625232525291e-06 1.885094652196028506e-07 3.65 0.00022279967277 1.6e-09
3.226215480765222225e-06 2.138063447689040331e+00 9.181863844551582665e-02 1.461022374116726285e-04 -3.168234992642025703e-05 -1.427494162593669394e-06 3.65 0.00022279967277 1.6e-09
-2.273784894021561000e-05 5.217974251692433230e-01 -2.077356933007264150e-02 1.261763203054778397e-04 4.984567641483183517e-05 6.440683143681587890e-07 3.65 0.00022279967277 1.6e-09
5.533462473762668478e-05 3.127179143330751199e+00 1.057561740677253337e-01 1.951722538424062632e-04 1.633245396096613062e-05 1.085030001589522093e-06 3.65 0.00022279967277 1.6e-09
-8.247016385878777308e-05 3.575551211950467767e+00 1.579627755491241348e-01 2.187961211100240518e-04 -6.701444196655419411e-06 -6.656205429699346300e-08 3.65 0.00022279967277 1.6e-09
-5.769165605693178970e-06 1.582181332229942283e+00 6.945140150942119561e-02 1.225753829101486683e-04 -4.135120713236486686e-05 -2.358021893308557823e-06 3.65 0.00022279967277 1.6e-09
-3.601823738106023603e-05 8.919676380318706244e-01 -7.235617437175415403e-03 1.078166599649446719e-04 5.446988526638726490e-05 2.231343050435243877e-06 3.65 0.00022279967277 1.6e-09
5.392994520802996697e-05 3.367554792567948763e+00 1.305693545152638579e-01 2.077884467087659894e-04 1.155980083535244492e-05 8.545210194107541706e-07 3.65 0.00022279967277 1.6e-09
3.527140660065635077e-06 3.387212386761480065e+00 1.567078985196040386e-01 2.088255038315743281e-04 -1.114041912407720918e-05 -3.792314503739708240e-07 3.65 0.00022279967277 1.6e-09
-4.140022943492826710e-06 9.440674348203861310e-01 2.778733051264494630e-02 1.076793554257755051e-04 -5.352460493469647651e-05 -3.564273117857529496e-06 3.65 0.00022279967277 1.6e-09
-3.906489890170008827e-05 1.523743354944819162e+00 3.274326468303527526e-02 1.204774302725100232e-04 4.242420301165507953e-05 2.379351495502240938e-06 3.65 0.00022279967277 1.6e-09
8.797726374047785004e-05 3.557358922206873331e+00 1.614503629053307132e-01 2.178354816399826074e-04 7.008505334981544298e-06 5.743856009661520614e-07 3.65 0.00022279967277 1.6e-09
-5.307322612246822798e-05 3.137772708726658699e+00 1.528994148893185745e-01 1.957322796782833831e-04 -1.602011835214694308e-05 -8.157360847258482677e-07 3.65 0.00022279967277 1.6e-09
-4.676466740260302627e-05 5.361176513888485928e-01 -5.891415329489659188e-03 1.245567033008913795e-04 -5.082169992553385227e-05 -3.963472795274221763e-06 3.65 0.00022279967277 1.6e-09
-1.685213866594010995e-05 2.109827548812243769e+00 7.548049699323942929e-02 1.448053958967244950e-04 3.211394715332085054e-05 2.045397624758596562e-06 3.65 0.00022279967277 1.6e-09
9.331340596763840472e-05 3.638720768102521319e+00 1.822073676346129822e-01 2.221851329704932737e-04 2.780297449569343193e-06 3.081010522257282095e-07 3.65 0.00022279967277 1.6e-09
1.732127209328458185e-05 2.761167043998110415e+00 1.387115204936536506e-01 1.764028678858992516e-04 -2.193722680330192546e-05 -1.311350043725599760e-06 3.65 0.00022279967277 1.6e-09
-3.448356676683929996e-05 3.965689215404087919e-01 -2.055697426896217067e-02 1.485949567544998925e-04 -7.955422760277329250e-06 -1.289361121608800897e-06 3.65 0.00022279967277 1.6e-09
-3.180745148714366681e-05 2.634018317070730753e+00 1.132582006579992695e-01 1.700248430885469030e-04 2.383911428187425382e-05 1.535863144802855639e-06 3.65 0.00022279967277 1.6e-09
7.390581247721941880e-05 3.643078654691335849e+00 1.832130472113135677e-01 2.224249742844726352e-04 -1.659487062127709515e-06 -3.044067171689404961e-08 3.65 0.00022279967277 1.6e-09
5.599702631103109165e-05 2.247826530115890620e+00 1.013450184952510158e-01 1.512361140457999984e-04 -2.984183979966600035e-05 -1.858676629568418313e-06 3.65 0.00022279967277 1.6e-09
-6.530530212767124171e-06 4.775750500464792658e-01 -1.680577147665843207e-02 1.323613192252430298e-04 4.421081514646298225e-05 2.796816060020267250e-06 3.65 0.00022279967277 1.6e-09
1.414049441175002875e-05 3.059406928578870755e+00 1.513838179905609149e-01 1.916530893805625923e-04 1.742391490313272467e-05 1.139098437515602690e-06 3.65 0.00022279967277 1.6e-09
3.394558409091651715e-05 3.598791900882431616e+00 1.869296773398441691e-01 2.200342761888089390e-04 -5.823237978660759299e-06 -3.758036642878579202e-07 3.65 0.00022279967277 1.6e-09
-6.219261181298250897e-06 1.711044275363118761e+00 6.406010613265433751e-02 1.275414616997821971e-04 -3.900814240365613108e-05 -2.544439364420862516e-06 3.65 0.00022279967277 1.6e-09
3.479250798479453674e-05 7.876802728786861385e-01 5.540853174743661479e-03 1.093049147039493933e-04 5.569454748086934083e-05 3.680935116128193880e-06 3.65 0.00022279967277 1.6e-09
-3.441486067356912964e-05 3.318851856395151234e+00 1.666086840125267088e-01 2.052204136972592195e-04 1.256143027382096100e-05 7.647854508249372657e-07 3.65 0.00022279967277 1.6e-09
1.689263582949522894e-05 3.431963084634508387e+00 1.698655789148743600e-01 2.111888831577248872e-04 -1.014193215603447298e-05 -6.819477354986304335e-07 3.65 0.00022279967277 1.6e-09
-9.439630377854921981e-06 1.069673629767552647e+00 1.848732166872357058e-02 1.085897954615185675e-04 -5.125014083143155096e-05 -3.174333412148753291e-06 3.65 0.00022279967277 1.6e-09
7.594051068322075609e-06 1.386120566302659229e+00 5.119166651423695535e-02 1.159054991052676766e-04 4.499037430234343433e-05 2.884410251400787922e-06 3.65 0.00022279967277 1.6e-09
-3.373059769262703723e-05 3.523964011611957048e+00 1.745533689519712661e-01 2.160616611786978685e-04 7.941320431474992986e-06 3.445886319749990860e-07 3.65 0.00022279967277 1.6e-09
-4.393014827967347343e-05 3.197359591350223518e+00 1.405243597330496086e-01 1.988431616210898636e-04 -1.494596178291216744e-05 -1.025237984473102715e-06 3.65 0.00022279967277 1.6e-09
2.627905709488599233e-06 5.953761070958722978e-01 -1.424910570795713191e-02 1.187505348315778423e-04 -5.420071504199978853e-05 -2.437831414962417899e-06 3.65 0.00022279967277 1.6e-09
6.953577085426444412e-05 1.994006627445314983e+00 9.475507269434677027e-02 1.395650141292005184e-04 3.402464027758434070e-05 2.110062440699216427e-06 3.65 0.00022279967277 1.6e-09
2.597082650262504447e-06 3.631008585687404810e+00 1.821425788838738624e-01 2.217675303648467325e-04 3.707668884995122134e-06 3.679160625748931036e-08 3.65 0.00022279967277 1.6e-09
-7.542062622575702023e-05 2.857560828834542654e+00 1.162869917975568046e-01 1.812919139070689014e-04 -2.050539156491186030e-05 -1.391516229927768357e-06 3.65 0.00022279967277 1.6e-09
5.342285120981864557e-05 4.075913749119373652e-01 -2.129160904270252508e-02 1.459447785059591446e-04 -2.031965937621841385e-05 8.339822118006398219e-07 3.65 0.00022279967277 1.6e-09
-3.281773313281030006e-08 2.525186005401734768e+00 1.171907775889487052e-01 1.646361774408873827e-04 2.547488667816221865e-05 1.309231179963149114e-06 3.65 0.00022279967277 1.6e-09
-8.912931294560571540e-06 3.643819759185859652e+00 1.598686006489856148e-01 2.224700102364575720e-04 -7.228084902426529962e-07 -2.613688839939644589e-07 3.65 0.00022279967277 1.6e-09
2.916132096475356543e-05 2.355296633404710960e+00 7.052464767176588878e-02 1.563642570768604867e-04 -2.814376983441349296e-05 -1.623939726032318681e-06 3.65 0.00022279967277 1.6e-09
-2.920109761524067950e-05 4.437557502852996771e-01 -9.873207899851580566e-03 1.382293200483593093e-04 3.676117391916958914e-05 4.269869014929680514e-06 3.65 0.00022279967277 1.6e-09
-4.846612243332080566e-05 2.989220087419394822e+00 1.404116154383009962e-01 1.880280171210831389e-04 1.857551354483363571e-05 7.759416913416908591e-07 3.65 0.00022279967277 1.6e-09
-5.344510881242639587e-05 3.619627350776397634e+00 1.460119390216313706e-01 2.211476668992776520e-04 -4.976343485765037815e-06 -5.489855016663760460e-07 3.65 0.00022279967277 1.6e-09
2.271420915686710499e-05 1.830599393481841197e+00 3.261688512553333197e-02 1.324546811744274405e-04 -3.696166509568771263e-05 -1.879913944413389100e-06 3.65 0.00022279967277 1.6e-09
5.508785806885367181e-05 7.000391764962363705e-01 1.264164617136169858e-02 1.122376329858740869e-04 5.596825372221191791e-05 3.932151004622052478e-06 3.65 0.00022279967277 1.6e-09
8.769836660533826295e-05 3.273228707369628232e+00 1.388763778660176973e-01 2.028197068890227916e-04 1.354386516423802842e-05 4.093254494797003627e-07 3.65 0.00022279967277 1.6e-09
3.695536200229878438e-06 3.476218329055588807e+00 1.202903591054197557e-01 2.135296037734151159e-04 -9.209556900703130334e-06 -7.112009167549608927e-07 3.65 0.00022279967277 1.6e-09
-3.212583853944480505e-05 1.199893730114218071e+00 8.139831489664179796e-04 1.109099719959981932e-04 -4.876489580034345877e-05 -1.895340021069234885e-06 3.65 0.00022279967277 1.6e-09
6.900746183429744052e-06 1.250986912268023277e+00 4.734529371207112786e-02 1.121202845291999824e-04 4.766727860256652976e-05 2.370796748155621005e-06 3.65 0.00022279967277 1.6e-09
2.760493248343349532e-05 3.490265199837124577e+00 1.222580041021345543e-01 2.142752804222803308e-04 8.861895191006322932e-06 1.829736609883291191e-08 3.65 0.00022279967277 1.6e-09
2.870398997132363276e-05 3.252970423347631979e+00 7.820664999593621158e-02 2.017568094019553827e-04 -1.395616164886559154e-05 -8.434527616846570577e-07 3.65 0.00022279967277 1.6e-09
-4.960249684823887204e-05 6.652761238645203967e-01 -1.937094208109878257e-02 1.139761399156928091e-04 -5.581846833993706297e-05 -5.244054995932416004e-07 3.65 0.00022279967277 1.6e-09
-2.442806477088412182e-05 1.879179635203610754e+00 7.622194492483552741e-02 1.345379093495789840e-04 3.604452641010179737e-05 1.453139209322621234e-06 3.65 0.00022279967277 1.6e-09
5.986650233731569137e-05 3.621776528208611623e+00 1.186445106690278556e-01 2.212707678797419162e-04 4.572743207783606269e-06 -1.873074734469315807e-07 3.65 0.00022279967277 1.6e-09
-3.893383066323070614e-05 2.942971852107000075e+00 5.766503995539876137e-02 1.856586149907808248e-04 -1.926284047957702809e-05 -9.936012111506168069e-07 3.65 0.00022279967277 1.6e-09
6.351231361152747832e-05 4.271698604517526476e-01 -1.730138050105251013e-02 1.416217435798941961e-04 -3.087704534050832807e-05 2.161948575034699259e-06 3.65 0.00022279967277 1.6e-09
-1.649272144177578290e-05 2.420804987825416976e+00 7.733335977546879070e-02 1.595329310593399672e-04 2.713582121193381936e-05 6.777744131841976185e-07 3.65 0.00022279967277 1.6e-09
-1.379612489027593137e-05 3.646221725124751956e+00 8.583388453660241446e-02 2.225999747715989429e-04 1.727258381978892392e-07 -3.238837890129230155e-07 3.65 0.00022279967277 1.6e-09
4.600187097504410355e-06 2.460452926808063268e+00 2.307241217863421553e-02 1.614628792682870520e-04 -2.654180156945039771e-05 -9.108877681816097161e-07 3.65 0.00022279967277 1.6e-09
5.841300934876966756e-05 4.187590115805913671e-01 -3.981184953054604445e-03 1.433637215010719165e-04 2.752862762952532847e-05 3.899621012222423539e-06 3.65 0.00022279967277 1.6e-09
5.583259084077944263e-05 2.914730434999289965e+00 8.231581296512457957e-02 1.842047730516092039e-04 1.976841214084754699e-05 2.594770073407621358e-07 3.65 0.00022279967277 1.6e-09
-6.843490206015068590e-05 3.635664879550177808e+00 6.666722099561953052e-02 2.220077054559629101e-04 -4.167805979057078925e-06 -4.617291135755384574e-07 3.65 0.00022279967277 1.6e-09
-1.922750258421911915e-05 1.941998357254611562e+00 -1.049401626657042383e-03 1.372513056047530559e-04 -3.507893124350133725e-05 -8.497162757077093170e-07 3.65 0.00022279967277 1.6e-09
5.068903807106783896e-05 6.270901437475367990e-01 1.019960287295917228e-02 1.163310298641128456e-04 5.518551323298655383e-05 2.643379300557743931e-06 3.65 0.00022279967277 1.6e-09
8.111168672050507618e-05 3.227788693480017734e+00 7.075755266275732258e-02 2.004331218278717079e-04 1.450993615804757939e-05 7.292219975523019626e-08 3.65 0.00022279967277 1.6e-09
2.412703727414735905e-05 3.516574755889009474e+00 4.864025356488742291e-02 2.156671163382225913e-04 -8.333577788577388934e-06 -4.495382591658108534e-07 3.65 0.00022279967277 1.6e-09
2.109376181727269319e-05 1.331820139163056860e+00 -1.004789302571483002e-02 1.142745361201446543e-04 -4.620614773896179555e-05 -6.430340176418014912e-07 3.65 0.00022279967277 1.6e-09
-5.066285290800229182e-05 1.120755991974019983e+00 2.518328728934955685e-02 1.093638984454955076e-04 5.032441628103193120e-05 1.109518490178160543e-06 3.65 0.00022279967277 1.6e-09
-1.249090330936984694e-05 3.453631889021761658e+00 4.379868342521905239e-02 2.123353910214134015e-04 9.783096309639741577e-06 -1.517622109050914972e-07 3.65 0.00022279967277 1.6e-09
-1.037730928789190713e-05 3.304137752398307981e+00 1.368032571869631439e-02 2.044457223590137357e-04 -1.298589587761259521e-05 -3.969905292225082726e-07 3.65 0.00022279967277 1.6e-09
7.886730686817023365e-06 7.481902046502740822e-01 -1.533736972244297697e-02 1.103927206208664961e-04 -5.607312078127407793e-05 4.826135983817698531e-07 3.65 0.00022279967277 1.6e-09
-3.386817188478791901e-05 1.761495167278495755e+00 3.542155837847874023e-02 1.295996115806759849e-04 3.815760857274369972e-05 5.677720331831380233e-07 3.65 0.00022279967277 1.6e-09
1.075442680771615018e-04 3.606918211083856907e+00 4.225029503209534743e-02 2.204759696611922480e-04 5.409907522766732151e-06 -1.882458216110542693e-07 3.65 0.00022279967277 1.6e-09
4.843746367330755071e-05 3.018303383429888687e+00 9.840640858671569069e-03 1.895357417374787909e-04 -1.811398187364981352e-05 -4.155865140419201750e-07 3.65 0.00022279967277 1.6e-09
4.811784011756319057e-05 4.552051679573538290e-01 -9.368136950507827826e-03 1.362072250119319712e-04 -3.961312236971405425e-05 1.685922222696248971e-06 3.65 0.00022279967277 1.6e-09
-3.730430007608632141e-05 2.316817467848262702e+00 2.364056350478223670e-02 1.545201454340221973e-04 2.881627161009007079e-05 1.377746376266324677e-07 3.65 0.00022279967277 1.6e-09
1.053580922460763678e-04 3.647556055352831450e+00 1.914554049368114713e-02 2.226688237692746937e-04 1.059707425470873378e-06 -1.528874758970726498e-07 3.65 0.00022279967277 1.6e-09
2.196088974693630424e-05 2.566320424580895931e+00 -1.652082862471370827e-03 1.666656103851663789e-04 -2.494337572916598231e-05 -2.331076132063323003e-07 3.65 0.00022279967277 1.6e-09
6.868216033342564454e-05 4.019509083271800565e-01 -1.715262367112479688e-03 1.472603595555221521e-04 1.645981903717849172e-05 1.680677723651266730e-06 3.65 0.00022279967277 1.6e-09
6.576615356312617063e-05 2.829319775332526987e+00 2.102365505005274540e-02 1.798509617732639565e-04 2.106166989243868083e-05 -7.096993654366624663e-09 3.65 0.00022279967277 1.6e-09
3.668172061018027470e-05 3.644702777615703937e+00 1.005557994182038582e-02 2.224966150806865844e-04 -3.344270147657085940e-06 -1.694962191901485981e-07 3.65 0.00022279967277 1.6e-09
5.721285142281149318e-05 2.049338531903241112e+00 -8.153897793051961135e-03 1.420375936346832623e-04 -3.326600299763559683e-05 -1.456574418191134478e-07 3.65 0.00022279967277 1.6e-09
3.513321411607618481e-05 5.660438834210534953e-01 4.942797448610729153e-04 1.213477753170315256e-04 5.305697564947292947e-05 5.377290996118446663e-07 3.65 0.00022279967277 1.6e-09
7.198523390645225443e-05 3.177600756728675258e+00 1.518437628046268376e-02 1.978047730796695270e-04 1.548260449125700598e-05 4.368424524543120904e-08 3.65 0.00022279967277 1.6e-09
-3.085427751833384058e-05 3.551750138684816704e+00 1.278287892407856813e-02 2.175330492794086304e-04 -7.464176202981821624e-06 -8.007472782356346062e-08 3.65 0.00022279967277 1.6e-09
-5.859996228732703073e-05 1.464970373508149404e+00 5.139290929037893388e-06 1.184359655215626176e-04 -4.364563619835643357e-05 -1.827320051193788545e-07 3.65 0.00022279967277 1.6e-09
-2.235667675392546949e-05 9.960461819267715233e-01 -5.033339432026862157e-04 1.078682675984930382e-04 5.274270839369097404e-05 -4.258749222764081342e-08 3.65 0.00022279967277 1.6e-09
1.814129452197147584e-05 3.412050780399795258e+00 -2.186337114492838823e-03 2.101364784206103471e-04 1.072511822446498049e-05 -5.846461927323666441e-09 3.65 0.00022279967277 1.6e-09
-8.546368124874310478e-05 3.352312609331817406e+00 -1.918016199693066155e-03 2.069832861396809804e-04 -1.200200195784924861e-05 1.088729661624515926e-08 3.65 0.00022279967277 1.6e-09
-1.734015668270123380e-05 8.462317398870595753e-01 -8.306322252113309873e-05 1.082376602756156638e-04 -5.518934125999301837e-05 4.276545889412963335e-08 3.65 0.00022279967277 1.6e-09
-2.787767175854674554e-05 1.636963542773546276e+00 8.367903685206038063e-04 1.246587189533429705e-04 4.040686799841685490e-05 1.552350470518164052e-07 3.65 0.00022279967277 1.6e-09
6.458769403695721492e-06 3.585170825261214667e+00 1.118287060055683096e-02 2.193159558471209462e-04 6.270852990545759746e-06 6.047558701924766143e-08 3.65 0.00022279967277 1.6e-09
-6.013119912540285697e-05 3.086678576537122520e+00 1.238523418165307644e-02 1.930758962421753270e-04 -1.699149604638602184e-05 -4.678353011733187038e-08 3.65 0.00022279967277 1.6e-09
-2.749138761627544652e-06 4.929772747242789910e-01 -2.685131691181857731e-04 1.301286897126846683e-04 -4.646580101067107789e-05 -3.621953150132689295e-07 3.65 0.00022279967277 1.6e-09
-3.183706058808057342e-05 2.209265835914880238e+00 -6.257011531071730685e-03 1.494236286485207000e-04 3.056497504806961565e-05 1.681362614592380878e-07 3.65 0.00022279967277 1.6e-09
1.076566921433051949e-04 3.646837577830465804e+00 1.195062950730486212e-02 2.226249329183480302e-04 1.974913489158861503e-06 1.578232995584986870e-07 3.65 0.00022279967277 1.6e-09
4.285619688497120108e-05 2.672738120268300488e+00 2.083014850698562681e-02 1.719593518410892339e-04 -2.335375877651643290e-05 -2.710385797437084445e-08 3.65 0.00022279967277 1.6e-09
5.800505753510964280e-05 3.944138732649479229e-01 -3.460240374018111464e-03 1.491451312762840558e-04 3.819410947411455804e-06 -1.215761710489043033e-06 3.65 0.00022279967277 1.6e-09
2.980119162080323785e-05 2.731473702049185714e+00 -5.676628040146090414e-04 1.749047561697244699e-04 2.249961885235180571e-05 2.276175363836716515e-07 3.65 0.00022279967277 1.6e-09
-9.905676621389577900e-05 3.648185917208781603e+00 1.941523127973081297e-02 2.226907826972746658e-04 -2.460564978988780957e-06 1.431322627997187307e-07 3.65 0.00022279967277 1.6e-09
-2.741362366733596543e-05 2.155358324566873041e+00 2.240866716581716572e-02 1.469026688018425448e-04 -3.147552010553744748e-05 -1.706275262067441314e-07 3.65 0.00022279967277 1.6e-09
8.621435544264473679e-06 5.149931050109395336e-01 -1.090019942957491141e-02 1.270477732813082134e-04 4.922174752496475449e-05 -1.043542917813821612e-06 3.65 0.00022279967277 1.6e-09
9.117836480214572628e-05 3.120659855370791824e+00 1.285184793284701796e-02 1.948346794022428642e-04 1.649366682030842552e-05 3.951542261115077766e-07 3.65 0.00022279967277 1.6e-09
-7.584841213683127768e-05 3.581211446575197854e+00 4.259711906402142978e-02 2.190988254652534244e-04 -6.605554893702847267e-06 1.574209436838487369e-07 3.65 0.00022279967277 1.6e-09
-2.978371714680490842e-05 1.595499229858312162e+00 3.158374182485955417e-02 1.230739088159844017e-04 -4.119836063376645550e-05 -6.634446801531888201e-07 3.65 0.00022279967277 1.6e-09
-1.169987468096035245e-05 8.808201618855575621e-01 -1.631747749992169816e-02 1.078879717499784367e-04 5.468258353287989667e-05 -1.909129756676008219e-07 3.65 0.00022279967277 1.6e-09
1.043924923874301987e-05 3.367105554811104184e+00 1.725634482357477420e-02 2.077630834199194871e-04 1.168978791733343492e-05 4.006938905330909843e-07 3.65 0.00022279967277 1.6e-09
9.319113580903850376e-05 3.397729878782370427e+00 4.645430921398744500e-02 2.093791580093932374e-04 -1.104204179632436016e-05 1.273429621281646862e-07 3.65 0.00022279967277 1.6e-09
2.651875639478255522e-05 9.582568314286670219e-01 2.175259774165880927e-02 1.076937968047641918e-04 -5.340483794005546948e-05 -1.381701470071303951e-06 3.65 0.00022279967277 1.6e-09
2.511944943030936899e-05 1.506520142022858888e+00 -8.360438555621588219e-03 1.198750382461602129e-04 4.281269984307498744e-05 6.246096878942402197e-07 3.65 0.00022279967277 1.6e-09
-3.048168063314685036e-05 3.557166046527268310e+00 4.673015292604103255e-02 2.178257690658951375e-04 7.140496125264778152e-06 4.144129251402717124e-07 3.65 0.00022279967277 1.6e-09
3.576731910420401000e-05 3.147847897000068507e+00 6.635353422627737752e-02 1.962575040747642171e-04 -1.592901627599874008e-05 -9.151844301694024032e-08 3.65 0.00022279967277 1.6e-09
2.869606570488154244e-05 5.413289690476164040e-01 6.033413357354080846e-03 1.239665940590021706e-04 -5.131164820320610067e-05 -2.729818455733736602e-06 3.65 0.00022279967277 1.6e-09
-1.654131916653690516e-05 2.099280864796693624e+00 4.648928296984700809e-03 1.443224480017185184e-04 3.237259239289743247e-05 8.598752449335960091e-07 3.65 0.00022279967277 1.6e-09
-1.108773674747268114e-04 3.642212033594647735e+00 7.029096545307239596e-02 2.223712735129835182e-04 2.886602695826958011e-06 4.206902544894150135e-07 3.65 0.00022279967277 1.6e-09
3.967187105567849387e-05 2.772630274813462137e+00 7.981270874028303930e-02 1.769825046570678781e-04 -2.184681811343561268e-05 -3.548396027508889425e-07 3.65 0.00022279967277 1.6e-09
-7.364149640205492741e-06 3.969578533870528059e-01 -8.288794177021992921e-03 1.485214149105312624e-04 -9.147737686193952133e-06 -3.211708808205683179e-06 3.65 0.00022279967277 1.6e-09
7.931429888055631079e-05 2.626763261695285401e+00 2.770894106493908965e-02 1.696645702693874106e-04 2.402166793438751318e-05 8.733159368714878100e-07 3.65 0.00022279967277 1.6e-09
-6.102138137368713091e-05 3.647404528965103587e+00 8.740777982390079970e-02 2.226564937754046286e-04 -1.573662011109253076e-06 2.908623984594106217e-07 3.65 0.00022279967277 1.6e-09
-5.927871072875442473e-05 2.258987547733767975e+00 7.361061793925771646e-02 1.517654691861225653e-04 -2.972628164309132191e-05 -7.903035845202154030e-07 3.65 0.00022279967277 1.6e-09
4.285262450335055131e-06 4.736485346287984122e-01 -1.890028798760347989e-02 1.329917022199984323e-04 4.356438183431883418e-05 -1.032318471580231791e-06 3.65 0.00022279967277 1.6e-09
-2.820278168761676085e-05 3.056512986538201027e+00 6.222472473553709860e-02 1.915041354948096553e-04 1.754109147210031417e-05 9.186252506204633755e-07 3.65 0.00022279967277 1.6e-09
1.100100106275610315e-05 3.602793395394492393e+00 1.167258987437526235e-01 2.202486689289083412e-04 -5.781478758438369898e-06 1.282878286705849747e-07 3.65 0.00022279967277 1.6e-09
-3.965798517974129035e-05 1.718172098605979858e+00 6.740610368276883646e-02 1.278295884980011838e-04 -3.891758075471045582e-05 -1.604336342191478094e-06 3.65 0.00022279967277 1.6e-09
-4.578743200301554802e-05 7.808477541714291537e-01 -1.792771136021115846e-02 1.094577949757057674e-04 5.586841218587499172e-05 9.786834452583736651e-07 3.65 0.00022279967277 1.6e-09
-9.222699376062924129e-05 3.320029124734082071e+00 8.550039817162721767e-02 2.052807022499098747e-04 1.263949739607799494e-05 8.185766846324076133e-07 3.65 0.00022279967277 1.6e-09
-8.278205440697700569e-05 3.438685506551395488e+00 1.253116965647013137e-01 2.115435618036498426e-04 -1.008645760794441290e-05 -8.436693646067620256e-08 3.65 0.00022279967277 1.6e-09
4.228861871152576446e-05 1.080278084220355428e+00 3.908344590211565439e-02 1.087270764543256493e-04 -5.104861928435212805e-05 -2.767912012420707455e-06 3.65 0.00022279967277 1.6e-09
-1.754462088707236009e-05 1.374235564088678085e+00 6.195224001191454964e-03 1.155429471181683703e-04 4.531215607095133121e-05 1.779362877916184903e-06 3.65 0.00022279967277 1.6e-09
-4.060571187732767010e-05 3.522807402076995054e+00 1.184237534142353332e-01 2.160014122667959047e-04 8.005031841653376866e-06 6.468339472090232733e-07 3.65 0.00022279967277 1.6e-09
-4.517726535336713908e-05 3.200868334141641292e+00 1.321706645986125417e-01 1.990279089255407932e-04 -1.490128073083711095e-05 -4.514550497582025712e-07 3.65 0.00022279967277 1.6e-09
-3.598916999034138718e-05 5.996918378234117331e-01 5.834948083078685815e-03 1.184096106763892961e-04 -5.426591205931199588e-05 -4.037979388868306505e-06 3.65 0.00022279967277 1.6e-09
4.331323437935108846e-05 1.988974894931184956e+00 4.280321213937635094e-02 1.393409932843380850e-04 3.417373420885140350e-05 1.809323418457252329e-06 3.65 0.00022279967277 1.6e-09
-6.890732202753576405e-05 3.631777813929291554e+00 1.498191220487422870e-01 2.218085762707371989e-04 3.738900167708077377e-06 4.714249786443239612e-07 3.65 0.00022279967277 1.6e-09
3.415981715781940672e-05 2.860975765787027392e+00 1.343520492550272505e-01 1.814654382073594622e-04 -2.046768026334998619e-05 -9.139830640204639253e-07 3.65 0.00022279967277 1.6e-09
2.146685738538986569e-05 4.085593381430541737e-01 -1.465239976528285790e-02 1.457336643009276840e-04 -2.100975430195264369e-05 -3.275975181044854761e-06 3.65 0.00022279967277 1.6e-09
4.914170714265643850e-05 2.521176899387635117e+00 7.880014806149465700e-02 1.644390671129313170e-04 2.555544744337283466e-05 1.518539029681711560e-06 3.65 0.00022279967277 1.6e-09
-5.075274835512896208e-05 3.643975768713383800e+00 1.615193595454662012e-01 2.224782362706572477e-04 -6.916375569743567625e-07 2.007685864759215779e-07 3.65 0.00022279967277 1.6e-09
-4.363854175723200278e-05 2.360002704475642865e+00 1.101650969462056456e-01 1.565912826180028720e-04 -2.803977822050109263e-05 -1.474522403804963024e-06 3.65 0.00022279967277 1.6e-09
-4.242726909971019240e-05 4.418383733854553408e-01 -2.107041414479085550e-02 1.385901630849363563e-04 3.625888097386811956e-05 6.198915370733745378e-07 3.65 0.00022279967277 1.6e-09
-2.316579499863663001e-05 2.985551790308933473e+00 1.222956363019749998e-01 1.878404726088597526e-04 1.860997784364908124e-05 1.249777137362127181e-06 3.65 0.00022279967277 1.6e-09
-8.452805174442805229e-05 3.617620880157800034e+00 1.777834397943125477e-01 2.210418021897296820e-04 -4.961245827482909090e-06 -1.193765829990036182e-07 3.65 0.00022279967277 1.6e-09
-3.395275645034471508e-05 1.832333751127559474e+00 8.211032907045329177e-02 1.325312372742086856e-04 -3.685326280430486259e-05 -2.264523759303139098e-06 3.65 0.00022279967277 1.6e-09
1.753657096501920771e-05 6.974841295889155912e-01 -9.453399186991354175e-03 1.123394654946548491e-04 5.605343301269473144e-05 2.862249414953751253e-06 3.65 0.00022279967277 1.6e-09
4.709760010452481555e-05 3.271755253752318016e+00 1.498333269971845461e-01 2.027406143438770128e-04 1.355760068494139576e-05 9.655360658878630804e-07 3.65 0.00022279967277 1.6e-09
-3.370327498161306072e-05 3.476786923158707410e+00 1.766845656296356371e-01 2.135583609482738781e-04 -9.167320336840739873e-06 -4.383768215237782757e-07 3.65 0.00022279967277 1.6e-09
4.105579580215426908e-06 1.208257132756332730e+00 4.026598995472399634e-02 1.110917721795272805e-04 -4.850601369244381854e-05 -3.238614674073746369e-06 3.65 0.00022279967277 1.6e-09
-5.312199380753203820e-05 1.242980945764656564e+00 2.738882550858416642e-02 1.119251584238695597e-04 4.781998754228088491e-05 2.882158169428588398e-06 3.65 0.00022279967277 1.6e-09
-6.045352666912494317e-05 3.484448358506167409e+00 1.680186879722966042e-01 2.139683839181584762e-04 8.888614183956433396e-06 5.989237056138212837e-07 3.65 0.00022279967277 1.6e-09
2.806583901864284099e-05 3.249823823220622021e+00 1.586859942313373628e-01 2.015939158040911370e-04 -1.391573542130288043e-05 -8.167423156632300005e-07 3.65 0.00022279967277 1.6e-09
-3.255875231700371976e-05 6.677980310653680585e-01 -1.609954548057839592e-03 1.138465336904093779e-04 -5.575334747440051651e-05 -3.652760171770096135e-06 3.65 0.00022279967277 1.6e-09
-3.685878611241196699e-05 1.877326691169959094e+00 7.677635674489668993e-02 1.344577520975853181e-04 3.602960071460389765e-05 2.366892982742521263e-06 3.65 0.00022279967277 1.6e-09
-2.166175015466738921e-05 3.618169111346260625e+00 1.895599869261617998e-01 2.210779519453259768e-04 4.575821561815546251e-06 2.792299282179469737e-07 3.65 0.00022279967277 1.6e-09
1.279131391853615801e-05 2.941522972206643161e+00 1.431799788115369065e-01 1.855835576542476644e-04 -1.921329417663526833e-05 -1.274597851024419726e-06 3.65 0.00022279967277 1.6e-09
2.070413550972147944e-05 4.280947604125477368e-01 -1.996869963924352565e-02 1.414339006198609685e-04 -3.117804570800128633e-05 -1.598298855076444499e-06 3.65 0.00022279967277 1.6e-09
-7.462241168958333481e-05 2.416396305681073109e+00 1.109096038447403565e-01 1.593179817875625096e-04 2.713585004821995810e-05 1.700506968798775718e-06 3.65 0.00022279967277 1.6e-09
6.074797709707851947e-05 3.642077084311683866e+00 1.841758975598446479e-01 2.223784647774494009e-04 1.899320866091780528e-07 -4.066813709483450817e-08 3.65 0.00022279967277 1.6e-09
4.218995048525442577e-05 2.461646575117182323e+00 1.048621676271274256e-01 1.615204861225387467e-04 -2.644168063620052413e-05 -1.696762398389769170e-06 3.65 0.00022279967277 1.6e-09
-6.523145355410102765e-05 4.183946747126626731e-01 -1.785887936790531497e-02 1.434201642448342104e-04 2.729251761380977392e-05 2.795569533818511110e-06 3.65 0.00022279967277 1.6e-09
5.984082458855541939e-05 2.909115545789499713e+00 1.448848185329983940e-01 1.839182176149267668e-04 1.976390666683796210e-05 1.132493558029082546e-06 3.65 0.00022279967277 1.6e-09
8.713893058273476330e-05 3.630672545041152333e+00 1.767221645673168196e-01 2.217419401922202105e-04 -4.154487830621674640e-06 -3.916477182833693373e-07 3.65 0.00022279967277 1.6e-09
5.049407517181955579e-05 1.942043313621487188e+00 6.279747696336894502e-02 1.372537578835818152e-04 -3.499324420317033511e-05 -2.150833522354872991e-06 3.65 0.00022279967277 1.6e-09
-2.064216634603503668e-05 6.268023932454582781e-01 9.567940819552535250e-04 1.163341057628460191e-04 5.512774360487749829e-05 4.211727056777755548e-06 3.65 0.00022279967277 1.6e-09
-7.312422445476140414e-05 3.223735442587125632e+00 1.618666406596959428e-01 2.002185123731887984e-04 1.452087133023678143e-05 7.410486891289790741e-07 3.65 0.00022279967277 1.6e-09
-5.535691139384220095e-05 3.515243926853668377e+00 1.626879785701506043e-01 2.155950160300754452e-04 -8.273073173338404512e-06 -6.656408503490770839e-07 3.65 0.00022279967277 1.6e-09
1.065405901922741890e-05 1.339417155683077620e+00 2.316101843585786912e-02 1.144903111141505516e-04 -4.599039229759337502e-05 -2.591716119326213802e-06 3.65 0.00022279967277 1.6e-09
2.890492445349364793e-05 1.114320764668750297e+00 3.724681183015154246e-02 1.092675130772709051e-04 5.032210878393375547e-05 3.126778435598888807e-06 3.65 0.00022279967277 1.6e-09
8.383847130239560825e-05 3.446070328496255719e+00 1.550747661297197655e-01 2.119377562223275836e-04 9.801676001471407059e-06 3.065259509938258269e-07 3.65 0.00022279967277 1.6e-09
-4.115447372661634458e-05 3.299577368939789590e+00 1.239347770431500767e-01 2.042087643504530417e-04 -1.294845563612676462e-05 -8.947177005240678892e-07 3.65 0.00022279967277 1.6e-09
5.017829408014907360e-06 7.482839301753811956e-01 -1.187508507421469739e-02 1.104017647324612367e-04 -5.602067850720919399e-05 -2.054486056669600518e-06 3.65 0.00022279967277 1.6e-09
6.468755610356094520e-05 1.761278100888330478e+00 8.106949442491126478e-02 1.295905617907662890e-04 3.806224768628741688e-05 2.116552572826651743e-06 3.65 0.00022279967277 1.6e-09
-7.840002981499747086e-05 3.603898535863096164e+00 1.590517157199696496e-01 2.203134984030343684e-04 5.428652441063917916e-06 -1.747182250628282111e-08 3.65 0.00022279967277 1.6e-09
-9.488592622001135667e-06 3.018230042215898301e+00 9.842078256882672016e-02 1.895308902939060985e-04 -1.805824697711942212e-05 -1.177527349393938244e-06 3.65 0.00022279967277 1.6e-09
4.233071341756480680e-05 4.562869885589299068e-01 -2.123602602864013700e-02 1.360058607334045503e-04 -3.974131397119418156e-05 5.028867368306022456e-07 3.65 0.00022279967277 1.6e-09
5.781632984509863914e-05 2.311265701533824490e+00 9.955086100997652399e-02 1.542572871228237641e-04 2.881730903170856046e-05 1.277169203549196061e-06 3.65 0.00022279967277 1.6e-09
8.539020056866365434e-05 3.643437341410718400e+00 1.385395004674729313e-01 2.224494872696771873e-04 1.089634511098350745e-06 -2.430731095963313323e-07 3.65 0.00022279967277 1.6e-09
-5.895137589414109562e-05 2.566351698083793043e+00 6.200519351914757227e-02 1.666688047313569340e-04 -2.488198809341043137e-05 -1.312196322563068655e-06 3.65 0.00022279967277 1.6e-09
-1.399100818865450915e-05 4.023865035851421634e-01 -1.183900747892915190e-02 1.471316419523833931e-04 1.641179284198910569e-05 3.912404784787863888e-06 3.65 0.00022279967277 1.6e-09
2.257215216442719024e-06 2.825759721347831821e+00 1.120673143520612980e-01 1.796691998001347470e-04 2.106781824661312186e-05 6.337523096024683620e-07 3.65 0.00022279967277 1.6e-09
4.455184781185845855e-05 3.642576032302996758e+00 1.125339696291768055e-01 2.223829000382189481e-04 -3.319337913757665382e-06 -4.843878058026610107e-07 3.65 0.00022279967277 1.6e-09
7.085335777251221235e-05 2.050777519107303881e+00 2.241708979827098172e-02 1.421021220619307017e-04 -3.321431478242730805e-05 -1.352357972814082700e-06 3.65 0.00022279967277 1.6e-09
2.953185408144479127e-05 5.654700811804105332e-01 6.202620040793175964e-03 1.214010984940030861e-04 5.287895623646111183e-05 3.999945315315107029e-06 3.65 0.00022279967277 1.6e-09
-8.447128966586269177e-05 3.174037324527394510e+00 1.146076939266879591e-01 1.976169703117373574e-04 1.551823025044875569e-05 3.209670164110430895e-07 3.65 0.00022279967277 1.6e-09
8.180678698182322379e-05 3.551819544067417844e+00 9.596304975572425566e-02 2.175355650141279156e-04 -7.423354077372858089e-06 -6.053669892624961027e-07 3.65 0.00022279967277 1.6e-09
3.497939375931775251e-05 1.471003370230636209e+00 2.247506222509143840e-04 1.186345891967765490e-04 -4.352301337699644712e-05 -1.362832386600780413e-06 3.65 0.00022279967277 1.6e-09
1.782329548176428557e-05 9.912087452567757140e-01 2.932044219153671569e-02 1.078490139315176050e-04 5.273405543937428978e-05 2.232877087686839788e-06 3.65 0.00022279967277 1.6e-09
5.569926736652274391e-05 3.407391000418369842e+00 8.877629874210990479e-02 2.098924901700948233e-04 1.075050182051114040e-05 -7.640448812992077599e-09 3.65 0.00022279967277 1.6e-09
-3.770549760230109868e-06 3.349727717156544937e+00 5.419459083134668675e-02 2.068489919289153442e-04 -1.199366779931574913e-05 -6.215822337581180311e-07 3.65 0.00022279967277 1.6e-09
5.044840893308260920e-05 8.451546839393295762e-01 -1.691324286966940788e-02 1.082560362146081775e-04 -5.517697273734874729e-05 -4.410070941573231316e-07 3.65 0.00022279967277 1.6e-09
-3.352596074339215181e-05 1.637433005814248554e+00 5.413124006221096268e-02 1.246726902085582640e-04 4.036347811613711484e-05 1.215361983916900558e-06 3.65 0.00022279967277 1.6e-09
8.903434915153151394e-05 3.585338016139452577e+00 8.209249564958862044e-02 2.193231653852460261e-04 6.279838270634235944e-06 -2.002501289448030463e-07 3.65 0.00022279967277 1.6e-09
-1.532897427136327851e-05 3.089378182821248764e+00 3.390788975767847907e-02 1.932136294021791060e-04 -1.695491542094636249e-05 -7.057168435732061264e-07 3.65 0.00022279967277 1.6e-09
-1.328119991634389295e-05 4.947055661590694653e-01 -1.662342282189188669e-02 1.298634948501969791e-04 -4.661810684161378276e-05 1.528453840308514928e-06 3.65 0.00022279967277 1.6e-09
7.087670298657130238e-05 2.203705822514307577e+00 5.474495840758335230e-02 1.491673252720360210e-04 3.061363534372744401e-05 5.695968663160395122e-07 3.65 0.00022279967277 1.6e-09
3.595959760666335935e-05 3.644326104305941172e+00 6.161120658373971104e-02 2.224922527280236454e-04 2.004332696351497114e-06 -2.466244430803694417e-07 3.65 0.00022279967277 1.6e-09
6.070385688822478251e-05 2.672369912958173277e+00 1.606893385077847944e-02 1.719427485683699844e-04 -2.333780322596158032e-05 -6.284839591225848729e-07 3.65 0.00022279967277 1.6e-09
-6.978253223806403656e-05 3.946141646354640597e-01 -6.009841732849539007e-03 1.490834674775393131e-04 3.855858110666329147e-06 3.043473908692176230e-06 3.65 0.00022279967277 1.6e-09
5.848594517092777759e-05 2.731296055820847890e+00 4.881422963021157108e-02 1.748944125186686752e-04 2.250449193033814615e-05 1.175348734337402167e-07 3.65 0.00022279967277 1.6e-09
-5.407021961657158067e-05 3.649308612834567533e+00 3.369249168533308691e-02 2.227494929385306563e-04 -2.445269927486406954e-06 -3.251810313995924369e-07 3.65 0.00022279967277 1.6e-09
-1.109307195982372362e-05 2.159006547218421890e+00 -7.734470995922684833e-03 1.470693523334239898e-04 -3.142741318967738102e-05 -4.386064080732356080e-07 3.65 0.00022279967277 1.6e-09
-2.829496425190078244e-06 5.134406574376131349e-01 3.959924231671315895e-03 1.272580784249729979e-04 4.903653765103531533e-05 2.180051845448672729e-06 3.65 0.00022279967277 1.6e-09
-6.253462433616563333e-05 3.117933905902900982e+00 4.612215420737175026e-02 1.946924055829377847e-04 1.654292855162120841e-05 3.842037918194279053e-08 3.65 0.00022279967277 1.6e-09
5.453035240576029568e-05 3.581846888874516299e+00 2.999810638474758109e-02 2.191327127939551823e-04 -6.582236304039499513e-06 -3.052759600460655168e-07 3.65 0.00022279967277 1.6e-09
2.076281915864718983e-05 1.599239957799387213e+00 -8.180115683302027763e-03 1.232130680879239717e-04 -4.114470138438599297e-05 -3.912536298625371921e-07 3.65 0.00022279967277 1.6e-09
1.136928450309642447e-05 8.785889813717435715e-01 1.011296165842754183e-02 1.079109396054804592e-04 5.470915392652593161e-05 7.078117236470837128e-07 3.65 0.00022279967277 1.6e-09
-7.557640976268311761e-05 3.365804841111010859e+00 1.950444156791694347e-02 2.076950315473716040e-04 1.171286679489253783e-05 -8.686089111422768793e-08 3.65 0.00022279967277 1.6e-09
-8.539429982076546678e-05 3.397746640143474828e+00 4.157725989259871205e-03 2.093814654197753309e-04 -1.102196411750317723e-05 -1.894930855350469483e-07 3.65 0.00022279967277 1.6e-09
5.804798671281840726e-06 9.582738362051735903e-01 -9.387815820004679485e-03 1.076974988820320891e-04 -5.342816742215001388e-05 1.647875209111182280e-07 3.65 0.00022279967277 1.6e-09
2.591894521968671244e-05 1.506081773666720025e+00 1.635267456085227195e-02 1.198559620160901177e-04 4.283248151656265153e-05 3.115033208040584954e-07 3.65 0.00022279967277 1.6e-09
8.579205095571181244e-05 3.558698389439095777e+00 1.729915305225827177e-02 2.179059118107567355e-04 7.155902785033412702e-06 -1.201054901451422519e-07 3.65 0.00022279967277 1.6e-09
-8.152066048651646427e-05 3.152261346038120138e+00 1.560165507781287038e-04 1.964862353412396624e-04 -1.588267838435004223e-05 -1.933611045314531279e-07 3.65 0.00022279967277 1.6e-09
-4.618757850843209365e-05 5.433705836303248660e-01 -6.554886290203515951e-03 1.237323609723086715e-04 -5.153764030640789598e-05 8.118776351394973120e-07 3.65 0.00022279967277 1.6e-09
-7.045610771167995241e-05 2.094237067880807768e+00 9.769114472568028729e-03 1.440939105502094279e-04 3.245656392408173638e-05 1.472933323633320372e-07 3.65 0.00022279967277 1.6e-09
5.251236556614741630e-05 3.641386186946494963e+00 1.388276950469760976e-02 2.223288706869199589e-04 2.905884837748526346e-06 -2.728208400258143153e-08 3.65 0.00022279967277 1.6e-09
-3.449621336994786614e-05 2.773759589259736202e+00 6.119788571302135945e-03 1.770422985553523189e-04 -2.183425793105979234e-05 -1.252856892547280175e-07 3.65 0.00022279967277 1.6e-09
-4.555089763072908069e-05 3.965850182401463031e-01 -2.408119756183246026e-03 1.486238461193558030e-04 -9.130878149746032252e-06 5.263605067471224917e-07 3.65 0.00022279967277 1.6e-09
1.780420641498357668e-05 2.627715933094412648e+00 1.139631270796490157e-03 1.697094427415305959e-04 2.404424848843401442e-05 7.656245619638615373e-10 3.65 0.00022279967277 1.6e-09
-6.243773770662527760e-05 3.650615480469844520e+00 5.155832035633456639e-04 2.228264914464537876e-04 -1.549655391890506309e-06 -1.010587930246515791e-08 3.65 0.00022279967277 1.6e-09
1.180787002318677866e-05 2.264630713471845525e+00 -5.884829758414238153e-04 1.520290253152631820e-04 -2.969250565279259294e-05 -9.153326173346037776e-09 3.65 0.00022279967277 1.6e-09
-2.073492820197632449e-05 4.720284657673528006e-01 -3.630520102811249025e-03 1.332685138071909928e-04 4.339081744961830671e-05 -2.328009808840299450e-07 3.65 0.00022279967277 1.6e-09
-3.830780459871396002e-05 3.054715810826499123e+00 8.035451594589279600e-03 1.914121905433631952e-04 1.759480257341862019e-05 1.457930538371677341e-07 3.65 0.00022279967277 1.6e-09
-1.367556996915131714e-05 3.604730052163819476e+00 1.743969880820324392e-02 2.203529793636473566e-04 -5.755763557226027205e-06 3.299300890396515402e-08 3.65 0.00022279967277 1.6e-09
-2.971308446571638493e-05 1.720428997622812428e+00 1.106343521314378728e-02 1.279218791542986473e-04 -3.894314217448401473e-05 -2.411619958353059953e-07 3.65 0.00022279967277 1.6e-09
2.144037411041022743e-05 7.802650034471203533e-01 -8.900440976000213722e-03 1.094755781162946276e-04 5.589050599405006724e-05 -4.061325599470293850e-07 3.65 0.00022279967277 1.6e-09
1.049205052056417304e-05 3.321800088199963419e+00 -9.950199678407669300e-04 2.053738141812312104e-04 1.265832912667111393e-05 1.752021269762866445e-07 3.65 0.00022279967277 1.6e-09
4.419774638578879728e-05 3.442383124230987246e+00 1.504503476700773043e-02 2.117384689304486686e-04 -1.008307429727118385e-05 1.152883873195828516e-07 3.65 0.00022279967277 1.6e-09
-2.630467877199894585e-05 1.081798299143513997e+00 1.218426201246738949e-02 1.087497519418759780e-04 -5.112616501728160269e-05 -4.636620749000979369e-07 3.65 0.00022279967277 1.6e-09
2.793663519163695075e-05 1.371931918300707043e+00 -8.566638710566485543e-03 1.154718618529824065e-04 4.539385736714372885e-05 1.240046006172410705e-07 3.65 0.00022279967277 1.6e-09
-4.987121506169662512e-05 3.525590925603129477e+00 1.232155375733226185e-02 2.161483225694767630e-04 8.046069462012656688e-06 2.011438900964573483e-07 3.65 0.00022279967277 1.6e-09
-7.664553319402592755e-05 3.206898290520664663e+00 2.568213200781258032e-02 1.993422210488336190e-04 -1.487292967655874614e-05 3.181370969961911771e-08 3.65 0.00022279967277 1.6e-09
-4.294603585387468398e-05 6.013894475799667072e-01 5.533312689050809766e-03 1.182662325184218299e-04 -5.447690147508610565e-05 -1.162477961260168584e-06 3.65 0.00022279967277 1.6e-09
6.683923200043619779e-05 1.985182135585138674e+00 -5.740113749777923588e-03 1.391749728420584226e-04 3.428420696422439657e-05 4.237412107415478611e-07 3.65 0.00022279967277 1.6e-09
6.706336308200347321e-05 3.634052650673364582e+00 3.261266691316798416e-02 2.219311984428308797e-04 3.764791869278376936e-06 2.919444675694939830e-07 3.65 0.00022279967277 1.6e-09
5.645843144455591774e-05 2.864392942302756317e+00 4.581114304764884182e-02 1.816409892085343696e-04 -2.048211282064552749e-05 -1.012327448566415452e-07 3.65 0.00022279967277 1.6e-09
-6.453369238875895767e-05 4.081501766388149210e-01 -2.377650546694522367e-03 1.458517605836850734e-04 -2.100975574793912542e-05 -2.297085021228197639e-06 3.65 0.00022279967277 1.6e-09
-3.031227121912374238e-06 2.522576108683517226e+00 6.787735582248456895e-05 1.645057615006583862e-04 2.561540583998313177e-05 4.572298682328321747e-07 3.65 0.00022279967277 1.6e-09
8.417047537575604132e-05 3.649350353828802351e+00 3.883374445702998667e-02 2.227640758137342479e-04 -6.770531567669976027e-07 2.700660164177329686e-07 3.65 0.00022279967277 1.6e-09
6.049953464466578375e-05 2.365934754196683087e+00 4.501407050553080796e-02 1.568737471018040062e-04 -2.804951875871419635e-05 -2.764703931108865485e-07 3.65 0.00022279967277 1.6e-09
-4.445581594890820514e-05 4.406359458012026886e-01 -1.263782686959948401e-02 1.388334817136498622e-04 3.599740970908381967e-05 -1.756824786229687358e-06 3.65 0.00022279967277 1.6e-09
1.075579300701937264e-06 2.985948517224330079e+00 2.612079584331878160e-02 1.878621392915003291e-04 1.867329570751006227e-05 6.227096237847906943e-07 3.65 0.00022279967277 1.6e-09
1.099077066085662178e-04 3.621418045738613145e+00 6.939274887846649809e-02 2.212450088662197838e-04 -4.965912075048864522e-06 1.973113018170284916e-07 3.65 0.00022279967277 1.6e-09
-2.040245073079870856e-05 1.833744688478548657e+00 5.082219919496100413e-02 1.325921379002367555e-04 -3.691509966491466900e-05 -8.745785597996300198e-07 3.65 0.00022279967277 1.6e-09
-7.378778086794806484e-06 6.964994318876991386e-01 -1.919764341157663423e-02 1.123766618519186986e-04 5.611010302936540397e-05 -1.969860602296589749e-07 3.65 0.00022279967277 1.6e-09
7.382354860488741718e-05 3.275899974113035018e+00 4.157741667422962251e-02 2.029572747744315354e-04 1.358812114217452458e-05 6.422532790169815350e-07 3.65 0.00022279967277 1.6e-09
4.174268570796894987e-05 3.482293203420525174e+00 8.252895243490811217e-02 2.138492304056349789e-04 -9.175922346967144819e-06 1.127352138627825075e-07 3.65 0.00022279967277 1.6e-09
3.173709106310932830e-05 1.210516638903804676e+00 3.918906292040300055e-02 1.111391947855682166e-04 -4.854789414966933272e-05 -1.751293925148514473e-06 3.65 0.00022279967277 1.6e-09
-2.466614164795745981e-05 1.239339695319506829e+00 -1.035826176952230754e-02 1.118354949534816178e-04 4.798374586571050736e-05 9.408403293405409425e-07 3.65 0.00022279967277 1.6e-09
-1.384948439907901036e-05 3.487834728149182162e+00 6.811829079934861308e-02 2.141475943442588481e-04 8.922844951349949590e-06 5.720250404807193364e-07 3.65 0.00022279967277 1.6e-09
-9.853030062410890618e-05 3.255096779738806845e+00 9.376995552503525344e-02 2.018703122595371193e-04 -1.390136375699872451e-05 -1.336582187596018241e-07 3.65 0.00022279967277 1.6e-09
-2.899239921226735210e-05 6.701165618025393123e-01 1.379105644122356061e-02 1.137184207891355891e-04 -5.579672271446985913e-05 -3.137088915810404407e-06 3.65 0.00022279967277 1.6e-09
-2.459897068196854081e-05 1.874590526155640369e+00 1.398478009060022398e-02 1.343420453286532342e-04 3.616622445410970965e-05 1.322227920796755904e-06 3.65 0.00022279967277 1.6e-09
-6.992817762970326262e-05 3.621016821781180006e+00 1.035817943328111029e-01 2.212305081238644306e-04 4.594857556046021444e-06 5.113827805959636896e-07 3.65 0.00022279967277 1.6e-09
6.387709247442464129e-05 2.943871951686487076e+00 1.098538466423449877e-01 1.857047314282415105e-04 -1.923647265714527863e-05 -5.031211692063202060e-07 3.65 0.00022279967277 1.6e-09
5.096110555805649954e-05 4.283695150629811543e-01 -6.424914412688549452e-03 1.413907401415829233e-04 -3.131482731475307348e-05 -3.883594641827477402e-06 3.65 0.00022279967277 1.6e-09
1.876524981302977373e-05 2.417623577244147892e+00 4.054135648734258357e-02 1.593768671877317797e-04 2.719411451961370254e-05 1.247654723076105181e-06 3.65 0.00022279967277 1.6e-09
6.077302186889893998e-05 3.646276614333741506e+00 1.198869402904171461e-01 2.226015832082151795e-04 1.979164526643699302e-07 3.500980776790212663e-07 3.65 0.00022279967277 1.6e-09
5.913108374095431589e-05 2.466125132203132786e+00 1.001419548561505446e-01 1.617374634242629535e-04 -2.642471232173667698e-05 -9.546618097724921398e-07 3.65 0.00022279967277 1.6e-09
-1.563031433744559683e-05 4.173365078336312428e-01 -1.927546253591144038e-02 1.436577371296299016e-04 2.679048132715355533e-05 -1.444620852319281812e-06 3.65 0.00022279967277 1.6e-09
-1.579298446079988136e-05 2.908562994045035488e+00 8.200860745297025578e-02 1.838903707934261310e-04 1.981808898070349420e-05 1.161777641988727514e-06 3.65 0.00022279967277 1.6e-09
-3.945220788496756916e-05 3.631844985110415536e+00 1.457543475544044731e-01 2.218054567920659458e-04 -4.148260145687104980e-06 1.023046966445827531e-07 3.65 0.00022279967277 1.6e-09
1.275555173525892637e-05 1.943002830648916213e+00 8.528140451991668425e-02 1.372979907510379156e-04 -3.496917673262612972e-05 -1.721005040753636326e-06 3.65 0.00022279967277 1.6e-09
1.988640996374614340e-05 6.250001168749476088e-01 -1.865940204048489176e-02 1.164533297916970890e-04 5.519149041511112956e-05 1.405705366032195012e-06 3.65 0.00022279967277 1.6e-09
7.764950148014786852e-05 3.225653192402715419e+00 1.137393325464895327e-01 2.003183976848090767e-04 1.452452253943863785e-05 1.008950296185878740e-06 3.65 0.00022279967277 1.6e-09
-6.749587054028294351e-05 3.517545507453168518e+00 1.579914498270165724e-01 2.157162335574525590e-04 -8.269068588210084640e-06 -1.599279187337238889e-07 3.65 0.00022279967277 1.6e-09
3.789294552064586446e-05 1.343944238968634686e+00 5.554629854402449995e-02 1.146187727429097598e-04 -4.585973083956414219e-05 -2.761640158672161026e-06 3.65 0.00022279967277 1.6e-09
-1.090050456956818210e-05 1.108946527839938412e+00 4.154250164241679241e-03 1.091765164036480058e-04 5.051132225061165051e-05 2.346011123966214585e-06 3.65 0.00022279967277 1.6e-09
-1.710204140528772022e-05 3.445131688552490523e+00 1.389540231570402240e-01 2.118875694041426642e-04 9.831006483347886905e-06 7.494733610946413368e-07 3.65 0.00022279967277 1.6e-09
-3.204525190574523480e-05 3.300805973613258892e+00 1.535210185751821887e-01 2.042731048079620738e-04 -1.291721547438814754e-05 -5.136530736874056449e-07 3.65 0.00022279967277 1.6e-09
-2.241191106107294381e-05 7.532481069828738107e-01 1.325225772823242741e-02 1.102466405188548348e-04 -5.589496025950768963e-05 -3.921908253303375716e-06 3.65 0.00022279967277 1.6e-09
-4.761214785959176209e-05 1.756811057309376700e+00 4.880874115184087592e-02 1.294067377692703050e-04 3.817173881908660261e-05 2.272638525437063862e-06 3.65 0.00022279967277 1.6e-09
2.017223286748645914e-05 3.601843368268729417e+00 1.710650062215794409e-01 2.202046697248480019e-04 5.430299662656908950e-06 4.847209994112712752e-07 3.65 0.00022279967277 1.6e-09
-8.978682878465120236e-05 3.017667529092045164e+00 1.504533664814940164e-01 1.895030352949173165e-04 -1.801979538833528151e-05 -9.858673207263555203e-07 3.65 0.00022279967277 1.6e-09
5.907561844770270313e-05 4.577175258707311678e-01 -1.314044658076552949e-02 1.357609187959260208e-04 -4.003601385106167628e-05 -3.476699736743541607e-06 3.65 0.00022279967277 1.6e-09
2.701067468992560244e-05 2.308707774749203523e+00 8.772422285487803395e-02 1.541320925315178966e-04 2.885426682714037461e-05 1.848148929161145975e-06 3.65 0.00022279967277 1.6e-09
1.770288654688069452e-05 3.642765749893673188e+00 1.819074105280820697e-01 2.224118547589454763e-04 1.119361716787920070e-06 1.987725161344887088e-07 3.65 0.00022279967277 1.6e-09
8.003903936504397723e-05 2.571485225202529534e+00 1.258330223420889293e-01 1.669192486888772091e-04 -2.476727295604738108e-05 -1.494643436826000344e-06 3.65 0.00022279967277 1.6e-09
2.345383966832480677e-05 4.015610369556397163e-01 -2.139523378752780300e-02 1.473226997122593484e-04 1.553268240465466464e-05 3.889661197384663242e-07 3.65 0.00022279967277 1.6e-09
-6.995547182204080508e-05 2.818350775605397374e+00 1.283515589333382723e-01 1.792936398941315712e-04 2.112299935964287591e-05 1.375666126046298356e-06 3.65 0.00022279967277 1.6e-09
-2.188337871202316069e-06 3.638474388454269626e+00 1.853982198073283738e-01 2.221652938793466101e-04 -3.279423662722246322e-06 -1.558891966260442716e-07 3.65 0.00022279967277 1.6e-09
-4.354386821413436151e-05 2.053619345893434645e+00 8.848082019679415211e-02 1.422348494367192402e-04 -3.306489464697532482e-05 -2.100975045151927094e-06 3.65 0.00022279967277 1.6e-09
3.310376648216763705e-05 5.631865728243327096e-01 -1.114417393804194821e-02 1.216094381861367155e-04 5.280458248284310510e-05 3.444822753352658236e-06 3.65 0.00022279967277 1.6e-09
-5.493667766707564337e-05 3.169928460163375039e+00 1.598744395911534388e-01 1.974009393876636044e-04 1.553571171652187469e-05 1.016998977211425944e-06 3.65 0.00022279967277 1.6e-09
-1.085957043910189013e-04 3.551242647947038478e+00 1.846904837494438845e-01 2.175036982872403078e-04 -7.350385795712495525e-06 -4.842983820475312763e-07 3.65 0.00022279967277 1.6e-09
-3.873833110137755119e-05 1.481478423746614759e+00 4.886130518145814783e-02 1.189895332817657064e-04 -4.322605591408654831e-05 -2.831421356525991870e-06 3.65 0.00022279967277 1.6e-09
-3.413293178770252911e-05 9.817803461735938875e-01 1.937377176253358285e-02 1.077968471385245945e-04 5.286054911637946114e-05 3.426383990158880169e-06 3.65 0.00022279967277 1.6e-09
5.535553872197303824e-05 3.399792255859848567e+00 1.682213338428037441e-01 2.094915503058581373e-04 1.080524126095540284e-05 6.145790269376649982e-07 3.65 0.00022279967277 1.6e-09
4.226390801162631551e-05 3.348933434909789675e+00 1.589380589743990546e-01 2.068075658503625111e-04 -1.190398430609647145e-05 -7.929013209868721411e-07 3.65 0.00022279967277 1.6e-09
3.930331872246138668e-05 8.537629452344703829e-01 3.644773686284159733e-03 1.081523042933519674e-04 -5.498055763459551448e-05 -3.201456911639785842e-06 3.65 0.00022279967277 1.6e-09
-5.593021140171149287e-05 1.628432681990884312e+00 6.960066334110170949e-02 1.243283410573973232e-04 4.044323162911103882e-05 2.599312529044644422e-06 3.65 0.00022279967277 1.6e-09
-1.088387318995503555e-04 3.579209569154480519e+00 1.810637117081684289e-01 2.189965042585575734e-04 6.339160656141057897e-06 2.304301108577823857e-07 3.65 0.00022279967277 1.6e-09
1.315658829646260478e-05 3.090300561900451104e+00 1.346020333624395049e-01 1.932615364851390468e-04 -1.685273631413278749e-05 -1.170976939774417853e-06 3.65 0.00022279967277 1.6e-09
-5.460977045365740729e-05 4.980845139895010432e-01 -1.925266962919694805e-02 1.293886904946252108e-04 -4.701161099328756787e-05 -1.620116167120246753e-06 3.65 0.00022279967277 1.6e-09
6.787019997425682504e-05 2.194293666665057430e+00 1.047366208339777782e-01 1.487238437078128891e-04 3.068885173302512081e-05 1.830929353354524985e-06 3.65 0.00022279967277 1.6e-09
-8.284302909435398035e-05 3.641152320299592127e+00 1.780853239969299451e-01 2.223204934043018712e-04 2.096057661506499632e-06 -5.964949823385190033e-08 3.65 0.00022279967277 1.6e-09
3.528277809184489399e-05 2.682077412934594562e+00 1.030754394865487089e-01 1.724266722740355317e-04 -2.312659897489155859e-05 -1.505133972504039013e-06 3.65 0.00022279967277 1.6e-09
1.025813985522150879e-05 3.947296497141807303e-01 -1.906868926186295471e-02 1.490351204746689494e-04 2.478668051428425794e-06 2.394784023469579491e-06 3.65 0.00022279967277 1.6e-09
8.142578945090329055e-05 2.716781359503961824e+00 1.271397436650211210e-01 1.741658469487083203e-04 2.262851141697695104e-05 1.087597550059396258e-06 3.65 0.00022279967277 1.6e-09
4.532969092112471487e-05 3.644420241474686684e+00 1.550550064187813382e-01 2.224902342987036406e-04 -2.353524969354528862e-06 -3.738153859746543785e-07 3.65 0.00022279967277 1.6e-09
4.381486115678547960e-05 2.166724865409460854e+00 5.604754136222363931e-02 1.474297091103442020e-04 -3.123039965044653653e-05 -1.727652658632301832e-06 3.65 0.00022279967277 1.6e-09
2.840160447398576988e-05 5.102508354179771111e-01 -2.982696851864444394e-03 1.276607790001589831e-04 4.856940161153516089e-05 4.521855280338352655e-06 3.65 0.00022279967277 1.6e-09
3.399922291174961684e-05 3.109721652240472700e+00 1.456139018747225622e-01 1.942635842946493596e-04 1.662215188435936243e-05 6.583225949804134465e-07 3.65 0.00022279967277 1.6e-09
6.463015406786967786e-05 3.583350020699447747e+00 1.425386943504918236e-01 2.192107259144021397e-04 -6.462606375468299645e-06 -6.233579241672447278e-07 3.65 0.00022279967277 1.6e-09
-1.987496672820709520e-05 1.616978272423714946e+00 2.214201808039137701e-02 1.238776653548080264e-04 -4.077816982323328370e-05 -1.989913690706456501e-06 3.65 0.00022279967277 1.6e-09
-2.412900835087691768e-05 8.642110625638219634e-01 2.363348642355967213e-02 1.080451882069882426e-04 5.478667765683305305e-05 3.364230666307179016e-06 3.65 0.00022279967277 1.6e-09
6.352588874122590279e-05 3.355263570531421990e+00 1.330374945491659133e-01 2.071412055566290516e-04 1.182567365926183014e-05 2.720651204683966267e-07 3.65 0.00022279967277 1.6e-09
-6.553282814569433615e-05 3.399103276577933208e+00 1.058561614297764408e-01 2.094545522602432640e-04 -1.089387926095261279e-05 -7.560434999320521581e-07 3.65 0.00022279967277 1.6e-09
-3.220742724446814864e-05 9.707669606566242670e-01 -8.860672221309769114e-03 1.077430782774288249e-04 -5.316596994006255627e-05 -1.658973878422013649e-06 3.65 0.00022279967277 1.6e-09
1.988573252855011008e-06 1.492253696416416808e+00 6.122891178560935233e-02 1.193736211074686087e-04 4.301165175621948159e-05 2.018697746306528856e-06 3.65 0.00022279967277 1.6e-09
-2.505102128319058386e-05 3.553527512680688005e+00 1.244763404204737578e-01 2.176297416652416992e-04 7.263226484520700918e-06 -7.069587405217977669e-08 3.65 0.00022279967277 1.6e-09
8.031007813710236073e-05 3.158570021650013437e+00 7.214272623808461182e-02 1.968133917379757177e-04 -1.574988968899545730e-05 -9.233188404584516720e-07 3.65 0.00022279967277 1.6e-09
-9.866449314198738542e-06 5.503228485220152955e-01 -2.077638126787533304e-02 1.229707902765847830e-04 -5.196160815908834163e-05 2.901914466410034433e-07 3.65 0.00022279967277 1.6e-09
2.373196851456019782e-07 2.078122203946681346e+00 8.052946840023911257e-02 1.433577325547537719e-04 3.266667558442704658e-05 1.201419908975710862e-06 3.65 0.00022279967277 1.6e-09
-7.987407079648220336e-05 3.638992345868802047e+00 1.132176752548628984e-01 2.221992161865681502e-04 3.048765838802952816e-06 -2.316939892161361760e-07 3.65 0.00022279967277 1.6e-09
-1.786305718767751448e-08 2.787732846825441868e+00 4.950059845702822758e-02 1.777476176024762313e-04 -2.160440167713428800e-05 -1.016709360260865406e-06 3.65 0.00022279967277 1.6e-09
1.005690838421859393e-05 3.981235624604380630e-01 -1.353599408697614068e-02 1.482186010498208993e-04 -1.093347142652736093e-05 3.134799835795930996e-06 3.65 0.00022279967277 1.6e-09
5.854791045465298767e-05 2.610323214142657999e+00 7.936141669480370475e-02 1.688453128207685432e-04 2.426524293057359194e-05 4.851763152472481571e-07 3.65 0.00022279967277 1.6e-09
-3.613748877076902602e-05 3.648694674553697226e+00 7.680457469045684493e-02 2.227253022781578058e-04 -1.415410691081027978e-06 -3.864657762364247586e-07 3.65 0.00022279967277 1.6e-09
1.739719871654794991e-05 2.278298244200999356e+00 1.179812718051182450e-02 1.526788654831131328e-04 -2.945118261622901634e-05 -8.852374027154880458e-07 3.65 0.00022279967277 1.6e-09
-6.337108897485683361e-05 4.674128871924714268e-01 1.176400222464090307e-03 1.340198893377913224e-04 4.240252483061456034e-05 3.747667068233422903e-06 3.65 0.00022279967277 1.6e-09
4.600545261713808224e-05 3.044411319020611906e+00 8.395190827030306335e-02 1.908774235735515002e-04 1.775239420382470929e-05 2.016891297820640032e-07 3.65 0.00022279967277 1.6e-09
-2.671282768114862570e-05 3.608865403126275684e+00 6.510256601169814306e-02 2.205720064223513541e-04 -5.607458338363961117e-06 -4.832653650568080981e-07 3.65 0.00022279967277 1.6e-09
-5.979921056145627258e-05 1.742778638930905899e+00 -4.123367737488076862e-03 1.288210814689616415e-04 -3.854683279409533539e-05 -8.593068706732945367e-07 3.65 0.00022279967277 1.6e-09
-2.870982451297596655e-05 7.637049392255050861e-01 1.540634080712917353e-02 1.099268039023506167e-04 5.594953769935162612e-05 2.035025097399574116e-06 3.65 0.00022279967277 1.6e-09
6.057800641039709012e-05 3.311464213147090607e+00 6.116080302128586166e-02 2.048318397401985378e-04 1.282006221628975518e-05 -7.910168538310913219e-09 3.65 0.00022279967277 1.6e-09
-4.862546404209331459e-05 3.446528995195526690e+00 3.640011083913519824e-02 2.119597732906833938e-04 -9.933315512632965471e-06 -4.303704211217436223e-07 3.65 0.00022279967277 1.6e-09
-3.556463422903052742e-05 1.098826682444566494e+00 -1.323235055129936937e-02 1.090064285259701539e-04 -5.078106230626157748e-05 -3.784532503700104490e-07 3.65 0.00022279967277 1.6e-09
2.081357340641080882e-05 1.354053918518184574e+00 3.146566707697194543e-02 1.149313730494360970e-04 4.573160609539734058e-05 8.848485178273448371e-07 3.65 0.00022279967277 1.6e-09
-1.045857670037075924e-04 3.521851999593953675e+00 4.403220443515823423e-02 2.159479362181888548e-04 8.186522527513004203e-06 -1.908486686615381091e-07 3.65 0.00022279967277 1.6e-09
1.065784913290564824e-05 3.217610205783496991e+00 1.060022701410137484e-02 1.999003829706599118e-04 -1.470480087546408439e-05 -4.225627521366375023e-07 3.65 0.00022279967277 1.6e-09
2.621414395293893482e-05 6.132541677463194674e-01 -1.451573021358586527e-02 1.173273732249292031e-04 -5.486222012253280195e-05 9.810022839212668415e-07 3.65 0.00022279967277 1.6e-09
-5.783331538501989861e-05 1.963564575703046877e+00 3.487777865961767809e-02 1.382158836463278121e-04 3.464915723550946342e-05 4.401587061786588460e-07 3.65 0.00022279967277 1.6e-09
-8.860967102306884782e-05 3.631735920424935316e+00 3.932325708658823693e-02 2.218067858453194379e-04 3.937964443972749693e-06 -1.775395668614069649e-07 3.65 0.00022279967277 1.6e-09
-6.602736524714963320e-05 2.880122077758435317e+00 8.831816409319183728e-03 1.824444310853163187e-04 -2.023660866071122562e-05 -3.958635235476808302e-07 3.65 0.00022279967277 1.6e-09
6.586728973473892506e-05 4.109930046807822035e-01 -6.570989082218496070e-03 1.451769045606168200e-04 -2.300438092129726713e-05 1.949188198559617807e-06 3.65 0.00022279967277 1.6e-09
-5.232014466322901464e-05 2.504306526670823985e+00 2.064893704912677472e-02 1.636068684655419994e-04 2.590213844926310513e-05 2.872241647176842442e-08 3.65 0.00022279967277 1.6e-09
-2.406013705812337183e-05 3.650003356009662081e+00 1.075530147269316422e-02 2.227990767891586965e-04 -5.070274328682902548e-07 -1.687294093923717898e-07 3.65 0.00022279967277 1.6e-09
6.935147859565047679e-05 2.385516284201560921e+00 -7.927001914452051767e-03 1.578181433512261794e-04 -2.775355886480101490e-05 -1.630596680427434984e-07 3.65 0.00022279967277 1.6e-09
1.167641576702510843e-05 4.354149819046030379e-01 -7.975554007423911245e-05 1.398778166519815287e-04 3.442366875797983974e-05 1.382558742578150547e-06 3.65 0.00022279967277 1.6e-09
6.005558215735995020e-05 2.972526836539734596e+00 2.258423660179864276e-02 1.871712161962903089e-04 1.889543359374370822e-05 1.414466594017238674e-08 3.65 0.00022279967277 1.6e-09
-6.102570428484393778e-05 3.625933415867143239e+00 1.354216316664833344e-02 2.214862217456373551e-04 -4.789251836899902438e-06 -1.596704296669791214e-07 3.65 0.00022279967277 1.6e-09
-2.992628580722048518e-05 1.857521715752129765e+00 -5.416924686213586866e-03 1.335995038215135678e-04 -3.653495717979553400e-05 -1.797983466619863618e-07 3.65 0.00022279967277 1.6e-09
1.748825095789118602e-05 6.812620733087777491e-01 4.196377158997927287e-04 1.131155436474039265e-04 5.604444333163875486e-05 2.299723729977076304e-07 3.65 0.00022279967277 1.6e-09
6.783559556139452944e-06 3.266533919045986778e+00 7.754247618810107025e-03 2.024660296518815048e-04 1.378073893772818590e-05 2.370837524697317503e-08 3.65 0.00022279967277 1.6e-09
-8.106757393603623082e-05 3.489402219182156095e+00 6.744197448494211773e-03 2.142272058766925866e-04 -9.006182511897657604e-06 -3.979310055494842852e-08 3.65 0.00022279967277 1.6e-09
-5.470007556626995835e-06 1.232372481948438514e+00 -2.391822249846657968e-06 1.116526295389604659e-04 -4.816785418314320489e-05 -1.051228730789840855e-07 3.65 0.00022279967277 1.6e-09
-9.531708289519562008e-06 1.217682814257677659e+00 5.269300740857496860e-04 1.113173957233590207e-04 4.843600248359194717e-05 9.310657263451406533e-09 3.65 0.00022279967277 1.6e-09
-6.684909037302633314e-05 3.483999328032316711e+00 -6.434986891539132953e-05 2.139423706173718132e-04 9.102019828172381989e-06 -1.001385995785016278e-08 3.65 0.00022279967277 1.6e-09
2.520044500486609578e-05 3.268904768030655106e+00 -9.757242198074176807e-04 2.025923248105753827e-04 -1.370851239082499693e-05 -6.254503425696229358e-09 3.65 0.00022279967277 1.6e-09
-4.694882429440437903e-06 6.864072435420816021e-01 -6.124784073812527142e-04 1.128684366827816953e-04 -5.606427469599609018e-05 7.087031626643567615e-08 3.65 0.00022279967277 1.6e-09
-2.991875335245098230e-05 1.849199041674709942e+00 -5.632862393274622810e-05 1.332605745478833447e-04 3.662476165409278952e-05 1.852855721781130739e-07 3.65 0.00022279967277 1.6e-09
-1.097403515890647634e-04 3.619027925721769012e+00 1.419760538302651184e-02 2.211245958569368767e-04 4.786459431619067312e-06 9.461178175098084051e-08 3.65 0.00022279967277 1.6e-09
3.812753922007347502e-05 2.961022895635403884e+00 1.720228973886648097e-02 1.865868188202748543e-04 -1.900575162953370358e-05 -5.550990962426275227e-08 3.65 0.00022279967277 1.6e-09
-5.609959626273526448e-05 4.325983279755567512e-01 -8.298468088619003879e-04 1.405354466899793394e-04 -3.310267465256986241e-05 -6.253699224248756728e-07 3.65 0.00022279967277 1.6e-09
3.410189389482423385e-05 2.398699041937469190e+00 -8.270435187063336635e-03 1.584582489855626834e-04 2.753245075073360644e-05 1.343803102214042240e-07 3.65 0.00022279967277 1.6e-09
8.092048769016271304e-05 3.649788126499119656e+00 8.181773590840567267e-03 2.227880418468259672e-04 3.862079818794175020e-07 1.548790995391298355e-07 3.65 0.00022279967277 1.6e-09
-7.825500845102728782e-05 2.490483809431414564e+00 1.791610301955915557e-02 1.629297489586328763e-04 -2.610841695761280650e-05 -1.246510461354171065e-08 3.65 0.00022279967277 1.6e-09
3.328450919425165230e-05 4.129779478101322510e-01 -5.614005699736553459e-03 1.446593865788126066e-04 2.466268770143547273e-05 -1.259111066367968111e-06 3.65 0.00022279967277 1.6e-09
-1.268083645934102140e-05 2.892680182217600038e+00 5.424811482580300243e-03 1.830790955232143656e-04 2.010799082606750342e-05 2.905342053830052191e-07 3.65 0.00022279967277 1.6e-09
4.105571737291102599e-05 3.637145293505363419e+00 2.834509155703541367e-02 2.220897578757151684e-04 -3.977048324410681975e-06 1.389860261854809848e-07 3.65 0.00022279967277 1.6e-09
2.858556900698244299e-05 1.966416301073695250e+00 2.604387802785429473e-02 1.383296805456097711e-04 -3.465419229110397611e-05 -3.146825357015180803e-07 3.65 0.00022279967277 1.6e-09
-1.191340079075403873e-06 6.119445782982027016e-01 -1.342860659345835803e-02 1.173997827367703159e-04 5.488753522868342722e-05 -7.929495676290081300e-07 3.65 0.00022279967277 1.6e-09
9.283733350491741383e-05 3.218364680207515427e+00 1.256887054175664237e-02 1.999365398256181849e-04 1.473660764228963704e-05 4.007612836628488013e-07 3.65 0.00022279967277 1.6e-09
-6.175410354042241642e-05 3.527873569148330724e+00 4.327195824334304636e-02 2.162645749812804443e-04 -8.108602933448249108e-06 1.639250423545585426e-07 3.65 0.00022279967277 1.6e-09
5.462304779150426977e-06 1.368448021590440655e+00 2.954591142599037948e-02 1.153474093251860019e-04 -4.549020375433672622e-05 -8.432226092716832674e-07 3.65 0.00022279967277 1.6e-09
-1.126461648286679250e-05 1.084988183123679395e+00 -1.528465474496136164e-02 1.088064086051345109e-04 5.103887967108209256e-05 1.270457576629297573e-07 3.65 0.00022279967277 1.6e-09
3.966231276522146456e-06 3.441898660900765350e+00 2.336618958382012667e-02 2.117151889244763929e-04 1.003544729280252275e-05 3.883058351863134135e-07 3.65 0.00022279967277 1.6e-09
2.708055867390935835e-06 3.316269704926761097e+00 4.926529694447980001e-02 2.050848136522918539e-04 -1.272667213094909615e-05 7.307779851504920585e-08 3.65 0.00022279967277 1.6e-09
-2.342460681983161823e-05 7.728122826184775640e-01 1.581468621117618906e-02 1.096745206987006355e-04 -5.589899723816712466e-05 -1.750848133179441642e-06 3.65 0.00022279967277 1.6e-09
-5.721989212294869128e-05 1.730083135059398369e+00 -3.959391923854236640e-03 1.283236543568675033e-04 3.872117050055438019e-05 7.457291303157629923e-07 3.65 0.00022279967277 1.6e-09
3.000880346477768934e-05 3.600954387032929915e+00 5.629339898703517031e-02 2.201579573133659621e-04 5.620916600476032428e-06 4.219027009398570510e-07 3.65 0.00022279967277 1.6e-09
6.190377924271731579e-06 3.034355664923359619e+00 7.277791601365662943e-02 1.903657535055405261e-04 -1.783198497913921193e-05 -1.760380350021636918e-07 3.65 0.00022279967277 1.6e-09
-1.429092495561446125e-05 4.639339733319332026e-01 9.715283484175649131e-04 1.347034513653403820e-04 -4.144566822359817287e-05 -3.131523818310178600e-06 3.65 0.00022279967277 1.6e-09
3.574206558381270413e-05 2.290298523080764426e+00 8.854540117651805986e-03 1.532528762799217686e-04 2.924230984084882153e-05 8.366415540619068109e-07 3.65 0.00022279967277 1.6e-09
9.148740764643270942e-05 3.647968588478977203e+00 7.200041902337420141e-02 2.226880342344701507e-04 1.297178737128619303e-06 3.892809932005188553e-07 3.65 0.00022279967277 1.6e-09
4.614580911452829297e-05 2.595873967115938541e+00 7.655842993011990893e-02 1.681272532810028993e-04 -2.448721012274063970e-05 -4.488753961679560007e-07 3.65 0.00022279967277 1.6e-09
-2.931436614480030137e-05 3.991205413345804698e-01 -1.273034079216410139e-02 1.479351881525684757e-04 1.295326832247429377e-05 -2.666493255370564631e-06 3.65 0.00022279967277 1.6e-09
-4.001632487970453679e-05 2.801597037278294344e+00 3.989546998448105508e-02 1.784454045568527564e-04 2.144206031181999713e-05 8.915954391207438470e-07 3.65 0.00022279967277 1.6e-09
-6.351925974079679566e-05 3.642964666313843747e+00 9.780907693072171671e-02 2.224070983626742748e-04 -3.114287844447461603e-06 2.345306388358253593e-07 3.65 0.00022279967277 1.6e-09
-1.723790905826698414e-05 2.074773149382393100e+00 7.234821409584210605e-02 1.431967365674821939e-04 -3.277264327651551454e-05 -1.032664825841654357e-06 3.65 0.00022279967277 1.6e-09
1.378440622541755731e-05 5.521125531367521155e-01 -2.037578656571811808e-02 1.227297257968825253e-04 5.220619945391945303e-05 -2.217593025628122637e-07 3.65 0.00022279967277 1.6e-09
7.895304417392977401e-05 3.163131961398422121e+00 6.986645317289308377e-02 1.970466034116567246e-04 1.573182522943407879e-05 8.946952042017717756e-07 3.65 0.00022279967277 1.6e-09
-2.048684763094046690e-05 3.559976127946666402e+00 1.207550641775433642e-01 2.179678490805921401e-04 -7.221196807842249283e-06 7.165425431731002579e-08 3.65 0.00022279967277 1.6e-09
-3.669090514147774987e-05 1.504734418588510536e+00 6.003394912925168886e-02 1.197919048452136543e-04 -4.282234170236763160e-05 -1.938734067889635084e-06 3.65 0.00022279967277 1.6e-09
1.913801821064799817e-05 9.593547990537767411e-01 -1.289378785675903208e-02 1.077110824444221110e-04 5.336683395171671479e-05 1.353800535160943454e-06 3.65 0.00022279967277 1.6e-09
-2.549157964969827299e-05 3.395625321816072795e+00 9.369845394583578568e-02 2.092699158112228553e-04 1.099732460391337948e-05 7.577303514631332094e-07 3.65 0.00022279967277 1.6e-09
7.652920940072513824e-06 3.361317656504928308e+00 1.256661490015776872e-01 2.074592376120936907e-04 -1.172846246912048762e-05 -1.856920595642232790e-07 3.65 0.00022279967277 1.6e-09
-1.857567127945848324e-06 8.763783204210371380e-01 2.652719916864250752e-02 1.079246512400080388e-04 -5.462970706047941510e-05 -3.251252862087212212e-06 3.65 0.00022279967277 1.6e-09
-1.029647277791106974e-05 1.601975360855453001e+00 1.848509445635508966e-02 1.233316616201094633e-04 4.100381474785186754e-05 1.833771898831335777e-06 3.65 0.00022279967277 1.6e-09
-3.405589923059348240e-06 3.575279493051867874e+00 1.306749104916835602e-01 2.187887388290313544e-04 6.491429934617058174e-06 5.916501192574054666e-07 3.65 0.00022279967277 1.6e-09
-8.146674101231918209e-05 3.101302047721769206e+00 1.349615485823510430e-01 1.938349452895743062e-04 -1.667291787311144582e-05 -5.988730684627438668e-07 3.65 0.00022279967277 1.6e-09
-5.687631562304967765e-05 5.064255361217304685e-01 -2.488460728891182718e-03 1.282529093208801272e-04 -4.795493703683970424e-05 -4.176816257506642987e-06 3.65 0.00022279967277 1.6e-09
-3.207849842777058051e-05 2.176971980680098451e+00 5.370920051159809583e-02 1.479118415741094731e-04 3.103962010609072228e-05 1.716159878904837563e-06 3.65 0.00022279967277 1.6e-09
7.190238080728406599e-05 3.642748900945290913e+00 1.539644804914793996e-01 2.224038076919259603e-04 2.234217370957536276e-06 3.959414217120483509e-07 3.65 0.00022279967277 1.6e-09
-3.574741403157700298e-05 2.701403476606100362e+00 1.281009617423605751e-01 1.733950252198657898e-04 -2.284436604149305548e-05 -1.078713599650371413e-06 3.65 0.00022279967277 1.6e-09
-2.693903604503161816e-05 3.945678249713715502e-01 -1.866283094041744361e-02 1.490845278733252490e-04 -2.265098415089420628e-07 -2.146530958520249303e-06 3.65 0.00022279967277 1.6e-09
-8.810514430276424763e-06 2.697691906057532840e+00 9.356133955558770809e-02 1.732077261536406733e-04 2.291894632790355808e-05 1.421142611779385217e-06 3.65 0.00022279967277 1.6e-09
3.881794643472957605e-05 3.643460994074744441e+00 1.670497048913960614e-01 2.224410787611855146e-04 -2.205250485938920924e-06 9.496574751284137888e-08 3.65 0.00022279967277 1.6e-09
-1.999852480653083092e-05 2.184258132177808953e+00 1.013011616493746936e-01 1.482494836537525827e-04 -3.088989469684750124e-05 -1.715832200443669577e-06 3.65 0.00022279967277 1.6e-09
-2.387677386107391525e-05 5.019126721969900951e-01 -1.943171153374875781e-02 1.287705434175656139e-04 4.771567232196214753e-05 1.685169744780752532e-06 3.65 0.00022279967277 1.6e-09
-8.333424951024879157e-05 3.099097058855992959e+00 1.335577470882400308e-01 1.937110406420210012e-04 1.678994379394337945e-05 1.164203429926037676e-06 3.65 0.00022279967277 1.6e-09
2.506930976023622615e-05 3.585538329004231528e+00 1.803097170382165215e-01 2.193275408721734473e-04 -6.332199043923551507e-06 -2.205183510714934378e-07 3.65 0.00022279967277 1.6e-09
5.167838879983884328e-05 1.637258851623687228e+00 7.039044424675736100e-02 1.246494276179402490e-04 -4.033358954553207734e-05 -2.573866717014855589e-06 3.65 0.00022279967277 1.6e-09
1.384620959116688354e-05 8.462266438716994355e-01 -5.892612065502877191e-04 1.082477402929064934e-04 5.508703624258190273e-05 3.012617765929467602e-06 3.65 0.00022279967277 1.6e-09
3.581014674975595367e-05 3.346698128515146919e+00 1.553066542178991039e-01 2.066882300014176617e-04 1.197673218828968729e-05 8.518791236013447119e-07 3.65 0.00022279967277 1.6e-09
-3.098595404377465454e-05 3.405703378016415872e+00 1.713053863957110234e-01 2.098017424956929327e-04 -1.071372476032324095e-05 -5.509519739526061317e-07 3.65 0.00022279967277 1.6e-09
-3.322109764561553727e-05 9.955245130593638470e-01 2.450612105035624572e-02 1.078641964813616941e-04 -5.261443665849964988e-05 -3.544840728987028717e-06 3.65 0.00022279967277 1.6e-09
2.934843480992984952e-05 1.466370455459509614e+00 4.447421672752683436e-02 1.184970653112390701e-04 4.347010538073837847e-05 2.727336211570068296e-06 3.65 0.00022279967277 1.6e-09
-5.833894250286496123e-05 3.543465575967960746e+00 1.767379354576917860e-01 2.170967072659437378e-04 7.402387157277270680e-06 4.877486014692204829e-07 3.65 0.00022279967277 1.6e-09
-5.745582593164136895e-05 3.163129963379957221e+00 1.547923779309058612e-01 1.970544204500188231e-04 -1.555961193419529653e-05 -9.661556584828846318e-07 3.65 0.00022279967277 1.6e-09
2.220283445389191869e-06 5.596081282923222044e-01 -1.012393361976781161e-02 1.220235838537171030e-04 -5.247645094044316606e-05 -3.360334275084905065e-06 3.65 0.00022279967277 1.6e-09
-1.574440691452616995e-05 2.061201751469112331e+00 8.971306886820876181e-02 1.425853896927939618e-04 3.290260863381892602e-05 2.169113789169510833e-06 3.65 0.00022279967277 1.6e-09
2.054658927408788198e-05 3.635446898037622443e+00 1.916368849438326860e-01 2.220076351121081726e-04 3.175738786451929582e-06 1.835574604423305923e-07 3.65 0.00022279967277 1.6e-09
3.544957421184076062e-05 2.802553079103537570e+00 1.342919002928674721e-01 1.784960357268898642e-04 -2.131900155965639609e-05 -1.421913416112365758e-06 3.65 0.00022279967277 1.6e-09
-2.387103510860857507e-05 4.000398715825334017e-01 -2.148552656587376930e-02 1.477441624574794897e-04 -1.328438925477649671e-05 -2.227030517713615173e-07 3.65 0.00022279967277 1.6e-09
8.257422668048686675e-05 2.588191311362697533e+00 1.217859742215359198e-01 1.677485110127699755e-04 2.450801180868904296e-05 1.491513565611123691e-06 3.65 0.00022279967277 1.6e-09
-6.039209959321749642e-05 3.643081877134051183e+00 1.808238009212236319e-01 2.224277425492151802e-04 -1.258662919299007471e-06 -1.556155251172156811e-07 3.65 0.00022279967277 1.6e-09
-6.732986139262543332e-05 2.292927898883865723e+00 9.043918893961622185e-02 1.533784129913273015e-04 -2.911162182430843058e-05 -1.835771494809474236e-06 3.65 0.00022279967277 1.6e-09
-1.434932387514609739e-05 4.623587723994757592e-01 -1.342353377651646015e-02 1.348635356007463573e-04 4.132834657122269682e-05 3.699314461884101795e-06 3.65 0.00022279967277 1.6e-09
-5.793791989864411317e-05 3.030460277692934135e+00 1.540593093822081039e-01 1.901551647401609232e-04 1.790038188082380231e-05 1.004213146168578291e-06 3.65 0.00022279967277 1.6e-09
1.070109199910750818e-04 3.607893029650791394e+00 1.753818947878200141e-01 2.205199515525284163e-04 -5.471467733441978185e-06 -4.902530390059840746e-07 3.65 0.00022279967277 1.6e-09
4.108881259135664660e-05 1.761857248019059075e+00 5.083105770950206714e-02 1.295962515431187969e-04 -3.813463352574440843e-05 -2.322499498877903358e-06 3.65 0.00022279967277 1.6e-09
2.709327663283832990e-05 7.493498992817637649e-01 1.042343937863388775e-02 1.103618439283854359e-04 5.592782479821886785e-05 3.983427305467230256e-06 3.65 0.00022279967277 1.6e-09
-6.852971666806035320e-05 3.299619034743494161e+00 1.609904480768502288e-01 2.042074771526971872e-04 1.297760666100286083e-05 6.093316041666467569e-07 3.65 0.00022279967277 1.6e-09
6.672106537415212343e-05 3.450566846127830267e+00 1.521167825328100798e-01 2.121722500855110572e-04 -9.751391496628188430e-06 -7.395465172081762863e-07 3.65 0.00022279967277 1.6e-09
-2.270696597433209457e-05 1.123026613415054387e+00 9.834719310752887411e-03 1.093977831464358673e-04 -5.024676824631527073e-05 -2.624293745813729817e-06 3.65 0.00022279967277 1.6e-09
9.821049717390021726e-07 1.329852107242411208e+00 5.290457432020431727e-02 1.142316707223871200e-04 4.608950432511325858e-05 2.755492447185966026e-06 3.65 0.00022279967277 1.6e-09
-2.117411753370475113e-05 3.510372301087913094e+00 1.565469411090257279e-01 2.153406651082758090e-04 8.324534654504388862e-06 1.815928366124116410e-07 3.65 0.00022279967277 1.6e-09
9.553211760003752948e-05 3.221071969067690333e+00 1.145201451594305697e-01 2.000836889225682865e-04 -1.453757133540220114e-05 -9.903367653091542445e-07 3.65 0.00022279967277 1.6e-09
1.933985086578973717e-05 6.227941590210901435e-01 -1.766894166829178006e-02 1.166436679917251404e-04 -5.506723316760809168e-05 -1.460681042700261085e-06 3.65 0.00022279967277 1.6e-09
1.917705862181031014e-05 1.946575453385170684e+00 9.059774401647595343e-02 1.374657756212209763e-04 3.485145988807538439e-05 1.858187129481411446e-06 3.65 0.00022279967277 1.6e-09
-5.706219866058644536e-05 3.627748414666330579e+00 1.574362823488282825e-01 2.215914740070109288e-04 4.076410841290093847e-06 -9.160660366255577241e-08 3.65 0.00022279967277 1.6e-09
-7.618774807196589821e-05 2.894188561235735868e+00 9.000067414337450944e-02 1.831606236114103150e-04 -1.997768597433505946e-05 -1.252198011893171190e-06 3.65 0.00022279967277 1.6e-09
-7.119186322028364102e-05 4.146550825186729461e-01 -1.990391254982885882e-02 1.443365216289412218e-04 -2.484995245376247819e-05 1.699407404046351285e-06 3.65 0.00022279967277 1.6e-09
-4.040316990942699493e-05 2.481976382144918336e+00 1.025793694065568612e-01 1.625149994385002448e-04 2.616149887253670409e-05 1.024662529270673223e-06 3.65 0.00022279967277 1.6e-09
7.174174149246869271e-05 3.644990415759773228e+00 1.275291264840682226e-01 2.225336100921407800e-04 -3.570479080345699217e-07 -3.232211602771734574e-07 3.65 0.00022279967277 1.6e-09
5.775313203100375240e-05 2.398661200758480661e+00 4.707522952044317782e-02 1.584572483961821810e-04 -2.748685284732799058e-05 -1.316912665804452320e-06 3.65 0.00022279967277 1.6e-09
6.515765511301805930e-05 4.324966336090301233e-01 -6.505206324165653878e-03 1.404549014355568220e-04 3.317197981870299124e-05 4.366694595140258525e-06 3.65 0.00022279967277 1.6e-09
-5.399525743598271516e-05 2.959704852653514795e+00 1.165894232569855138e-01 1.865097951085043046e-04 1.906232524583579240e-05 5.206390480863614904e-07 3.65 0.00022279967277 1.6e-09
-2.459665924253856946e-05 3.627170335183527605e+00 1.093748202890849064e-01 2.215514531137650488e-04 -4.646691058633076958e-06 -5.429596409387706956e-07 3.65 0.00022279967277 1.6e-09
-5.150787717869757766e-05 1.877022929115105265e+00 1.466417068888208920e-02 1.344312219737104231e-04 -3.617723108720865687e-05 -1.393735083192056240e-06 3.65 0.00022279967277 1.6e-09
-2.339721327226782004e-05 6.684890766851925292e-01 1.294293704227356991e-02 1.137852742457385002e-04 5.580561496824842872e-05 3.467084188103609963e-06 3.65 0.00022279967277 1.6e-09
8.865018897374732202e-05 3.255097068538771676e+00 1.081986087116567213e-01 2.018666982041290967e-04 1.394119102731575883e-05 2.221792125385105618e-07 3.65 0.00022279967277 1.6e-09
4.482443025241558048e-05 3.493365396234958009e+00 8.475463726608045700e-02 2.144373486572985553e-04 -8.852366388504909336e-06 -6.156752650920363178e-07 3.65 0.00022279967277 1.6e-09
2.791760326870855805e-05 1.253267028277829986e+00 -6.526932691091783673e-03 1.121640923145937596e-04 -4.773642129599387786e-05 -1.231034530505726157e-06 3.65 0.00022279967277 1.6e-09
-3.597214690339413319e-05 1.197427913902222585e+00 3.870258830825383523e-02 1.108626432320562521e-04 4.876969920534133092e-05 1.805729942658408356e-06 3.65 0.00022279967277 1.6e-09
-5.221196262060633282e-05 3.476163108606778795e+00 8.445758847793614910e-02 2.135279049113209286e-04 9.239940890190784145e-06 -9.932167762817143973e-08 3.65 0.00022279967277 1.6e-09
7.120719548047803446e-05 3.274491017849357810e+00 4.389723397801501698e-02 2.028864553421910852e-04 -1.356579873263361182e-05 -6.488415516321808101e-07 3.65 0.00022279967277 1.6e-09
-3.338838116225398750e-05 6.973675495995141915e-01 -1.889816919048542196e-02 1.123580209516528855e-04 -5.607278606012449035e-05 1.515969347292758358e-07 3.65 0.00022279967277 1.6e-09
-5.373628468066088930e-05 1.831851117664720752e+00 5.800166570315606202e-02 1.325232908327757275e-04 3.689851437702727104e-05 1.008363879080408308e-06 3.65 0.00022279967277 1.6e-09
3.747533759740139881e-05 3.616626314857539715e+00 7.980586704207748294e-02 2.209948240074804861e-04 4.915866616503562615e-06 -2.223668182548998716e-07 3.65 0.00022279967277 1.6e-09
4.492807086949693080e-05 2.974505546753118068e+00 3.034659953366529439e-02 1.872783863655725159e-04 -1.879558091143447367e-05 -7.160927166723730139e-07 3.65 0.00022279967277 1.6e-09
3.252518110859309964e-05 4.374331753958140556e-01 -1.375757361518565973e-02 1.395420952419684324e-04 -3.462990890360821629e-05 2.205869923476948348e-06 3.65 0.00022279967277 1.6e-09
4.572854998604019682e-05 2.379150213722789786e+00 5.090358062657910493e-02 1.575163890499003559e-04 2.780716099633371308e-05 3.669634942874148694e-07 3.65 0.00022279967277 1.6e-09
9.270200488884217376e-05 3.647142867544880929e+00 4.877765233287795210e-02 2.226484993715289237e-04 5.252482197522383862e-07 -2.706981234226665580e-07 3.65 0.00022279967277 1.6e-09
7.434237887966426957e-05 2.503175200890459973e+00 5.868883760590762333e-03 1.635535096448431571e-04 -2.590130593524085352e-05 -5.476003912073459319e-07 3.65 0.00022279967277 1.6e-09
-5.309313441303503852e-05 4.108618790888092231e-01 -2.227408412980471167e-03 1.451393278724571784e-04 2.329287191758169383e-05 3.017828583646697545e-06 3.65 0.00022279967277 1.6e-09
5.515875922624615161e-05 2.881760960574485608e+00 5.052164821511711396e-02 1.825201448341611107e-04 2.027754803955984190e-05 7.839791390682251520e-08 3.65 0.00022279967277 1.6e-09
1.332964624778871555e-06 3.640102224765291883e+00 3.332824090494375391e-02 2.222468453088151320e-04 -3.842863391426160018e-06 -3.390442629042862327e-07 3.65 0.00022279967277 1.6e-09
3.065352336620288042e-05 1.985473079389131756e+00 -9.065982334558429778e-03 1.391713083623347981e-04 -3.434563021863388176e-05 -4.383134528992922205e-07 3.65 0.00022279967277 1.6e-09
-1.640135990364995053e-05 6.011686130445169640e-01 6.277893453365902647e-03 1.182493766949602306e-04 5.453065481847619065e-05 1.643646073440419836e-06 3.65 0.00022279967277 1.6e-09
-2.340808632187435506e-05 3.208412533673227429e+00 3.913962920528757383e-02 1.994167629605020169e-04 1.490384356680775200e-05 7.672394341187548579e-09 3.65 0.00022279967277 1.6e-09
7.251776044242881799e-05 3.531339706332397022e+00 2.384448352548110620e-02 2.164497401852733308e-04 -7.989026595492041538e-06 -2.702039671599258702e-07 3.65 0.00022279967277 1.6e-09
1.296068060986096888e-05 1.385235888223447009e+00 -8.371411156454207705e-03 1.158632625484777080e-04 -4.517388006562855649e-05 -2.931377920536116541e-07 3.65 0.00022279967277 1.6e-09
4.195601293858104979e-05 1.069913449804121397e+00 1.255152920121404593e-02 1.086002076612291111e-04 5.133059666713555170e-05 4.794080184396927776e-07 3.65 0.00022279967277 1.6e-09
4.437610739062153173e-05 3.437532790686075312e+00 1.472102127521866637e-02 2.114836444247865854e-04 1.015444165003781984e-05 -1.253122495288299401e-07 3.65 0.00022279967277 1.6e-09
-2.851992967849505833e-05 3.323811972210035215e+00 -2.105645147019836148e-03 2.054812065942545414e-04 -1.259237150054518458e-05 -1.791151192723703869e-07 3.65 0.00022279967277 1.6e-09
-3.981195211700014569e-05 7.857929372684143710e-01 -9.360307321737931438e-03 1.093424240019213393e-04 -5.583926917500657604e-05 4.598884029024314406e-07 3.65 0.00022279967277 1.6e-09
-4.756281320744433895e-05 1.712351974313359726e+00 1.656937027406003501e-02 1.276111775618688220e-04 3.904342093148045257e-05 2.736906229149618570e-07 3.65 0.00022279967277 1.6e-09
-6.730794285104845398e-05 3.598884346055402972e+00 1.933512880986926891e-02 2.200469008983058799e-04 5.760017734947434380e-06 -9.447919090921835698e-08 3.65 0.00022279967277 1.6e-09
8.192145378209670086e-05 3.046243963240813812e+00 3.745377361312035233e-03 1.909797063339798871e-04 -1.766655912898709783e-05 -1.946264991257731120e-07 3.65 0.00022279967277 1.6e-09
1.904074382186098793e-05 4.689957033407701203e-01 -4.888154816543248404e-03 1.338411932891801206e-04 -4.258023782773073731e-05 8.471230623029724832e-07 3.65 0.00022279967277 1.6e-09
2.823170409290027348e-05 2.274474975600209614e+00 4.471409327705726244e-03 1.525026333283390704e-04 2.949867433833458313e-05 5.953745545512736782e-08 3.65 0.00022279967277 1.6e-09
-2.124473985137855501e-05 3.647649124735066195e+00 6.221460202558782085e-03 2.226716100387331752e-04 1.431598585347541890e-06 -1.179045352929896129e-08 3.65 0.00022279967277 1.6e-09
7.658761332873854932e-05 2.609131495584903870e+00 2.689471243700472265e-03 1.687871372126302505e-04 -2.430590558339014857e-05 -5.924518601742638455e-08 3.65 0.00022279967277 1.6e-09
4.742588171142414884e-05 3.977340211046430651e-01 -2.084079166822354941e-03 1.483007674552603390e-04 1.154989805352276902e-05 2.782872966798149560e-07 3.65 0.00022279967277 1.6e-09
-6.720639101103551406e-06 2.791419815593422449e+00 4.379927313247131831e-03 1.779292296748824216e-04 2.162329394964286508e-05 4.084060780447756731e-08 3.65 0.00022279967277 1.6e-09
8.186735912372355073e-05 3.646498203072827238e+00 5.695208118378513804e-03 2.225955983393846770e-04 -3.002915410121833273e-06 -1.036260124271161335e-08 3.65 0.00022279967277 1.6e-09
4.120357612200289949e-05 2.091493796368557589e+00 2.243694467663821367e-03 1.439570912697116819e-04 -3.255280822291368748e-05 -6.550820998774033708e-08 3.65 0.00022279967277 1.6e-09
-5.826527071674639550e-05 5.446232854582675476e-01 -5.148325712000016707e-03 1.235382641089884993e-04 5.177146719116764546e-05 -3.666993697272741968e-07 3.65 0.00022279967277 1.6e-09
1.682928891799628893e-05 3.155884439641762462e+00 6.240540062173633579e-03 1.966699704138788213e-04 1.588243996673216945e-05 1.705710388763658353e-07 3.65 0.00022279967277 1.6e-09
-2.752484439902230502e-05 3.564248814212842120e+00 1.882421190066214250e-02 2.181966895051776537e-04 -7.122504413456711496e-06 6.290201227393824410e-08 3.65 0.00022279967277 1.6e-09
-1.199713697967375571e-05 1.517408397363910977e+00 1.304612785800634070e-02 1.202389070041572013e-04 -4.266011372988033932e-05 -3.144554428654259577e-07 3.65 0.00022279967277 1.6e-09
2.765291298796440352e-05 9.487771534251228100e-01 -9.770365664673104356e-03 1.076866833717140057e-04 5.358026546640385599e-05 -2.690550285667865034e-07 3.65 0.00022279967277 1.6e-09
8.530620614797992506e-05 3.394439355094357236e+00 -1.192966626396551114e-03 2.092062108300771672e-04 1.110346479308792388e-05 1.665479196954125285e-07 3.65 0.00022279967277 1.6e-09
5.858877749832904012e-05 3.370652505787128383e+00 1.414179730542850996e-02 2.079499672580653342e-04 -1.162375624134825206e-05 1.099575025647400181e-07 3.65 0.00022279967277 1.6e-09
-4.762019973906289665e-05 8.890880868668386006e-01 9.915562655429387140e-03 1.078278247163116639e-04 -5.456804729779389258e-05 -5.759251468455030112e-07 3.65 0.00022279967277 1.6e-09
-6.131207932466953921e-05 1.585842776503525453e+00 -7.030888461632977399e-03 1.227296128950708463e-04 4.134525988626889560e-05 2.705656881428944007e-07 3.65 0.00022279967277 1.6e-09
-9.494427039710512872e-06 3.574751580564516029e+00 2.090811446675195501e-02 2.187610931922779115e-04 6.613624825707992738e-06 2.305635947828970241e-07 3.65 0.00022279967277 1.6e-09
-5.893899785796530787e-05 3.111599709565521898e+00 3.366479600070398925e-02 1.943705026432670396e-04 -1.656496048349883265e-05 -1.783163921936048444e-08 3.65 0.00022279967277 1.6e-09
-5.321655859883004703e-05 5.107737441217263807e-01 3.212956255889624912e-03 1.276758843628100337e-04 -4.859521958548216036e-05 -1.560532235561850155e-06 3.65 0.00022279967277 1.6e-09
-3.126097227708786984e-05 2.166132181877741925e+00 -6.006616712362558043e-03 1.474082399885464191e-04 3.127310528200019646e-05 4.280660817841317172e-07 3.65 0.00022279967277 1.6e-09
-9.026082422252506285e-05 3.645632657007551902e+00 3.324346022219307195e-02 2.225577236894217743e-04 2.345132890298557393e-06 3.007197248362805127e-07 3.65 0.00022279967277 1.6e-09
3.727528472000141201e-05 2.713293766587386191e+00 4.629456481577461785e-02 1.739924732047441443e-04 -2.274548477607961009e-05 -1.297004741998424442e-07 3.65 0.00022279967277 1.6e-09
3.069773012366798048e-05 3.942538226414761815e-01 -5.616568251585712934e-03 1.491902028268233160e-04 -1.348525462976246680e-06 -2.359399551322861408e-06 3.65 0.00022279967277 1.6e-09
-8.865941904677806422e-06 2.690526525744638242e+00 8.045210158055716640e-03 1.728484118891023837e-04 2.309760799483964738e-05 5.055805914322510555e-07 3.65 0.00022279967277 1.6e-09
