-5.728555964611970733e-05 2.797282352959181040e+00 -3.599207622632127923e-05 1.781321613772870029e-04 -2.354701197845975177e-05 -6.941904311982028719e-10 3.89 0.00023559020655 1.6e-09
5.906758559375580053e-05 3.866664460250393565e-01 -1.050467246288194940e-03 1.504144303130590301e-04 -4.185926795939726221e-06 1.747353149062900323e-07 3.89 0.00023559020655 1.6e-09
5.443570891449492680e-05 2.728149866617647135e+00 -8.516390970495880258e-03 1.746342100787195116e-04 2.452939861517221693e-05 -6.143760283281021470e-08 3.89 0.00023559020655 1.6e-09
-8.668039305033269526e-05 3.888924139239165356e+00 -9.731689978242212893e-03 2.355323782558552614e-04 5.801632130908250502e-07 2.452961158783452624e-08 3.89 0.00023559020655 1.6e-09
3.645446453527514881e-05 2.863207853336779074e+00 -4.270062165124972539e-03 1.814885623550704908e-04 -2.260799692936435332e-05 8.295942725491928607e-08 3.89 0.00023559020655 1.6e-09
-1.033048448761071306e-05 3.911552411679358188e-01 2.329226934854760928e-04 1.493069591952511503e-04 -1.268601072055948060e-05 -5.748800884717525631e-08 3.89 0.00023559020655 1.6e-09
5.108504662465860474e-05 2.654699874961952588e+00 -1.967358749136789015e-02 1.709543017744114392e-04 2.550433021653621531e-05 -1.407145107668385105e-07 3.89 0.00023559020655 1.6e-09
4.099695013188341331e-05 3.877383534738426896e+00 -2.175595197078727255e-02 2.349183169237223758e-04 1.059894452557225706e-06 6.484940665641489679e-08 3.89 0.00023559020655 1.6e-09
-8.149061117976849134e-05 2.904108605034354085e+00 -8.627349584057433796e-03 1.835918386373390282e-04 -2.192773188467721403e-05 1.901828277949020241e-07 3.89 0.00023559020655 1.6e-09
-5.976266175825210663e-05 3.972589980838305834e-01 1.929000200918604612e-03 1.478826471284519039e-04 -1.828877698815603033e-05 -4.330805651178189434e-07 3.89 0.00023559020655 1.6e-09
-4.904731561206579238e-05 2.601137167387291171e+00 -3.135691651470801089e-02 1.682978472170849578e-04 2.616463790873555499e-05 -2.103863695186053226e-07 3.89 0.00023559020655 1.6e-09
-4.262895514702852602e-06 3.861095081601949808e+00 -3.273176325191258507e-02 2.340531834524115363e-04 1.323563312898942751e-06 1.211308990807460151e-07 3.89 0.00023559020655 1.6e-09
6.190281041536806444e-05 2.911621494424052159e+00 -1.080502904297074573e-02 1.839916751235162761e-04 -2.169278995210104514e-05 2.997290586296559393e-07 3.89 0.00023559020655 1.6e-09
4.910045765332337415e-05 4.001453218273421930e-01 3.575526280602601796e-03 1.472957094372143562e-04 -1.978934718870229033e-05 -9.696044840802186393e-07 3.89 0.00023559020655 1.6e-09
-6.825089672304139447e-05 2.583266142041641622e+00 -4.161048489721971833e-02 1.674287394026994515e-04 2.629886693294289146e-05 -2.458464270524399723e-07 3.89 0.00023559020655 1.6e-09
3.901649452254645498e-05 3.845610825367575814e+00 -4.015653966952445475e-02 2.332328368258697131e-04 1.286799891755896262e-06 1.870676087267923840e-07 3.89 0.00023559020655 1.6e-09
9.050887958442033557e-05 2.885613022125318228e+00 -9.697550600858875769e-03 1.826769304585813825e-04 -2.192662611637312027e-05 3.916710884038819740e-07 3.89 0.00023559020655 1.6e-09
7.295756258279066891e-05 3.980432252221334233e-01 4.474093100353369011e-03 1.479230793416076652e-04 -1.698073141698689962e-05 -1.642105605831560008e-06 3.89 0.00023559020655 1.6e-09
-6.088210465469280050e-05 2.605089845602277521e+00 -4.864393558969924702e-02 1.685299604590735460e-04 2.587233045103825630e-05 -2.296370934562504060e-07 3.89 0.00023559020655 1.6e-09
9.695602531904308409e-05 3.834092935802350777e+00 -4.226004812143337175e-02 2.326244567464973547e-04 9.575509944438423534e-07 2.524470274751770421e-07 3.89 0.00023559020655 1.6e-09
8.348112592951115868e-05 2.830969894249776075e+00 -5.123285429732715550e-03 1.799037094743315265e-04 -2.259929707305107996e-05 4.461913666965935224e-07 3.89 0.00023559020655 1.6e-09
-5.682454829128810074e-05 3.934233423163348009e-01 3.959710119695879910e-03 1.491571684713705298e-04 -1.031681229152582520e-05 -2.364308412061637724e-06 3.89 0.00023559020655 1.6e-09
-7.513211636930083111e-05 2.660430467258469989e+00 -5.044148878559678861e-02 1.713017499893623946e-04 2.500281654894682447e-05 -1.506228441290091809e-07 3.89 0.00023559020655 1.6e-09
8.210204676677297067e-05 3.828139675213755311e+00 -3.716072863563989193e-02 2.323109553938943448e-04 4.132526176514095119e-07 3.071588909378406520e-07 3.89 0.00023559020655 1.6e-09
-8.243169412438847133e-05 2.758477844312595906e+00 3.105555542144553503e-03 1.762362074704484525e-04 -2.357480783890247025e-05 4.394602441507286435e-07 3.89 0.00023559020655 1.6e-09
-7.040521289109648979e-05 3.906237079618042340e-01 1.767923148247595427e-03 1.498845388897196082e-04 -1.253642548924795151e-06 -2.990449773525916210e-06 3.89 0.00023559020655 1.6e-09
-2.619644194124932755e-05 2.734740834102511009e+00 -4.540283422483828990e-02 1.750365160516297014e-04 2.392327768180063668e-05 -8.626963867779179524e-09 3.89 0.00023559020655 1.6e-09
2.424301683875461160e-06 3.828893339911841665e+00 -2.341160234972731319e-02 2.323511719955111479e-04 -2.078338547242300906e-07 3.455372562131693486e-07 3.89 0.00023559020655 1.6e-09
-3.430620241784509245e-05 2.686069417964930039e+00 1.527036522119527839e-02 1.725871264389440107e-04 -2.463583996316448353e-05 3.513565284501539618e-07 3.89 0.00023559020655 1.6e-09
-3.208287857637877208e-05 3.918666846304513784e-01 -1.685632470937921748e-03 1.495063744704787291e-04 7.721787189521842098e-06 -3.384761146959950549e-06 3.89 0.00023559020655 1.6e-09
9.248614106724690879e-06 2.807997091573840365e+00 -3.370558561817089960e-02 1.787347508224607908e-04 2.293929273485999850e-05 1.784720031936969227e-07 3.89 0.00023559020655 1.6e-09
8.444504225506389091e-06 3.836888734292926539e+00 -1.771253678166932310e-03 2.327733490989481293e-04 -7.367978187455916522e-07 3.677394381189002471e-07 3.89 0.00023559020655 1.6e-09
-1.678037826321455251e-05 2.635523433796088000e+00 3.087944720847796837e-02 1.700450475830150182e-04 -2.544797623061483547e-05 1.853978348214095490e-07 3.89 0.00023559020655 1.6e-09
6.571886066299154191e-05 3.948779445777259034e-01 -5.436765993196495186e-03 1.486307827715975592e-04 1.390819469742804537e-05 -3.525981062878348933e-06 3.89 0.00023559020655 1.6e-09
5.774747743704080412e-05 2.860603504878594716e+00 -1.745846861407587131e-02 1.813960584791975681e-04 2.231458539415841035e-05 3.819614461850088484e-07 3.89 0.00023559020655 1.6e-09
-9.097084635466701902e-05 3.851291906081931504e+00 2.457154548413140183e-02 2.335350615045951649e-04 -1.004250973891728962e-06 3.768408534635002425e-07 3.89 0.00023559020655 1.6e-09
-1.307259110875962289e-05 2.624162070762652732e+00 4.840979538626147272e-02 1.694588037433967511e-04 -2.573594062002743446e-05 -2.429598531521610475e-08 3.89 0.00023559020655 1.6e-09
-7.182876277106788347e-05 3.951917884741877884e-01 -8.483555452654100229e-03 1.484032699728431756e-04 1.565331721844474323e-05 -3.515787097285611849e-06 3.89 0.00023559020655 1.6e-09
8.043519998688322583e-05 2.878868329763395906e+00 4.629281914174363552e-04 1.823092550070814426e-04 2.220891345739303354e-05 5.783052858465683935e-07 3.89 0.00023559020655 1.6e-09
6.036353240522490541e-05 3.869265816446087136e+00 5.174272246532854447e-02 2.344876734902395093e-04 -9.498775180510430285e-07 3.765430782601360511e-07 3.89 0.00023559020655 1.6e-09
-3.601480487574671747e-05 2.657550683059584529e+00 6.607665275917634640e-02 1.711058583783458425e-04 -2.538838400029733427e-05 -2.315371060500136474e-07 3.89 0.00023559020655 1.6e-09
-1.279495699027794321e-05 3.913658332054842370e-01 -1.027724278434380065e-02 1.492400821183042093e-04 1.228323028312179257e-05 -3.481503163071896341e-06 3.89 0.00023559020655 1.6e-09
5.138766356231892388e-05 2.856818882633602730e+00 1.709300462020397343e-02 1.811663316086607983e-04 2.265461849875418615e-05 7.534906334637992158e-07 3.89 0.00023559020655 1.6e-09
1.134626505925122151e-04 3.885142517241953808e+00 7.622270682655959972e-02 2.353306781643857708e-04 -5.705105747598946534e-07 3.715363504989967424e-07 3.89 0.00023559020655 1.6e-09
9.742134577618169553e-06 2.725418309750534895e+00 8.216073891739718305e-02 1.744982897304824801e-04 -2.452826015056214351e-05 -3.998909563931398503e-07 3.89 0.00023559020655 1.6e-09
3.079005152923006941e-05 3.870859757608304808e-01 -1.081596849229347554e-02 1.502716357613680825e-04 4.526540663866745524e-06 -3.497237226136672462e-06 3.89 0.00023559020655 1.6e-09
2.952529558143604917e-05 2.798040341411144105e+00 2.986195202831042061e-02 1.781671695828371564e-04 2.354208994305202215e-05 8.998227478461627058e-07 3.89 0.00023559020655 1.6e-09
5.963208327835667799e-05 3.891502547198526063e+00 9.529960870529197159e-02 2.356684977706856939e-04 1.367529790364743044e-08 3.670729536491644451e-07 3.89 0.00023559020655 1.6e-09
2.470517325331698819e-05 2.803037591332321998e+00 9.504297565692401695e-02 1.784200523227825433e-04 -2.346137944761433525e-05 -5.151049822007059590e-07 3.89 0.00023559020655 1.6e-09
-5.294179277461603483e-06 3.873364747550016585e-01 -1.056079374794948247e-02 1.502180218600233442e-04 -5.097388717348266216e-06 -3.551192107201142629e-06 3.89 0.00023559020655 1.6e-09
5.738846850731923712e-05 2.719665747267558498e+00 3.808255472970842326e-02 1.742087402169641900e-04 2.460846400246051701e-05 1.017211755814976298e-06 3.89 0.00023559020655 1.6e-09
8.045740358173162471e-05 3.884665777437905199e+00 1.084870305510046984e-01 2.353045463506580020e-04 6.008356181884934826e-07 3.657020526845862998e-07 3.89 0.00023559020655 1.6e-09
-8.062151862239192520e-05 2.862780285302079619e+00 1.041081149047344556e-01 1.814698160344563641e-04 -2.254545715575364341e-05 -5.893287179887572311e-07 3.89 0.00023559020655 1.6e-09
4.509115280423381736e-05 3.921723059063214611e-01 -1.023184148138191196e-02 1.490615679224960061e-04 -1.304425102676031265e-05 -3.580870225918256326e-06 3.89 0.00023559020655 1.6e-09
-3.398671412578879996e-05 2.649357245900406888e+00 4.362260584414598408e-02 1.706942048248778862e-04 2.550300502262182068e-05 1.111483791613966364e-06 3.89 0.00023559020655 1.6e-09
1.315940329522828167e-06 3.868431779616813060e+00 1.178399087382991373e-01 2.344417445078099762e-04 1.011438414228619460e-06 3.635228622524855077e-07 3.89 0.00023559020655 1.6e-09
-6.915051164288655997e-05 2.887659253225476785e+00 1.100692647755386055e-01 1.827569680889984611e-04 -2.205514692017904405e-05 -6.510191632655320673e-07 3.89 0.00023559020655 1.6e-09
-4.362179505106725317e-06 3.966371295245770812e-01 -1.051538899858624719e-02 1.480743572874391014e-04 -1.677166155605806894e-05 -3.525014402502633233e-06 3.89 0.00023559020655 1.6e-09
-2.351245714635284424e-05 2.611763108209546047e+00 4.913554648746527864e-02 1.688391870626408230e-04 2.589877312359140701e-05 1.184681009997008282e-06 3.89 0.00023559020655 1.6e-09
1.862679468673816179e-05 3.849886126548342169e+00 1.257004205455684864e-01 2.334581236444172145e-04 1.108936597699074681e-06 3.512966123580621294e-07 3.89 0.00023559020655 1.6e-09
3.487244747863823733e-06 2.873134686718948227e+00 1.136267272609547407e-01 1.820333861077726091e-04 -2.210287867699681707e-05 -7.255480616097760963e-07 3.89 0.00023559020655 1.6e-09
-4.920034238897031493e-05 3.966266089150140006e-01 -1.178178077232336363e-02 1.482102061556668298e-04 -1.552471293138554673e-05 -3.308217177915058471e-06 3.89 0.00023559020655 1.6e-09
-3.716495091223581963e-05 2.618403638630380392e+00 5.644432778692607539e-02 1.691899716747769715e-04 2.566636678256644440e-05 1.232523360775160601e-06 3.89 0.00023559020655 1.6e-09
1.029417954130447719e-04 3.834485068462083479e+00 1.332440012065783941e-01 2.326433302506636098e-04 8.626356797452406003e-07 3.198812819313905113e-07 3.89 0.00023559020655 1.6e-09
7.426609717435395520e-05 2.823186890008868133e+00 1.148374550707080971e-01 1.795047452065288442e-04 -2.267932040955873902e-05 -8.256974659363787283e-07 3.89 0.00023559020655 1.6e-09
1.933269094442539664e-05 3.930932201670739312e-01 -1.385563008706817978e-02 1.491886625601921172e-04 -9.648219410747987807e-06 -2.838181081144531850e-06 3.89 0.00023559020655 1.6e-09
-4.522158556874506305e-05 2.666349845304479160e+00 6.634636192000659127e-02 1.715980320397682919e-04 2.487955714323309230e-05 1.252484600303399697e-06 3.89 0.00023559020655 1.6e-09
6.865348028067038560e-05 3.825694389767871240e+00 1.409554991298565263e-01 2.321791768714285284e-04 3.515076995636274956e-07 2.656373791747671532e-07 3.89 0.00023559020655 1.6e-09
-1.002739270424009543e-05 2.750755090957956561e+00 1.139108898650672552e-01 1.758448241793896991e-04 -2.363323522704372399e-05 -9.516319928430030078e-07 3.89 0.00023559020655 1.6e-09
-8.072710849462084092e-06 3.906669296460695273e-01 -1.603967447361932114e-02 1.498311823603003180e-04 -6.762292544036753701e-07 -2.084614352581734487e-06 3.89 0.00023559020655 1.6e-09
-7.624314374287641553e-05 2.739245849974940583e+00 7.854995381332763316e-02 1.752629536554341119e-04 2.381637628656506171e-05 1.250482763428819087e-06 3.89 0.00023559020655 1.6e-09
1.116907136110998277e-04 3.825910294725936467e+00 1.490662284709162455e-01 2.321904637100505125e-04 -2.671621617404580661e-07 1.940162330632318895e-07 3.89 0.00023559020655 1.6e-09
-1.745623590493430323e-05 2.679135036320158925e+00 1.118613376333287279e-01 1.722385449711157199e-04 -2.467359846843893197e-05 -1.089678930950432308e-06 3.89 0.00023559020655 1.6e-09
-5.533541147118680576e-05 3.920409922763935517e-01 -1.756402301474840888e-02 1.494143590066595272e-04 8.241028201127700040e-06 -1.173119611625169532e-06 3.89 0.00023559020655 1.6e-09
-7.057327273539449350e-05 2.811552528428244102e+00 9.141710804613389918e-02 1.789118834144695018e-04 2.285696618026982955e-05 1.237546233001300521e-06 3.89 0.00023559020655 1.6e-09
7.726078429765857226e-05 3.835656071194947891e+00 1.570568391910053263e-01 2.327049369594892702e-04 -7.597334130461837107e-07 1.180659546612943170e-07 3.89 0.00023559020655 1.6e-09
1.545403694569267840e-05 2.635298160998922334e+00 1.099386057629176544e-01 1.700304429869358672e-04 -2.540302605620335842e-05 -1.212119276686589923e-06 3.89 0.00023559020655 1.6e-09
3.913549764044097791e-05 3.944773639916510088e-01 -1.814470408690018952e-02 1.486719124111297906e-04 1.376514237959905328e-05 -3.323249819197096084e-07 3.89 0.00023559020655 1.6e-09
-5.213567960506166742e-05 2.858833566026667050e+00 1.024440127749675633e-01 1.812992579494395048e-04 2.232788181689009550e-05 1.222110000485367643e-06 3.89 0.00023559020655 1.6e-09
1.451479626012858968e-05 3.852809320277604588e+00 1.634210064286917286e-01 2.336125166183855616e-04 -9.478891873818652318e-07 5.125947061498433419e-08 3.89 0.00023559020655 1.6e-09
-6.453347969540637618e-05 2.637342103128253790e+00 1.086117460325486950e-01 1.701110877676133520e-04 -2.551396312155156112e-05 -1.287954358084231095e-06 3.89 0.00023559020655 1.6e-09
-4.381132098351855073e-05 3.934238008085493288e-01 -1.804569439507831830e-02 1.487828301386773353e-04 1.413067588514911650e-05 2.638695256823769591e-07 3.89 0.00023559020655 1.6e-09
7.426644146973253920e-05 2.866233360611565750e+00 1.091736066242069703e-01 1.816567340482597680e-04 2.238205621635286542e-05 1.205230948213028307e-06 3.89 0.00023559020655 1.6e-09
-6.047280492591639283e-05 3.872667144751054114e+00 1.660983248421410985e-01 2.346657732872237817e-04 -7.642745834946939780e-07 1.685813176463696271e-09 3.89 0.00023559020655 1.6e-09
4.152444073325370279e-05 2.686434884587989291e+00 1.071464919574575542e-01 1.725462196498064383e-04 -2.496977932198550932e-05 -1.298187518169968969e-06 3.89 0.00023559020655 1.6e-09
-6.093963226441411043e-05 3.889390622844743906e-01 -1.763259619907301540e-02 1.498049463331209332e-04 8.989010199250977638e-06 5.601578574112901516e-07 3.89 0.00023559020655 1.6e-09
2.696641507801664136e-05 2.829741267993599152e+00 1.096959833342933538e-01 1.797805489206176087e-04 2.302736700873939002e-05 1.179387602495413700e-06 3.89 0.00023559020655 1.6e-09
-1.033597546139266546e-06 3.887572528402557737e+00 1.629271678759338093e-01 2.354577838910687341e-04 -2.773945452868004266e-07 -2.891004081284306616e-08 3.89 0.00023559020655 1.6e-09
-1.362909921563322817e-05 2.764795514737436122e+00 1.037578166560610415e-01 1.764825657904210200e-04 -2.396064445005436752e-05 -1.242579512744581748e-06 3.89 0.00023559020655 1.6e-09
-3.060848450917223284e-05 3.862856062519619549e-01 -1.701156949466937213e-02 1.504515090208501148e-04 -2.102124439399343518e-07 5.999818660051929959e-07 3.89 0.00023559020655 1.6e-09
-1.850299145408196001e-05 2.758290911971055692e+00 1.035793490775427095e-01 1.761515272332888618e-04 2.407279557426049860e-05 1.132670259351236377e-06 3.89 0.00023559020655 1.6e-09
-2.822807525272452445e-05 3.889782426702524276e+00 1.529034807903764115e-01 2.355753678106212276e-04 3.571060615182564780e-07 -4.359105479982921100e-08 3.89 0.00023559020655 1.6e-09
-6.228545770220821033e-05 2.841668230408591178e+00 9.683046438786613308e-02 1.803859615023641928e-04 -2.288529005844808066e-05 -1.138743812296093816e-06 3.89 0.00023559020655 1.6e-09
-5.849246180652805136e-05 3.894008631794814157e-01 -1.608388066156193896e-02 1.496917559881677919e-04 -9.946079888023319921e-06 5.217540119762734079e-07 3.89 0.00023559020655 1.6e-09
-4.642732365900350302e-05 2.676485348929747321e+00 9.287398000787473740e-02 1.720412960718409280e-04 2.517178584982186161e-05 1.056569703439182426e-06 3.89 0.00023559020655 1.6e-09
4.900320418489406135e-05 3.878467317093830857e+00 1.376237288272778581e-01 2.349740263758728302e-04 9.088007638564972699e-07 -4.852788252617601148e-08 3.89 0.00023559020655 1.6e-09
5.255395725957753708e-05 2.890305999759038791e+00 8.657815354866703339e-02 1.828804819781937763e-04 -2.211719747422930931e-05 -1.013890958635603322e-06 3.89 0.00023559020655 1.6e-09
5.313951704963848364e-05 3.954425601426881376e-01 -1.479397676893691276e-02 1.482762716591984201e-04 -1.657597747445137582e-05 4.807466411881510099e-07 3.89 0.00023559020655 1.6e-09
-9.878869703270110633e-06 2.615341487835403989e+00 8.071192288488451827e-02 1.690046624176188010e-04 2.592435086531557937e-05 9.477058982574156983e-07 3.89 0.00023559020655 1.6e-09
3.853385633289634218e-05 3.860412573458418262e+00 1.199101134376106270e-01 2.340158753421091959e-04 1.207770548865968790e-06 -5.100770052127828294e-08 3.89 0.00023559020655 1.6e-09
1.592884073290927612e-05 2.899096703461944813e+00 7.441305709350451436e-02 1.833495560843595451e-04 -2.184346490721633902e-05 -8.894458979588303439e-07 3.89 0.00023559020655 1.6e-09
-4.078309298697018034e-05 3.984421728018460174e-01 -1.319935017966350661e-02 1.476828434471141535e-04 -1.823637179985865454e-05 5.512032599822555922e-07 3.89 0.00023559020655 1.6e-09
8.340030518339506963e-05 2.595904767620529796e+00 6.905234915896787951e-02 1.680604236195037742e-04 2.606714675068157630e-05 8.072408060154971888e-07 3.89 0.00023559020655 1.6e-09
2.795264654309858595e-05 3.843206587257718354e+00 1.014999822452283124e-01 2.331050330485489219e-04 1.161019929979173009e-06 -5.684856686683924670e-08 3.89 0.00023559020655 1.6e-09
-4.964987808812613480e-05 2.868537166321909471e+00 6.128785103205383611e-02 1.818073375163854213e-04 -2.212637001445958091e-05 -7.724454207563549146e-07 3.89 0.00023559020655 1.6e-09
1.282558636549093866e-05 3.961130076643411546e-01 -1.137107295567129847e-02 1.483825760849959944e-04 -1.488903411201120217e-05 7.371317181149842681e-07 3.89 0.00023559020655 1.6e-09
8.038936366367021463e-05 2.622669929794649857e+00 5.865530331645391060e-02 1.694101175238598312e-04 2.557518039726425679e-05 6.458746137170283756e-07 3.89 0.00023559020655 1.6e-09
1.009196792825238530e-04 3.831642149419965282e+00 8.330046225694438811e-02 2.324947764239049058e-04 7.833190085284556010e-07 -6.903702372725593933e-08 3.89 0.00023559020655 1.6e-09
-6.626464519371971361e-05 2.807825081485169960e+00 4.780070195421813606e-02 1.787308547681604859e-04 -2.289083829632260295e-05 -6.621766538406283188e-07 3.89 0.00023559020655 1.6e-09
-4.433559834557674109e-05 3.918099251963493845e-01 -9.400545366416922580e-03 1.495390005458443680e-04 -7.452117828541136380e-06 9.885545816066230159e-07 3.89 0.00023559020655 1.6e-09
3.780739395723911730e-05 2.684734262081209799e+00 5.011545622053935334e-02 1.725208131080947522e-04 2.463925358979386366e-05 4.876284328247763189e-07 3.89 0.00023559020655 1.6e-09
1.121060268681708423e-04 3.828408978445406063e+00 6.678207146434873842e-02 2.323252126918088495e-04 2.104532589991656180e-07 -8.693978885815779349e-08 3.89 0.00023559020655 1.6e-09
5.295234331648777785e-05 2.735750189175873537e+00 3.515094611243740202e-02 1.750867917354756529e-04 -2.390938826954918636e-05 -5.614566397864711341e-07 3.89 0.00023559020655 1.6e-09
-3.462222616048084739e-05 3.901335368274054249e-01 -7.484737644306337437e-03 1.499550070070761361e-04 1.592670802393281399e-06 1.227198899400144936e-06 3.89 0.00023559020655 1.6e-09
3.175599650726851098e-05 2.759317417332188604e+00 4.388387430886191154e-02 1.762714375470653995e-04 2.361072661540919445e-05 3.589408254353062044e-07 3.89 0.00023559020655 1.6e-09
-1.070103780962377026e-04 3.834450424914655819e+00 5.373568597897761256e-02 2.326450280109808701e-04 -3.406860909654706192e-07 -1.057524604226926090e-07 3.89 0.00023559020655 1.6e-09
-3.513716149768569353e-05 2.677961458616973545e+00 2.496669248294685478e-02 1.721731830163821799e-04 -2.479932072538942720e-05 -4.777727342602975532e-07 3.89 0.00023559020655 1.6e-09
-2.429309790679413849e-05 3.914836687693774020e-01 -5.896342071335826732e-03 1.495159086980157534e-04 8.893888325023469152e-06 1.391823623379933868e-06 3.89 0.00023559020655 1.6e-09
-8.875955464773786232e-06 2.820301412413863673e+00 3.941033136869176445e-02 1.793470090070534606e-04 2.286100375872982861e-05 2.682703654782884893e-07 3.89 0.00023559020655 1.6e-09
-9.034308481512683087e-05 3.848398083294277683e+00 4.434978604525893764e-02 2.333829492829361894e-04 -6.933591037727602129e-07 -1.194497229677333141e-07 3.89 0.00023559020655 1.6e-09
2.714493316179583768e-05 2.656464707864115482e+00 1.780750779720625260e-02 1.710776903556189186e-04 -2.523953757396453013e-05 -4.113536062681507710e-07 3.89 0.00023559020655 1.6e-09
5.033034129986484933e-05 3.920994259027525963e-01 -4.784606936515823500e-03 1.492252582108258849e-04 1.188372781611641741e-05 1.476376971486257858e-06 3.89 0.00023559020655 1.6e-09
-2.403747381911478296e-05 2.848554229576164332e+00 3.506503537201552390e-02 1.807650082828975830e-04 2.261937865757368164e-05 2.017054532084678256e-07 3.89 0.00023559020655 1.6e-09
7.692065804252415958e-05 3.866813898381692649e+00 3.655425851768767664e-02 2.343588935196924206e-04 -7.219651720939597851e-07 -1.252531020601989122e-07 3.89 0.00023559020655 1.6e-09
-1.510651677295340967e-05 2.680405996437960070e+00 1.246313618768010723e-02 1.722560492248834184e-04 -2.504273092068527284e-05 -3.487100534558465937e-07 3.89 0.00023559020655 1.6e-09
-8.787423232368574025e-06 3.895383564492582718e-01 -4.042852119125905745e-03 1.497451217065334794e-04 9.641276794574820926e-06 1.498389825120239040e-06 3.89 0.00023559020655 1.6e-09
-8.361507461799733284e-05 2.835469842246992833e+00 2.872801351542920989e-02 1.800795220195568484e-04 2.295658307659050452e-05 1.342190253493687748e-07 3.89 0.00023559020655 1.6e-09
-6.230222204479970278e-05 3.884083212092988013e+00 2.711455162070418312e-02 2.352757117369902126e-04 -3.938220700796513323e-07 -1.231321402983899066e-07 3.89 0.00023559020655 1.6e-09
-1.200080033565409366e-05 2.742307139648089809e+00 6.718183479149704256e-03 1.753537703139357393e-04 -2.428945855630949835e-05 -2.694376921446726465e-07 3.89 0.00023559020655 1.6e-09
-1.878184857271202512e-05 3.863922610403353053e-01 -3.353068546497762689e-03 1.504773685478768576e-04 2.608903899794541022e-06 1.453717155491050225e-06 3.89 0.00023559020655 1.6e-09
-6.615731509745801037e-05 2.782929313449703290e+00 1.851575116757772990e-02 1.773998704578081688e-04 2.378059827985732949e-05 4.256829479461409708e-08 3.89 0.00023559020655 1.6e-09
9.241283963004066069e-05 3.892891205283507183e+00 1.327809698712198623e-02 2.357435253484755060e-04 1.501299367044415030e-07 -1.113453988241904241e-07 3.89 0.00023559020655 1.6e-09
1.902911947378016337e-05 2.819657169275594732e+00 -1.203653279184960581e-03 1.792652484790252369e-04 -2.325749473906998796e-05 -1.570583949452805394e-07 3.89 0.00023559020655 1.6e-09
-4.882649620257423792e-05 3.874646248226266687e-01 -2.330728747194643190e-03 1.501920030061214219e-04 -6.931126022176413421e-06 1.309718058443344245e-06 3.89 0.00023559020655 1.6e-09
5.277899137224565003e-06 2.705690512334489206e+00 4.159200537065430373e-03 1.735015082272885461e-04 2.485795362784369339e-05 -7.967083516195612358e-08 3.89 0.00023559020655 1.6e-09
-2.508886609581044788e-05 3.888764782272692067e+00 -5.014402302951623258e-03 2.355233371032561317e-04 7.657769252565629789e-07 -8.456757265401793740e-08 3.89 0.00023559020655 1.6e-09
-8.990608243166128540e-05 2.885220389068902769e+00 -1.090182483282264164e-02 1.826140327895439718e-04 -2.228890202925337192e-05 -1.066005985713283886e-08 3.89 0.00023559020655 1.6e-09
6.663753684763551162e-05 3.935666850280264972e-01 -6.873878507468460415e-04 1.486976040236270575e-04 -1.554140818148746312e-05 1.030291214065746068e-06 3.89 0.00023559020655 1.6e-09
5.472459003293135397e-05 2.629704471265151611e+00 -1.249147790804841854e-02 1.697070049001933763e-04 2.584936270335025672e-05 -2.151333959575886156e-07 3.89 0.00023559020655 1.6e-09
1.919548080860098354e-05 3.874475323797756054e+00 -2.469740710632134517e-02 2.347631218478319834e-04 1.239278829048982755e-06 -3.815920763315421730e-08 3.89 0.00023559020655 1.6e-09
5.300150148266934483e-05 2.920898506064506961e+00 -1.979961818753093322e-02 1.844535358074276730e-04 -2.167648179163775442e-05 1.535727656761056319e-07 3.89 0.00023559020655 1.6e-09
6.255884434417218203e-05 4.001253102342428591e-01 1.548569512362232142e-03 1.471954608228358123e-04 -2.055582339772293822e-05 5.862648748585730915e-07 3.89 0.00023559020655 1.6e-09
6.841568196153756235e-05 2.579981557863568753e+00 -2.911752993223697822e-02 1.672516449572937773e-04 2.643786512434084254e-05 -3.351159199606551828e-07 3.89 0.00023559020655 1.6e-09
4.233861607241031091e-05 3.856920107343809079e+00 -4.227571869751974021e-02 2.338310382505336452e-04 1.451476477340268491e-06 2.698095183306097613e-08 3.89 0.00023559020655 1.6e-09
-2.443301678613704338e-05 2.921158012804069060e+00 -2.551201852292147437e-02 1.844847209113419117e-04 -2.151744054267561626e-05 3.155431096141527597e-07 3.89 0.00023559020655 1.6e-09
6.449624319107738382e-05 4.021179582326753765e-01 3.913819925519391833e-03 1.468451822923490702e-04 -2.114649851000856582e-05 -3.773845654238514994e-08 3.89 0.00023559020655 1.6e-09
6.186594939142286357e-05 2.569990877202585011e+00 -4.400925374139696977e-02 1.667757900235846118e-04 2.645379424079083078e-05 -4.139070618505534922e-07 3.89 0.00023559020655 1.6e-09
5.073952383799783711e-05 3.841573782512086144e+00 -5.555335359145961716e-02 2.330184669168416001e-04 1.352233443105480406e-06 1.039828986486011718e-07 3.89 0.00023559020655 1.6e-09
-2.887650433171117832e-05 2.887844613783075332e+00 -2.716619113270873215e-02 1.827957106442369521e-04 -2.185142543906961189e-05 4.584759370222605472e-07 3.89 0.00023559020655 1.6e-09
-2.654310868712260875e-05 3.986991931988863591e-01 5.616479816607970223e-03 1.477925913233909389e-04 -1.738657099126827738e-05 -8.267375067005847185e-07 3.89 0.00023559020655 1.6e-09
-4.131002986020100467e-05 2.600604446071446141e+00 -5.546221379971916915e-02 1.683103205031158205e-04 2.590916906108995527e-05 -4.315633377869827742e-07 3.89 0.00023559020655 1.6e-09
7.983862477197026025e-05 3.831076598190634286e+00 -6.280610250776726133e-02 2.324644968808636455e-04 9.629318450640432379e-07 1.823172920537958345e-07 3.89 0.00023559020655 1.6e-09
4.053945801905493331e-05 2.827455650431750289e+00 -2.464797751272978718e-02 1.797282309261258619e-04 -2.261850238121873059e-05 5.629443655392235454e-07 3.89 0.00023559020655 1.6e-09
4.387085815321308013e-05 3.933239884866226999e-01 5.854814175894669341e-03 1.492000133995318042e-04 -9.996740842345515821e-06 -1.703606206117820954e-06 3.89 0.00023559020655 1.6e-09
8.101015345269300168e-05 2.662910049878736807e+00 -6.126389238973390522e-02 1.714289415889627233e-04 2.493849387417484346e-05 -3.737138332619523077e-07 3.89 0.00023559020655 1.6e-09
-2.695727489783792492e-05 3.826545110685543705e+00 -6.182370120555186199e-02 2.322263107123739975e-04 3.828914291273465381e-07 2.516587489679353360e-07 3.89 0.00023559020655 1.6e-09
-2.829128652960174599e-05 2.752130753607688440e+00 -1.760887019086760513e-02 1.759164297347144213e-04 -2.365427805591984259e-05 6.017176385259797454e-07 3.89 0.00023559020655 1.6e-09
6.700727149006936202e-05 3.905976460912013448e-01 4.248309997440141358e-03 1.499008709684806172e-04 -5.285884347573671851e-07 -2.517516966290105356e-06 3.89 0.00023559020655 1.6e-09
7.968959958150151574e-05 2.740559936357223059e+00 -5.958251437741624024e-02 1.753308863347685632e-04 2.382618301746330114e-05 -2.394997662311418368e-07 3.89 0.00023559020655 1.6e-09
-4.841879453922984944e-05 3.828678089892600944e+00 -5.087111469990328316e-02 2.323394632340975102e-04 -2.537666431707724571e-07 3.060916099510153173e-07 3.89 0.00023559020655 1.6e-09
-1.932804324175470880e-05 2.680202954470766841e+00 -5.667651889923186470e-03 1.722923785742960399e-04 -2.472028791720461816e-05 5.501336843297675419e-07 3.89 0.00023559020655 1.6e-09
6.657063977028286085e-06 3.921414984469051568e-01 1.146030517360991860e-03 1.494380695809656651e-04 8.445916526135110138e-06 -3.113668485514106083e-06 3.89 0.00023559020655 1.6e-09
-8.614788786912326167e-05 2.813591699725463080e+00 -5.051482690338079951e-02 1.790170265928230607e-04 2.286881609112565176e-05 -4.984687266056416469e-08 3.89 0.00023559020655 1.6e-09
-7.923724103508407728e-05 3.837649631222110891e+00 -3.077982034336711886e-02 2.328133909654960432e-04 -7.680004952412475736e-07 3.448397007972255900e-07 3.89 0.00023559020655 1.6e-09
-8.268113090718244985e-05 2.632339096589173089e+00 1.048401210369930003e-02 1.698853968469513683e-04 -2.549893773347468098e-05 4.089191114488021965e-07 3.89 0.00023559020655 1.6e-09
1.132187326365464134e-05 3.951372391646672533e-01 -2.485364595602006406e-03 1.485611411483153828e-04 1.436108089578905722e-05 -3.442605905938385883e-06 3.89 0.00023559020655 1.6e-09
6.320412611822147060e-05 2.864004063893651697e+00 -3.614261591491298858e-02 1.815682877035404148e-04 2.227510575316858115e-05 1.620368649119300640e-07 3.89 0.00023559020655 1.6e-09
-8.246022219888474603e-07 3.852520530280536981e+00 -4.998571956956878587e-03 2.336001107161692373e-04 -1.023559106015515024e-06 3.692467829864463921e-07 3.89 0.00023559020655 1.6e-09
-5.476210848448667489e-05 2.624084158425924684e+00 2.895928427871781452e-02 1.694537933680645685e-04 -2.574888871394187279e-05 2.112924874152285773e-07 3.89 0.00023559020655 1.6e-09
1.423207008734128407e-05 3.951987901243617096e-01 -5.570418109283512519e-03 1.484028060729133394e-04 1.573390514122226499e-05 -3.577944853529683210e-06 3.89 0.00023559020655 1.6e-09
7.869044796350912194e-05 2.879689520048333229e+00 -1.932387978094466524e-02 1.823501807558655847e-04 2.220846132720207756e-05 3.684202220056864738e-07 3.89 0.00023559020655 1.6e-09
2.476744289284020203e-05 3.870522300694756446e+00 2.233736647204490056e-02 2.345545627409586402e-04 -9.409752824421288423e-07 3.813966039876195845e-07 3.89 0.00023559020655 1.6e-09
-5.041529242704194982e-05 2.659689250623103796e+00 4.766849765976516329e-02 1.712119466895109336e-04 -2.537271375064520309e-05 4.457112860618216643e-09 3.89 0.00023559020655 1.6e-09
3.647864962431123848e-05 3.911970631142349664e-01 -7.440301455159321550e-03 1.492858346970027373e-04 1.211828626740992491e-05 -3.634956650863870278e-06 3.89 0.00023559020655 1.6e-09
-3.972043942005235289e-06 2.855647162706105302e+00 -3.095386183713566379e-03 1.811056272297704365e-04 2.268489863151659276e-05 5.520995071372304404e-07 3.89 0.00023559020655 1.6e-09
-4.384503039464894016e-05 3.886092388015394139e+00 4.746184375914304365e-02 2.353815339235861990e-04 -5.425481807634485433e-07 3.854652934564290456e-07 3.89 0.00023559020655 1.6e-09
-5.976070058273229985e-05 2.728324890769638245e+00 6.474805592923091324e-02 1.746450104000581399e-04 -2.449706336487905771e-05 -1.716019118759952521e-07 3.89 0.00023559020655 1.6e-09
3.804080368754101900e-05 3.869929756427630263e-01 -8.025912678574644021e-03 1.503010843103305097e-04 4.259336426839489088e-06 -3.692784948503402334e-06 3.89 0.00023559020655 1.6e-09
-8.170324437735102419e-05 2.795940155073988187e+00 9.798771764889337155e-03 1.780596665347946943e-04 2.358758302765941818e-05 7.042222187864178810e-07 3.89 0.00023559020655 1.6e-09
2.062014459942569064e-05 3.892053296673346985e+00 6.748999665456850705e-02 2.356982239176254952e-04 3.617678015700064345e-08 3.877294928398510627e-07 3.89 0.00023559020655 1.6e-09
6.740983808161023216e-05 2.805477673704481312e+00 7.865035181869961534e-02 1.785437265189040665e-04 -2.344181976052806603e-05 -2.976685850534289261e-07 3.89 0.00023559020655 1.6e-09
6.770397370080727829e-05 3.873998999223010609e-01 -7.782788673857260475e-03 1.502080879881189973e-04 -5.347834041274942651e-06 -3.765422898696428194e-06 3.89 0.00023559020655 1.6e-09
3.428016926896444944e-05 2.717776611907546602e+00 1.846439279250107479e-02 1.741136326704327444e-04 2.464549102030704755e-05 8.267288114674566984e-07 3.89 0.00023559020655 1.6e-09
-6.628497270962916993e-05 3.885040345860819588e+00 8.192300762327103802e-02 2.353249142854013198e-04 6.253049432718057838e-07 3.927981389323141224e-07 3.89 0.00023559020655 1.6e-09
-6.536577890201945645e-05 2.864386426938756447e+00 8.900785045946341123e-02 1.815519977912102075e-04 -2.253481945325487047e-05 -3.821231421334951442e-07 3.89 0.00023559020655 1.6e-09
3.522253688677267919e-06 3.922920698900205227e-01 -7.451541101326083702e-03 1.490398631095310109e-04 -1.316848039023307257e-05 -3.828684405068996280e-06 3.89 0.00023559020655 1.6e-09
4.419593092105212435e-05 2.648270110897345653e+00 2.460334536248475618e-02 1.706407881629957578e-04 2.552386680137315683e-05 9.300983225852426431e-07 3.89 0.00023559020655 1.6e-09
2.746018727330535453e-06 3.868908086284606362e+00 9.293049668734706947e-02 2.344675374172075272e-04 1.020813015386800902e-06 3.985331557509624363e-07 3.89 0.00023559020655 1.6e-09
6.682527198106577321e-05 2.888684676572830234e+00 9.677365829461855029e-02 1.828085883851984892e-04 -2.206094364949472847e-05 -4.526168076171591080e-07 3.89 0.00023559020655 1.6e-09
1.578780666343753740e-05 3.967210237215693658e-01 -7.781635307977426835e-03 1.480587034207249452e-04 -1.684282249056958812e-05 -3.844864539636083237e-06 3.89 0.00023559020655 1.6e-09
-2.099469659445701245e-06 2.611325467369218778e+00 3.083315354197832536e-02 1.688175923865006995e-04 2.591592278964864756e-05 1.021190571679304179e-06 3.89 0.00023559020655 1.6e-09
-5.533894792970894138e-05 3.850540501667548909e+00 1.030207205535697002e-01 2.334933091459587870e-04 1.119233237482784203e-06 3.962003332038251953e-07 3.89 0.00023559020655 1.6e-09
7.114512519493606689e-05 2.874012743470960363e+00 1.027598012762390989e-01 1.820777238718027211e-04 -2.210729114368569162e-05 -5.362941143289821847e-07 3.89 0.00023559020655 1.6e-09
3.151820618671806820e-05 3.966915036681309958e-01 -9.235270416048230874e-03 1.481955500934107640e-04 -1.559956946592753601e-05 -3.742844224297333863e-06 3.89 0.00023559020655 1.6e-09
-7.454661642817371069e-05 2.618154821000633348e+00 3.911959721778617005e-02 1.691770764905246448e-04 2.568524349547996960e-05 1.098340290593399486e-06 3.89 0.00023559020655 1.6e-09
3.380908774235363308e-05 3.835186858557535494e+00 1.135548823290996323e-01 2.326809705088929512e-04 8.715709505106146682e-07 3.757686129888980785e-07 3.89 0.00023559020655 1.6e-09
-6.790071104919984980e-05 2.824100274393922305e+00 1.070055562657604709e-01 1.795522355381684284e-04 -2.266915678332856427e-05 -6.494609517903099059e-07 3.89 0.00023559020655 1.6e-09
2.012461768603599253e-05 3.931674092112575902e-01 -1.174475291025457377e-02 1.491736332258715892e-04 -9.724894690507398845e-06 -3.413216159419131017e-06 3.89 0.00023559020655 1.6e-09
2.395019193285667875e-05 2.666027812773179129e+00 5.050776491438301041e-02 1.715825609967967986e-04 2.489073371530638366e-05 1.158167172059312330e-06 3.89 0.00023559020655 1.6e-09
5.994646336450220236e-05 3.826189921667733529e+00 1.251487462282133145e-01 2.322058290987089621e-04 3.554339860971280575e-07 3.318910894663703808e-07 3.89 0.00023559020655 1.6e-09
-8.749295114844499394e-05 2.751335108436281374e+00 1.095855286643041271e-01 1.758748148663787634e-04 -2.362842088364566214e-05 -7.965192426899956243e-07 3.89 0.00023559020655 1.6e-09
-1.877800425361850992e-06 3.907226909880554544e-01 -1.465076713675135013e-02 1.498212133255497579e-04 -7.457663590312075138e-07 -2.786180630771164141e-06 3.89 0.00023559020655 1.6e-09
-8.262051342992431352e-05 2.739040497660281126e+00 6.488848111463910162e-02 1.752529076567289467e-04 2.382610982205630046e-05 1.202060187327481356e-06 3.89 0.00023559020655 1.6e-09
-8.305004693417415717e-05 3.825953670378736238e+00 1.379691804528853094e-01 2.321930786688279939e-04 -2.574349587617264412e-07 2.683012790360754189e-07 3.89 0.00023559020655 1.6e-09
4.949049026541378540e-05 2.678569031654157495e+00 1.112713213371661625e-01 1.722099218443218151e-04 -2.468859513337121839e-05 -9.663588037237578148e-07 3.89 0.00023559020655 1.6e-09
5.920808365833195693e-05 3.921445793656770373e-01 -1.705526158073573245e-02 1.493958035847146957e-04 8.243570936577838008e-06 -1.948374898363531349e-06 3.89 0.00023559020655 1.6e-09
-8.050645424216233529e-05 2.812101394808423471e+00 8.060697655045563625e-02 1.789403966263131097e-04 2.285023529242210860e-05 1.234815459817166440e-06 3.89 0.00023559020655 1.6e-09
-2.214154781207402719e-05 3.835153017093213990e+00 1.511823276610825273e-01 2.326784187142794732e-04 -7.675351784213786493e-07 1.970046649159550735e-07 3.89 0.00023559020655 1.6e-09
-2.983043511493652027e-05 2.632837303397352890e+00 1.130383337646505559e-01 1.699087725185840689e-04 -2.543153226790223980e-05 -1.129416451135126956e-06 3.89 0.00023559020655 1.6e-09
-5.037681417654263214e-05 3.947504860661755210e-01 -1.843844693691121944e-02 1.486058165276688881e-04 1.400434664074122043e-05 -1.126815034660064043e-06 3.89 0.00023559020655 1.6e-09
3.628366149878168635e-05 2.860750323525684813e+00 9.498939915715157167e-02 1.813986013942104323e-04 2.229009074351227476e-05 1.261025905037042582e-06 3.89 0.00023559020655 1.6e-09
4.828562699393293796e-05 3.851848201866538091e+00 1.629355970485013017e-01 2.335614015699382946e-04 -9.792045759512267407e-07 1.314787887068355024e-07 3.89 0.00023559020655 1.6e-09
3.608598931239478675e-05 2.632672856905577508e+00 1.152145723471248162e-01 1.698778340150619006e-04 -2.557782414167180675e-05 -1.249381275812815146e-06 3.89 0.00023559020655 1.6e-09
-5.543382718124827770e-05 3.939016969068610541e-01 -1.889862449783471371e-02 1.486665676483543089e-04 1.457745973935786670e-05 -5.174778394775776053e-07 3.89 0.00023559020655 1.6e-09
2.556063863962905388e-05 2.869802692628685037e+00 1.053994713367632508e-01 1.818393743527734624e-04 2.232602461121449056e-05 1.282125879583088521e-06 3.89 0.00023559020655 1.6e-09
3.725249806574300164e-06 3.871511732612928469e+00 1.710270831524522417e-01 2.346040562033450570e-04 -8.120245543007438559e-07 8.069141617710915435e-08 3.89 0.00023559020655 1.6e-09
3.752984081675306825e-06 2.680056581056834641e+00 1.171485752513376360e-01 1.722270824674855072e-04 -2.504485884802918995e-05 -1.302144784961672532e-06 3.89 0.00023559020655 1.6e-09
-7.038183074890279084e-06 3.893725180412610509e-01 -1.877996072785571846e-02 1.496960089061821048e-04 9.633279053056303007e-06 -2.037490116722657713e-07 3.89 0.00023559020655 1.6e-09
2.400486260371928460e-05 2.834914413768337305e+00 1.097676400182057699e-01 1.800442812052456391e-04 2.294467648466007046e-05 1.293222104643844663e-06 3.89 0.00023559020655 1.6e-09
-8.661044332983411907e-05 3.886615096237768352e+00 1.732785338392318075e-01 2.354064127815139282e-04 -3.251108184989185328e-07 4.746969109828436126e-08 3.89 0.00023559020655 1.6e-09
3.018394780918997770e-05 2.757832552709062135e+00 1.171692181919263137e-01 1.761301307485049414e-04 -2.404758254574942050e-05 -1.285285699630852886e-06 3.89 0.00023559020655 1.6e-09
4.769310258389871776e-05 3.863491811285361122e-01 -1.829177523850789022e-02 1.504326522148438313e-04 5.355153976592896285e-07 -1.498082049439634663e-07 3.89 0.00023559020655 1.6e-09
7.685259264626756654e-05 2.764403016084635123e+00 1.074487354131920952e-01 1.764613747228190618e-04 2.397056549549196136e-05 1.284407337373446847e-06 3.89 0.00023559020655 1.6e-09
-5.290922891713006833e-05 3.889267216145597672e+00 1.685450834057077851e-01 2.355474065164836830e-04 3.050042021654183754e-07 2.904148224049137107e-08 3.89 0.00023559020655 1.6e-09
8.848367842393115490e-06 2.835420583721501853e+00 1.135327442189538738e-01 1.800667443568436800e-04 -2.296481519122033240e-05 -1.216948134039910560e-06 3.89 0.00023559020655 1.6e-09
4.355122215264345257e-06 3.890512635398167829e-01 -1.749417962487432449e-02 1.497748379460945710e-04 -9.259024802214983491e-06 -2.063129475214294545e-07 3.89 0.00023559020655 1.6e-09
2.346503268346767387e-05 2.682324460838835023e+00 1.003137865029887499e-01 1.723343407046362501e-04 2.507377246487935957e-05 1.246448204726846375e-06 3.89 0.00023559020655 1.6e-09
9.587186998738928944e-05 3.878236218458933848e+00 1.581411225019478117e-01 2.349611239673164492e-04 8.595482469846060078e-07 1.836726094799505110e-08 3.89 0.00023559020655 1.6e-09
4.982156071022303309e-05 2.885424034815738281e+00 1.060726087955074087e-01 1.826300822162268598e-04 -2.217393278616502629e-05 -1.126372572737581844e-06 3.89 0.00023559020655 1.6e-09
5.790344541879466648e-05 3.949506720014481220e-01 -1.647487371020039948e-02 1.483918241426305466e-04 -1.603759000607817600e-05 -1.982069542123345778e-07 3.89 0.00023559020655 1.6e-09
-7.011535980907924819e-05 2.619906749352660658e+00 9.153148317514755994e-02 1.692309378166304283e-04 2.585005546181343725e-05 1.172358430361499229e-06 3.89 0.00023559020655 1.6e-09
7.589522810415405920e-05 3.860102498690421768e+00 1.446986539413737116e-01 2.339987264552638555e-04 1.169840271447814754e-06 6.681714133119170777e-09 3.89 0.00023559020655 1.6e-09
-5.785444349091162979e-05 2.895414162316457762e+00 9.587207005404284332e-02 1.831609442239416847e-04 -2.187814516049303091e-05 -1.037092656589099375e-06 3.89 0.00023559020655 1.6e-09
3.256858001501909743e-05 3.980486809093715106e-01 -1.533766768801348226e-02 1.477697591847596144e-04 -1.786087378436076588e-05 -3.148223294069848396e-08 3.89 0.00023559020655 1.6e-09
9.844295523086798734e-06 2.599034323912677635e+00 8.319462062564426941e-02 1.682149543696993973e-04 2.601084715467972934e-05 1.057983740183637553e-06 3.89 0.00023559020655 1.6e-09
9.056347676039913793e-05 3.842541442433547338e+00 1.298511236270528668e-01 2.330690391505866362e-04 1.129877044579059173e-06 -1.286257699260863492e-08 3.89 0.00023559020655 1.6e-09
5.728018214186877412e-05 2.865290614359033761e+00 8.371845051736623300e-02 1.816404186643028268e-04 -2.216413115291570999e-05 -9.568936444760824097e-07 3.89 0.00023559020655 1.6e-09
2.878786289151195039e-05 3.958894737098256345e-01 -1.405928760355826257e-02 1.484328021078449786e-04 -1.455025575476932494e-05 3.125223973781366918e-07 3.89 0.00023559020655 1.6e-09
-3.262237602636220194e-05 2.625020621088870243e+00 7.602826978537742530e-02 1.695264524766925101e-04 2.552937335670788091e-05 9.088447320322242472e-07 3.89 0.00023559020655 1.6e-09
1.033222105549656860e-04 3.830533479513270834e+00 1.143126093270911692e-01 2.324353093800494855e-04 7.568911884166378430e-07 -4.300444197894043267e-08 3.89 0.00023559020655 1.6e-09
7.606676691476372295e-05 2.803987812518308864e+00 7.015089610311861512e-02 1.785350040057391650e-04 -2.293704205213779746e-05 -8.828234584543548361e-07 3.89 0.00023559020655 1.6e-09
-6.550614282986473569e-05 3.917348100310985570e-01 -1.251836283075214579e-02 1.495551053779706728e-04 -7.023438769495960540e-06 7.869695819289266609e-07 3.89 0.00023559020655 1.6e-09
7.529530024159309255e-05 2.687468168891064213e+00 7.034057662977696856e-02 1.726589845380408416e-04 2.457692330420190973e-05 7.463458550410723713e-07 3.89 0.00023559020655 1.6e-09
5.799628293108426017e-05 3.827030702966735198e+00 9.925437421105484659e-02 2.322515188936695105e-04 1.804542077294360468e-07 -8.143027829222846903e-08 3.89 0.00023559020655 1.6e-09
-2.357369259381891129e-05 2.730613896871046720e+00 5.641558520063658100e-02 1.748289621994381007e-04 -2.396034165953472384e-05 -8.118935340955230365e-07 3.89 0.00023559020655 1.6e-09
-7.190221883423799287e-05 3.902894130031289155e-01 -1.072014314818245211e-02 1.499105929047623209e-04 2.190286001178503253e-06 1.281446686915972826e-06 3.89 0.00023559020655 1.6e-09
-6.952288298864018863e-05 2.763204835040143692e+00 6.618002918393076084e-02 1.764675803032327971e-04 2.354369212550908090e-05 5.993661334455670717e-07 3.89 0.00023559020655 1.6e-09
-7.434651302806037805e-05 3.833243680100687278e+00 8.627524739185837843e-02 2.325804068376802702e-04 -3.848232835179766070e-07 -1.206857815899439415e-07 3.89 0.00023559020655 1.6e-09
-1.195252048251388291e-05 2.671892101176554846e+00 4.435999122850346060e-02 1.718690180334353718e-04 -2.487429292626278094e-05 -7.446462810203513396e-07 3.89 0.00023559020655 1.6e-09
7.224476213669492168e-05 3.919172923815780196e-01 -8.928017731856814632e-03 1.494001274354363890e-04 9.562177553097476448e-06 1.677777209155953238e-06 3.89 0.00023559020655 1.6e-09
-6.440249076145608857e-05 2.825120936266488414e+00 6.270644768968777760e-02 1.795913948076245225e-04 2.278513521411498283e-05 4.826793633029612889e-07 3.89 0.00023559020655 1.6e-09
-2.559360544322373062e-05 3.847858769379730148e+00 7.565074061238555303e-02 2.333536675344180414e-04 -7.401433987283812074e-07 -1.520724682248826587e-07 3.89 0.00023559020655 1.6e-09
4.941928886357875009e-05 2.651138708454404025e+00 3.489170506728463822e-02 1.708106061808829952e-04 -2.531104045226931348e-05 -6.777329277635082967e-07 3.89 0.00023559020655 1.6e-09
-7.228193400545698225e-05 3.925378815074763161e-01 -7.477126053064435396e-03 1.490970363860968798e-04 1.253311297086768673e-05 1.929101413592682320e-06 3.89 0.00023559020655 1.6e-09
-6.253456179824867680e-05 2.853065934815645743e+00 5.819624521212889146e-02 1.809935864620466840e-04 2.255636410409010817e-05 3.883140084493133863e-07 3.89 0.00023559020655 1.6e-09
-8.477172651772910703e-05 3.867240262946956442e+00 6.555708619833078288e-02 2.343809720534828609e-04 -7.414276895942401699e-07 -1.711379232038657613e-07 3.89 0.00023559020655 1.6e-09
2.076518122528257169e-05 2.677896771175111823e+00 2.706804967024847505e-02 1.721284854997290857e-04 -2.508284553572350708e-05 -5.992441553660434837e-07 3.89 0.00023559020655 1.6e-09
-6.851493122232780704e-05 3.896832478141539768e-01 -6.456740488649142726e-03 1.496883584996102951e-04 9.983400997322701035e-06 2.050151456542520327e-06 3.89 0.00023559020655 1.6e-09
-1.488557726995266882e-06 2.837980580529617658e+00 5.059509422552987967e-02 1.802062432353791332e-04 2.292213670874572532e-05 2.940689708111134643e-07 3.89 0.00023559020655 1.6e-09
9.662369104314401272e-05 3.885317028568656461e+00 5.297385241638692677e-02 2.353408079408816033e-04 -4.070948833568630333e-07 -1.776822232338863149e-07 3.89 0.00023559020655 1.6e-09
8.593261262204158655e-05 2.743845167125387619e+00 1.872330025146371965e-02 1.754286682965910688e-04 -2.428252951871460416e-05 -4.937245480931176510e-07 3.89 0.00023559020655 1.6e-09
-1.890869288473130276e-05 3.863278894138367781e-01 -5.634397002748328664e-03 1.504754065540374363e-04 2.470936763347341510e-06 2.047134551364238917e-06 3.89 0.00023559020655 1.6e-09
-5.141301532368079122e-05 2.781899740881591754e+00 3.824987372517613116e-02 1.773460186205134351e-04 2.380259141909051655e-05 1.768290343137119057e-07 3.89 0.00023559020655 1.6e-09
4.498528509296455279e-05 3.894163632160712929e+00 3.535677565964942537e-02 2.358108285975974165e-04 1.788458091912040104e-07 -1.710102874680599010e-07 3.89 0.00023559020655 1.6e-09
-5.754434286657140763e-05 2.824592190128551561e+00 8.015736445841782631e-03 1.795152527754768923e-04 -2.319283355995855285e-05 -3.506435467161277844e-07 3.89 0.00023559020655 1.6e-09
5.065066562482057255e-05 3.876712601053637908e-01 -4.567446252058392567e-03 1.501222565901171653e-04 -7.531799822847215934e-06 1.908946517217987022e-06 3.89 0.00023559020655 1.6e-09
-6.899046521681243547e-05 2.700916713065968366e+00 2.134724949956351772e-02 1.732597773271095701e-04 2.493494115341439690e-05 2.907880274158772307e-08 3.89 0.00023559020655 1.6e-09
-1.090585474017842862e-04 3.889181192418153188e+00 1.300503932918904704e-02 2.355451660453279682e-04 8.169869771208187196e-07 -1.474101435567911095e-07 3.89 0.00023559020655 1.6e-09
-4.104180266276322956e-05 2.891205745038138097e+00 -4.593580422216200256e-03 1.829191387267573780e-04 -2.221181191461277276e-05 -1.740860200916547959e-07 3.89 0.00023559020655 1.6e-09
-5.292493411880834969e-05 3.943034804973420404e-01 -2.849753614525435755e-03 1.485107502768455879e-04 -1.625317337559999088e-05 1.628486138518431028e-06 3.89 0.00023559020655 1.6e-09
6.726565467622834982e-05 2.623007482722277572e+00 2.177023313714591349e-03 1.693733744131772803e-04 2.594288040559472407e-05 -1.335200026991295344e-07 3.89 0.00023559020655 1.6e-09
-6.675687166128371612e-05 3.873801740959540219e+00 -1.069600440690846900e-02 2.347271016263713578e-04 1.292980467228729099e-06 -1.036377032392387907e-07 3.89 0.00023559020655 1.6e-09
-7.949961484416202589e-05 2.925578564949951055e+00 -1.639137091841635224e-02 1.846950329836675206e-04 -2.159768104663292756e-05 1.783906270060293221e-08 3.89 0.00023559020655 1.6e-09
5.019823619217132673e-05 4.009860581250224154e-01 -4.074229796698773968e-04 1.469891403656577481e-04 -2.115801931295571096e-05 1.199461697776427441e-06 3.89 0.00023559020655 1.6e-09
1.755146238871096043e-05 2.574136281644078039e+00 -1.686304783867347001e-02 1.669625817303542004e-04 2.651922830474242554e-05 -2.841984298268885807e-07 3.89 0.00023559020655 1.6e-09
8.143254019120614053e-05 3.855570603703807109e+00 -3.228075123981703071e-02 2.337593828807482340e-04 1.481387665102291887e-06 -4.111920363351790554e-08 3.89 0.00023559020655 1.6e-09
-1.518000934162280579e-05 2.922954494042402374e+00 -2.500101080198641190e-02 1.845780810908622901e-04 -2.148188131224160945e-05 2.067146619554041388e-07 3.89 0.00023559020655 1.6e-09
1.427832784936239866e-05 4.025671287742571547e-01 2.336686923818643690e-03 1.467461935049794086e-04 -2.140874593337947264e-05 6.074175770179734245e-07 3.89 0.00023559020655 1.6e-09
-3.616928056693131303e-05 2.567284128797997056e+00 -3.423389249875812002e-02 1.666424711440011946e-04 2.649098354467484782e-05 -3.978283736852209978e-07 3.89 0.00023559020655 1.6e-09
1.140646896374128747e-04 3.840153899470111654e+00 -4.974898012268850339e-02 2.329433275963049236e-04 1.352863999512358537e-06 3.360158333159097379e-08 3.89 0.00023559020655 1.6e-09
3.657066584388762555e-05 2.886300490975906019e+00 -2.961464653423223625e-02 1.827178487905065682e-04 -2.186509938790352463e-05 3.786521445213157590e-07 3.89 0.00023559020655 1.6e-09
4.662526150063066039e-05 3.985798605398447880e-01 4.594319052901994771e-03 1.478256223309184353e-04 -1.727037366686370238e-05 -1.461983150359784137e-07 3.89 0.00023559020655 1.6e-09
-7.754582821536361770e-05 2.601879287875028979e+00 -4.836717426188054392e-02 1.683746649623063800e-04 2.588653118134224765e-05 -4.526855734469759981e-07 3.89 0.00023559020655 1.6e-09
-2.489709732552024463e-05 3.830162209080678615e+00 -6.142298153325881360e-02 2.324161860386112389e-04 9.465754803613394493e-07 1.106673180080648486e-07 3.89 0.00023559020655 1.6e-09
6.621157711157714821e-05 2.823492942143925433e+00 -3.007147242860677000e-02 1.795276059489822520e-04 -2.266801967901575183e-05 5.158042090047051834e-07 3.89 0.00023559020655 1.6e-09
7.022341385702458665e-05 3.930232132710560489e-01 5.531091454379517651e-03 1.492778103623295001e-04 -9.544374394052166765e-06 -1.002709100786943716e-06 3.89 0.00023559020655 1.6e-09
-3.465452372239646167e-05 2.667061929502634321e+00 -5.706086299062573808e-02 1.716357733535860369e-04 2.488622605922811829e-05 -4.313282700042326331e-07 3.89 0.00023559020655 1.6e-09
1.048361192823403092e-05 3.826601144206034810e+00 -6.494099756337257112e-02 2.322292962544793651e-04 3.457056263445148806e-07 1.805031576783529256e-07 3.89 0.00023559020655 1.6e-09
-1.600043966282967833e-05 2.748206115728706322e+00 -2.585694982767351019e-02 1.757179970955743856e-04 -2.371107161224244605e-05 5.905639958457592762e-07 3.89 0.00023559020655 1.6e-09
-3.984465285747263195e-05 3.904609964730586524e-01 4.707995400314354123e-03 1.499302371257457927e-04 -1.877301861627140173e-08 -1.826993087117411318e-06 3.89 0.00023559020655 1.6e-09
-5.368638077631816461e-05 2.744899253159026831e+00 -5.846423408673034200e-02 1.755472488570002652e-04 2.378196258538453053e-05 -3.307533091793538331e-07 3.89 0.00023559020655 1.6e-09
-1.146000870397701605e-04 3.829875194650887771e+00 -5.842675651820428834e-02 2.324027153303642669e-04 -2.715725613820601549e-07 2.377462948445107723e-07 3.89 0.00023559020655 1.6e-09
-3.251938913822490342e-05 2.679471365186099518e+00 -1.646181683030760456e-02 1.722542017762207262e-04 -2.473923506579738142e-05 5.771904122045487237e-07 3.89 0.00023559020655 1.6e-09
-6.372187353331293987e-05 3.919930315681984245e-01 2.387860377901896737e-03 1.494625058880863315e-04 8.591546006954560444e-06 -2.471234890891342390e-06 3.89 0.00023559020655 1.6e-09
1.084012987280771000e-06 2.815176762884515682e+00 -5.264410816356711320e-02 1.790958675583637636e-04 2.285745388373621034e-05 -1.712348620632620719e-07 3.89 0.00023559020655 1.6e-09
1.084701641642564447e-04 3.839733212277142815e+00 -4.266675010432081916e-02 2.329236334411715378e-04 -7.665944745124512944e-07 2.814680444400360417e-07 3.89 0.00023559020655 1.6e-09
-5.700011870356226867e-05 2.636914127159586840e+00 -2.589908247703658073e-03 1.701109703486308018e-04 -2.545023529950713145e-05 4.750786589099694991e-07 3.89 0.00023559020655 1.6e-09
6.140405753215119979e-05 3.945258865139954496e-01 -5.632760912394083139e-04 1.487034795746211742e-04 1.390356949993466842e-05 -2.875581329206311367e-06 3.89 0.00023559020655 1.6e-09
-8.887670504134113979e-05 2.861000028789023375e+00 -4.157275450724049609e-02 1.814113757904443642e-04 2.234622123479029632e-05 1.391820762904846152e-08 3.89 0.00023559020655 1.6e-09
-3.095161604088878828e-05 3.854902234370408021e+00 -2.105403828689186851e-02 2.337265276210348259e-04 -9.665773280050403875e-07 3.121051071959539178e-07 3.89 0.00023559020655 1.6e-09
8.425291905607881879e-05 2.633896962458472046e+00 1.378034928110515207e-02 1.699395611369008074e-04 -2.563381242186404916e-05 3.147795196799367122e-07 3.89 0.00023559020655 1.6e-09
5.582395455718798343e-05 3.940621894274772274e-01 -3.145121132860964272e-03 1.486813750112166415e-04 1.470741363032751259e-05 -3.088069543411375395e-06 3.89 0.00023559020655 1.6e-09
8.384422166845977074e-05 2.872004581261542455e+00 -2.799991575728821153e-02 1.819559308065791137e-04 2.233144703554412446e-05 1.956315731183069188e-07 3.89 0.00023559020655 1.6e-09
-5.790302057374589067e-05 3.872400833956307409e+00 2.285217841923703475e-03 2.346546288416421632e-04 -8.476281001251675578e-07 3.307684449629741919e-07 3.89 0.00023559020655 1.6e-09
-8.030139973346474215e-06 2.672523678680747139e+00 3.041869445295726851e-02 1.718531233029979891e-04 -2.520593492534105686e-05 1.406439605850657861e-07 3.89 0.00023559020655 1.6e-09
2.689460799091665942e-05 3.901274067570918991e-01 -4.708992821415933921e-03 1.495613311263978534e-04 1.071242996849659297e-05 -3.200157319518956069e-06 3.89 0.00023559020655 1.6e-09
-4.821736760498214231e-05 2.844582901780999151e+00 -1.490238421580161385e-02 1.805408602606758484e-04 2.284936262893953201e-05 3.543434587673706954e-07 3.89 0.00023559020655 1.6e-09
5.092379729681216288e-06 3.886692173206614420e+00 2.354064283473830677e-02 2.354138036527774814e-04 -4.451331431918773501e-07 3.411620784294210208e-07 3.89 0.00023559020655 1.6e-09
-4.815176597199986462e-05 2.740595613519555940e+00 4.537064944980626763e-02 1.752641638859245331e-04 -2.433049022229674246e-05 -8.333211347811828963e-09 3.89 0.00023559020655 1.6e-09
-3.087085764837368723e-05 3.866527897937593328e-01 -5.149232812536770620e-03 1.504024402910202236e-04 2.837967101076915846e-06 -3.286273569802584398e-06 3.89 0.00023559020655 1.6e-09
-4.894302863688706009e-05 2.784210946860532943e+00 -4.882886636740040379e-03 1.774662345146586534e-04 2.374766224321508116e-05 4.804269436327387960e-07 3.89 0.00023559020655 1.6e-09
-5.819466819143503597e-05 3.891230354031518068e+00 3.998313929810111411e-02 2.356548963749212735e-04 1.287738717798632552e-07 3.499470185362222699e-07 3.89 0.00023559020655 1.6e-09
-2.400018107301135579e-05 2.814090311697412972e+00 5.728784280742579837e-02 1.789836831287086474e-04 -2.331328255677865270e-05 -1.121129654987202921e-07 3.89 0.00023559020655 1.6e-09
4.417873305978891967e-05 3.877494016866440130e-01 -4.845505752254650883e-03 1.501373433990337122e-04 -6.391168385295644872e-06 -3.381566401406663839e-06 3.89 0.00023559020655 1.6e-09
-4.255617937824388410e-05 2.708642438586035706e+00 1.359892582636221519e-03 1.736550990051010908e-04 2.477349682830260082e-05 5.782195535886378360e-07 3.89 0.00023559020655 1.6e-09
6.356986807395855485e-05 3.883594312698014583e+00 5.148943534758518292e-02 2.352485695039542167e-04 6.741462407479259142e-07 3.627928345867463846e-07 3.89 0.00023559020655 1.6e-09
-8.315223439262987750e-05 2.868326250205957884e+00 6.626315734698570714e-02 1.817554534252474867e-04 -2.247422573976877154e-05 -1.774460100187048924e-07 3.89 0.00023559020655 1.6e-09
-7.358888355260868202e-05 3.926887351052508190e-01 -4.438600220224700466e-03 1.489626451334229076e-04 -1.361397243820488433e-05 -3.496104817740341818e-06 3.89 0.00023559020655 1.6e-09
-3.206611959343590407e-05 2.643807250271364317e+00 5.511992192948098751e-03 1.704189242541025672e-04 2.558950134751694281e-05 6.626147888880632031e-07 3.89 0.00023559020655 1.6e-09
-1.142652660209507692e-04 3.867866048141738844e+00 6.045156037985410791e-02 2.344127944796766587e-04 1.048752621184617180e-06 3.788648793432611698e-07 3.89 0.00023559020655 1.6e-09
7.399766057520594791e-05 2.888836151611210212e+00 7.358767852385270092e-02 1.828181505064572967e-04 -2.205979504134654597e-05 -2.300405986694282031e-07 3.89 0.00023559020655 1.6e-09
1.287689598881304042e-06 3.966900883780269393e-01 -4.629686232710347564e-03 1.480836895246588581e-04 -1.680010108355556986e-05 -3.614292571954226352e-06 3.89 0.00023559020655 1.6e-09
-3.967092916651956838e-05 2.611466610048999826e+00 1.003323144765006468e-02 1.688255000105477743e-04 2.592036000938060253e-05 7.455233651305555692e-07 3.89 0.00023559020655 1.6e-09
1.047232146489076774e-04 3.850442624496348110e+00 6.944193681351606973e-02 2.334889381299611500e-04 1.101213844132581587e-06 3.903480739039334931e-07 3.89 0.00023559020655 1.6e-09
6.701066140098440650e-05 2.871997807250910029e+00 8.019475924151472923e-02 1.819759376840419224e-04 -2.214481919792532188e-05 -2.963104579485592174e-07 3.89 0.00023559020655 1.6e-09
-3.401238006690973301e-05 3.963448819189460126e-01 -5.922914471927765573e-03 1.482945453478679790e-04 -1.523592615687142888e-05 -3.673828603121699554e-06 3.89 0.00023559020655 1.6e-09
5.496050210303584109e-05 2.621311231793474583e+00 1.689106078547780374e-02 1.693359016312807896e-04 2.564383697895977738e-05 8.299176819365352806e-07 3.89 0.00023559020655 1.6e-09
7.142578703576560795e-05 3.836064312112417163e+00 7.997442176418097237e-02 2.327283235435108561e-04 8.463191211824266093e-07 3.871754617504281538e-07 3.89 0.00023559020655 1.6e-09
3.101661541604012529e-05 2.821639166088615536e+00 8.617400174856076900e-02 1.794264558555014582e-04 -2.272886284280240180e-05 -3.945156074775684659e-07 3.89 0.00023559020655 1.6e-09
3.058745241586782726e-05 3.928613587397700169e-01 -8.404376008344123863e-03 1.492553735367922296e-04 -9.299682962105751966e-06 -3.561223710049823457e-06 3.89 0.00023559020655 1.6e-09
-1.910000892562609728e-05 2.669975022614678561e+00 2.735665888915984889e-02 1.717792986729430363e-04 2.485678647096790372e-05 9.147090263842230687e-07 3.89 0.00023559020655 1.6e-09
2.041503016493203518e-05 3.827769738612554207e+00 9.291762075449511160e-02 2.322903188470095727e-04 3.355752597266560117e-07 3.627375836202501440e-07 3.89 0.00023559020655 1.6e-09
1.436332220853854129e-05 2.749897353245739140e+00 9.157530891934875794e-02 1.758006786394832499e-04 -2.368032877263765134e-05 -5.337959092756774192e-07 3.89 0.00023559020655 1.6e-09
-2.686458077368170553e-05 3.906229700613746969e-01 -1.157259189917438785e-02 1.498468117743313234e-04 -4.447514415526720524e-07 -3.181714821726705821e-06 3.89 0.00023559020655 1.6e-09
-6.265583733603942917e-05 2.742008659307944907e+00 4.163013541582509525e-02 1.754019570042577919e-04 2.380641617159642717e-05 9.987575014441446561e-07 3.89 0.00023559020655 1.6e-09
1.669961045819944978e-06 3.827772847309106385e+00 1.085537036333846794e-01 2.322901991732762472e-04 -2.741943907027720515e-07 3.185404508650472040e-07 3.89 0.00023559020655 1.6e-09
2.220266529738055650e-05 2.678757667800668152e+00 9.694393480015228715e-02 1.722186664710478616e-04 -2.471021616999972574e-05 -7.087745630378613622e-07 3.89 0.00023559020655 1.6e-09
1.892487320540958443e-05 3.920980484698726176e-01 -1.456383695482871971e-02 1.494057772494687491e-04 8.321786766320021913e-06 -2.570055110431541445e-06 3.89 0.00023559020655 1.6e-09
6.046251047496497693e-05 2.813419344040652081e+00 5.824628167921437616e-02 1.790078492182131545e-04 2.284552487629319461e-05 1.079626287108317691e-06 3.89 0.00023559020655 1.6e-09
1.077875308142274693e-04 3.836726644439153677e+00 1.258323001859442125e-01 2.327625313672743645e-04 -7.759264631452557953e-07 2.640374198683115085e-07 3.89 0.00023559020655 1.6e-09
-2.639246862203607432e-05 2.634067493014996764e+00 1.028189702398316363e-01 1.699694350045932311e-04 -2.543601786505588551e-05 -8.927970476626448156e-07 3.89 0.00023559020655 1.6e-09
-2.635470457870291934e-05 3.946396094628300544e-01 -1.668350641120423805e-02 1.486353335830868693e-04 1.390688747045384731e-05 -1.908909688113757416e-06 3.89 0.00023559020655 1.6e-09
-5.240913484285471572e-05 2.860822159102673456e+00 7.454336501330756370e-02 1.814014565097655705e-04 2.231264222773052231e-05 1.154324460407724082e-06 3.89 0.00023559020655 1.6e-09
9.149271685527029130e-05 3.852836776481963099e+00 1.424903065668358670e-01 2.336145026646719745e-04 -9.784056697156377522e-07 2.107676804006339073e-07 3.89 0.00023559020655 1.6e-09
-4.497795669879582701e-05 2.633710700265805116e+00 1.091219892924106261e-01 1.699303125751796552e-04 -2.557222065576543382e-05 -1.047312265666688234e-06 3.89 0.00023559020655 1.6e-09
2.518216951770919985e-05 3.938222804227256013e-01 -1.777535491844978513e-02 1.486934740543374321e-04 1.444736894027831082e-05 -1.389645134429875398e-06 3.89 0.00023559020655 1.6e-09
3.313715893528456827e-05 2.869646596010460460e+00 8.778554954021985934e-02 1.818319013937548859e-04 2.233851439285630138e-05 1.220441756087866174e-06 3.89 0.00023559020655 1.6e-09
-6.959689519616299555e-05 3.871760526392974633e+00 1.560045599458576293e-01 2.346178002192708992e-04 -8.097395626552616136e-07 1.671479069880385340e-07 3.89 0.00023559020655 1.6e-09
4.488140201658536495e-05 2.679604409921776842e+00 1.150432734210461716e-01 1.722044820583509936e-04 -2.505979488472349134e-05 -1.142882534039070726e-06 3.89 0.00023559020655 1.6e-09
-5.195705874293774401e-05 3.894190497659451022e-01 -1.803793845134354229e-02 1.496893996907443648e-04 9.664284291338353909e-06 -1.113827977419308185e-06 3.89 0.00023559020655 1.6e-09
-8.743513958029505457e-05 2.835594131097670001e+00 9.571329695139642324e-02 1.800788142987020551e-04 2.294605951816027081e-05 1.273190306078629360e-06 3.89 0.00023559020655 1.6e-09
1.285796269792120685e-05 3.886244703113280519e+00 1.640275040799917261e-01 2.353870392904714175e-04 -3.463593463110454231e-07 1.368344657029972037e-07 3.89 0.00023559020655 1.6e-09
2.749022927385079591e-05 2.755271629886386187e+00 1.189823460603467858e-01 1.760014564306406899e-04 -2.408167427737105119e-05 -1.171516928067130244e-06 3.89 0.00023559020655 1.6e-09
-4.461327967069154098e-05 3.864083922388762415e-01 -1.772139702198506639e-02 1.504238013223900409e-04 8.118012813273861665e-07 -1.060331340813533439e-06 3.89 0.00023559020655 1.6e-09
-3.945733635562702444e-05 2.766800567135088151e+00 9.738380500778259785e-02 1.765825100093067570e-04 2.394371438659868232e-05 1.304545936595805880e-06 3.89 0.00023559020655 1.6e-09
-7.548121001660678460e-05 3.888710461030861154e+00 1.652415315729221790e-01 2.355179537342164955e-04 2.764686239727493336e-07 1.185149893235362375e-07 3.89 0.00023559020655 1.6e-09
6.397627755693885692e-05 2.831127945411177294e+00 1.192464474786408823e-01 1.798484012579548447e-04 -2.302228313459543093e-05 -1.147641905043378357e-06 3.89 0.00023559020655 1.6e-09
1.123831457982478487e-05 3.888596081003606875e-01 -1.705204684314986716e-02 1.498290175441459099e-04 -8.796193706067433553e-06 -1.094976902535560258e-06 3.89 0.00023559020655 1.6e-09
-1.874278470572673927e-06 2.686524681118494406e+00 9.430871606135493579e-02 1.725453755998101741e-04 2.501344229504529412e-05 1.307158575131223541e-06 3.89 0.00023559020655 1.6e-09
-1.066296907398182740e-06 3.877890407704768450e+00 1.607011601588792526e-01 2.349427239478651171e-04 8.250275546378553463e-07 1.060747354006864411e-07 3.89 0.00023559020655 1.6e-09
2.000602930125678551e-05 2.880443636754994596e+00 1.155275490592381493e-01 1.823759147079354547e-04 -2.223471904050770175e-05 -1.099441740731284852e-06 3.89 0.00023559020655 1.6e-09
-1.537656035626285217e-05 3.944720747412705508e-01 -1.629519783423457463e-02 1.485154469168947647e-04 -1.546586530438933779e-05 -1.057711552091314842e-06 3.89 0.00023559020655 1.6e-09
2.351600810114372824e-05 2.625054976081124813e+00 8.948242548875565139e-02 1.694884734060847877e-04 2.576671590561667273e-05 1.274602616791234869e-06 3.89 0.00023559020655 1.6e-09
1.057064485842768145e-04 3.860009994939090916e+00 1.528620345001195924e-01 2.339936581072849160e-04 1.124665464346256569e-06 9.058980084418298082e-08 3.89 0.00023559020655 1.6e-09
2.147573710154067962e-05 2.890640027907829257e+00 1.086880859847877967e-01 1.829158635152587750e-04 -2.194333941935081012e-05 -1.052011873938939436e-06 3.89 0.00023559020655 1.6e-09
-6.401428501191967833e-05 3.975127271836440546e-01 -1.565848203261012081e-02 1.479033145085687753e-04 -1.730727928283426424e-05 -8.506603005591134765e-07 3.89 0.00023559020655 1.6e-09
1.818505634660111430e-05 2.603935907966103969e+00 8.507966769098332382e-02 1.684583921559673863e-04 2.593428551396112944e-05 1.201002577376361883e-06 3.89 0.00023559020655 1.6e-09
7.518948032268250804e-05 3.842490401034852621e+00 1.433340308111321071e-01 2.330659662551384207e-04 1.091728870631758438e-06 6.434377576452102079e-08 3.89 0.00023559020655 1.6e-09
2.894151700651828493e-05 2.861240938622452656e+00 9.936695726753570768e-02 1.814334734222759868e-04 -2.221185855034365025e-05 -1.015572467636847263e-06 3.89 0.00023559020655 1.6e-09
6.433023655501840098e-05 3.955265118962155713e-01 -1.510567529601378363e-02 1.485175361529435765e-04 -1.411206412694882391e-05 -4.360797990992943736e-07 3.89 0.00023559020655 1.6e-09
-3.518449016699333936e-05 2.628880129968728774e+00 8.192848447296167957e-02 1.697184562843801424e-04 2.546559766303580267e-05 1.087747084478976478e-06 3.89 0.00023559020655 1.6e-09
-1.148664337473197532e-04 3.830266700151141457e+00 1.327665193226418294e-01 2.324205819396498980e-04 7.388632723596326109e-07 2.396095626187035817e-08 3.89 0.00023559020655 1.6e-09
-7.029234488598818721e-05 2.800647962715280936e+00 8.799162426068396492e-02 1.783661676600474728e-04 -2.296526647494905160e-05 -9.880597370537589249e-07 3.89 0.00023559020655 1.6e-09
-6.523250867951512389e-06 3.916244010067525538e-01 -1.436678121860996554e-02 1.495769832700190143e-04 -6.675854068450627179e-06 1.599273736398630116e-07 3.89 0.00023559020655 1.6e-09
-2.463098418729521859e-05 2.690178216194759386e+00 8.021805166013072641e-02 1.727939308787760503e-04 2.453238185285495416e-05 9.512458089469583092e-07 3.89 0.00023559020655 1.6e-09
-9.362609642734160363e-05 3.826380956410933898e+00 1.220532038727668855e-01 2.322164236418480159e-04 1.642349672809157247e-07 -2.789967914506384385e-08 3.89 0.00023559020655 1.6e-09
-2.674455690616299019e-08 2.727444821737533331e+00 7.570134875198478164e-02 1.746687551491574273e-04 -2.399422851985846998e-05 -9.634308344653503718e-07 3.89 0.00023559020655 1.6e-09
7.457934677190531780e-05 3.903865735848150442e-01 -1.322375782190477952e-02 1.498817813010989422e-04 2.486746996286370046e-06 8.283088442906344468e-07 3.89 0.00023559020655 1.6e-09
-7.501539555851564260e-05 2.765360125721457951e+00 7.966517799324254745e-02 1.765766737391123091e-04 2.349791659159545875e-05 8.177735829387454596e-07 3.89 0.00023559020655 1.6e-09
-3.107957842488152434e-05 3.832237260203576135e+00 1.124172900634772404e-01 2.325263508869592887e-04 -4.121278349004476948e-07 -8.236503267134824916e-08 3.89 0.00023559020655 1.6e-09
-2.240784370081313608e-05 2.668319495918845430e+00 6.432715716061895850e-02 1.716901600888222487e-04 -2.490988069895628263e-05 -9.354168308428437703e-07 3.89 0.00023559020655 1.6e-09
4.105472934992473782e-06 3.921834841779534009e-01 -1.179205807907387354e-02 1.493261579159762750e-04 9.953848093111981318e-06 1.411665549013213543e-06 3.89 0.00023559020655 1.6e-09
-2.961542941803370430e-05 2.827424775689205028e+00 7.911127539953607957e-02 1.797091199711131322e-04 2.273357242751437637e-05 7.045808665946834538e-07 3.89 0.00023559020655 1.6e-09
9.690658258482108003e-05 3.846710605842598163e+00 1.039986161018846000e-01 2.332920201584938132e-04 -7.752159599185504618e-07 -1.286967650478986002e-07 3.89 0.00023559020655 1.6e-09
5.341288286430333470e-05 2.646975932853335323e+00 5.496343854621675573e-02 1.706025971105706006e-04 -2.535615119007374838e-05 -8.947134667365363568e-07 3.89 0.00023559020655 1.6e-09
1.505946025798973314e-05 3.929315903116797903e-01 -1.043244527408052416e-02 1.489950601836007981e-04 1.295514652057984068e-05 1.819468796941606928e-06 3.89 0.00023559020655 1.6e-09
6.316363977603244961e-05 2.855885517554495046e+00 7.669133417139738229e-02 1.811385333629841356e-04 2.249307703027069453e-05 6.092498504376292250e-07 3.89 0.00023559020655 1.6e-09
9.489372284161864761e-05 3.866220805279946937e+00 9.515851384441900707e-02 2.343261215767080438e-04 -7.830015852537150502e-07 -1.604919953889313380e-07 3.89 0.00023559020655 1.6e-09
7.072956082476139343e-05 2.673477681955279017e+00 4.698251275472332955e-02 1.719064447620359743e-04 -2.513654901523916255e-05 -8.282298753965941886e-07 3.89 0.00023559020655 1.6e-09
4.758594686633350814e-05 3.900242585600053324e-01 -9.387275430083878713e-03 1.495970960544417013e-04 1.045090610423176291e-05 2.040296216248220898e-06 3.89 0.00023559020655 1.6e-09
-5.446918051707438869e-05 2.841229879033231320e+00 7.038291242359230593e-02 1.803713236899824764e-04 2.286710212966459855e-05 5.145508632692464347e-07 3.89 0.00023559020655 1.6e-09
-9.624436367197751040e-05 3.884613386034979854e+00 8.317394279137332869e-02 2.353028585701957918e-04 -4.264559475729986613e-07 -1.766423767917193815e-07 3.89 0.00023559020655 1.6e-09
8.027036043311078228e-05 2.739685402648262436e+00 3.842732961167471400e-02 1.752185348289214814e-04 -2.433206264758409112e-05 -7.240649876629217844e-07 3.89 0.00023559020655 1.6e-09
1.180037975709246028e-06 3.864369334421972058e-01 -8.550991360246441159e-03 1.504391206685844868e-04 2.971932964136275759e-06 2.084268120640957108e-06 3.89 0.00023559020655 1.6e-09
4.596605019070094706e-05 2.785356253264265725e+00 5.870320250134811180e-02 1.775220075722279726e-04 2.373794607912990367e-05 3.995848422176367748e-07 3.89 0.00023559020655 1.6e-09
1.315761951816547625e-05 3.893749701566068033e+00 6.572287646178444354e-02 2.357884294139790248e-04 1.504221809785076673e-07 -1.773273304126645154e-07 3.89 0.00023559020655 1.6e-09
-8.788364432762388757e-05 2.820789081194612358e+00 2.741066663324150110e-02 1.793218438009551332e-04 -2.323878800017682559e-05 -5.775817069026365398e-07 3.89 0.00023559020655 1.6e-09
1.326667459096855328e-05 3.875053034223764903e-01 -7.524116407246653898e-03 1.501589711215218560e-04 -7.031058294456403396e-06 1.968727229903629023e-06 3.89 0.00023559020655 1.6e-09
4.125486181471360250e-05 2.704491718463242211e+00 4.208454374993617075e-02 1.734408097006304573e-04 2.486923085689809375e-05 2.552481045462423002e-07 3.89 0.00023559020655 1.6e-09
-6.662793150477385297e-05 3.888850150314283383e+00 4.315813180658313597e-02 2.355274377993830329e-04 7.824642676817029159e-07 -1.611162025604512243e-07 3.89 0.00023559020655 1.6e-09
-3.947113293962652646e-06 2.887152643063524593e+00 1.413234182640034711e-02 1.827115679389419484e-04 -2.226717935533835640e-05 -3.976858760497411944e-07 3.89 0.00023559020655 1.6e-09
2.786134516146557779e-05 3.938327255270090976e-01 -5.890617178206773892e-03 1.486211871398922723e-04 -1.574623987348430402e-05 1.727091749708578616e-06 3.89 0.00023559020655 1.6e-09
4.434831250829815929e-05 2.627228478463230932e+00 2.302995550534003844e-02 1.695844136351817649e-04 2.587693205872710535e-05 9.206244452535519526e-08 3.89 0.00023559020655 1.6e-09
5.986018158537586528e-05 3.873402662705789812e+00 1.874644628466666518e-02 2.347061031439770279e-04 1.244931142244849092e-06 -1.270447121278979496e-07 3.89 0.00023559020655 1.6e-09
-4.674339081774848704e-05 2.920274736081802658e+00 1.011183648245875949e-03 1.844232539154795907e-04 -2.167065373397496084e-05 -2.038392660142697938e-07 3.89 0.00023559020655 1.6e-09
-2.409730628162267329e-05 4.001538962249436837e-01 -3.542293774911185744e-03 1.471923704668201267e-04 -2.046425041514909909e-05 1.381317086194470454e-06 3.89 0.00023559020655 1.6e-09
2.966091971702821415e-06 2.580104534653604453e+00 4.000005574994310031e-03 1.672596965890293030e-04 2.642813560678493109e-05 -6.895786535019255150e-08 3.89 0.00023559020655 1.6e-09
6.350338633960775771e-05 3.855140225114483066e+00 -4.245969706329989768e-03 2.337370021935476186e-04 1.425106523770413491e-06 -7.743658517665169625e-08 3.89 0.00023559020655 1.6e-09
3.773135754076662141e-05 2.915455753144158280e+00 -9.747900930299938094e-03 1.841941346721858569e-04 -2.158751522768548921e-05 -1.281995480487870841e-08 3.89 0.00023559020655 1.6e-09
-5.582935954958128061e-05 4.013443357959445845e-01 -8.136257995216941881e-04 1.470429338763838635e-04 -2.044735652102595757e-05 9.252335609884079645e-07 3.89 0.00023559020655 1.6e-09
-6.275816580830870413e-07 2.576021279047978396e+00 -1.356057258683221814e-02 1.670772107807938739e-04 2.635889731494543144e-05 -2.058801424180723548e-07 3.89 0.00023559020655 1.6e-09
3.794356007461686464e-05 3.839918452337369725e+00 -2.397978793072054471e-02 2.329314915622181183e-04 1.277496502501269719e-06 -1.815373032031778264e-08 3.89 0.00023559020655 1.6e-09
-8.494806096910307127e-05 2.876352266475265651e+00 -1.732988856623909890e-02 1.822113108504176931e-04 -2.199701442486636421e-05 1.643750066771749783e-07 3.89 0.00023559020655 1.6e-09
-7.189958160335852921e-05 3.972745298122953850e-01 1.623984590693109634e-03 1.481483690198048581e-04 -1.597362332063136792e-05 3.496099981008917466e-07 3.89 0.00023559020655 1.6e-09
1.860922950200183905e-05 2.613492901479171238e+00 -2.827005679031269897e-02 1.689541312153567993e-04 2.571568310382478767e-05 -2.965999590802744829e-07 3.89 0.00023559020655 1.6e-09
-5.429128033972330399e-05 3.830564777748311833e+00 -3.883972157862166513e-02 2.324381407155542392e-04 8.508676277542283810e-07 4.268646305411651270e-08 3.89 0.00023559020655 1.6e-09
-2.606531444066266436e-06 2.812377057310794903e+00 -2.141473232461513915e-02 1.789634186068269099e-04 -2.282706345230373112e-05 3.128273517894941070e-07 3.89 0.00023559020655 1.6e-09
2.110928772957703899e-06 3.921560932728691551e-01 3.040929053997981808e-03 1.494877289856717003e-04 -8.095035137852012104e-06 -3.118854627338607940e-07 3.89 0.00023559020655 1.6e-09
2.365420631441847183e-05 2.679844762066576180e+00 -3.818559575310440102e-02 1.722757475595780964e-04 2.471397213554617391e-05 -3.211387012932942390e-07 3.89 0.00023559020655 1.6e-09
5.964666213167742659e-05 3.828236914851016248e+00 -4.650207711099065000e-02 2.323162585262805052e-04 2.503018531335656175e-07 9.774197942044508510e-08 3.89 0.00023559020655 1.6e-09
-4.282154687262540644e-05 2.739495776645591185e+00 -2.127950919928746007e-02 1.752770531845307498e-04 -2.385047652430680691e-05 4.078411840216582997e-07 3.89 0.00023559020655 1.6e-09
3.902512758803064886e-05 3.902140560136458936e-01 3.031952768006138804e-03 1.499696088300260673e-04 1.093672994093582404e-06 -9.611489460904655429e-07 3.89 0.00023559020655 1.6e-09
-4.993588740615932030e-05 2.755210207843207026e+00 -4.178465206591813752e-02 1.760646021509864624e-04 2.366491389337232063e-05 -2.739898121858442034e-07 3.89 0.00023559020655 1.6e-09
9.009491792626073993e-06 3.833143860536094572e+00 -4.523717199090640517e-02 2.325758578797278153e-04 -3.297601816170631622e-07 1.435993079100929516e-07 3.89 0.00023559020655 1.6e-09
-4.992237075121228366e-05 2.678083406433139579e+00 -1.630806381500457536e-02 1.721810105028891776e-04 -2.478681967435347321e-05 4.271809559495478238e-07 3.89 0.00023559020655 1.6e-09
-2.348166104243616683e-05 3.917205765608634538e-01 1.788857082729802643e-03 1.494987371980427610e-04 8.839614571068997245e-06 -1.485857412093016209e-06 3.89 0.00023559020655 1.6e-09
-5.144357366701687986e-05 2.818770794231414190e+00 -3.933874234540532533e-02 1.792730530364048064e-04 2.285246658060926958e-05 -1.728295824573755161e-07 3.89 0.00023559020655 1.6e-09
-9.235778722226548033e-05 3.844465027671923885e+00 -3.592713117988954874e-02 2.331744537868921238e-04 -7.286975261990792446e-07 1.800860200230476161e-07 3.89 0.00023559020655 1.6e-09
3.171693605175325873e-05 2.646600559574492362e+00 -7.182640120231164986e-03 1.705886896636448239e-04 -2.535296984039934559e-05 3.723563225019027878e-07 3.89 0.00023559020655 1.6e-09
7.002354042995433136e-05 3.932853559498393770e-01 -5.076071663015821518e-06 1.489800118847519716e-04 1.291838322744842781e-05 -1.837665129572242995e-06 3.89 0.00023559020655 1.6e-09
5.655418162716277356e-05 2.854888055989566187e+00 -3.275640771673311857e-02 1.810953681623674949e-04 2.246953289306464764e-05 -4.798481650716583118e-08 3.89 0.00023559020655 1.6e-09
5.200267107959882687e-05 3.860221919979500704e+00 -2.180021846889294498e-02 2.340089409635273514e-04 -8.551982336176254330e-07 2.074216981499924412e-07 3.89 0.00023559020655 1.6e-09
-8.346794208996564186e-05 2.655139692582353383e+00 4.159565792575979290e-03 1.709974807855015153e-04 -2.535452806376731606e-05 2.714344229796002633e-07 3.89 0.00023559020655 1.6e-09
-6.005850135776864167e-05 3.918102572383911908e-01 -1.563799156159736015e-03 1.492193167430907899e-04 1.244833626992985674e-05 -2.045336285941618092e-06 3.89 0.00023559020655 1.6e-09
7.184330507346105071e-06 2.855252112355700866e+00 -2.463920737718135190e-02 1.810961022254901193e-04 2.260911804705633532e-05 7.254480924051401351e-08 3.89 0.00023559020655 1.6e-09
1.034869272366889244e-04 3.876705462704766791e+00 -6.775348405252236764e-03 2.348835992608747764e-04 -6.626419378177859535e-07 2.264047523069883463e-07 3.89 0.00023559020655 1.6e-09
2.587861583518983515e-05 2.701437082254671829e+00 1.548697311471326776e-02 1.733009316998562472e-04 -2.482282052218842954e-05 1.631126452994259042e-07 3.89 0.00023559020655 1.6e-09
-4.929873110614151662e-05 3.881507674868724389e-01 -2.381935787192610531e-03 1.500618046194580825e-04 7.415905901517223442e-06 -2.172736639693179573e-06 3.89 0.00023559020655 1.6e-09
-8.700560145665994652e-05 2.819036118528621238e+00 -1.774226327300204575e-02 1.792385762512771312e-04 2.322608996757008704e-05 1.687790476723133872e-07 3.89 0.00023559020655 1.6e-09
-9.180696400479231446e-06 3.888110551385295821e+00 5.605414950806894558e-03 2.354895439834411050e-04 -2.095614341109839666e-07 2.408021864901613710e-07 3.89 0.00023559020655 1.6e-09
-3.507625071036731673e-06 2.769968491523506771e+00 2.492343951477646313e-02 1.767482773144172072e-04 -2.392491828576650848e-05 8.043635827225305997e-08 3.89 0.00023559020655 1.6e-09
3.422249913279966555e-06 3.863716950585658338e-01 -2.365318874298975600e-03 1.504926052437202222e-04 -7.706545501189441483e-07 -2.284409729536689104e-06 3.89 0.00023559020655 1.6e-09
2.655526479026156807e-05 2.755109435852237887e+00 -1.404800400913770730e-02 1.759956138290599261e-04 2.414271487436510811e-05 2.331682976410313904e-07 3.89 0.00023559020655 1.6e-09
5.928256962649430838e-05 3.889070123550060210e+00 1.341067866659566982e-02 2.355402758915975565e-04 3.428609551817577701e-07 2.574677679169770518e-07 3.89 0.00023559020655 1.6e-09
-1.909031605620758131e-05 2.836680234725673877e+00 3.168683733621958931e-02 1.801359091475943346e-04 -2.297916177250643334e-05 3.783675756578285878e-08 3.89 0.00023559020655 1.6e-09
5.436622457598182169e-05 3.891123670748837249e-01 -1.779226411875522475e-03 1.498187791333946504e-04 -9.302521298037473848e-06 -2.430636646803849747e-06 3.89 0.00023559020655 1.6e-09
-1.366961531588485395e-05 2.683430057042834882e+00 -1.344446777870600060e-02 1.723926762378909325e-04 2.510325008859814593e-05 2.754639293821378203e-07 3.89 0.00023559020655 1.6e-09
8.891201459094943917e-06 3.879245346596280175e+00 1.758584258280072171e-02 2.350176698303570232e-04 8.384448125391691025e-07 2.818878673236223146e-07 3.89 0.00023559020655 1.6e-09
-2.250830529321612444e-05 2.880574326375090699e+00 3.670989268061715383e-02 1.823855562356812903e-04 -2.227528445937978379e-05 2.531682992644115058e-08 3.89 0.00023559020655 1.6e-09
6.141323053569776671e-05 3.942309321312196246e-01 -1.113704637646198946e-03 1.486122808995963412e-04 -1.528168269786219226e-05 -2.643353409235576638e-06 3.89 0.00023559020655 1.6e-09
1.425453255827490730e-06 2.628354999150530169e+00 -1.400163294756122737e-02 1.696528222388873908e-04 2.577997860967221158e-05 3.156312237859726358e-07 3.89 0.00023559020655 1.6e-09
9.077826263322066294e-05 3.863523905068582565e+00 2.093399588566390718e-02 2.341827618924658262e-04 1.113114034258695153e-06 3.130469448393250460e-07 3.89 0.00023559020655 1.6e-09
-2.192292533818915431e-05 2.891104292640769735e+00 4.166293215998935484e-02 1.829398745931870888e-04 -2.199292884163849330e-05 1.862311838932945820e-08 3.89 0.00023559020655 1.6e-09
-5.140702297497285356e-05 3.971963511946919323e-01 -9.638292831903659368e-04 1.480002918882610311e-04 -1.712151267820396800e-05 -2.919950809624400251e-06 3.89 0.00023559020655 1.6e-09
8.290664001855147110e-05 2.607525233968705614e+00 -1.349493876672180209e-02 1.686348568037746563e-04 2.594836674005754877e-05 3.698707714742334252e-07 3.89 0.00023559020655 1.6e-09
7.288934508684665739e-05 3.847580038737815400e+00 2.591268029365965259e-02 2.333378816978305963e-04 1.098910540407383128e-06 3.434383289977615403e-07 3.89 0.00023559020655 1.6e-09
1.609468264258419583e-05 2.866676219701600914e+00 4.745512551736424944e-02 1.817085063132040795e-04 -2.220168592033330168e-05 -5.925147528171886504e-09 3.89 0.00023559020655 1.6e-09
-5.841114828926673727e-05 3.958047212759111533e-01 -1.872160554738920915e-03 1.484591219698280730e-04 -1.453453940629423673e-05 -3.201640736670359176e-06 3.89 0.00023559020655 1.6e-09
2.944172024255502432e-05 2.626862417062098221e+00 -1.005994560546624901e-02 1.696148428291445898e-04 2.555885981173275571e-05 4.460411213562485902e-07 3.89 0.00023559020655 1.6e-09
-1.094336886983646070e-04 3.835225842385669992e+00 3.409595833145707272e-02 2.326848095183685816e-04 7.952169495900797786e-07 3.631327410617388949e-07 3.89 0.00023559020655 1.6e-09
-7.227164533331365567e-05 2.812239795798407105e+00 5.419101761125161287e-02 1.789516150960037549e-04 -2.286011802983955868e-05 -6.721067306718211093e-08 3.89 0.00023559020655 1.6e-09
-9.281607635395431460e-06 3.921858864501822639e-01 -4.065325121605355835e-03 1.494428181616057490e-04 -7.996043784599565264e-06 -3.375766270154888631e-06 3.89 0.00023559020655 1.6e-09
-2.358425574603740821e-05 2.680750475984234882e+00 -2.226008628670089317e-03 1.723195448662504675e-04 2.471351977998546319e-05 5.465966000417581278e-07 3.89 0.00023559020655 1.6e-09
6.654712593406653153e-06 3.828901423812381744e+00 4.666507618910494676e-02 2.323511375879609882e-04 2.520151981208759963e-07 3.648600856685090441e-07 3.89 0.00023559020655 1.6e-09
-2.216951138865736989e-05 2.740531587744210462e+00 6.197995864772175290e-02 1.753279849509622860e-04 -2.383573582195525807e-05 -1.792860562278119459e-07 3.89 0.00023559020655 1.6e-09
-3.034055933262777842e-05 3.904997483616390319e-01 -7.234131903429438445e-03 1.498787549660199748e-04 8.780443966659068145e-07 -3.328740068200466516e-06 3.89 0.00023559020655 1.6e-09
-4.796186769688993556e-05 2.753056433292534244e+00 1.047626315631666749e-02 1.759582525759742803e-04 2.367540884354228610e-05 6.682916360503120260e-07 3.89 0.00023559020655 1.6e-09
7.952944735216304815e-05 3.830378427119620177e+00 6.402585253817273669e-02 2.324289436497907046e-04 -3.494463200711361966e-07 3.482771669973007039e-07 3.89 0.00023559020655 1.6e-09
5.763495455716266742e-05 2.672977912795736266e+00 7.115236469657140739e-02 1.719265698693507984e-04 -2.483337920724386393e-05 -3.431287219310748105e-07 3.89 0.00023559020655 1.6e-09
-5.697093061467540690e-05 3.923338019179100078e-01 -1.059899600358180441e-02 1.493353192706409096e-04 9.201677987174190006e-06 -3.047341161281857147e-06 3.89 0.00023559020655 1.6e-09
3.697716794363079906e-05 2.821082334067577690e+00 2.673930386550251934e-02 1.793947595297509801e-04 2.277560803410329590e-05 8.001109481691217551e-07 3.89 0.00023559020655 1.6e-09
-7.484364716844292824e-05 3.840028556252410574e+00 8.479145480048805306e-02 2.329383227892478842e-04 -7.993707934369275018e-07 3.197487683107584076e-07 3.89 0.00023559020655 1.6e-09
4.301697735229608881e-05 2.633387818583067919e+00 8.164722308643615478e-02 1.699321439427202364e-04 -2.549269013918717798e-05 -5.357077011802313486e-07 3.89 0.00023559020655 1.6e-09
4.152197767164855183e-05 3.946568842548595635e-01 -1.334532045341184012e-02 1.486233142081477983e-04 1.412169251422515617e-05 -2.654606367420907482e-06 3.89 0.00023559020655 1.6e-09
-1.796222173036608467e-07 2.863817416221060785e+00 4.395724334368422692e-02 1.815526406577365232e-04 2.230550782657296564e-05 9.291157068686212085e-07 3.89 0.00023559020655 1.6e-09
-5.028440282015049457e-05 3.856042202568326083e+00 1.061560658797125190e-01 2.337854677403077746e-04 -9.665642129427675492e-07 2.875757032271694338e-07 3.89 0.00023559020655 1.6e-09
3.608705279875265624e-05 2.637343907569546175e+00 9.274336401517177531e-02 1.701086661472760175e-04 -2.556373624666456523e-05 -7.173713887228741993e-07 3.89 0.00023559020655 1.6e-09
1.028482044766465271e-05 3.934488689343471624e-01 -1.504359295005487998e-02 1.487810962426981752e-04 1.415211372782268406e-05 -2.317001523582900679e-06 3.89 0.00023559020655 1.6e-09
-5.031273605336811932e-05 2.868464578578445945e+00 5.932974062511430641e-02 1.817697238876444079e-04 2.239242637983471389e-05 1.046511883304884924e-06 3.89 0.00023559020655 1.6e-09
-2.582937541687376886e-05 3.874124830082120496e+00 1.251405855514565735e-01 2.347442735760836086e-04 -7.840618738330985266e-07 2.584810969025724487e-07 3.89 0.00023559020655 1.6e-09
6.594361983014996307e-05 2.685149092778953417e+00 1.032726296322064030e-01 1.724814257375668815e-04 -2.501044661007856629e-05 -8.537079751401403297e-07 3.89 0.00023559020655 1.6e-09
3.956762491097432882e-05 3.890743972945589491e-01 -1.570065589913474668e-02 1.497827575305531211e-04 9.046946952165919994e-06 -2.136866123279048084e-06 3.89 0.00023559020655 1.6e-09
1.539632179905212669e-05 2.831892068500841297e+00 7.040096330067063812e-02 1.798912160400658851e-04 2.301184165553149080e-05 1.145505396701264473e-06 3.89 0.00023559020655 1.6e-09
1.121723800725490721e-04 3.887206670067087977e+00 1.391077362284324492e-01 2.354389677314669871e-04 -3.185150612868667658e-07 2.366077882164500272e-07 3.89 0.00023559020655 1.6e-09
-6.079114557842502136e-05 2.759726574316250680e+00 1.116064589388949813e-01 1.762277276441168812e-04 -2.402736544589474253e-05 -9.301711371417514060e-07 3.89 0.00023559020655 1.6e-09
1.758198514058199153e-05 3.864340240399186666e-01 -1.556668045984371113e-02 1.504275240962347961e-04 2.442338651498458476e-07 -2.112026590890682631e-06 3.89 0.00023559020655 1.6e-09
2.419697574202259719e-05 2.763016136075550300e+00 7.593757800517614287e-02 1.763927225779834376e-04 2.400157984349431120e-05 1.219751953577073638e-06 3.89 0.00023559020655 1.6e-09
-1.032905589758185353e-05 3.888355555468184122e+00 1.466045196026654063e-01 2.354997139969682279e-04 2.927522434556354944e-07 2.225992239181532831e-07 3.89 0.00023559020655 1.6e-09
-5.977230575491672914e-05 2.832397550572416378e+00 1.162284434856145354e-01 1.799152750771326498e-04 -2.299750213340768590e-05 -9.557474517322816715e-07 3.89 0.00023559020655 1.6e-09
5.097075703800445641e-05 3.890572919123340689e-01 -1.503975553448488878e-02 1.497914477485221539e-04 -9.019300812025021530e-06 -2.137136940641803642e-06 3.89 0.00023559020655 1.6e-09
-5.778269314291194681e-05 2.685098846210868473e+00 7.712984193179503456e-02 1.724748844167620912e-04 2.503858800767600734e-05 1.265694156798270095e-06 3.89 0.00023559020655 1.6e-09
-7.605468361944966397e-05 3.876956817816135104e+00 1.485997524242946288e-01 2.348935613585272509e-04 8.247082112994997857e-07 2.122360462025190961e-07 3.89 0.00023559020655 1.6e-09
6.913875123967130171e-05 2.878203478854240327e+00 1.169491847735894680e-01 1.822625272119153300e-04 -2.226242489394191426e-05 -9.562691825048005841e-07 3.89 0.00023559020655 1.6e-09
-1.547275174251566601e-05 3.944008641489341604e-01 -1.458286277485520629e-02 1.485466855756157516e-04 -1.526419452116033342e-05 -2.087124974900338062e-06 3.89 0.00023559020655 1.6e-09
-6.805315525540530026e-05 2.627076079398401376e+00 7.673362588357188208e-02 1.695898023501645445e-04 2.574159025518672425e-05 1.280325922871192082e-06 3.89 0.00023559020655 1.6e-09
-1.029431086066710539e-04 3.859158136544794893e+00 1.474543366208406203e-01 2.339486916780170709e-04 1.106359046303427950e-06 1.971852476511379678e-07 3.89 0.00023559020655 1.6e-09
6.100174463281242236e-05 2.885724438082850618e+00 1.145514086786634106e-01 1.826653365819095470e-04 -2.200581594231675378e-05 -9.576885283438158104e-07 3.89 0.00023559020655 1.6e-09
-7.278677451753058625e-05 3.970651765604428229e-01 -1.453496809187305658e-02 1.480231854777527335e-04 -1.677396735437806870e-05 -1.875773545564563092e-06 3.89 0.00023559020655 1.6e-09
7.230754265180207156e-05 2.608928339414389619e+00 7.692263295522702715e-02 1.687082238552015990e-04 2.585493023065270682e-05 1.258530309657198931e-06 3.89 0.00023559020655 1.6e-09
8.581274727139454126e-05 3.841922284156754852e+00 1.447595401493612655e-01 2.330359556937321944e-04 1.040578522988822295e-06 1.690167301593287608e-07 3.89 0.00023559020655 1.6e-09
8.555524440245467150e-05 2.854721811770240869e+00 1.095151087654116367e-01 1.811011200595220025e-04 -2.229831327615558885e-05 -9.731253897279404675e-07 3.89 0.00023559020655 1.6e-09
7.300920301986161523e-05 3.950015258982783051e-01 -1.488715098754118601e-02 1.486521256262232226e-04 -1.337702844078519937e-05 -1.446936307626273883e-06 3.89 0.00023559020655 1.6e-09
3.502476232961028777e-05 2.635482235896894565e+00 7.865188218672128362e-02 1.700488144022706738e-04 2.536042120831268916e-05 1.198989630452612425e-06 3.89 0.00023559020655 1.6e-09
1.135548870441032137e-04 3.829884583390779973e+00 1.411530030529701552e-01 2.324001868664337148e-04 6.652433065583297824e-07 1.233725744484211404e-07 3.89 0.00023559020655 1.6e-09
4.618969517556095018e-05 2.793573654650066462e+00 1.021233771338449781e-01 1.780063512000453667e-04 -2.306389063959418936e-05 -1.002961023236939607e-06 3.89 0.00023559020655 1.6e-09
2.037769470242916300e-05 3.913832509393370129e-01 -1.525650710029249034e-02 1.496359620446743519e-04 -5.874651754589722082e-06 -7.940482449240378003e-07 3.89 0.00023559020655 1.6e-09
5.687760744196788514e-05 2.696929712098500520e+00 8.207952350374514428e-02 1.731335020112633263e-04 2.442296861521161589e-05 1.112412167700016316e-06 3.89 0.00023559020655 1.6e-09
-4.132041297416182293e-05 3.826009864104336522e+00 1.372906547045825154e-01 2.321962275266111018e-04 1.025482194869236658e-07 6.271416934929059849e-08 3.89 0.00023559020655 1.6e-09
-5.107902225934583210e-05 2.720758265167705581e+00 9.335172415409319358e-02 1.743318930304980560e-04 -2.407627969085592256e-05 -1.039847393461309022e-06 3.89 0.00023559020655 1.6e-09
5.102461059822180984e-05 3.905388527933404408e-01 -1.519156931889323672e-02 1.498357140952112849e-04 3.239680656332060427e-06 -9.286471818918814480e-09 3.89 0.00023559020655 1.6e-09
4.406232988315984361e-05 2.771205178864184049e+00 8.659119079693260168e-02 1.768729214490199608e-04 2.339735102251482685e-05 1.019176847995182288e-06 3.89 0.00023559020655 1.6e-09
6.992563598856135396e-05 3.831743617838175631e+00 1.338754628271391911e-01 2.324993640917154606e-04 -4.687067121665994200e-07 -3.250205050945374550e-09 3.89 0.00023559020655 1.6e-09
4.975111902599044439e-05 2.662555645438300367e+00 8.484752480031880484e-02 1.714001346230490015e-04 -2.498520345654126244e-05 -1.070865758438503951e-06 3.89 0.00023559020655 1.6e-09
4.660553365453800473e-06 3.925709121242232924e-01 -1.457067232815955488e-02 1.492187167753109597e-04 1.056690980153243462e-05 7.278322698537811514e-07 3.89 0.00023559020655 1.6e-09
-1.376647713494667504e-05 2.831935177952145111e+00 9.061504737895637041e-02 1.799382399748202725e-04 2.265637089280337550e-05 9.349865952722216917e-07 3.89 0.00023559020655 1.6e-09
-5.145618178786160921e-06 3.846051328133283320e+00 1.306248912294338815e-01 2.332561297296510032e-04 -8.087394354353765127e-07 -6.221107462784710907e-08 3.89 0.00023559020655 1.6e-09
-5.918436149597300214e-05 2.642335847366958923e+00 7.768788774756774096e-02 1.703710890490982809e-04 -2.540146226199779383e-05 -1.078405650207327913e-06 3.89 0.00023559020655 1.6e-09
-2.246110705214763757e-05 3.933262349152326087e-01 -1.367503187930997621e-02 1.488846549262748398e-04 1.344627203503087075e-05 1.277981471806521587e-06 3.89 0.00023559020655 1.6e-09
6.634244333422826536e-05 2.859167755451310633e+00 9.205312985436384099e-02 1.813056088536847948e-04 2.243165377454019708e-05 8.611771920213085607e-07 3.89 0.00023559020655 1.6e-09
1.395537267263375112e-05 3.865396442177612801e+00 1.258985377769375746e-01 2.342814218989124281e-04 -8.085544086358642185e-07 -1.059499632733030855e-07 3.89 0.00023559020655 1.6e-09
-2.895910065784678181e-05 2.669708830111509279e+00 7.146558700347879767e-02 1.717179268123477840e-04 -2.516841939187725171e-05 -1.045558130953709487e-06 3.89 0.00023559020655 1.6e-09
-4.600912786355202116e-05 3.902953941359387224e-01 -1.283035975863989521e-02 1.495163659570620000e-04 1.086977018100783742e-05 1.594628537076288889e-06 3.89 0.00023559020655 1.6e-09
-6.703054775075278221e-05 2.843649266977369194e+00 8.886260149618294135e-02 1.804944153147708115e-04 2.281612385702448307e-05 7.861919844826004344e-07 3.89 0.00023559020655 1.6e-09
1.052810462330068541e-04 3.883570757031120646e+00 1.172562935803277417e-01 2.352465648204062293e-04 -4.643786927906349523e-07 -1.321009261176029501e-07 3.89 0.00023559020655 1.6e-09
-7.749947501911490157e-05 2.736145766884689579e+00 6.447946948774416209e-02 1.750410911314156394e-04 -2.435536583042556346e-05 -9.627132763726508694e-07 3.89 0.00023559020655 1.6e-09
2.525607393546487741e-05 3.865635669247058370e-01 -1.206781741388809892e-02 1.504001097967858633e-04 3.354832816895761141e-06 1.686440669196751669e-06 3.89 0.00023559020655 1.6e-09
9.643193538842235687e-06 2.787594000180919629e+00 7.972337982313779103e-02 1.776356042377524869e-04 2.368804874761471716e-05 6.930799273826130503e-07 3.89 0.00023559020655 1.6e-09
