5.682003757017468817e-05 2.114119317436682799e+00 -5.602918279039500462e-05 1.452003059503049456e-04 -3.038624051671929671e-05 -1.024349325417752137e-09 3.43 0.00021121393392 1.6e-09
3.273282449722675629e-06 5.253825677834067509e-01 -4.392662017180881152e-03 1.265656869887504246e-04 4.761856258991400341e-05 -4.072127683368375146e-07 3.43 0.00021121393392 1.6e-09
-3.739449032470672793e-05 3.019013103569101020e+00 3.752122245705238369e-03 1.897075837674966413e-04 1.497518601578712737e-05 1.464739286329528562e-07 3.43 0.00021121393392 1.6e-09
9.265236431274512566e-05 3.231505236080664645e+00 1.454735951601343266e-02 2.007530302436525197e-04 -1.031782829992277376e-05 5.009759184895288142e-08 3.43 0.00021121393392 1.6e-09
1.722322235174983336e-06 8.538521442240718518e-01 6.081937423273630489e-03 1.085845473941027858e-04 -5.372510486568711583e-05 -5.093184389578613940e-07 3.43 0.00021121393392 1.6e-09
-4.494869898684642813e-05 1.610931941403523915e+00 -1.256031289107341917e-03 1.239054258300939515e-04 3.950211633129080082e-05 3.409104364505260714e-07 3.43 0.00021121393392 1.6e-09
-2.131298989408327000e-05 3.414219288288898646e+00 2.453881083781416644e-02 2.103539860737145268e-04 4.279213018066650525e-06 1.670123836585275117e-07 3.43 0.00021121393392 1.6e-09
-1.101929607222049606e-05 2.589471300138389331e+00 2.764813540203152342e-02 1.679261176645048125e-04 -2.267504943361857103e-05 -1.559445089737255708e-07 3.43 0.00021121393392 1.6e-09
-6.245385078232316566e-05 4.036666506230967011e-01 -5.249979039608419079e-03 1.476108221798894419e-04 6.931633052314155082e-06 -8.416749630438803790e-07 3.43 0.00021121393392 1.6e-09
-8.513557458963829717e-05 2.694603796255695904e+00 1.330708894131579778e-02 1.731600721957756188e-04 2.101039620656272681e-05 3.213535987691407812e-07 3.43 0.00021121393392 1.6e-09
-1.905690602391465409e-06 3.401184254906512550e+00 3.318146968416263443e-02 2.096558851206250661e-04 -5.342111866812175545e-06 6.330427021372745174e-08 3.43 0.00021121393392 1.6e-09
3.570408143584578755e-05 1.480398135705927043e+00 1.815237000445525314e-02 1.192010750224695457e-04 -4.205615534962703426e-05 -5.694553925378980876e-07 3.43 0.00021121393392 1.6e-09
3.244984726073741975e-05 9.671339313262173887e-01 -8.004509702657010631e-03 1.081053643309456166e-04 5.199087276993624620e-05 1.143900239468659954e-07 3.43 0.00021121393392 1.6e-09
-5.635895866587361852e-05 3.273813841900002686e+00 1.707258984905450291e-02 2.029655552403463684e-04 9.279185794662712602e-06 2.338915444950356752e-07 3.43 0.00021121393392 1.6e-09
7.337244465476548347e-05 2.962986721218882735e+00 2.967678751378732133e-02 1.868166150902728182e-04 -1.611055381265887911e-05 -2.099421934925611535e-08 3.43 0.00021121393392 1.6e-09
-2.645296489958679867e-05 4.836739112456180933e-01 1.225884213565025258e-03 1.323180720013340155e-04 -4.205499024458872123e-05 -1.383200861773394653e-06 3.43 0.00021121393392 1.6e-09
5.999461487568472589e-05 2.216917576205219120e+00 -4.864159734936190742e-03 1.499609744733279386e-04 2.864895478555626204e-05 3.671643924926427901e-07 3.43 0.00021121393392 1.6e-09
-4.814900029846114183e-05 3.429563280045892171e+00 2.815116577476967086e-02 2.111891356512959417e-04 -8.928302657463354901e-07 2.426336050531810137e-07 3.43 0.00021121393392 1.6e-09
3.369634931480952416e-05 2.010914878662110716e+00 3.285404636240463194e-02 1.405333722999566829e-04 -3.215449365078608537e-05 -3.019761084709746427e-07 3.43 0.00021121393392 1.6e-09
3.220838388999021807e-05 5.762581546635495711e-01 -1.501395014300388638e-02 1.211289944428012137e-04 5.129953045096923947e-05 -1.031275017005579496e-06 3.43 0.00021121393392 1.6e-09
-8.726005471136660991e-05 3.068886853228665501e+00 1.756683331404424592e-02 1.922911571722352750e-04 1.389961430631361553e-05 4.997559136871295585e-07 3.43 0.00021121393392 1.6e-09
-8.108865714389411707e-05 3.184827330010283397e+00 5.243501572274251316e-02 1.983193890228254514e-04 -1.134629844230325237e-05 1.313256812079812657e-07 3.43 0.00021121393392 1.6e-09
3.679588477182771833e-07 7.543714986041869519e-01 1.715995357182344833e-02 1.107255164650311908e-04 -5.448131165897558649e-05 -2.022792832610152321e-06 3.43 0.00021121393392 1.6e-09
-5.757415130214014993e-05 1.736972175859192946e+00 -4.969176582870788589e-03 1.288326604436809480e-04 3.712187308366517852e-05 8.170010885879301211e-07 3.43 0.00021121393392 1.6e-09
5.495277857496271869e-05 3.423848754499554836e+00 6.058978988732006965e-02 2.108694002502115852e-04 3.248374209509564895e-06 4.437287562251106036e-07 3.43 0.00021121393392 1.6e-09
-3.588210842245330678e-05 2.484547188893324154e+00 7.008470006022674004e-02 1.627642143884725802e-04 -2.433340261997931673e-05 -4.107319364393151280e-07 3.43 0.00021121393392 1.6e-09
1.575137302621933141e-05 4.143916435712868829e-01 -1.362129485912488489e-02 1.450964868929613546e-04 1.907752639760188618e-05 -2.339696298820052127e-06 3.43 0.00021121393392 1.6e-09
-8.000889412212052376e-05 2.784239673102989254e+00 4.063328450389720736e-02 1.776747558946210458e-04 1.949923274687182857e-05 8.589234283833716766e-07 3.43 0.00021121393392 1.6e-09
4.520192696232149324e-05 3.377176459011351106e+00 9.261885803728038546e-02 2.083849850432173661e-04 -6.406059367254197179e-06 1.394290600803845681e-07 3.43 0.00021121393392 1.6e-09
-4.822406377056171172e-05 1.342923303914406397e+00 4.518330524333583065e-02 1.148479234348612855e-04 -4.471285646916125947e-05 -1.767314464859604142e-06 3.43 0.00021121393392 1.6e-09
2.464394590409120696e-05 1.094469108043982120e+00 -9.444394573229654768e-03 1.092623461670950687e-04 4.963676698369986931e-05 1.154123689846293648e-06 3.43 0.00021121393392 1.6e-09
3.096507019364408891e-05 3.313248436050907131e+00 7.781897740164203658e-02 2.050303161293502978e-04 8.227286709322889754e-06 5.870078334963742120e-07 3.43 0.00021121393392 1.6e-09
8.190140020020393651e-05 2.902161129382590410e+00 9.436094105990100456e-02 1.836903841875502335e-04 -1.727476580800337355e-05 -3.532133996995892530e-07 3.43 0.00021121393392 1.6e-09
-2.479692971108864074e-05 4.520314007688242541e-01 -4.302733366128717180e-03 1.375934961436166238e-04 -3.503537045936935688e-05 -3.442700678183131707e-06 3.43 0.00021121393392 1.6e-09
-1.559613392907063768e-05 2.314279624067863583e+00 3.227889281890740369e-02 1.545551790160480925e-04 2.703096914725659428e-05 1.133010147762711727e-06 3.43 0.00021121393392 1.6e-09
5.461854085251004697e-05 3.426127112655946938e+00 1.020607547154935013e-01 2.110037710664581048e-04 -1.767311936544967548e-06 2.697634398376678161e-07 3.43 0.00021121393392 1.6e-09
-5.827352409041913674e-06 1.909638115123637458e+00 7.006804165603440493e-02 1.360803266601746161e-04 -3.388880426967988538e-05 -1.265497143059762312e-06 3.43 0.00021121393392 1.6e-09
-5.131607742980117884e-05 6.342196322768068883e-01 -1.916680760859057475e-02 1.165211997294428011e-04 5.344098880183380479e-05 5.959425122011111730e-07 3.43 0.00021121393392 1.6e-09
9.594625616018340305e-05 3.110925783370083408e+00 8.114806974103960791e-02 1.944778440512646197e-04 1.287609217726854941e-05 8.392998205676560043e-07 3.43 0.00021121393392 1.6e-09
-9.248956456856464298e-05 3.134707629696783737e+00 1.161869309704417902e-01 1.957137195803597093e-04 -1.235163891338857261e-05 -2.079400151737583231e-07 3.43 0.00021121393392 1.6e-09
6.588246616531028238e-06 6.723694013412351289e-01 1.238373959893544589e-02 1.142138149249175309e-04 -5.403378636526832784e-05 -3.705106567601339715e-06 3.43 0.00021121393392 1.6e-09
-3.618935202402828320e-05 1.853118471713527837e+00 2.847720553300256072e-02 1.336534095613962610e-04 3.493348717121867546e-05 1.699471577847025020e-06 3.43 0.00021121393392 1.6e-09
2.791512556108403801e-05 3.425340251687729598e+00 1.295121293171427601e-01 2.109568563326154583e-04 2.249389116042990228e-06 4.393578802104726235e-07 3.43 0.00021121393392 1.6e-09
-1.958547360048871417e-05 2.372744086902150329e+00 1.057302167854712871e-01 1.573479383590897676e-04 -2.605524298046302766e-05 -1.149532453771466440e-06 3.43 0.00021121393392 1.6e-09
-4.487605680106692405e-05 4.356927484359515712e-01 -2.122726992034156338e-02 1.405783967445560804e-04 3.010080408630095384e-05 -6.029301342180504437e-07 3.43 0.00021121393392 1.6e-09
6.350528463565510229e-05 2.864733415107280745e+00 9.951330670010788415e-02 1.817671597275527409e-04 1.802288434044792140e-05 1.206226831090616023e-06 3.43 0.00021121393392 1.6e-09
-6.915509459675374068e-05 3.342460571857218454e+00 1.528569418067713959e-01 2.065562089980192955e-04 -7.505715778211407820e-06 -1.475218324825169921e-07 3.43 0.00021121393392 1.6e-09
3.121645429577178503e-05 1.196859077614657485e+00 4.496648323553745219e-02 1.111093276529468170e-04 -4.756858933286149899e-05 -3.031465533706964107e-06 3.43 0.00021121393392 1.6e-09
4.364394209979616035e-05 1.238868624555075737e+00 1.430114904712817894e-02 1.120914999379162144e-04 4.675324466373487371e-05 2.448755111209070249e-06 3.43 0.00021121393392 1.6e-09
-1.475596042395256304e-05 3.350014999769753032e+00 1.448634622100203329e-01 2.069578365190765192e-04 7.136446747191560141e-06 6.044513023991024968e-07 3.43 0.00021121393392 1.6e-09
-2.385683156519456861e-05 2.832946759731483244e+00 1.339051206588099119e-01 1.801522025577497268e-04 -1.852762141958138833e-05 -9.286813515689889880e-07 3.43 0.00021121393392 1.6e-09
6.533232265672763394e-05 4.272821333764603713e-01 -1.559087606935651363e-02 1.423706994791199508e-04 -2.615108488235337814e-05 -2.847126102611895595e-06 3.43 0.00021121393392 1.6e-09
-2.180262278841388351e-05 2.413593347209960882e+00 8.540229958426387435e-02 1.593176283501740497e-04 2.539477338731307488e-05 1.566124008965951904e-06 3.43 0.00021121393392 1.6e-09
-8.819669955895819997e-05 3.422406288152381570e+00 1.589484721074818641e-01 2.107993406684832629e-04 -2.629573399074034017e-06 8.833280521063408675e-09 3.43 0.00021121393392 1.6e-09
5.238367153849265669e-05 1.809065799478768000e+00 7.551945320831462971e-02 1.317968024768931734e-04 -3.568256370361227320e-05 -2.119116231438562187e-06 3.43 0.00021121393392 1.6e-09
7.951816458439843059e-06 7.010808411411896257e-01 -8.647541611878556411e-03 1.127949665149090589e-04 5.434115376153826507e-05 2.773194307830396557e-06 3.43 0.00021121393392 1.6e-09
6.278257026421766608e-05 3.149593846620695636e+00 1.393571028255104483e-01 1.964901022527856225e-04 1.193400686375897246e-05 8.327040137571772940e-07 3.43 0.00021121393392 1.6e-09
2.084354018258803554e-05 3.087765467163122057e+00 1.478506049862551575e-01 1.932768933479271384e-04 -1.329649710597236890e-05 -6.958328837295229352e-07 3.43 0.00021121393392 1.6e-09
5.526475660076930491e-05 6.085124672850550365e-01 -3.433587187853393962e-03 1.184101818065648383e-04 -5.255375138803022904e-05 -3.736847594388951191e-06 3.43 0.00021121393392 1.6e-09
2.015769210019393483e-05 1.954193375791382081e+00 7.238891751092067783e-02 1.380261583030732556e-04 3.303674584659946773e-05 2.138203885142279651e-06 3.43 0.00021121393392 1.6e-09
-6.750935720144673232e-05 3.423014305878693708e+00 1.725480619195177701e-01 2.108418008111601918e-04 1.360971951394885675e-06 1.578117370885250638e-07 3.43 0.00021121393392 1.6e-09
-3.388060907066888048e-05 2.267252779125298989e+00 1.036878986759359744e-01 1.523260314054330415e-04 -2.771002089344669225e-05 -1.767157845408995015e-06 3.43 0.00021121393392 1.6e-09
-2.935670163244235328e-05 4.654919152632180923e-01 -1.827242972792570558e-02 1.351396969131671982e-04 3.863208115765315385e-05 2.567804256734181038e-06 3.43 0.00021121393392 1.6e-09
6.777802380496806135e-05 2.929763684602194829e+00 1.454963820520175088e-01 1.851002402775050321e-04 1.672842839581575582e-05 1.101361707224095756e-06 3.43 0.00021121393392 1.6e-09
4.422322742434938575e-05 3.300313096730454809e+00 1.690609343657606678e-01 2.043458550298514280e-04 -8.597375225212635199e-06 -5.796491038352945076e-07 3.43 0.00021121393392 1.6e-09
-1.235890982233714178e-05 1.053711571914646594e+00 1.979790302536572552e-02 1.087049635624172823e-04 -5.036650258867152532e-05 -3.311830984008699822e-06 3.43 0.00021121393392 1.6e-09
1.198368279073646695e-05 1.387476949222290701e+00 5.035678760370121410e-02 1.161869835914485253e-04 4.374643239055746552e-05 2.913833258452378803e-06 3.43 0.00021121393392 1.6e-09
-3.224768270282265083e-05 3.381118146408063296e+00 1.721140405686270025e-01 2.085942809592549818e-04 6.047527348295455055e-06 2.696807646008963253e-07 3.43 0.00021121393392 1.6e-09
4.133861764595851056e-05 2.752994742127184757e+00 1.204735479798032527e-01 1.760963229359302105e-04 -1.994091230781182413e-05 -1.359639396913819216e-06 3.43 0.00021121393392 1.6e-09
-6.156067846734335572e-05 4.100969647660367423e-01 -2.138232034956571992e-02 1.460956302534168415e-04 -1.491142539883166617e-05 4.378678914006033478e-07 3.43 0.00021121393392 1.6e-09
-8.513216354254849242e-06 2.517525334843591978e+00 1.169830140436847743e-01 1.643761993693239061e-04 2.375192552559887910e-05 1.316728785306991791e-06 3.43 0.00021121393392 1.6e-09
-9.321600066005311766e-05 3.419747738059006448e+00 1.555885086394503403e-01 2.106482693664614480e-04 -3.545916750944095505e-06 -3.731304160380186308e-07 3.43 0.00021121393392 1.6e-09
5.452272696198065457e-05 1.702329077629385790e+00 4.345689250104639578e-02 1.274369780264335262e-04 -3.772178966399742674e-05 -2.177388872345090516e-06 3.43 0.00021121393392 1.6e-09
-4.963944380833309821e-05 7.810634438910886157e-01 1.155299656612489810e-02 1.099828044025753164e-04 5.423924447371292787e-05 3.617674900265953213e-06 3.43 0.00021121393392 1.6e-09
1.372049647012970729e-05 3.191510438061898824e+00 1.431998906999545351e-01 1.986723568888222038e-04 1.101751671010571545e-05 4.397763416310529390e-07 3.43 0.00021121393392 1.6e-09
5.555082939194004365e-05 3.044740659305047892e+00 1.169012040651392637e-01 1.910459736631649435e-04 -1.425142194207524936e-05 -9.434268124300987676e-07 3.43 0.00021121393392 1.6e-09
-5.856014182727961115e-05 5.561769939589190637e-01 -1.665036080943466806e-02 1.231519869432274477e-04 -4.993208203965067611e-05 -1.630143674817745828e-06 3.43 0.00021121393392 1.6e-09
-6.853309865853952475e-05 2.048480864289805581e+00 8.815205138143217267e-02 1.422262272290863939e-04 3.137782091705355371e-05 1.699690669554967239e-06 3.43 0.00021121393392 1.6e-09
1.935667699418035606e-05 3.422291940764504936e+00 1.478250882110542785e-01 2.108098311139190945e-04 5.132337786046690183e-07 -1.793095388049724415e-07 3.43 0.00021121393392 1.6e-09
6.180500764282079260e-05 2.166166122942776440e+00 6.182928761977513760e-02 1.476026261102123286e-04 -2.940870611017765298e-05 -1.673369218718428865e-06 3.43 0.00021121393392 1.6e-09
3.432068663528557950e-05 5.030177971716696117e-01 -6.287333691743163602e-03 1.294672005020181720e-04 4.488406049462723076e-05 4.102212363821935718e-06 3.43 0.00021121393392 1.6e-09
-8.313636265728070957e-05 2.986494068157150572e+00 1.367465890297458186e-01 1.880270420887950760e-04 1.556331461936180622e-05 6.343466640449245971e-07 3.43 0.00021121393392 1.6e-09
-9.614969464174606478e-05 3.252863589791163967e+00 1.258743906533677515e-01 2.018683429641973919e-04 -9.712188574548413393e-06 -7.693709497094207599e-07 3.43 0.00021121393392 1.6e-09
5.403701830120355442e-06 9.158850427822193829e-01 -6.293342704011597663e-03 1.081010568748786815e-04 -5.281645490845390063e-05 -2.194936850991073436e-06 3.43 0.00021121393392 1.6e-09
4.888663642325631148e-05 1.538095363536578830e+00 6.799673845609875700e-02 1.212218892446641341e-04 4.080777130464289387e-05 2.270338701257306361e-06 3.43 0.00021121393392 1.6e-09
-3.757870965550977647e-05 3.405576247046585348e+00 1.416397466743291034e-01 2.098895868848863334e-04 4.897261542405360470e-06 -1.054494712388803589e-07 3.43 0.00021121393392 1.6e-09
5.565193385213714595e-05 2.652208671429661102e+00 7.062866284501026493e-02 1.710389259821834388e-04 -2.164965133436518160e-05 -1.311559370926594399e-06 3.43 0.00021121393392 1.6e-09
6.308764536524860147e-05 4.026079425320173710e-01 -1.597135736564426339e-02 1.478217260341536075e-04 -1.033941938183064832e-06 3.460782563242919233e-06 3.43 0.00021121393392 1.6e-09
-2.802627814542721493e-06 2.632270893232147468e+00 1.064136570528700781e-01 1.700421984678050118e-04 2.199776980944551791e-05 6.665635370341319076e-07 3.43 0.00021121393392 1.6e-09
3.639428626693207229e-05 3.413902381543948206e+00 1.021077096649766480e-01 2.103273616846834042e-04 -4.628388779182033812e-06 -5.821825485554448405e-07 3.43 0.00021121393392 1.6e-09
5.298097356067306890e-05 1.574394601533238403e+00 2.929188847117439234e-03 1.225245993733337286e-04 -4.024129722816365451e-05 -1.445949894319429611e-06 3.43 0.00021121393392 1.6e-09
-3.923954660976830051e-06 8.857954186694975141e-01 2.621605812264898167e-02 1.082795540585219875e-04 5.318062877201839515e-05 2.683156953382271486e-06 3.43 0.00021121393392 1.6e-09
-2.830271230997671682e-05 3.241780360979980458e+00 9.342109029618271554e-02 2.012908739209631759e-04 1.000917804117638793e-05 -3.353260870704951698e-08 3.43 0.00021121393392 1.6e-09
-2.587124020126290228e-05 3.000992810470016536e+00 4.926753005729134216e-02 1.887778132551699655e-04 -1.529984989757784893e-05 -7.859614106094268228e-07 3.43 0.00021121393392 1.6e-09
3.489415303900455281e-05 5.116183276959527237e-01 -1.792588083201127752e-02 1.283369706809234971e-04 -4.595845339136971856e-05 1.032128352313348161e-06 3.43 0.00021121393392 1.6e-09
4.573094537925785283e-06 2.144628032420470287e+00 6.310489288219184312e-02 1.466089067699707449e-04 2.980194541838149545e-05 7.393755395559953496e-07 3.43 0.00021121393392 1.6e-09
-8.855218223098895410e-05 3.425902085538355735e+00 7.273072532057520134e-02 2.110002895416433527e-04 -3.000441764715704922e-07 -3.250018839225119604e-07 3.43 0.00021121393392 1.6e-09
-3.422876098918832912e-05 2.073665348617284465e+00 1.108873869550083824e-02 1.433635670967894796e-04 -3.103204481114713340e-05 -9.001052701939444182e-07 3.43 0.00021121393392 1.6e-09
-1.977552312535598057e-05 5.443688584596394486e-01 3.445618915244180042e-03 1.243893489136650818e-04 4.913664064066052120e-05 2.923240159784560784e-06 3.43 0.00021121393392 1.6e-09
8.387158815500780754e-05 3.035633362777989674e+00 7.560224997502204558e-02 1.905732683724137896e-04 1.452569828956040519e-05 1.500700182791033968e-07 3.43 0.00021121393392 1.6e-09
-3.553712940925860008e-05 3.207562724781249930e+00 5.287168647313222891e-02 1.995078894247309946e-04 -1.076034700891116051e-05 -5.380714420575563550e-07 3.43 0.00021121393392 1.6e-09
-3.879035700478231704e-05 8.055481773772210641e-01 -1.348650062392881335e-02 1.094031097466540889e-04 -5.418754386847494269e-05 -5.242398555131576971e-07 3.43 0.00021121393392 1.6e-09
5.092379842526462402e-05 1.669509882304384796e+00 4.794695010244059974e-02 1.261574295288163286e-04 3.833784421308961452e-05 1.099641174077419330e-06 3.43 0.00021121393392 1.6e-09
-1.045834786059991094e-04 3.417718053602244233e+00 7.388610646973076124e-02 2.105429337154396873e-04 3.804878114844681374e-06 -2.028568967666094134e-07 3.43 0.00021121393392 1.6e-09
-5.915422972027468648e-05 2.539091083561205942e+00 2.386212690218721122e-02 1.654406664170479982e-04 -2.345914824750809080e-05 -7.712315988781106700e-07 3.43 0.00021121393392 1.6e-09
3.165535478138377661e-05 4.077073168504185552e-01 -6.265493181773397133e-03 1.466361475462295576e-04 1.299851175972591838e-05 3.198305450233031061e-06 3.43 0.00021121393392 1.6e-09
-6.220870385996252682e-05 2.739379997612517492e+00 6.252820002690404055e-02 1.754072854077603691e-04 2.028180791663885751e-05 1.860835008127894433e-07 3.43 0.00021121393392 1.6e-09
-4.387650235892611643e-05 3.393393427422270570e+00 4.476918020387709446e-02 2.092401921612782319e-04 -5.816153969407922275e-06 -4.368787843071187028e-07 3.43 0.00021121393392 1.6e-09
1.117197132010222933e-05 1.420520431247020987e+00 -1.161585591363799991e-02 1.172145499029136976e-04 -4.325190318411787792e-05 -5.879694120422996885e-07 3.43 0.00021121393392 1.6e-09
4.120524414677986287e-05 1.022429937305022296e+00 2.210104810328800129e-02 1.084104403208729168e-04 5.100607406616912453e-05 1.110789371945138107e-06 3.43 0.00021121393392 1.6e-09
1.622215599984372066e-05 3.294243749658509302e+00 3.552970113732849267e-02 2.040314119036114782e-04 8.842665856711843814e-06 -1.989679755528808517e-07 3.43 0.00021121393392 1.6e-09
-8.875465981193516164e-05 2.943709147315328511e+00 2.892078920555875635e-03 1.858200076068483445e-04 -1.654253795707414244e-05 -3.961630738416192937e-07 3.43 0.00021121393392 1.6e-09
-5.454258675332143366e-06 4.706826987433453957e-01 -9.481472830328562321e-03 1.343384896858103609e-04 -3.968303203401363146e-05 1.872539680336826054e-06 3.43 0.00021121393392 1.6e-09
-2.698115820012684499e-05 2.253591466575691094e+00 2.070534234257513304e-02 1.516787057203660229e-04 2.806341537593896575e-05 4.175112420953647031e-08 3.43 0.00021121393392 1.6e-09
6.273907511486994152e-05 3.430889822705065928e+00 9.052191175247919705e-03 2.112564380118073237e-04 -1.198919677806800349e-06 -1.979905728677245842e-07 3.43 0.00021121393392 1.6e-09
1.554103370381176749e-05 1.978364510496158690e+00 -1.092625582527265160e-02 1.390844344200566074e-04 -3.274427299044357475e-05 -1.350188810638099479e-07 3.43 0.00021121393392 1.6e-09
-3.809075259877881865e-05 5.945174511412718577e-01 2.068050207132104967e-03 1.195240168237053278e-04 5.219229955716216107e-05 5.821503783542062058e-07 3.43 0.00021121393392 1.6e-09
9.206087247586935225e-05 3.083443492532624841e+00 1.190158389119238061e-02 1.930497202882683078e-04 1.354698100608303716e-05 -1.939074547804154567e-08 3.43 0.00021121393392 1.6e-09
7.314579043402310373e-05 3.167679410491363257e+00 4.667786678979724165e-03 1.974278863371306352e-04 -1.171194235600559334e-05 -1.088388673190154580e-07 3.43 0.00021121393392 1.6e-09
5.273711793377600587e-05 7.224117834464955923e-01 -3.938377493559767559e-03 1.118675888421930958e-04 -5.454542699162490593e-05 1.247389954414438444e-07 3.43 0.00021121393392 1.6e-09
-3.491552954931357249e-05 1.779530077343213890e+00 9.276459999364380232e-03 1.305777567289765663e-04 3.631276010341934787e-05 2.818443913373355114e-07 3.43 0.00021121393392 1.6e-09
-6.756482500575519148e-07 3.424184696347845946e+00 2.064620585320122922e-02 2.108933772778456850e-04 2.870611027236294631e-06 3.919801232789415513e-09 3.43 0.00021121393392 1.6e-09
4.851996112659416594e-05 2.439325284077045186e+00 1.151103153918789021e-02 1.605656998052284600e-04 -2.505684711461270126e-05 -2.003566820032543104e-07 3.43 0.00021121393392 1.6e-09
5.705842103481713329e-05 4.218052057135199817e-01 -3.962773105564150466e-03 1.434998660602520269e-04 2.393132975953805053e-05 3.871569613529666442e-07 3.43 0.00021121393392 1.6e-09
8.787686905877025692e-05 2.819573279439569813e+00 2.087550458226083289e-02 1.794702389811055087e-04 1.887797769633400703e-05 1.806686995130427819e-07 3.43 0.00021121393392 1.6e-09
-7.316291625448714678e-05 3.363987443212769435e+00 2.552206940484594289e-02 2.076916445989096505e-04 -6.879757538381185678e-06 -7.504226784332739679e-08 3.43 0.00021121393392 1.6e-09
4.404558796971924748e-05 1.276803497354547900e+00 4.617175303526365772e-03 1.130272403793883919e-04 -4.609497172357288649e-05 -4.434147324641873274e-07 3.43 0.00021121393392 1.6e-09
8.508700266482659136e-06 1.158736054462270459e+00 2.873034248600995696e-03 1.103510744218418320e-04 4.840958308738824514e-05 3.234455527721440242e-07 3.43 0.00021121393392 1.6e-09
2.930357584271608116e-06 3.333650576529051612e+00 1.695199410244697252e-02 2.060991035196047872e-04 7.756143385389073882e-06 4.672999846642176447e-08 3.43 0.00021121393392 1.6e-09
4.483340899103360197e-05 2.876089659029615664e+00 1.357292712530830392e-02 1.823533803808928609e-04 -1.783219765653659971e-05 -1.193570290285121620e-07 3.43 0.00021121393392 1.6e-09
4.339989482511520528e-05 4.394371912656221957e-01 -2.391556934294598695e-03 1.399374377331448417e-04 -3.139295052379974580e-05 -3.844670853770193427e-08 3.43 0.00021121393392 1.6e-09
-4.077027806756656266e-05 2.359931267544000733e+00 -1.389084428462021136e-03 1.567314270954175861e-04 2.635128105433511811e-05 1.109630792231788162e-07 3.43 0.00021121393392 1.6e-09
8.766422054948543280e-06 3.430373812028284952e+00 8.553301432085536754e-03 2.112226163774043623e-04 -2.115519308108005659e-06 7.246879019160472020e-08 3.43 0.00021121393392 1.6e-09
2.255151506932597419e-05 1.873259357236254363e+00 9.558980413412947880e-03 1.345072627942342817e-04 -3.463217671423569563e-05 -1.074601631860262160e-07 3.43 0.00021121393392 1.6e-09
-5.250857210127672501e-05 6.584056483547144900e-01 -8.980810310889288800e-03 1.149848941604248158e-04 5.399391420488693934e-05 -6.517507226238684801e-07 3.43 0.00021121393392 1.6e-09
6.579904633373772076e-05 3.130134276270379878e+00 -8.281517591010637523e-04 1.954737262237439457e-04 1.254832180981321221e-05 2.153086276789254774e-07 3.43 0.00021121393392 1.6e-09
8.831760433856966760e-05 3.124056780085643137e+00 1.806478749854459331e-02 1.951569362245198793e-04 -1.269394718217711456e-05 1.228802893281518816e-07 3.43 0.00021121393392 1.6e-09
-5.766119457995496126e-06 6.491649252088125266e-01 7.751449761859235087e-03 1.155515015934940133e-04 -5.381042722928302614e-05 -1.039122321090098371e-06 3.43 0.00021121393392 1.6e-09
-5.627357663700905148e-05 1.887796658821296436e+00 -1.015441334477360825e-02 1.351354328510095514e-04 3.434908570672183634e-05 3.541165437277243369e-07 3.43 0.00021121393392 1.6e-09
-7.602399235079544996e-05 3.428890330907925943e+00 2.627102966708213735e-02 2.111469186199215050e-04 1.970127632307318230e-06 2.985223872029726313e-07 3.43 0.00021121393392 1.6e-09
3.902243455414762334e-05 2.340795585986843452e+00 3.839476685375108056e-02 1.558167049233730650e-04 -2.664243714560922128e-05 -1.724993801437509842e-07 3.43 0.00021121393392 1.6e-09
2.801892125664191753e-05 4.441089968476430450e-01 -1.125313113344960855e-02 1.389734799447184070e-04 3.309713147571424551e-05 -1.735818556014682196e-06 3.43 0.00021121393392 1.6e-09
4.292114891376495677e-05 2.889303513360403031e+00 2.031306109704300589e-02 1.830253447623408176e-04 1.761650855565885656e-05 5.594430140411857727e-07 3.43 0.00021121393392 1.6e-09
-5.673981043696257529e-05 3.331459008610245576e+00 5.818943090939993068e-02 2.059804862483957449e-04 -7.892061102986685741e-06 1.475072151421312924e-07 3.43 0.00021121393392 1.6e-09
-3.738359171099337190e-05 1.144785466541059282e+00 2.874599861992155336e-02 1.100731460369836141e-04 -4.868133804326588209e-05 -1.390974129704024103e-06 3.43 0.00021121393392 1.6e-09
-3.251403651394778381e-05 1.290896801591142840e+00 -8.227893079988633784e-03 1.134110401320145758e-04 4.577785813935639415e-05 7.325491765503707289e-07 3.43 0.00021121393392 1.6e-09
-8.334863069243641609e-05 3.364678698046901673e+00 5.240457328056277730e-02 2.077304947064842380e-04 6.753755707641788373e-06 4.297019527801588258e-07 3.43 0.00021121393392 1.6e-09
-2.309021221792649075e-05 2.805596811318964434e+00 6.640329288609546354e-02 1.787630327795594447e-04 -1.908186057199956877e-05 -2.401686169558002576e-07 3.43 0.00021121393392 1.6e-09
-4.164001615635971204e-05 4.193231520914572075e-01 -4.997661688224380727e-03 1.440839547986696350e-04 -2.203773193752915001e-05 -2.653220117163958353e-06 3.43 0.00021121393392 1.6e-09
7.123868774386722495e-05 2.455720768038644586e+00 1.862104542267093224e-02 1.613605344623853053e-04 2.479583376732008023e-05 7.454604313632058563e-07 3.43 0.00021121393392 1.6e-09
-6.824023544547932649e-05 3.425216058526467044e+00 6.850444205491973415e-02 2.109440538588205796e-04 -2.990139392256688389e-06 2.263574210344589266e-07 3.43 0.00021121393392 1.6e-09
-2.237139343454928596e-05 1.768727582676493881e+00 4.868723192683221956e-02 1.301263040755701100e-04 -3.650729994581270225e-05 -9.441228669830036854e-07 3.43 0.00021121393392 1.6e-09
-2.168186449416185195e-05 7.298704008421780243e-01 -1.721024396912915200e-02 1.115897154580281002e-04 5.450941467442563227e-05 1.641324750267125665e-07 3.43 0.00021121393392 1.6e-09
-6.424647207670965404e-05 3.170189174927107167e+00 4.859351648817104852e-02 1.975599500214562346e-04 1.160581814068919181e-05 6.125057832009605512e-07 3.43 0.00021121393392 1.6e-09
2.704443978223688663e-05 3.076164124324786364e+00 7.942751346130455525e-02 1.926727585579887355e-04 -1.366643981106183491e-05 -7.080484923056815114e-08 3.43 0.00021121393392 1.6e-09
4.750554859307697141e-05 5.884566824478052460e-01 8.388555351217595601e-03 1.200593758914503685e-04 -5.179048688423048717e-05 -3.097463568580274713e-06 3.43 0.00021121393392 1.6e-09
-3.309522037366023216e-05 1.990006225832234410e+00 1.139928166687513914e-02 1.396044676437150256e-04 3.250208217308977923e-05 1.119290186320885937e-06 3.43 0.00021121393392 1.6e-09
2.598717695064644412e-05 3.427878037180304815e+00 8.823930102359792138e-02 2.110993843357480883e-04 1.060101201140587814e-06 4.151180107890309452e-07 3.43 0.00021121393392 1.6e-09
4.614696649077283186e-05 2.236044658289009668e+00 7.963229835340787655e-02 1.508547202308847140e-04 -2.830096125984302217e-05 -8.288856872872395441e-07 3.43 0.00021121393392 1.6e-09
6.554417168072425109e-05 4.759875742619479877e-01 -2.001629663508213905e-02 1.334311201484566036e-04 4.078444818293509475e-05 -1.000636708252068497e-06 3.43 0.00021121393392 1.6e-09
-6.952364412139697201e-05 2.952185171272190267e+00 6.857254410906979403e-02 1.862527060473735934e-04 1.636907544606897366e-05 9.773215789025158015e-07 3.43 0.00021121393392 1.6e-09
5.660220370647033668e-05 3.288875079988764938e+00 1.194060603415886962e-01 2.037475010661827938e-04 -8.971171091920500379e-06 -1.384139392269506445e-08 3.43 0.00021121393392 1.6e-09
-4.692717233738079568e-05 1.009977721513146021e+00 3.538914275534175979e-02 1.082980770007101282e-04 -5.116641226197170321e-05 -2.912342622557540670e-06 3.43 0.00021121393392 1.6e-09
1.784711297380526165e-05 1.434036682780777561e+00 8.700536900506851412e-03 1.176645649669871374e-04 4.291512654062847162e-05 1.802436961772729549e-06 3.43 0.00021121393392 1.6e-09
-3.733625050716767231e-05 3.390771547689475973e+00 1.193038276764656208e-01 2.091056982815317836e-04 5.673811433707530081e-06 5.838644270428447861e-07 3.43 0.00021121393392 1.6e-09
8.571460864658775986e-06 2.721244986934970633e+00 1.170189999376617107e-01 1.744986292305770754e-04 -2.049244151118689698e-05 -7.732864409316792935e-07 3.43 0.00021121393392 1.6e-09
-4.647306951243747319e-05 4.064777476311004500e-01 -1.495400917358969198e-02 1.469473379026889847e-04 -1.070809881031689254e-05 -2.919664206583099324e-06 3.43 0.00021121393392 1.6e-09
5.152390346975873779e-05 2.555743460552971413e+00 7.112954943520138906e-02 1.662572252533685876e-04 2.317348516242710227e-05 1.327562641419995049e-06 3.43 0.00021121393392 1.6e-09
2.086647771404848107e-06 3.416844531386766803e+00 1.398757785308827328e-01 2.104925294032992239e-04 -3.931163912379752936e-06 7.696647636627121631e-08 3.43 0.00021121393392 1.6e-09
-4.560594288809689931e-05 1.657139720774346348e+00 6.827100007117128944e-02 1.256659679363234428e-04 -3.854211226224696818e-05 -2.056496795277402912e-06 3.43 0.00021121393392 1.6e-09
3.528425477405986398e-05 8.156004359781738877e-01 -9.797328855948752094e-03 1.092114317586617364e-04 5.404669135466606540e-05 2.068498005559925667e-06 3.43 0.00021121393392 1.6e-09
-2.239479911622864982e-05 3.209075124746861185e+00 1.190534756805095018e-01 1.995873281353182727e-04 1.064258259936078569e-05 7.851896518229860622e-07 3.43 0.00021121393392 1.6e-09
3.166988737671378763e-05 3.027035437058349210e+00 1.335673772562969430e-01 1.901288182407950996e-04 -1.463811431048203894e-05 -5.647385057704661350e-07 3.43 0.00021121393392 1.6e-09
4.878110960351180587e-05 5.393321083096629387e-01 -3.020095625638857979e-03 1.249709815970521942e-04 -4.860848575884976286e-05 -3.923329106580405299e-06 3.43 0.00021121393392 1.6e-09
-6.994100673321192911e-05 2.085037714938381193e+00 5.871454915314772843e-02 1.438781481433260099e-04 3.078453568824238997e-05 1.805339447837568145e-06 3.43 0.00021121393392 1.6e-09
9.986079513023262083e-05 3.423512978585891986e+00 1.532375917923008701e-01 2.108731000642153621e-04 1.983704595058042616e-07 2.385023347647979275e-07 3.43 0.00021121393392 1.6e-09
-5.230581640668141628e-05 2.133656030590427299e+00 9.736009096082660907e-02 1.461017117193945088e-04 -2.992674881679783236e-05 -1.665026340319872661e-06 3.43 0.00021121393392 1.6e-09
-2.918291464063058416e-05 5.158841851623697794e-01 -1.924130797591876857e-02 1.277373224158118766e-04 4.653781754191428502e-05 1.728855671526232246e-06 3.43 0.00021121393392 1.6e-09
5.466080106123046635e-05 3.004066081886603179e+00 1.293154744317509819e-01 1.889340057055581004e-04 1.518828121121368571e-05 1.080575426119433005e-06 3.43 0.00021121393392 1.6e-09
-9.272504997994280955e-05 3.238563714836191210e+00 1.608930959345378775e-01 2.011202567040545506e-04 -1.003722990045550875e-05 -4.573492471803183564e-07 3.43 0.00021121393392 1.6e-09
-3.947657832615337765e-05 8.827643048998572439e-01 1.864889311095124444e-02 1.082884699485164393e-04 -5.320436045248085229e-05 -3.746812606641279805e-06 3.43 0.00021121393392 1.6e-09
3.184336727220676052e-05 1.577997168227576630e+00 4.819539945678227855e-02 1.226718874465890664e-04 4.004537868811905736e-05 2.562489673125408042e-06 3.43 0.00021121393392 1.6e-09
-5.480362364614675897e-05 3.408117436097054753e+00 1.715647805979594320e-01 2.100261778568715217e-04 4.561132695951611826e-06 3.704078369566823462e-07 3.43 0.00021121393392 1.6e-09
3.711547939291958006e-05 2.619260633655728920e+00 1.272132035609629397e-01 1.693989718261850841e-04 -2.212175067170429180e-05 -1.392134814317311306e-06 3.43 0.00021121393392 1.6e-09
5.798314935867583512e-05 4.028511837554978325e-01 -2.155223496258412696e-02 1.477646784090379207e-04 2.826431603867360179e-06 3.021373483166997618e-08 3.43 0.00021121393392 1.6e-09
2.099189166550666490e-05 2.661155917737677790e+00 1.218811651162477472e-01 1.714846475775009139e-04 2.146447601207951509e-05 1.370921608262039283e-06 3.43 0.00021121393392 1.6e-09
4.398785863877910721e-05 3.404052411379435039e+00 1.696248674063342565e-01 2.098069301765247163e-04 -4.974220585818505070e-06 -3.127797352362934632e-07 3.43 0.00021121393392 1.6e-09
-1.762253624804931387e-05 1.528672217481665152e+00 5.031321906274156819e-02 1.208778055080717310e-04 -4.101862940062590959e-05 -2.615838008548224105e-06 3.43 0.00021121393392 1.6e-09
8.255702760862664366e-06 9.250307187623725280e-01 1.379895199990026876e-02 1.080964041767481170e-04 5.256536645420912266e-05 3.320698031812685319e-06 3.43 0.00021121393392 1.6e-09
1.002894838993091063e-04 3.252855071769679363e+00 1.546250946025448936e-01 2.018711400806046195e-04 9.616586422038391396e-06 5.410266902736158139e-07 3.43 0.00021121393392 1.6e-09
2.784215386747485477e-05 2.976839077868600469e+00 1.330818991551278030e-01 1.875334670934568305e-04 -1.569212723841511474e-05 -9.949681128349023258e-07 3.43 0.00021121393392 1.6e-09
3.174545960431574844e-06 4.968372156859358069e-01 -1.621326221602006554e-02 1.303790763405154179e-04 -4.395450758300101387e-05 -2.222743868797097191e-06 3.43 0.00021121393392 1.6e-09
-6.907642235226690310e-05 2.180831109586247152e+00 9.298234993060761067e-02 1.482827880012295495e-04 2.912905250912113070e-05 1.754354617066390762e-06 3.43 0.00021121393392 1.6e-09
-4.338130513242207948e-05 3.421905044418402042e+00 1.626723432775556422e-01 2.107885441450218491e-04 -6.313081262241486724e-07 -1.113938965431957089e-07 3.43 0.00021121393392 1.6e-09
1.762584022969456194e-05 2.034645851826928364e+00 7.258120847815530130e-02 1.416022027096495799e-04 -3.162740279648626316e-05 -1.935135273735452299e-06 3.43 0.00021121393392 1.6e-09
3.900079559648314325e-05 5.637007655470187562e-01 -7.039880533591738598e-03 1.223580338585127103e-04 5.043273855532909788e-05 3.758136376251184541e-06 3.43 0.00021121393392 1.6e-09
-3.833878955420368562e-05 3.050904496454382553e+00 1.481585855740977231e-01 1.913629691970533848e-04 1.412405891521590208e-05 7.630320649012011213e-07 3.43 0.00021121393392 1.6e-09
-9.674901918719625677e-05 3.188564245760123761e+00 1.445197915763883345e-01 1.985167080389506930e-04 -1.109979248258627264e-05 -7.940878320382624462e-07 3.43 0.00021121393392 1.6e-09
1.798187614379077398e-05 7.727359876346184819e-01 -4.749755933260048704e-03 1.101913257117829190e-04 -5.436451891305808153e-05 -2.891280024099091970e-06 3.43 0.00021121393392 1.6e-09
3.635278036933494111e-05 1.712078783869976473e+00 7.707631925317533217e-02 1.278335134739007892e-04 3.746129629644223512e-05 2.372605997024081570e-06 3.43 0.00021121393392 1.6e-09
-5.005577934715286739e-05 3.418474784680521239e+00 1.678895038147196761e-01 2.105831905364457515e-04 3.467314961575952957e-06 -5.325270090685542418e-09 3.43 0.00021121393392 1.6e-09
5.907494640592289288e-05 2.505481893675876925e+00 9.197792457690162626e-02 1.637865615390562686e-04 -2.394558718338633734e-05 -1.589722404403278060e-06 3.43 0.00021121393392 1.6e-09
5.823968089842561022e-05 4.117209719769081566e-01 -1.689322523937292209e-02 1.456776824395098315e-04 1.678618795195600238e-05 3.422738753221708900e-06 3.43 0.00021121393392 1.6e-09
-4.199934036987014907e-07 2.764123651755089561e+00 1.341390210799947302e-01 1.766542327906204320e-04 1.979882001476428464e-05 9.092380033594721169e-07 3.43 0.00021121393392 1.6e-09
5.200812203102183072e-05 3.384135711111809997e+00 1.407366719380977460e-01 2.087492981682595493e-04 -6.116449636921398691e-06 -6.358555704410245402e-07 3.43 0.00021121393392 1.6e-09
3.979959925327400649e-05 1.381345345997326834e+00 1.320470357446114872e-02 1.159827236735842349e-04 -4.398775032741860280e-05 -2.193378478389830928e-06 3.43 0.00021121393392 1.6e-09
1.086117284061211601e-05 1.059564254453043031e+00 3.748385802800781319e-02 1.087912728926464505e-04 5.020536511329339063e-05 3.008178390120940652e-06 3.43 0.00021121393392 1.6e-09
7.155038446554946190e-05 3.302169129207042531e+00 1.321858559981325953e-01 2.044471084402337240e-04 8.535267462883948511e-06 7.548477191882762571e-08 3.43 0.00021121393392 1.6e-09
-6.005636585618327554e-05 2.923268197845745320e+00 8.115312147093214912e-02 1.847706955824288762e-04 -1.687372826927289608e-05 -1.058059137881271904e-06 3.43 0.00021121393392 1.6e-09
-6.260171413765387109e-05 4.611753395301276259e-01 -2.004979080904448902e-02 1.359490371480767245e-04 -3.741946963009993373e-05 9.151093627889948933e-07 3.43 0.00021121393392 1.6e-09
7.555022832464228081e-05 2.281263103483117227e+00 8.758594727726094764e-02 1.529898754604635310e-04 2.752679695372265366e-05 1.013457536767160314e-06 3.43 0.00021121393392 1.6e-09
-2.331281151692654358e-05 3.425918117023977416e+00 1.076770471443816712e-01 2.109947720295995846e-04 -1.469759349497362627e-06 -3.789299188697703152e-07 3.43 0.00021121393392 1.6e-09
6.798265561937876064e-05 1.941488397982248593e+00 2.340214195350927631e-02 1.374660906257683252e-04 -3.334990623123641713e-05 -1.370797789868010134e-06 3.43 0.00021121393392 1.6e-09
-2.949135561089398901e-05 6.160261929391595004e-01 6.637837502250725982e-03 1.178370878664441589e-04 5.282102213817131589e-05 3.461539918973749903e-06 3.43 0.00021121393392 1.6e-09
-8.166950322024441207e-05 3.095497994821921672e+00 1.048012560528905346e-01 1.936787076138612486e-04 1.318586936624695360e-05 2.471089161136513661e-07 3.43 0.00021121393392 1.6e-09
-8.710068637723928199e-05 3.145567935362620915e+00 7.766439995102708549e-02 1.962812079045913292e-04 -1.208367453123207101e-05 -7.252633613046126752e-07 3.43 0.00021121393392 1.6e-09
-2.530256892973154853e-05 6.895725227274911440e-01 -1.579873739526211490e-02 1.133397427621899361e-04 -5.429821842217010176e-05 -8.293589979957328346e-07 3.43 0.00021121393392 1.6e-09
-3.246333129146801769e-06 1.825152005779571596e+00 6.652549137395344370e-02 1.324791159705318057e-04 3.540187936003625334e-05 1.387903554637335391e-06 3.43 0.00021121393392 1.6e-09
2.837477928691229284e-05 3.423049231673799486e+00 1.051802039020123813e-01 2.108373128448449334e-04 2.471774770046535516e-06 -2.235263079980999908e-07 3.43 0.00021121393392 1.6e-09
3.003267829073935755e-05 2.392900105691418311e+00 3.833970084128453942e-02 1.583214822836389733e-04 -2.576041740241530884e-05 -1.121322426120047859e-06 3.43 0.00021121393392 1.6e-09
-4.445631724507919470e-05 4.315643560199686757e-01 -6.271950401856489152e-03 1.414351995465485323e-04 2.841012465179669787e-05 3.893529231992112665e-06 3.43 0.00021121393392 1.6e-09
1.647092009568076703e-05 2.851458559427126893e+00 9.592144083087797424e-02 1.810905863440846839e-04 1.829582273588751881e-05 3.616147775919688648e-07 3.43 0.00021121393392 1.6e-09
-1.379753031585664804e-05 3.350669327192251856e+00 7.825493069282732361e-02 2.069886955217887267e-04 -7.313034183691966757e-06 -6.003457380412819477e-07 3.43 0.00021121393392 1.6e-09
4.343230571172228120e-05 1.220116267932277898e+00 -9.705829486185537161e-03 1.116306388077152893e-04 -4.722612056191934624e-05 -1.126637854526509360e-06 3.43 0.00021121393392 1.6e-09
-3.275788807353062596e-05 1.215134075528337743e+00 4.017779191798545591e-02 1.115261986942301796e-04 4.725447438108701631e-05 1.703527970762157179e-06 3.43 0.00021121393392 1.6e-09
2.001937669686812860e-06 3.348946904685600856e+00 7.606751465324415595e-02 2.068992744941026583e-04 7.357915218465469417e-06 -2.060253245643950506e-07 3.43 0.00021121393392 1.6e-09
8.286604800516833797e-05 2.853381260406997910e+00 2.550636183051040173e-02 1.811889856293446752e-04 -1.828168866145998047e-05 -7.410480067665259081e-07 3.43 0.00021121393392 1.6e-09
-4.725483957356987164e-05 4.313760726164450610e-01 -1.312526671204870300e-02 1.415081154035354566e-04 -2.817336543840131034e-05 2.701615281910424419e-06 3.43 0.00021121393392 1.6e-09
-5.941117756422211913e-05 2.394007855947705821e+00 5.059539802864129743e-02 1.583672278800003210e-04 2.580752411539130397e-05 2.339968031335866787e-07 3.43 0.00021121393392 1.6e-09
-3.100219700623552913e-05 3.430602848514401781e+00 3.649444316950292699e-02 2.112308448008963610e-04 -2.397566580491848345e-06 -3.756564929335222079e-07 3.43 0.00021121393392 1.6e-09
-1.518875610975384586e-05 1.841607500501014183e+00 -1.107043296198876106e-02 1.331580783094608866e-04 -3.521495033246984133e-05 -4.874003600015348427e-07 3.43 0.00021121393392 1.6e-09
-4.703557947073296660e-05 6.796676505916998678e-01 9.950985177661148678e-03 1.138230201031152964e-04 5.423746760815576488e-05 1.553484892841487921e-06 3.43 0.00021121393392 1.6e-09
7.182395486259201037e-05 3.142159605631775765e+00 3.533134910140631191e-02 1.961012044613269772e-04 1.224625033360164761e-05 -8.938101599664183523e-08 3.43 0.00021121393392 1.6e-09
-4.591093268007057169e-05 3.107740350840344945e+00 1.152146607168105796e-02 1.943116894227338981e-04 -1.300704900499790776e-05 -3.381815281875814933e-07 3.43 0.00021121393392 1.6e-09
3.005280539408837894e-05 6.270023414212770874e-01 -1.109015042249158513e-02 1.170254004162006698e-04 -5.327233276635846891e-05 6.381269287888373740e-07 3.43 0.00021121393392 1.6e-09
1.059820037247707658e-05 1.922393139487339919e+00 2.626985112690955609e-02 1.366392797093314657e-04 3.369092142122668307e-05 3.787633582384442645e-07 3.43 0.00021121393392 1.6e-09
-1.768391364624085716e-05 3.426467547931831170e+00 3.113505992860839816e-02 2.110245036184099730e-04 1.632521914982494391e-06 -1.460050596491136324e-07 3.43 0.00021121393392 1.6e-09
6.913120307210440601e-05 2.298089082403881100e+00 4.590736255585039019e-03 1.537868328046110744e-04 -2.731313377828772416e-05 -3.671890893863475812e-07 3.43 0.00021121393392 1.6e-09
1.150932374864037155e-05 4.561316186866875566e-01 -1.671895303851351914e-03 1.368013600912713695e-04 3.649088112496218922e-05 1.531803081888915072e-06 3.43 0.00021121393392 1.6e-09
9.114671832979589843e-05 2.915140977856202298e+00 3.664870471426220910e-02 1.843533172804461668e-04 1.708814199468105472e-05 1.165263846868868737e-07 3.43 0.00021121393392 1.6e-09
-8.819423126688074373e-05 3.312307703198686948e+00 2.853751673598930311e-02 2.049784750204649403e-04 -8.361330927231716824e-06 -2.389665911191436514e-07 3.43 0.00021121393392 1.6e-09
5.411288338270886744e-05 1.081040789494130738e+00 -4.910282245471820142e-03 1.090531792430988664e-04 -4.995023572460532990e-05 -3.963754635642112529e-07 3.43 0.00021121393392 1.6e-09
-5.570841585758126317e-05 1.357086641888617606e+00 1.801778300933602750e-02 1.152721250109533884e-04 4.446616237950464911e-05 6.127092115992868566e-07 3.43 0.00021121393392 1.6e-09
8.395073305035772758e-05 3.379293893021421802e+00 3.123770240200053616e-02 2.085002873049465971e-04 6.259887573594025592e-06 -8.830355258201403039e-08 3.43 0.00021121393392 1.6e-09
2.302130443911352850e-05 2.770244087014109624e+00 1.012599891279098580e-02 1.769705172259453769e-04 -1.972632760466643800e-05 -3.108785743723057654e-07 3.43 0.00021121393392 1.6e-09
-4.549281570853267939e-05 4.118346877185367072e-01 -4.905908755124505083e-03 1.457272215805855136e-04 -1.698875681841479938e-05 1.343372749992609387e-06 3.43 0.00021121393392 1.6e-09
-6.566830413980635263e-05 2.503490442740755828e+00 1.465761412138417291e-02 1.636863976486442824e-04 2.408629561947671225e-05 3.018610569701259955e-08 3.43 0.00021121393392 1.6e-09
-1.042980690147385684e-04 3.426782398219092141e+00 8.095443963207785143e-03 2.110202224187794076e-04 -3.381146292954404869e-06 -1.229691752448982093e-07 3.43 0.00021121393392 1.6e-09
1.458304525633709521e-05 1.725893768567171360e+00 -5.418107150289358347e-03 1.283772913662384221e-04 -3.736679731421031536e-05 -1.054409420945386433e-07 3.43 0.00021121393392 1.6e-09
5.246672081152312892e-05 7.628494363580511362e-01 -1.281571228439657665e-04 1.104748435059046231e-04 5.448923575769478556e-05 -3.456996834347865714e-08 3.43 0.00021121393392 1.6e-09
-6.709846087835028147e-05 3.189505247700409107e+00 -2.041138003050401144e-03 1.985633840823994734e-04 1.125041641238919187e-05 -1.114373499226925466e-08 3.43 0.00021121393392 1.6e-09
9.711191412570054928e-06 3.063721845445648739e+00 -2.137213022327691132e-03 1.920240659535065483e-04 -1.400967764668763691e-05 9.922776377207753344e-09 3.43 0.00021121393392 1.6e-09
-3.768969313553686593e-05 5.701515019059406608e-01 -1.293177872668334252e-04 1.217251292300194850e-04 -5.097453597017669133e-05 9.822014964301926493e-08 3.43 0.00021121393392 1.6e-09
1.689039797418772257e-05 2.023148542105050574e+00 -7.024383246924047544e-03 1.410826040325927175e-04 3.193867381933231271e-05 7.541606208520777403e-08 3.43 0.00021121393392 1.6e-09
-3.878234688126664661e-05 3.429784845869156218e+00 4.716824908163653324e-03 2.112012071509631033e-04 7.893918617110475556e-07 1.194465798663998847e-07 3.43 0.00021121393392 1.6e-09
-5.953713283181431690e-05 2.204819911777314179e+00 1.198363745488933291e-02 1.493947802506180350e-04 -2.885593058601501273e-05 -2.171905603030443882e-08 3.43 0.00021121393392 1.6e-09
7.756990223650721435e-06 4.877907685185534081e-01 -7.436676457397603003e-03 1.316325653811564592e-04 4.291140297978731245e-05 -9.513855010624844920e-07 3.43 0.00021121393392 1.6e-09
-3.007500443696008944e-05 2.971289912726555293e+00 6.749673098630314290e-03 1.872402141470915827e-04 1.599287210812412236e-05 2.874451179749532046e-07 3.43 0.00021121393392 1.6e-09
-7.491420078643338631e-05 3.274067425993122171e+00 2.820108951432381134e-02 2.029756189518550883e-04 -9.340698449232435980e-06 1.053793753108967371e-07 3.43 0.00021121393392 1.6e-09
3.696194998753743423e-06 9.622366206048805770e-01 1.380443033429659336e-02 1.080716924994044208e-04 -5.210703618374363123e-05 -8.744954331841033578e-07 3.43 0.00021121393392 1.6e-09
4.559686861582508866e-05 1.485753685975145233e+00 -4.817155476191679886e-03 1.193962575033023928e-04 4.192128519256285772e-05 4.490886658360160475e-07 3.43 0.00021121393392 1.6e-09
-7.434049583891408613e-05 3.399899287489662303e+00 3.255233020314053649e-02 2.095909488692757994e-04 5.276103604585905528e-06 2.644074652744842947e-07 3.43 0.00021121393392 1.6e-09
-2.983281573547129597e-05 2.684767361084952064e+00 4.068558793802697082e-02 1.726708066335075863e-04 -2.113681043346301685e-05 -1.703539873601988257e-07 3.43 0.00021121393392 1.6e-09
4.550965544469000616e-05 4.032893906079534352e-01 -5.317172586748381002e-03 1.477162998653778288e-04 -5.460824891469987308e-06 -1.560139482741659898e-06 3.43 0.00021121393392 1.6e-09
-1.579912721772377780e-05 2.599652657683374279e+00 1.233397841834780323e-02 1.684272986642055278e-04 2.253440706617481298e-05 4.449764129934624570e-07 3.43 0.00021121393392 1.6e-09
2.386724604261535916e-05 3.415773706497857276e+00 4.252923362721602180e-02 2.104326439481412096e-04 -4.347731342412439274e-06 1.351199244438385382e-07 3.43 0.00021121393392 1.6e-09
2.562890996955864407e-05 1.606350904185312789e+00 2.833512550644039923e-02 1.237237874722585244e-04 -3.960548298064015297e-05 -6.698137161551401397e-07 3.43 0.00021121393392 1.6e-09
3.034284731500514154e-05 8.576144956838679390e-01 -1.259113784344270334e-02 1.085575943472518183e-04 5.363531319246817291e-05 3.784682290962656202e-08 3.43 0.00021121393392 1.6e-09
-1.399630300097791819e-05 3.231303174597988104e+00 2.415219983648218133e-02 2.007454561733386356e-04 1.025435576948928137e-05 3.686976110171052237e-07 3.43 0.00021121393392 1.6e-09
3.609212998255457885e-05 3.012326836884478887e+00 4.516692795564014595e-02 1.893651193567594346e-04 -1.506486048369599032e-05 -5.663164450966058743e-09 3.43 0.00021121393392 1.6e-09
2.629519174664527622e-05 5.213721805124984510e-01 4.024233655893801401e-03 1.271016895066224401e-04 -4.706478429372922684e-05 -2.103942735730462156e-06 3.43 0.00021121393392 1.6e-09
4.381697761486968794e-05 2.123968058736594777e+00 -1.652117181031872908e-03 1.456552095871944290e-04 3.019558753732898103e-05 6.059251040363665137e-07 3.43 0.00021121393392 1.6e-09
4.775749884762366728e-05 3.428821006663064885e+00 4.759466802845703504e-02 2.111520861614134400e-04 -1.033992012385299832e-07 3.269303269889191133e-07 3.43 0.00021121393392 1.6e-09
-3.998146338157687943e-06 2.101603078718309092e+00 4.998402434429693314e-02 1.446298497841601001e-04 -3.057102792836800841e-05 -4.779365482075615343e-07 3.43 0.00021121393392 1.6e-09
-1.748368150397834373e-05 5.307314578439731312e-01 -1.743549313524095368e-02 1.259046961939620237e-04 4.808307731414237281e-05 -1.140753877114698666e-06 3.43 0.00021121393392 1.6e-09
-5.059874457380464949e-05 3.025013323119410735e+00 3.492547903277745669e-02 1.900160736964386185e-04 1.485183389663466397e-05 6.866041737103528694e-07 3.43 0.00021121393392 1.6e-09
9.055548291070796604e-06 3.227187122796156160e+00 7.757224565175553643e-02 2.005262481090306053e-04 -1.041211454062752481e-05 9.600038258793276387e-08 3.43 0.00021121393392 1.6e-09
3.383471573226159990e-05 8.451994760290691966e-01 2.407005520189672149e-02 1.086911205781130257e-04 -5.376124058765170493e-05 -2.455272679897401886e-06 3.43 0.00021121393392 1.6e-09
5.923741653682446415e-05 1.622104095146378988e+00 1.328193942523348025e-04 1.243254133180753758e-04 3.928050696081600198e-05 1.166047688529706579e-06 3.43 0.00021121393392 1.6e-09
-5.945080084984540503e-06 3.415472474246405099e+00 8.375600586244835721e-02 2.104184180757650647e-04 4.198324263149800028e-06 5.118346033378597038e-07 3.43 0.00021121393392 1.6e-09
-7.436710161060663526e-05 2.583766613613722285e+00 8.958715274440073872e-02 1.676414230029821999e-04 -2.274374685992636041e-05 -5.559370265705097230e-07 3.43 0.00021121393392 1.6e-09
2.852794758819516942e-05 4.042096441336270329e-01 -1.420021659047382423e-02 1.474558936165861682e-04 7.417521248346266775e-06 -2.651957586504171232e-06 3.43 0.00021121393392 1.6e-09
2.288370735480613498e-05 2.698217762695831468e+00 5.267508217636843182e-02 1.733409917975312455e-04 2.091808731314555639e-05 1.040085703210236034e-06 3.43 0.00021121393392 1.6e-09
-8.046168522520832185e-05 3.398891013938837524e+00 1.119511559027883962e-01 2.095338507758462312e-04 -5.381081065491281074e-06 1.234285862144792971e-07 3.43 0.00021121393392 1.6e-09
-5.117967152093036637e-05 1.475829928153647996e+00 5.508914940110162806e-02 1.190463260151277070e-04 -4.206975630280596545e-05 -1.894153785968777386e-06 3.43 0.00021121393392 1.6e-09
-2.956838717280619086e-05 9.708049343371584206e-01 -1.005744796813261635e-02 1.081174498075366446e-04 5.190364593993814196e-05 1.449991335507408841e-06 3.43 0.00021121393392 1.6e-09
3.168071258334534569e-05 3.272388512528402238e+00 9.321752900350693816e-02 2.028921683008654670e-04 9.219149786267647517e-06 6.738658205517768654e-07 3.43 0.00021121393392 1.6e-09
1.358343135319254664e-05 2.956720941464339170e+00 1.102765925410420372e-01 1.864962013790884515e-04 -1.615577128376914878e-05 -4.241637279484816876e-07 3.43 0.00021121393392 1.6e-09
-4.039751475414276639e-05 4.823942241265250508e-01 -3.492673688497690242e-03 1.325253629972080122e-04 -4.164584358317132649e-05 -3.739527901528016448e-06 3.43 0.00021121393392 1.6e-09
1.717518788240593312e-05 2.221070044823322487e+00 4.169897997240054610e-02 1.501575386468595300e-04 2.852656612753337942e-05 1.389215447620381326e-06 3.43 0.00021121393392 1.6e-09
2.709994732434930164e-05 3.424993379760810086e+00 1.225250001564101437e-01 2.109492344911120365e-04 -9.710213645786341404e-07 2.758287863696634348e-07 3.43 0.00021121393392 1.6e-09
6.814668340644343641e-05 1.999365868054991280e+00 8.216489494448545039e-02 1.400217743874500179e-04 -3.227359330900794244e-05 -1.432941129964345619e-06 3.43 0.00021121393392 1.6e-09
1.572208636222989752e-05 5.817204773873037027e-01 -1.960047429908333416e-02 1.206377483270518181e-04 5.153181856003644925e-05 9.453296851239542497e-07 3.43 0.00021121393392 1.6e-09
8.376546437170765368e-05 3.070186381178214408e+00 1.008213127003087239e-01 1.923616617637739844e-04 1.375941890844828574e-05 9.560076018486530849e-07 3.43 0.00021121393392 1.6e-09
-5.380042069311569234e-05 3.174853601375027257e+00 1.362828806775148727e-01 1.978013672705531615e-04 -1.146110383326857306e-05 -2.999570605784127234e-07 3.43 0.00021121393392 1.6e-09
-5.092840930752598049e-05 7.436916237911037619e-01 1.522060784668401862e-02 1.110900498883305088e-04 -5.438484422431966950e-05 -3.842655161484016592e-06 3.43 0.00021121393392 1.6e-09
-1.463588652675208856e-05 1.752049591850970645e+00 3.752295229704680213e-02 1.294449185002468782e-04 3.677857285837532551e-05 2.051329340731004125e-06 3.43 0.00021121393392 1.6e-09
-1.532080007964053552e-05 3.421460758703115168e+00 1.501874502613064766e-01 2.107438202028054928e-04 3.117903359379155077e-06 4.305349749727295878e-07 3.43 0.00021121393392 1.6e-09
-8.444590458708581509e-06 2.469275309993655743e+00 1.179364234805579253e-01 1.620182509648357655e-04 -2.450784643209194213e-05 -1.280416383121724863e-06 3.43 0.00021121393392 1.6e-09
1.398564627609486782e-05 4.165703335450134936e-01 -2.146384742614018681e-02 1.445900158922258725e-04 2.053285925066324178e-05 -3.870655720480096843e-07 3.43 0.00021121393392 1.6e-09
-8.308267706627832946e-05 2.792931255053368922e+00 1.123338829278698880e-01 1.781130725815659275e-04 1.929548158326572520e-05 1.304268564390026324e-06 3.43 0.00021121393392 1.6e-09
1.053792716054371785e-05 3.372095228085099539e+00 1.651753801315893611e-01 2.081154361090726645e-04 -6.509511773589237974e-06 -2.165892576904883816e-07 3.43 0.00021121393392 1.6e-09
1.578776436010642138e-05 1.329445206216579134e+00 4.945665297692736218e-02 1.144544927753710984e-04 -4.492862501889937569e-05 -2.928967745176178645e-06 3.43 0.00021121393392 1.6e-09
2.240064143112671140e-05 1.108405787595772907e+00 1.473342617214487907e-02 1.094713505145948704e-04 4.930351902009473026e-05 2.814048105678837599e-06 3.43 0.00021121393392 1.6e-09
-6.359852490957175128e-05 3.314607793077976261e+00 1.527604985815135263e-01 2.050999151982182717e-04 8.126762550272088740e-06 5.978899232220291475e-07 3.43 0.00021121393392 1.6e-09
5.191272822438441328e-05 2.895430631248446129e+00 1.377172336168592526e-01 1.833444784857542447e-04 -1.734762767355469440e-05 -9.732381845510850106e-07 3.43 0.00021121393392 1.6e-09
2.072987920614950184e-05 4.499287855278594206e-01 -1.570346843687230737e-02 1.379589324268400943e-04 -3.442860632001102012e-05 -2.703534798578575017e-06 3.43 0.00021121393392 1.6e-09
-9.691044292074049520e-06 2.320347097734469344e+00 9.016988183213717201e-02 1.548445215130614784e-04 2.686401752482519414e-05 1.675477137845636464e-06 3.43 0.00021121393392 1.6e-09
2.717694432707051143e-05 3.422726929832031306e+00 1.644115080131198225e-01 2.108239444354799192e-04 -1.829060073055630260e-06 -3.253629167046338838e-08 3.43 0.00021121393392 1.6e-09
8.477360501775790813e-06 1.900514073350923816e+00 7.695302742269874430e-02 1.356862379895338298e-04 -3.400232972787615104e-05 -2.083614557218841147e-06 3.43 0.00021121393392 1.6e-09
3.576955795309209022e-05 6.404020534172727430e-01 -8.188075738016952626e-03 1.161285055050154341e-04 5.349725599398519858e-05 3.175736096493120142e-06 3.43 0.00021121393392 1.6e-09
6.269560303552705355e-05 3.111091330884625528e+00 1.464285755974563674e-01 1.944881596304078356e-04 1.277758397905159180e-05 8.316060574954988791e-07 3.43 0.00021121393392 1.6e-09
-2.184860975240478871e-05 3.126709797952399228e+00 1.508299354052644592e-01 1.952993737642015702e-04 -1.243938008018459095e-05 -7.489673625383315005e-07 3.43 0.00021121393392 1.6e-09
9.139578329610693999e-06 6.641874704799637374e-01 -3.604513320202541726e-03 1.146753453406385546e-04 -5.393154046320383611e-05 -3.489365661177952570e-06 3.43 0.00021121393392 1.6e-09
-2.347001317330914754e-05 1.864320666037989405e+00 7.673675068486535134e-02 1.341322848144317734e-04 3.464724425485688213e-05 2.283747624286998276e-06 3.43 0.00021121393392 1.6e-09
4.222336671926842192e-05 3.422393068545288131e+00 1.764747579464364113e-01 2.108028079457114246e-04 2.145451787593330229e-06 1.014850434541099891e-07 3.43 0.00021121393392 1.6e-09
-1.453821132186172460e-05 2.358457277346261982e+00 1.029972583944075148e-01 1.566633660540320576e-04 -2.624704377476996331e-05 -1.744421013957724134e-06 3.43 0.00021121393392 1.6e-09
-2.580888671562692690e-05 4.394666472781639799e-01 -1.780608457900519082e-02 1.398388598807234946e-04 3.143316279087383469e-05 2.967375811658366719e-06 3.43 0.00021121393392 1.6e-09
-8.095466688458613903e-05 2.872179726141051326e+00 1.466867978966328867e-01 1.821462847408305511e-04 1.785774027151837252e-05 1.065544310453319131e-06 3.43 0.00021121393392 1.6e-09
5.998007754254424268e-05 3.337311198928532452e+00 1.645743727523104605e-01 2.062849290793431823e-04 -7.629222428237899566e-06 -6.194734364320798157e-07 3.43 0.00021121393392 1.6e-09
3.899398824715871867e-07 1.179354165709836089e+00 1.924846576208533167e-02 1.107391049549932892e-04 -4.795858494134154287e-05 -2.924491723547125534e-06 3.43 0.00021121393392 1.6e-09
-3.060972087567290733e-05 1.257021225943077081e+00 4.675364697481723675e-02 1.125289140232531662e-04 4.633643517109953199e-05 3.034398450663862287e-06 3.43 0.00021121393392 1.6e-09
-3.597454025318838887e-05 3.354594080875759943e+00 1.619089154188279589e-01 2.071967623173760938e-04 7.030765379678196805e-06 2.018218109367897377e-07 3.43 0.00021121393392 1.6e-09
1.762331082734411888e-05 2.827497888091960121e+00 1.091791270462851571e-01 1.798721875005092070e-04 -1.865578234108088187e-05 -1.270781094609059463e-06 3.43 0.00021121393392 1.6e-09
1.231121911179837127e-05 4.249638950900613832e-01 -2.108346692575532866e-02 1.428379605196169024e-04 -2.506616317531423711e-05 6.067698939508715719e-07 3.43 0.00021121393392 1.6e-09
-6.297455086603232486e-06 2.423079474061219152e+00 1.079558215648916686e-01 1.597751134723468828e-04 2.524885247533197621e-05 1.236341580374174243e-06 3.43 0.00021121393392 1.6e-09
-9.368940886484042557e-05 3.423992611672025621e+00 1.402817451012848271e-01 2.108813575291447473e-04 -2.691833044971720235e-06 -3.850057255500157968e-07 3.43 0.00021121393392 1.6e-09
2.261101560471428878e-06 1.802049442249467504e+00 3.705275588212517124e-02 1.315026167098469294e-04 -3.586722985869315579e-05 -1.876115848116613799e-06 3.43 0.00021121393392 1.6e-09
-5.696875516894234020e-06 7.070671833805497464e-01 9.510136391962109234e-03 1.125325119376136788e-04 5.431222068767904601e-05 3.666474218746910512e-06 3.43 0.00021121393392 1.6e-09
6.846071414835917422e-05 3.153148024999719468e+00 1.311136414384480586e-01 1.966757524961357934e-04 1.187548750886837146e-05 3.721003747507768479e-07 3.43 0.00021121393392 1.6e-09
8.281417991838971315e-05 3.085129106258661658e+00 1.037086905068726334e-01 1.931404902644234432e-04 -1.338598159096595442e-05 -8.765893293630549882e-07 3.43 0.00021121393392 1.6e-09
-9.264087610519104678e-07 6.023907374071808540e-01 -1.653972725997263082e-02 1.189040522250638717e-04 -5.238175173092732880e-05 -1.317007888148111414e-06 3.43 0.00021121393392 1.6e-09
6.413001699074687395e-05 1.962906158023162595e+00 8.167785863896424858e-02 1.384143747073222788e-04 3.287976443755945120e-05 1.620274787612639121e-06 3.43 0.00021121393392 1.6e-09
-9.381820249853985670e-05 3.423025650837132616e+00 1.342541112365861211e-01 2.108452672833109132e-04 1.272959281268796083e-06 -2.044486314547492433e-07 3.43 0.00021121393392 1.6e-09
-5.112654998096735528e-05 2.253650565515609383e+00 5.394161913829231825e-02 1.516883706281745015e-04 -2.797205059446010528e-05 -1.477860589988802062e-06 3.43 0.00021121393392 1.6e-09
2.243031686483359347e-05 4.705313000548825841e-01 -6.327410123586560582e-03 1.343329751536684541e-04 3.960701117542488612e-05 4.152224838728407175e-06 3.43 0.00021121393392 1.6e-09
-1.293288117133324465e-05 2.938867754427680445e+00 1.243512625683725337e-01 1.855703373990823333e-04 1.657598144868931015e-05 5.422602421404493561e-07 3.43 0.00021121393392 1.6e-09
9.489411885349061050e-05 3.294086758747849952e+00 1.103216147258994639e-01 2.040218969048668946e-04 -8.786359227168248555e-06 -7.216308459284022990e-07 3.43 0.00021121393392 1.6e-09
-2.338190664365306936e-05 1.028310287099669429e+00 -7.208286199092705376e-03 1.084519655676866062e-04 -5.091342818027334730e-05 -1.781164212113288726e-06 3.43 0.00021121393392 1.6e-09
8.833044268555135262e-06 1.413493557841882131e+00 5.840202694509406822e-02 1.169993194083547279e-04 4.327064063249464138e-05 2.126411214269517311e-06 3.43 0.00021121393392 1.6e-09
-1.820270112461108648e-05 3.388872380696064113e+00 1.189884437940034734e-01 2.090030474312544039e-04 5.866758270658414721e-06 -1.534538335280851479e-07 3.43 0.00021121393392 1.6e-09
5.523972309012940330e-05 2.739948807488169713e+00 5.428490508004534670e-02 1.754374479957461258e-04 -2.023344635183932009e-05 -1.103009310031951737e-06 3.43 0.00021121393392 1.6e-09
3.832962486574476436e-06 4.078719179409023843e-01 -1.533320659193267849e-02 1.465952391768773747e-04 -1.273600253998188113e-05 3.247959425042353083e-06 3.43 0.00021121393392 1.6e-09
3.136896846534718538e-06 2.538314495412999250e+00 8.531636167469447418e-02 1.653940892844330327e-04 2.350618511490910049e-05 5.030595879064333993e-07 3.43 0.00021121393392 1.6e-09
5.961626606763271524e-05 3.424216611704200997e+00 7.603991502598572705e-02 2.108801653128735657e-04 -3.706817895387627724e-06 -5.168055263658168044e-07 3.43 0.00021121393392 1.6e-09
-5.716053499789530446e-05 1.688198507485604516e+00 -3.363995303867614063e-03 1.268731921609708951e-04 -3.806764105520713421e-05 -1.035358766003898044e-06 3.43 0.00021121393392 1.6e-09
-2.621930347421874409e-06 7.923036148581624749e-01 1.932101412257488521e-02 1.096970199011437926e-04 5.423489833889823383e-05 2.351008740147367601e-06 3.43 0.00021121393392 1.6e-09
3.151607511821301550e-05 3.201585018097995672e+00 6.977176599804413293e-02 1.991949702084380074e-04 1.091970808478860962e-05 -7.251604130925458990e-08 3.43 0.00021121393392 1.6e-09
4.299569785922729179e-05 3.045265423373402669e+00 3.233551640352860801e-02 1.910694846173964609e-04 -1.436130200186950642e-05 -6.111395871148370105e-07 3.43 0.00021121393392 1.6e-09
-5.026547378530484651e-05 5.521244446698605479e-01 -1.593324734132016071e-02 1.235577234965190931e-04 -4.971669254496822771e-05 9.347964991968079318e-07 3.43 0.00021121393392 1.6e-09
-2.290689613366575801e-05 2.057128401995854894e+00 4.836725051408480303e-02 1.426162791853841528e-04 3.130425853498752353e-05 5.904876089258580921e-07 3.43 0.00021121393392 1.6e-09
-7.104933466557907993e-05 3.426031059473947593e+00 5.453886307267781508e-02 2.110071707668887287e-04 4.549727216404312625e-07 -2.677589964671627788e-07 3.43 0.00021121393392 1.6e-09
3.746533227562424604e-05 2.160661014846314565e+00 6.682566899954279528e-03 1.473476401023113627e-04 -2.956412923312370412e-05 -6.659199410086210693e-07 3.43 0.00021121393392 1.6e-09
2.319975417281052878e-05 5.052024414171480959e-01 1.293268804898105393e-03 1.291861714124854896e-04 4.525077382630598663e-05 2.486293753572618750e-06 3.43 0.00021121393392 1.6e-09
4.091281173653374772e-05 2.992386895044283346e+00 5.967742102244459612e-02 1.883340766545143498e-04 1.548315599632427077e-05 1.218083209572938703e-07 3.43 0.00021121393392 1.6e-09
-9.483972984200505997e-05 3.249648890387533129e+00 4.157162443063191354e-02 2.017026037895865804e-04 -9.835927184162000623e-06 -4.234361282810252776e-07 3.43 0.00021121393392 1.6e-09
-1.493313877017054674e-05 9.023762711077771836e-01 -1.104541721394045051e-02 1.081673688484422640e-04 -5.304417900210946305e-05 -4.495970921905837254e-07 3.43 0.00021121393392 1.6e-09
3.313454649630107133e-05 1.553253644904789343e+00 3.637831638798088435e-02 1.217739864045416261e-04 4.058619916152866641e-05 9.279443477994465063e-07 3.43 0.00021121393392 1.6e-09
-2.946724767379266968e-05 3.408163365150019608e+00 5.634109172825790823e-02 2.100301864179866178e-04 4.748419086284927615e-06 -1.726833950819523587e-07 3.43 0.00021121393392 1.6e-09
-1.887177809762496288e-06 2.635675053633506515e+00 1.695087911910466219e-02 1.702191406332667688e-04 -2.193527736430789173e-05 -5.818811677427804146e-07 3.43 0.00021121393392 1.6e-09
-4.825330374315656287e-05 4.022966602532049851e-01 -6.175372424816125139e-03 1.479270403088868793e-04 1.103499927182787541e-06 2.595156128897259290e-06 3.43 0.00021121393392 1.6e-09
-6.272091049404644584e-05 2.651033885344932006e+00 4.237821603864608266e-02 1.709781111343323565e-04 2.173864292364971712e-05 9.851871143249554644e-08 3.43 0.00021121393392 1.6e-09
6.769991837644135854e-06 3.412045246782760444e+00 2.677553843957397942e-02 2.102292982775322131e-04 -4.831603765045736006e-06 -3.237712105812573435e-07 3.43 0.00021121393392 1.6e-09
-5.914927524993654397e-05 1.548682944296952524e+00 -1.142059550174929876e-02 1.215934590468879849e-04 -4.074343206382352036e-05 -3.389062544788481323e-07 3.43 0.00021121393392 1.6e-09
1.697052775420301862e-05 9.075289483533161006e-01 1.237785104956028170e-02 1.081413358010538406e-04 5.296580085220726857e-05 6.947316444766593298e-07 3.43 0.00021121393392 1.6e-09
-7.917505549104944540e-06 3.253247015507344742e+00 1.601493427385002055e-02 2.018882328400803893e-04 9.815394915668522821e-06 -1.557887030097374916e-07 3.43 0.00021121393392 1.6e-09
6.440663443650320374e-05 2.994554226531056962e+00 -4.495397060083159736e-03 1.884419997271296601e-04 -1.550091508576961126e-05 -2.136649030253406251e-07 3.43 0.00021121393392 1.6e-09
5.389297044585880919e-05 5.048612435275340315e-01 -6.518090554385612759e-03 1.292270484246824374e-04 -4.525527129180995274e-05 1.237162791280221589e-06 3.43 0.00021121393392 1.6e-09
5.523016072526137227e-05 2.162153394964877684e+00 6.895700232968366220e-03 1.474131971228421849e-04 2.956382383806746875e-05 -1.980516996000788096e-09 3.43 0.00021121393392 1.6e-09
1.040831857225064244e-04 3.430146704356111353e+00 1.344586491229686747e-03 2.112209746872152974e-04 -4.226616941089337887e-07 -7.844079502324670501e-08 3.43 0.00021121393392 1.6e-09
8.895393171061099342e-06 2.066444063147729437e+00 -5.543369058356397219e-03 1.430297699378639011e-04 -3.119960485539039386e-05 -3.051699387321623349e-08 3.43 0.00021121393392 1.6e-09
-2.710071121737289940e-05 5.478824780877472600e-01 -2.044216860312062650e-03 1.239824350346477571e-04 4.954824002120575152e-05 -1.293864223486238654e-08 3.43 0.00021121393392 1.6e-09
-6.254511938808224336e-07 3.042376485323040836e+00 5.456385992439229116e-03 1.909184401223073776e-04 1.445874981863425174e-05 7.225459835920529036e-08 3.43 0.00021121393392 1.6e-09
9.619803562311099064e-05 3.208582821381474215e+00 9.070564627004338784e-03 1.995579675127989088e-04 -1.082019083773007705e-05 -5.433609210865391613e-09 3.43 0.00021121393392 1.6e-09
-8.013975522027824808e-06 8.028945709349575299e-01 1.747637454399757206e-03 1.094459405051020955e-04 -5.425088057175975301e-05 -2.616189454178738782e-07 3.43 0.00021121393392 1.6e-09
-3.770463242978360841e-05 1.673536009598504348e+00 2.416333317294724024e-03 1.263126518471141611e-04 3.830549406125555726e-05 3.042498793978590772e-07 3.43 0.00021121393392 1.6e-09
-9.851635100812857219e-05 3.418980821737081399e+00 2.172444910951096264e-02 2.106099203354629525e-04 3.769392154844712908e-06 1.001936967347149220e-07 3.43 0.00021121393392 1.6e-09
3.328682220779013957e-06 2.536164248474655825e+00 2.033128926988682014e-02 1.652961631601878863e-04 -2.352158311578405274e-05 -1.641030889972357368e-07 3.43 0.00021121393392 1.6e-09
3.027264251008094406e-05 4.078188051185197560e-01 -4.839667899242569918e-03 1.466288099409527863e-04 1.334539229089045603e-05 -3.308348815906181567e-07 3.43 0.00021121393392 1.6e-09
-7.946253302337629722e-06 2.742093906938546599e+00 1.529644355323355777e-02 1.755476360305537639e-04 2.021927300109153833e-05 2.528492017431885652e-07 3.43 0.00021121393392 1.6e-09
-1.505209569147692952e-05 3.390048860441914336e+00 2.856156403539138189e-02 2.090661123722407108e-04 -5.888592678700993194e-06 9.794957433582906543e-09 3.43 0.00021121393392 1.6e-09
1.792901224570642298e-05 1.409011160242101823e+00 1.209419136904550315e-02 1.168544745593724332e-04 -4.346268367899370610e-05 -5.012485971189068669e-07 3.43 0.00021121393392 1.6e-09
-2.165789851424634947e-05 1.032479310005381068e+00 -4.239819281843379070e-03 1.085060997809755769e-04 5.083503460772293434e-05 1.737365456088619267e-07 3.43 0.00021121393392 1.6e-09
7.796710924497209842e-05 3.296131220915385462e+00 1.465827384688342394e-02 2.041330963070145063e-04 8.733591204844221197e-06 1.513977942983994476e-07 3.43 0.00021121393392 1.6e-09
-1.615296445294090832e-05 2.934126724125825536e+00 2.124294149027347936e-02 1.853306418286883848e-04 -1.669608063232592404e-05 -4.493682166520306436e-08 3.43 0.00021121393392 1.6e-09
-8.879573665690740277e-06 4.661620354230359142e-01 -2.420041778729016112e-04 1.351173077350406842e-04 -3.871636093633164450e-05 -8.508864415010304951e-07 3.43 0.00021121393392 1.6e-09
4.753569008320943919e-05 2.267369051040637018e+00 -5.207521949189325774e-03 1.523301577780947073e-04 2.782856012710446683e-05 2.406622467153420155e-07 3.43 0.00021121393392 1.6e-09
-5.887081425480177168e-05 3.430063539930857885e+00 1.790455641421672545e-02 2.112128291826136941e-04 -1.320646453916354502e-06 1.803973837399366527e-07 3.43 0.00021121393392 1.6e-09
9.539715622778989555e-06 1.962558920021916453e+00 2.268529275983017374e-02 1.383882299878138179e-04 -3.301427150638718954e-05 -1.999650796430846185e-07 3.43 0.00021121393392 1.6e-09
4.691114627894030741e-05 6.033730007252037231e-01 -1.289101085360139058e-02 1.187900806571217619e-04 5.252417929313269568e-05 -9.310841448186460616e-07 3.43 0.00021121393392 1.6e-09
1.319317536069086012e-06 3.091096099974578237e+00 8.357636447721531608e-03 1.934446081788778642e-04 1.340777113243821215e-05 3.828021066395193807e-07 3.43 0.00021121393392 1.6e-09
-2.257257822813795107e-05 3.162874579600043479e+00 3.745525666355868644e-02 1.971763225109997558e-04 -1.183348963507059010e-05 1.409237566677690782e-07 3.43 0.00021121393392 1.6e-09
-2.055422833488051038e-05 7.130964820061007625e-01 1.340026991911289975e-02 1.122471382258848104e-04 -5.448367773243459897e-05 -1.653535019321167371e-06 3.43 0.00021121393392 1.6e-09
-4.298520396756875573e-05 1.793271904413848539e+00 -7.794965241826966491e-03 1.311401855098395265e-04 3.607537103928345438e-05 6.145167294085787490e-07 3.43 0.00021121393392 1.6e-09
2.114134989734150799e-05 3.426384188986068668e+00 4.596920280319374830e-02 2.110076619123935017e-04 2.774695761165594583e-06 3.913509720343450677e-07 3.43 0.00021121393392 1.6e-09
-4.853328808310170331e-05 2.432205635120344489e+00 5.729138906717218260e-02 1.602178268885572337e-04 -2.516922417719672623e-05 -3.091419913928373607e-07 3.43 0.00021121393392 1.6e-09
-4.961635511119540727e-06 4.232203343906545401e-01 -1.273044721554886932e-02 1.431652193393001158e-04 2.461297882559883898e-05 -2.132407211081638004e-06 3.43 0.00021121393392 1.6e-09
6.966105931570123176e-06 2.825001597235546669e+00 3.205832682021704516e-02 1.797437098772770273e-04 1.878863720026791593e-05 7.381272232051841404e-07 3.43 0.00021121393392 1.6e-09
-1.730240040156160890e-05 3.362444777135028318e+00 7.872728341419976683e-02 2.076086977812586858e-04 -6.942386178553359275e-06 1.476437109795854263e-07 3.43 0.00021121393392 1.6e-09
7.359819344022159340e-06 1.270947771381662150e+00 3.876381479653827344e-02 1.128732035228464318e-04 -4.616428718950459987e-05 -1.621672341111422959e-06 3.43 0.00021121393392 1.6e-09
-2.398324628646616009e-06 1.164178493660243952e+00 -9.281407118264462658e-03 1.104593357790935700e-04 4.828576531888236693e-05 9.620202297074383885e-07 3.43 0.00021121393392 1.6e-09
4.318195941828562718e-05 3.333349287431675911e+00 6.685362146383250215e-02 2.060842162466467158e-04 7.694029402353872661e-06 5.258864106858340606e-07 3.43 0.00021121393392 1.6e-09
2.573204566294476966e-06 2.869856422579634359e+00 8.293461735164417425e-02 1.820365534063266813e-04 -1.789933819635306953e-05 -2.999418129449474476e-07 3.43 0.00021121393392 1.6e-09
2.262878596596186678e-05 4.384619391042258174e-01 -4.432482954284522672e-03 1.401407942397605449e-04 -3.081024652628449868e-05 -3.168399494515107086e-06 3.43 0.00021121393392 1.6e-09
-7.180135009696388311e-05 2.364825650639759136e+00 2.578435422730311621e-02 1.569688554382163621e-04 2.623519028545899889e-05 9.696756491451910599e-07 3.43 0.00021121393392 1.6e-09
-6.132326313765986401e-05 3.426427451086728748e+00 8.786308753413890615e-02 2.110157674287933360e-04 -2.193763518381728607e-06 2.608178230202065200e-07 3.43 0.00021121393392 1.6e-09
6.516874669813360567e-05 1.860414866404742629e+00 6.174883748383088594e-02 1.339630008657467829e-04 -3.480210749967430626e-05 -1.127864662977582919e-06 3.43 0.00021121393392 1.6e-09
-1.481290035961416179e-05 6.658692164643797984e-01 -1.870307827978018311e-02 1.145693696197386724e-04 5.405058605732173044e-05 3.679842947477275482e-07 3.43 0.00021121393392 1.6e-09
-4.022314473320591358e-05 3.132350512090361860e+00 6.743458581570202504e-02 1.955910038199991992e-04 1.242421146122607093e-05 7.552298138473748610e-07 3.43 0.00021121393392 1.6e-09
7.611661021659107105e-05 3.113771859090030070e+00 1.017275999352479643e-01 1.946249992208191090e-04 -1.283211397691821359e-05 -1.439404457561073254e-07 3.43 0.00021121393392 1.6e-09
2.363467445867359061e-05 6.395723749829371751e-01 1.110531183427366717e-02 1.161753267393469009e-04 -5.347143381446270216e-05 -3.507000727284325495e-06 3.43 0.00021121393392 1.6e-09
-3.658860333570262881e-05 1.903729667150509508e+00 2.132597881187591610e-02 1.358228515220657919e-04 3.402685704530965596e-05 1.467732121362017109e-06 3.43 0.00021121393392 1.6e-09
-1.033615086407775022e-04 3.426629064876574038e+00 1.135920426400043037e-01 2.110283856632016639e-04 1.818968128189473727e-06 4.394073212257832611e-07 3.43 0.00021121393392 1.6e-09
3.448480967653114101e-05 2.322674901738936981e+00 9.634800961721956547e-02 1.549517847014865565e-04 -2.687384665692549524e-05 -1.026166650592672931e-06 3.43 0.00021121393392 1.6e-09
3.159879220213648247e-05 4.486666996078098046e-01 -2.083763758784799858e-02 1.381023783103881703e-04 3.439899624999185007e-05 -8.128733008505038819e-07 3.43 0.00021121393392 1.6e-09
-4.618544759481043737e-06 2.898626217209409717e+00 8.789663736306364827e-02 1.835007019111922430e-04 1.740306438427656542e-05 1.127367978223187769e-06 3.43 0.00021121393392 1.6e-09
-3.801191382205457918e-05 3.324286472317442787e+00 1.411372716948401940e-01 2.056022346611120354e-04 -8.038223339899752733e-06 -9.113131944450105614e-08 3.43 0.00021121393392 1.6e-09
-3.509923062128685549e-06 1.127350961369591786e+00 4.196497621518403831e-02 1.097581442916961334e-04 -4.893903543117549047e-05 -3.007042800835980442e-06 3.43 0.00021121393392 1.6e-09
-3.386684023402369229e-05 1.309716087324905409e+00 1.215684074902399076e-02 1.139172898121262564e-04 4.536364516006025538e-05 2.194428168139262184e-06 3.43 0.00021121393392 1.6e-09
-9.928341408893271705e-05 3.366566181180939310e+00 1.359038266958526031e-01 2.078282905715857980e-04 6.612305394775250368e-06 6.049060778794330610e-07 3.43 0.00021121393392 1.6e-09
8.258823764305668440e-05 2.795333129832031638e+00 1.287323260343813391e-01 1.782398123950991215e-04 -1.921510748051285397e-05 -8.698095615773627240e-07 3.43 0.00021121393392 1.6e-09
5.147453411519837434e-05 4.178620810197934965e-01 -1.519299603635115847e-02 1.443772608491622066e-04 -2.097930084207133068e-05 -2.944353233298732638e-06 3.43 0.00021121393392 1.6e-09
8.510599403824397626e-07 2.464678907899106708e+00 7.989388512132608589e-02 1.617955880599105864e-04 2.459676110732126114e-05 1.482505786187129925e-06 3.43 0.00021121393392 1.6e-09
1.388280460116289073e-05 3.421338600747077408e+00 1.524822368411652973e-01 2.107381524973555914e-04 -3.090602447039555363e-06 4.186737018867464920e-08 3.43 0.00021121393392 1.6e-09
2.960411473594216556e-05 1.756621847789316071e+00 7.377768769170443830e-02 1.296297356016013890e-04 -3.666033949715532798e-05 -2.098793521922121388e-06 3.43 0.00021121393392 1.6e-09
-1.837141716237233131e-05 7.387279114996733176e-01 -9.410571834132082369e-03 1.112741328838859887e-04 5.445478285064150062e-05 2.478549869549503331e-06 3.43 0.00021121393392 1.6e-09
2.332584970939973617e-05 3.170803832256305022e+00 1.320817393390768257e-01 1.975936818223337577e-04 1.147514851773144616e-05 8.260163154533962036e-07 3.43 0.00021121393392 1.6e-09
-5.245939905879094936e-05 3.066330085036780062e+00 1.436700493770533826e-01 1.921651334596975584e-04 -1.376574959193514828e-05 -6.431574803183733879e-07 3.43 0.00021121393392 1.6e-09
5.625074664183170683e-05 5.817361940073634274e-01 -2.935620913809413885e-03 1.206634529440649248e-04 -5.140424246651618229e-05 -3.859991846436002331e-06 3.43 0.00021121393392 1.6e-09
-5.426027328916295934e-05 2.001751995301612297e+00 6.734444100920528031e-02 1.401288323078827408e-04 3.221112107431755754e-05 2.025765192729863823e-06 3.43 0.00021121393392 1.6e-09
-2.637725732236099850e-05 3.423177026141754009e+00 1.667010838027659370e-01 2.108527924011341088e-04 9.378186443150323259e-07 1.970788273291528163e-07 3.43 0.00021121393392 1.6e-09
-4.347133090186949475e-05 2.218441437501647684e+00 1.027766799403648235e-01 1.500330169597367206e-04 -2.850845510568066209e-05 -1.740216397404107727e-06 3.43 0.00021121393392 1.6e-09
-3.246415865061307282e-05 4.821697395472804293e-01 -1.879403774281141262e-02 1.324626865785820938e-04 4.187803013624959647e-05 2.218086372850803197e-06 3.43 0.00021121393392 1.6e-09
-8.260738810381655769e-05 2.958138249107689965e+00 1.407862536232158956e-01 1.865605472102798313e-04 1.616147010538992193e-05 1.110563071377840628e-06 3.43 0.00021121393392 1.6e-09
7.526713607042303232e-05 3.278450765462061156e+00 1.682848729932570619e-01 2.032022003156831865e-04 -9.127863434610982243e-06 -5.338220234784961428e-07 3.43 0.00021121393392 1.6e-09
5.639653048548036582e-06 9.884689626591594003e-01 2.017630748505596164e-02 1.081637412813158587e-04 -5.154297324592386348e-05 -3.511071892914252887e-06 3.43 0.00021121393392 1.6e-09
1.060127023732556132e-05 1.458033779648224559e+00 5.005023671485043374e-02 1.184515553239488751e-04 4.236414588578829560e-05 2.804737886795186075e-06 3.43 0.00021121393392 1.6e-09
-7.697925104233491948e-05 3.392692398794705078e+00 1.743051984368184093e-01 2.092063030593485336e-04 5.508120307607421634e-06 3.171743253332090430e-07 3.43 0.00021121393392 1.6e-09
1.747560001768740237e-05 2.707052157498620382e+00 1.253521640485369404e-01 1.737838606634534828e-04 -2.070001933589806791e-05 -1.382733161090056569e-06 3.43 0.00021121393392 1.6e-09
6.525568170129445128e-05 4.051541211521442754e-01 -2.146818939724185610e-02 1.472327337925418821e-04 -8.723390023915969684e-06 2.289093208373322739e-07 3.43 0.00021121393392 1.6e-09
-1.614740803771762072e-07 2.570113127795952579e+00 1.199835678507616826e-01 1.669638647585277051e-04 2.291750654779282760e-05 1.357626377190224966e-06 3.43 0.00021121393392 1.6e-09
4.722773564051805197e-05 3.415465256685752404e+00 1.630602143261808135e-01 2.104170121782618320e-04 -4.054892008427344791e-06 -3.493019314939195770e-07 3.43 0.00021121393392 1.6e-09
3.478691866684145305e-05 1.642268676499338609e+00 4.741523821301950326e-02 1.250863296159234785e-04 -3.884905085015792658e-05 -2.355103792411066681e-06 3.43 0.00021121393392 1.6e-09
-4.733632164959962344e-05 8.288274027328708105e-01 1.212990098861668753e-02 1.089710769314340395e-04 5.384485340260750753e-05 3.535043811017778198e-06 3.43 0.00021121393392 1.6e-09
8.944842902775376802e-06 3.213420891970391491e+00 1.491127081415928313e-01 1.998138415796722896e-04 1.052120701159242953e-05 4.889531783770731093e-07 3.43 0.00021121393392 1.6e-09
-3.080568812287396986e-05 3.020942973209694848e+00 1.248211051310441910e-01 1.898138075612441065e-04 -1.475259862511680795e-05 -9.691253285081083202e-07 3.43 0.00021121393392 1.6e-09
-3.355620091183710263e-06 5.330140128191309667e-01 -1.639288333740649556e-02 1.257024413015420724e-04 -4.810229678851633774e-05 -1.896749468485227128e-06 3.43 0.00021121393392 1.6e-09
-4.154104568316177636e-05 2.096343431226593168e+00 9.081146039476034604e-02 1.443961062895278294e-04 3.054891823037729232e-05 1.745608645825694262e-06 3.43 0.00021121393392 1.6e-09
-8.719479146239494992e-05 3.421887429991865126e+00 1.554744576072321083e-01 2.107889290896632789e-04 1.012163329240053039e-07 -1.518169245678750327e-07 3.43 0.00021121393392 1.6e-09
-5.878167145515493703e-06 2.117810423970074574e+00 6.718650326442113241e-02 1.453764842908230866e-04 -3.020780260241333321e-05 -1.788633225076093253e-06 3.43 0.00021121393392 1.6e-09
-3.892266317962112714e-05 5.236230187285672022e-01 -6.705056563523182148e-03 1.267844574353163621e-04 4.725931409018330816e-05 4.002025866066151145e-06 3.43 0.00021121393392 1.6e-09
-7.191824950225498203e-05 3.010942249627209577e+00 1.429580351536859362e-01 1.892917349130196145e-04 1.502059090077972119e-05 6.958752320857016525e-07 3.43 0.00021121393392 1.6e-09
-9.747108196929605856e-05 3.229119831073085312e+00 1.350315884390173582e-01 2.006295283605343807e-04 -1.022810570095787852e-05 -7.862715879131733548e-07 3.43 0.00021121393392 1.6e-09
-4.772881332057213300e-05 8.591351100762170123e-01 -5.398699095262867766e-03 1.085276899336941054e-04 -5.358996587988610043e-05 -2.484787246782738084e-06 3.43 0.00021121393392 1.6e-09
4.228296376594674783e-05 1.604539015029662785e+00 7.239839845327201984e-02 1.236599038656964304e-04 3.951519438547646890e-05 2.344822011079494351e-06 3.43 0.00021121393392 1.6e-09
2.178389939940903895e-05 3.411764958901803091e+00 1.541008342545074905e-01 2.102204995629169970e-04 4.357534006876951954e-06 -6.543669162333244223e-08 3.43 0.00021121393392 1.6e-09
-3.045993191666372877e-05 2.599339705632303321e+00 8.048687527197476155e-02 1.684110142726743078e-04 -2.247518362184559740e-05 -1.431520996757362555e-06 3.43 0.00021121393392 1.6e-09
2.374165621077645755e-05 4.035519153732882724e-01 -1.647863895474940832e-02 1.475870506295576701e-04 5.704635574387876781e-06 3.471403239834874550e-06 3.43 0.00021121393392 1.6e-09
-3.180954484890928242e-05 2.682936578468529731e+00 1.185589435195885388e-01 1.725706321428865757e-04 2.116841299247394391e-05 7.741599922871128976e-07 3.43 0.00021121393392 1.6e-09
8.009193580485507761e-05 3.404949889679070640e+00 1.186353506751608028e-01 2.098509701841899081e-04 -5.170347924877315287e-06 -6.090642224891473838e-07 3.43 0.00021121393392 1.6e-09
4.228060727141122552e-05 1.505567734424153148e+00 7.534867479694066367e-03 1.200577640050832574e-04 -4.156523616648865401e-05 -1.734566554965279905e-06 3.43 0.00021121393392 1.6e-09
-1.891688112005111442e-05 9.457890133584689885e-01 3.035972119307901729e-02 1.080661239802114377e-04 5.225011662754944485e-05 2.860609974079980400e-06 3.43 0.00021121393392 1.6e-09
6.476466241887859844e-05 3.264333102856734392e+00 1.092913129299135366e-01 2.024686231425541858e-04 9.470431310806083419e-06 8.794063004076421593e-09 3.43 0.00021121393392 1.6e-09
5.318110370427233345e-06 2.973836675378829231e+00 6.206625104252644354e-02 1.873747827752473975e-04 -1.586312118041912034e-05 -8.964264146838604169e-07 3.43 0.00021121393392 1.6e-09
-3.035419067909399569e-05 4.913778931437033926e-01 -1.893631662122188114e-02 1.311495303764215745e-04 -4.320907549094179817e-05 9.861162374631170639e-07 3.43 0.00021121393392 1.6e-09
6.209438533924470350e-05 2.194595590748116720e+00 7.301476618384411532e-02 1.489233398527790267e-04 2.895621614619069991e-05 8.568064614311854380e-07 3.43 0.00021121393392 1.6e-09
-7.728791132926303745e-05 3.425795149448346066e+00 8.672891393678749949e-02 2.109930883749911129e-04 -7.294037396213472297e-07 -3.504365035438077256e-07 3.43 0.00021121393392 1.6e-09
3.232587594853623915e-05 2.024673327890379682e+00 1.585988193887124045e-02 1.411532516779949410e-04 -3.188165651829686140e-05 -1.081548098231070511e-06 3.43 0.00021121393392 1.6e-09
4.473146020862004833e-05 5.692442097077313745e-01 4.606815285835329579e-03 1.218298058353111470e-04 5.077916500609553458e-05 3.186198139545496215e-06 3.43 0.00021121393392 1.6e-09
-7.900132566143730885e-05 3.058423287733120777e+00 8.750669316416148646e-02 1.917542327066570386e-04 1.402135055855786832e-05 1.866475621489907305e-07 3.43 0.00021121393392 1.6e-09
-6.214352160544559444e-06 3.183989146746895926e+00 6.264007896371737161e-02 1.982799692521424579e-04 -1.126622207417489965e-05 -6.157402051841957144e-07 3.43 0.00021121393392 1.6e-09
3.171299680525754844e-05 7.580679421383865746e-01 -1.460092146578458559e-02 1.106261295295511010e-04 -5.447302859053408626e-05 -6.364109546114434241e-07 3.43 0.00021121393392 1.6e-09
1.676984386052721301e-05 1.730434941692484685e+00 5.563550913412380894e-02 1.285761993027605848e-04 3.717809051988907191e-05 1.226416879381188703e-06 3.43 0.00021121393392 1.6e-09
8.146457043231941316e-05 3.420655346928248797e+00 8.659959674111120109e-02 2.107031093741353099e-04 3.281116345460265545e-06 -2.156227773902199621e-07 3.43 0.00021121393392 1.6e-09
-1.052804001166933668e-05 2.483780897457303460e+00 2.951965422376346543e-02 1.627298544706014727e-04 -2.432953463630343306e-05 -9.091108422290965277e-07 3.43 0.00021121393392 1.6e-09
6.260111342528193587e-05 4.146325481772935029e-01 -6.382398391999586501e-03 1.450519494175915461e-04 1.922473454453553900e-05 3.533818938570371056e-06 3.43 0.00021121393392 1.6e-09
-7.453989425533780200e-05 2.784538504138275528e+00 7.610273638202906532e-02 1.776882688020597228e-04 1.950719486494301722e-05 2.539622833417174453e-07 3.43 0.00021121393392 1.6e-09
-9.022926325322276186e-05 3.379331869409443634e+00 5.786572508588294639e-02 2.084975595962389552e-04 -6.375217992360517137e-06 -5.065946498962469528e-07 3.43 0.00021121393392 1.6e-09
-1.547438313594974241e-05 1.345641764099577031e+00 -1.108956177426391465e-02 1.149221508860615883e-04 -4.472945120535297897e-05 -7.854763094097456977e-07 3.43 0.00021121393392 1.6e-09
-4.470721763390714287e-05 1.092714996543670436e+00 2.891410874798966066e-02 1.092206580643300935e-04 4.968011964779791390e-05 1.369846502243924224e-06 3.43 0.00021121393392 1.6e-09
7.250661940765053682e-05 3.316065243527485329e+00 5.065937485200922019e-02 2.051741069049242824e-04 8.283684875897552819e-06 -2.102965933106002052e-07 3.43 0.00021121393392 1.6e-09
-1.628539665492602460e-05 2.912044256991817903e+00 1.057106575167553533e-02 1.841917433448619001e-04 -1.717335067328670697e-05 -5.275737126438356433e-07 3.43 0.00021121393392 1.6e-09
1.092369931707541905e-05 4.541861623665943704e-01 -1.116551021562486000e-02 1.371581617143422384e-04 -3.582924965725512714e-05 2.224962776600719946e-06 3.43 0.00021121393392 1.6e-09
-3.614307916092052430e-05 2.305815717512775365e+00 3.170085142479225904e-02 1.541478867284347247e-04 2.721766824100486259e-05 1.059173801173163232e-07 3.43 0.00021121393392 1.6e-09
-1.026087138924183562e-04 3.431079384271457755e+00 1.814955340569227721e-02 2.112630838848011505e-04 -1.634143822601528376e-06 -2.716638259688337344e-07 3.43 0.00021121393392 1.6e-09
3.396561979461757016e-05 1.927931255965042112e+00 -1.207283440465064389e-02 1.368678216479161979e-04 -3.364739845183174858e-05 -2.511139746348555808e-07 3.43 0.00021121393392 1.6e-09
5.190832311932112668e-05 6.241724760435138908e-01 4.993479030402809063e-03 1.172299733464666165e-04 5.319693820978011281e-05 9.871548066064249918e-07 3.43 0.00021121393392 1.6e-09
8.346603938891979590e-05 3.105702311270353455e+00 1.979672217016792413e-02 1.942058692122951053e-04 1.305266971476711922e-05 -5.719516040871582524e-08 3.43 0.00021121393392 1.6e-09
3.764555984639043418e-05 3.144881400933204230e+00 5.714463195369174318e-03 1.962418948999196779e-04 -1.220377267432099132e-05 -1.939836887400647347e-07 3.43 0.00021121393392 1.6e-09
-5.395520823796589352e-05 6.832764791654901693e-01 -7.107558110634741751e-03 1.136411718528915280e-04 -5.429101878191424860e-05 3.425006828123029441e-07 3.43 0.00021121393392 1.6e-09
2.472660341906758512e-05 1.835379897102141999e+00 1.545519277845826787e-02 1.329096085672649519e-04 3.527446649911047396e-05 3.075580453392061870e-07 3.43 0.00021121393392 1.6e-09
-1.040654942063239227e-04 3.425532893639970489e+00 2.337241096040532790e-02 2.109689127587341178e-04 2.395592257167941389e-06 -5.869515463223195628e-08 3.43 0.00021121393392 1.6e-09
-3.994929827017485509e-05 2.385047254787678206e+00 7.726496967566023194e-03 1.579438145341800293e-04 -2.591211497132226284e-05 -2.535690955429521553e-07 3.43 0.00021121393392 1.6e-09
-3.666422842375048884e-05 4.330546253027840464e-01 -3.159653695397910810e-03 1.411545110374616400e-04 2.919884681911892382e-05 8.722734310556858187e-07 3.43 0.00021121393392 1.6e-09
6.237193708133244188e-05 2.858525807349897363e+00 2.633799835327037958e-02 1.814542954375743624e-04 1.817286393196497702e-05 1.461413260665095592e-07 3.43 0.00021121393392 1.6e-09
5.606505285325996246e-05 3.345931392441954255e+00 2.549306031418535623e-02 2.067418117808400633e-04 -7.452630486107978345e-06 -1.388299809374571687e-07 3.43 0.00021121393392 1.6e-09
1.383074555155801191e-07 1.201376818285684989e+00 3.059879631952622334e-04 1.112176528237446228e-04 -4.759311429302101419e-05 -4.131203301959157185e-07 3.43 0.00021121393392 1.6e-09
-2.404007746761718730e-05 1.233530518859945246e+00 8.437027462319657972e-03 1.119616104183199972e-04 4.692939647660391872e-05 4.317857053960958611e-07 3.43 0.00021121393392 1.6e-09
7.334214061249848217e-05 3.352757176159033570e+00 2.091755187540996277e-02 2.071026561061169971e-04 7.187771410999966731e-06 -1.477583862184495747e-08 3.43 0.00021121393392 1.6e-09
5.331787610233479466e-05 2.838903276021221167e+00 1.055834522358016156e-02 1.804549325898196360e-04 -1.852118628519310310e-05 -1.844836201348742183e-07 3.43 0.00021121393392 1.6e-09
-1.258658709653164923e-05 4.270991560103014617e-01 -3.531213404150499585e-03 1.424170753601540322e-04 -2.640543215488105574e-05 5.236198772622165752e-07 3.43 0.00021121393392 1.6e-09
-5.193800612931576062e-05 2.413763618982882608e+00 3.380060110242997726e-03 1.593219361073946452e-04 2.549960808375307706e-05 5.687241741032528401e-08 3.43 0.00021121393392 1.6e-09
-4.000599728433763857e-05 3.429821012414010717e+00 5.796032096506162010e-03 2.111887460378571537e-04 -2.580310374838844080e-06 -3.423354576624980165e-09 3.43 0.00021121393392 1.6e-09
-4.103233206580211129e-05 1.819833102887382204e+00 2.423228372783125910e-03 1.322428869479569998e-04 -3.561055965480916931e-05 -7.785874900691949020e-08 3.43 0.00021121393392 1.6e-09
2.314291545798570284e-05 6.944336321971998904e-01 -5.817654788752521858e-03 1.130840950846585477e-04 5.440948017918974548e-05 -4.324503891544711944e-07 3.43 0.00021121393392 1.6e-09
-1.972036317695670968e-05 3.152357128703078715e+00 -3.597762187777995418e-03 1.966292881452533486e-04 1.206549297319127080e-05 1.165253878607132908e-07 3.43 0.00021121393392 1.6e-09
-8.833003236586255656e-05 3.101666558284552622e+00 8.028619628405949532e-03 1.939940940798457608e-04 -1.317377178786648444e-05 9.147405013357039739e-08 3.43 0.00021121393392 1.6e-09
-2.607586950516842773e-05 6.171184849039921261e-01 4.471346033130093461e-03 1.177364773584758126e-04 -5.301042799315421175e-05 -5.933664134973262201e-07 3.43 0.00021121393392 1.6e-09
4.046214218232390455e-05 1.939639765115743320e+00 -1.004614640099340574e-02 1.373858266002344003e-04 3.341049329026225551e-05 2.199530631258931846e-07 3.43 0.00021121393392 1.6e-09
-4.709878656395108593e-05 3.429444276223304833e+00 1.584233354898417420e-02 2.111793855548800471e-04 1.517721758537416397e-06 2.304185569796678224e-07 3.43 0.00021121393392 1.6e-09
-4.539549127955355928e-05 2.288960586867431424e+00 2.703771184938705274e-02 1.533508959560246632e-04 -2.747623520780507513e-05 -9.769138003570426492e-08 3.43 0.00021121393392 1.6e-09
6.332273641951579593e-07 4.589733029634139871e-01 -9.866285281561811005e-03 1.362735626306143676e-04 3.724440387808142130e-05 -1.444538720725755781e-06 3.43 0.00021121393392 1.6e-09
6.263646511411662902e-05 2.922293155430234712e+00 1.380065495929243789e-02 1.847175103924454437e-04 1.697958289490939746e-05 4.458777877629726422e-07 3.43 0.00021121393392 1.6e-09
8.827365168752009648e-07 3.310875832612877101e+00 4.531551484290322063e-02 2.049012095864782813e-04 -8.445879577139004700e-06 1.373412183241050693e-07 3.43 0.00021121393392 1.6e-09
-2.545750853661862145e-05 1.073381307855305167e+00 2.253855295494520961e-02 1.089486235058485016e-04 -5.007593469497914141e-05 -1.194395633716377363e-06 3.43 0.00021121393392 1.6e-09
-1.020467482807013227e-05 1.365253206565624433e+00 -7.222351550047905779e-03 1.155184483636447287e-04 4.429949484722898648e-05 6.005135375123635473e-07 3.43 0.00021121393392 1.6e-09
-1.098770012213131221e-05 3.379982950996086366e+00 4.344782251480894253e-02 2.085372750215893636e-04 6.192071211400187748e-06 3.631807784305612633e-07 3.43 0.00021121393392 1.6e-09
-2.678575654283478269e-05 2.763044124484348885e+00 5.551642388277989310e-02 1.766079005637234862e-04 -1.982579028133961679e-05 -2.045868053188021694e-07 3.43 0.00021121393392 1.6e-09
-1.858453062146797185e-05 4.111287408804101817e-01 -5.123965056951904420e-03 1.459012097746124870e-04 -1.615079390502785196e-05 -2.240831972558827593e-06 3.43 0.00021121393392 1.6e-09
6.180125188612320603e-05 2.509975542378058755e+00 1.484485813615428820e-02 1.640084779882489629e-04 2.394489138283819452e-05 6.110128003525099225e-07 3.43 0.00021121393392 1.6e-09
-1.652417519916120863e-05 3.422991237592746039e+00 5.659978208916030540e-02 2.108215470140977345e-04 -3.486883922462617141e-06 1.956153525235979440e-07 3.43 0.00021121393392 1.6e-09
4.120823394244645170e-05 1.710492164312833463e+00 4.017726100459528826e-02 1.277652360526635887e-04 -3.761384727664000935e-05 -8.186141926986239958e-07 3.43 0.00021121393392 1.6e-09
-4.056667084142281460e-05 7.736822295488963164e-01 -1.576365617620564125e-02 1.101688449085576750e-04 5.441202122740460662e-05 6.701964993953039882e-08 3.43 0.00021121393392 1.6e-09
-8.001593649999621605e-08 3.192960176582665177e+00 3.718257090961506889e-02 1.987461576627684719e-04 1.110445514522294031e-05 5.146450116398478683e-07 3.43 0.00021121393392 1.6e-09
2.215347681615260434e-07 3.052979043222174838e+00 6.483371783697003399e-02 1.914704093147452462e-04 -1.417725507911555814e-05 -3.190774776676741596e-08 3.43 0.00021121393392 1.6e-09
-4.874228037113431748e-05 5.614172759274320690e-01 6.771280003292039565e-03 1.226055635844577169e-04 -5.031548555303962426e-05 -2.735975558630734401e-06 3.43 0.00021121393392 1.6e-09
-3.059579771889178485e-05 2.040514323482409687e+00 5.243112536622946893e-03 1.418617626249983512e-04 3.162466724306870673e-05 9.007390407977572979e-07 3.43 0.00021121393392 1.6e-09
-9.317063735756234795e-05 3.428286419752393677e+00 7.123409738070192454e-02 2.111227483452065515e-04 6.274964011904937873e-07 3.884273981439452315e-07 3.43 0.00021121393392 1.6e-09
-2.191313580752602045e-05 2.184963957758270681e+00 6.793620036875940016e-02 1.484701113226327999e-04 -2.915147261276866596e-05 -6.840870318529734108e-07 3.43 0.00021121393392 1.6e-09
1.556277609732426232e-06 4.949980870560261037e-01 -1.915910545536579634e-02 1.305604120020971491e-04 4.393640175010214688e-05 -1.107635875487004137e-06 3.43 0.00021121393392 1.6e-09
3.476425229290247922e-06 2.981195280472272557e+00 5.482826432290814622e-02 1.877495457350022946e-04 1.577448375654760200e-05 8.667909759002548707e-07 3.43 0.00021121393392 1.6e-09
-4.938527877411387588e-05 3.266031557451771761e+00 1.031550263582488858e-01 2.025536518829952127e-04 -9.516671586120636900e-06 3.626016198467221136e-08 3.43 0.00021121393392 1.6e-09
-5.191886905832095986e-05 9.437892073597087261e-01 3.107567717903882837e-02 1.080484302527636397e-04 -5.232194957692786093e-05 -2.764652576134621379e-06 3.43 0.00021121393392 1.6e-09
-1.960767608428370137e-05 1.507212575919873121e+00 5.362359842230198480e-03 1.201311488087529098e-04 4.149458345345355306e-05 1.542471667915223420e-06 3.43 0.00021121393392 1.6e-09
-1.019689835085495140e-04 3.402098950472343120e+00 1.058197255441049867e-01 2.097057441076326332e-04 5.114618338102671770e-06 5.617521871802260092e-07 3.43 0.00021121393392 1.6e-09
-2.010780544419635393e-05 2.671488467463766892e+00 1.070641967649204607e-01 1.720037490531078428e-04 -2.132081945047744039e-05 -6.900791566979747940e-07 3.43 0.00021121393392 1.6e-09
3.534242095162418629e-05 4.031582389516629172e-01 -1.462208689817250107e-02 1.477207663693316038e-04 -3.962861701538069719e-06 -2.861665761965613169e-06 3.43 0.00021121393392 1.6e-09
-5.869056162419854521e-05 2.610869068814132277e+00 6.391134425526293072e-02 1.689825790810325586e-04 2.231645298824290517e-05 1.216156079621811462e-06 3.43 0.00021121393392 1.6e-09
-9.072603196063938787e-05 3.411849424824256793e+00 1.293903118423995191e-01 2.102240748849317636e-04 -4.464066107090015187e-06 9.956158915401633806e-08 3.43 0.00021121393392 1.6e-09
1.055997310676506405e-05 1.591320025947002614e+00 6.366425941208112005e-02 1.231609588110645949e-04 -3.981538115482522865e-05 -1.996241069273878204e-06 3.43 0.00021121393392 1.6e-09
2.953147237913596906e-05 8.698527142308301041e-01 -1.013728728485491053e-02 1.084298070405558044e-04 5.343921077087729468e-05 1.800382657912607944e-06 3.43 0.00021121393392 1.6e-09
-4.030246700758719142e-05 3.233030521059335527e+00 1.088575525331954147e-01 2.008365644145685487e-04 1.011529084015094908e-05 7.477571746716857313e-07 3.43 0.00021121393392 1.6e-09
-2.422144503310139839e-05 3.001532286638789238e+00 1.249896635584407667e-01 1.888096462852093373e-04 -1.519287716608695409e-05 -5.054796829785182507e-07 3.43 0.00021121393392 1.6e-09
-3.672888617763241949e-05 5.160660998771895436e-01 -3.016149274091552493e-03 1.277888354882764262e-04 -4.633184244194995432e-05 -3.897752969925293864e-06 3.43 0.00021121393392 1.6e-09
-6.079833481874462515e-05 2.136403386170982799e+00 5.188359929430827466e-02 1.462278304534226844e-04 2.992295659522899265e-05 1.645176041672405409e-06 3.43 0.00021121393392 1.6e-09
-4.353122068980138130e-06 3.423915097633646099e+00 1.418501676899692199e-01 2.108944192739425677e-04 -2.423233326625817080e-07 2.607314158288904847e-07 3.43 0.00021121393392 1.6e-09
-2.314888773192220548e-05 2.082115023239832663e+00 9.226728853449259193e-02 1.437455121911928061e-04 -3.081294593286457877e-05 -1.582114810040483730e-06 3.43 0.00021121393392 1.6e-09
4.036142303661629149e-05 5.393475537778384954e-01 -1.952545565989605159e-02 1.249218577903379521e-04 4.877397252353302050e-05 1.388771833050684697e-06 3.43 0.00021121393392 1.6e-09
