2.747859115978619609e-05 2.607751225751787416e+00 -4.052751960843308996e-05 1.686610383068240385e-04 -2.524741182981269118e-05 -7.779061438563873858e-10 3.76 0.00022864427281 1.6e-09
2.197512493432125918e-05 3.962160465415358601e-01 -1.771739245297532326e-03 1.482849607755412028e-04 1.502471140957550944e-05 8.341701575105818503e-08 3.76 0.00022864427281 1.6e-09
-4.546727786750875033e-05 2.849184860798262164e+00 9.935140717104212673e-04 1.808088950482337109e-04 2.182430791571460656e-05 3.053401775443947059e-08 3.76 0.00022864427281 1.6e-09
-3.286304853129935440e-05 3.770048213082693334e+00 3.168148281479838107e-03 2.291663399253806709e-04 -1.932829794241037437e-06 1.134865374173756009e-08 3.76 0.00022864427281 1.6e-09
-1.853154592810424614e-05 2.395719391770081419e+00 2.825906681276392496e-03 1.582199656290292084e-04 -2.857695389628203041e-05 -2.558737572901357016e-08 3.76 0.00022864427281 1.6e-09
5.219326456931124247e-05 4.340467001299819216e-01 -3.732128747684700099e-03 1.396445535741367187e-04 3.636595113079816677e-05 -2.365976654077047123e-07 3.76 0.00022864427281 1.6e-09
-2.703724009030595893e-05 3.028852928196934968e+00 9.994497687380646950e-03 1.900029042429431515e-04 1.943890226465799900e-05 1.659132166639894987e-07 3.76 0.00022864427281 1.6e-09
7.781127620874996802e-05 3.783420332029808542e+00 2.054174040732928419e-02 2.298567222039471069e-04 -3.304021843443526122e-06 3.861548087961378452e-08 3.76 0.00022864427281 1.6e-09
-5.524516780784008966e-05 2.255894265145732547e+00 1.531013658851813550e-02 1.514815025883107808e-04 -3.093052836564481910e-05 -1.895020880647822445e-07 3.76 0.00022864427281 1.6e-09
-5.577106860893690316e-05 4.776606520499325770e-01 -7.252339151004208277e-03 1.317302127188008673e-04 4.648815898681189459e-05 -4.301274040163013680e-07 3.76 0.00022864427281 1.6e-09
-3.037287699228389469e-05 3.135138244985521627e+00 1.990871579680817197e-02 1.954906801296954152e-04 1.811947995523773095e-05 3.216303387515965381e-07 3.76 0.00022864427281 1.6e-09
3.151329671934499139e-05 3.797499968856581365e+00 4.090173601734552189e-02 2.305889423328207110e-04 -4.032203948707854888e-06 8.085429434274661297e-08 3.76 0.00022864427281 1.6e-09
-4.207424167335259879e-05 2.191218098286770832e+00 3.063644541263085136e-02 1.483988250416182469e-04 -3.211701253945708015e-05 -3.898897056763899489e-07 3.76 0.00022864427281 1.6e-09
-1.160484401535261256e-05 5.029388831008118066e-01 -1.109541967780802892e-02 1.278937311028365453e-04 5.013743176244410047e-05 -5.504819717611020830e-07 3.76 0.00022864427281 1.6e-09
7.533245128963730907e-05 3.185966363883036667e+00 3.041104975504024463e-02 1.981185892243912867e-04 1.760162805861264463e-05 4.795019448099965209e-07 3.76 0.00022864427281 1.6e-09
-1.152486479411805322e-04 3.817326544479381134e+00 6.199609622160076605e-02 2.316340378980542543e-04 -4.211910855579409875e-06 1.239030639626457296e-07 3.76 0.00022864427281 1.6e-09
-3.506721033418087359e-05 2.197736947180627176e+00 4.684453115906511700e-02 1.486677166138499167e-04 -3.217343049849419166e-05 -5.846681266891891899e-07 3.76 0.00022864427281 1.6e-09
-1.447741702829601770e-05 4.999328968525073025e-01 -1.445306046525821411e-02 1.281379747652338177e-04 5.020643417752494687e-05 -6.457118027839821986e-07 3.76 0.00022864427281 1.6e-09
9.810443305488187932e-05 3.193703646536696361e+00 4.323814433352433928e-02 1.984971221653598667e-04 1.776643921770162292e-05 6.471922434471637780e-07 3.76 0.00022864427281 1.6e-09
-4.107488263667544490e-05 3.849217595302707018e+00 8.532312647582239451e-02 2.333279831222865664e-04 -3.891440820232731593e-06 1.597396571088331983e-07 3.76 0.00022864427281 1.6e-09
3.427614265836529978e-05 2.281105450629246967e+00 6.492595550901725243e-02 1.525647516845937452e-04 -3.107257790500887799e-05 -7.590971634573455337e-07 3.76 0.00022864427281 1.6e-09
5.081992813950310872e-05 4.674758322843891589e-01 -1.680239652039685477e-02 1.328050190804387805e-04 4.634929799312790795e-05 -7.975192346554734662e-07 3.76 0.00022864427281 1.6e-09
-4.872454875548676008e-05 3.156388714271021634e+00 5.905355156931605537e-02 1.965137673073957835e-04 1.867930281849176010e-05 8.346635615601211674e-07 3.76 0.00022864427281 1.6e-09
1.851365970958395525e-05 3.897509741261779403e+00 1.118308500088060764e-01 2.359027185211906173e-04 -2.988304141837530433e-06 1.883594803365526798e-07 3.76 0.00022864427281 1.6e-09
3.197792221446188238e-05 2.455958776553048395e+00 8.639235467357780918e-02 1.609609550739143544e-04 -2.870150744761892019e-05 -8.889964978320724179e-07 3.76 0.00022864427281 1.6e-09
-3.320551845354664615e-05 4.159466910010363172e-01 -1.758674685668396021e-02 1.422960851940839730e-04 3.446208129558411853e-05 -1.200661257478503483e-06 3.76 0.00022864427281 1.6e-09
-4.990735913208970299e-06 3.052377172067920696e+00 7.413478237818502126e-02 1.910653414166881892e-04 2.053590945383107025e-05 1.035135290064455347e-06 3.76 0.00022864427281 1.6e-09
2.823321624153205792e-05 3.951959296927643805e+00 1.375103675364287570e-01 2.388118678622300933e-04 -1.442181349620283217e-06 2.163372794253157501e-07 3.76 0.00022864427281 1.6e-09
9.046323278991481767e-06 2.714942584462248121e+00 1.095354738890620960e-01 1.737920434959155610e-04 -2.526719583836883079e-05 -9.337377710761992522e-07 3.76 0.00022864427281 1.6e-09
1.325198822269102152e-05 3.787345325093378068e-01 -1.606039369623840640e-02 1.512063208574984771e-04 8.195553960747516530e-06 -2.112022410708332192e-06 3.76 0.00022864427281 1.6e-09
-4.013582978096389168e-05 2.846695251855746900e+00 7.704923871548384484e-02 1.804663685008458889e-04 2.352482681099653014e-05 1.205489876620056338e-06 3.76 0.00022864427281 1.6e-09
-6.610962111849479886e-05 3.968125070719322967e+00 1.494198301819729680e-01 2.396762023419919305e-04 5.118336798563162193e-07 2.568761405061160380e-07 3.76 0.00022864427281 1.6e-09
-9.047156548549888935e-05 2.966879519742618321e+00 1.245579258489133978e-01 1.866331662497854905e-04 -2.182413537197789579e-05 -8.687855078310226414e-07 3.76 0.00022864427281 1.6e-09
7.280958156836524317e-05 3.936512559295181068e-01 -1.211153995172952955e-02 1.474392175605974899e-04 -2.365599192072261872e-05 -3.123443907629512087e-06 3.76 0.00022864427281 1.6e-09
-8.671972462940156167e-06 2.573311435583431006e+00 6.705962772608001221e-02 1.667190603072730244e-04 2.716588887880391718e-05 1.355324476805628097e-06 3.76 0.00022864427281 1.6e-09
3.193448286711397886e-05 3.927602569363356722e+00 1.486446230569737348e-01 2.375080285191842372e-04 2.348434714169734146e-06 3.257208761254164981e-07 3.76 0.00022864427281 1.6e-09
5.996303064263957085e-05 3.126154805867116693e+00 1.313256716686532488e-01 1.949141045753860816e-04 -1.932049784087661783e-05 -7.628730915212442140e-07 3.76 0.00022864427281 1.6e-09
-3.754362675475002422e-05 4.482360429762030085e-01 -7.141087413879626707e-03 1.360318583226164313e-04 -4.297115589578965759e-05 -3.696841008466293767e-06 3.76 0.00022864427281 1.6e-09
1.671948274467253807e-05 2.340168295397744291e+00 5.964353288668049202e-02 1.553554033372940438e-04 3.033382698467539660e-05 1.550445071190544009e-06 3.76 0.00022864427281 1.6e-09
3.126720021370447906e-05 3.875635039755263023e+00 1.530296619464904806e-01 2.347293560364522821e-04 3.716256736019298029e-06 4.038457480800660947e-07 3.76 0.00022864427281 1.6e-09
1.832051729489444776e-05 3.213456900613604006e+00 1.413701102115861863e-01 1.995041329793674598e-04 -1.770967363095578127e-05 -7.199418395924189996e-07 3.76 0.00022864427281 1.6e-09
-3.163411334785097789e-05 5.081890640858814923e-01 -2.832734647271137676e-03 1.269076854714076049e-04 -5.127227694376958645e-05 -4.047832479348580524e-06 3.76 0.00022864427281 1.6e-09
2.677094000433810045e-05 2.179823360585951608e+00 5.945925515871668121e-02 1.477833204732482172e-04 3.261303041354618064e-05 1.797690506074194615e-06 3.76 0.00022864427281 1.6e-09
-1.085972578297060212e-04 3.836392823216563386e+00 1.658966735523599856e-01 2.326317763382882136e-04 4.633429153822976951e-06 4.663605550623848798e-07 3.76 0.00022864427281 1.6e-09
-5.937134077252955686e-05 3.264949466393320066e+00 1.556049131678413633e-01 2.022234572382540052e-04 -1.668649313414567623e-05 -7.506889709754497892e-07 3.76 0.00022864427281 1.6e-09
-2.435844716918230426e-05 5.591677066294177267e-01 -3.497835653798827714e-05 1.211631889938566756e-04 -5.470581700204767887e-05 -4.298044219265556446e-06 3.76 0.00022864427281 1.6e-09
4.395248586185007634e-05 2.072499568156888738e+00 6.463366004849566138e-02 1.428483930230214070e-04 3.420460145867427408e-05 2.073240492249285859e-06 3.76 0.00022864427281 1.6e-09
-4.389043988775870043e-05 3.810546041179384780e+00 1.834794546578880359e-01 2.312493581776381511e-04 5.252629098630473518e-06 5.033545199180517881e-07 3.76 0.00022864427281 1.6e-09
-6.640019694797561595e-06 3.302080221728737719e+00 1.708223966189023058e-01 2.041839200788617657e-04 -1.597636378803541231e-05 -8.277987471734017745e-07 3.76 0.00022864427281 1.6e-09
1.273752586336147886e-05 6.030549486655314428e-01 1.290458636220265676e-03 1.173217372993730411e-04 -5.632997270387778024e-05 -4.445276427348325956e-06 3.76 0.00022864427281 1.6e-09
2.195634971749073277e-05 1.992305785563836196e+00 7.278123622024207373e-02 1.392368357378907773e-04 3.545008214638030919e-05 2.355895396802804693e-06 3.76 0.00022864427281 1.6e-09
9.525070354748650225e-05 3.793650344551665832e+00 2.022159986083979788e-01 2.303429708879295120e-04 5.747306895558411696e-06 5.136932690396326609e-07 3.76 0.00022864427281 1.6e-09
-4.852784601319452254e-05 3.337940958774163747e+00 1.846007820831628565e-01 2.060744027757920407e-04 -1.535586249471529425e-05 -9.248304143666217172e-07 3.76 0.00022864427281 1.6e-09
-3.700002845202168161e-05 6.488953804742387810e-01 1.688534002372808762e-03 1.141775485822113154e-04 -5.722547737010597762e-05 -4.466394703301980031e-06 3.76 0.00022864427281 1.6e-09
-3.271099553669762458e-05 1.916881525904754247e+00 8.171412875171682466e-02 1.359030796962873195e-04 3.668445714074940477e-05 2.634364993784618153e-06 3.76 0.00022864427281 1.6e-09
2.475997155079367795e-05 3.781406229754306736e+00 2.193144681596553847e-01 2.296810505328655426e-04 6.275154822265016585e-06 4.998648966718216439e-07 3.76 0.00022864427281 1.6e-09
-5.027593715466347152e-05 3.382724133185641691e+00 1.953430893379436706e-01 2.084331764644202804e-04 -1.466677579073851571e-05 -1.018995205977935301e-06 3.76 0.00022864427281 1.6e-09
-2.451864547286883723e-05 7.105921240284890361e-01 1.957215658924297066e-03 1.110629746064499481e-04 -5.761690343204440347e-05 -4.340993471152234856e-06 3.76 0.00022864427281 1.6e-09
-5.674170908965578506e-05 1.824970902087865277e+00 8.895425208456617105e-02 1.319410622673484795e-04 3.825947657064475101e-05 2.904996137972491651e-06 3.76 0.00022864427281 1.6e-09
-1.099537288890713014e-04 3.769372506389715660e+00 2.318142130305720916e-01 2.290248660812725981e-04 6.960177308989171145e-06 4.650829646149558572e-07 3.76 0.00022864427281 1.6e-09
-7.607882210598821044e-05 3.445466454827643688e+00 2.013385391843986461e-01 2.117424626033444723e-04 -1.375597728595047151e-05 -1.087653709221086064e-06 3.76 0.00022864427281 1.6e-09
-3.247852542675915211e-05 8.096672545016121436e-01 3.033988996134962327e-03 1.081411603558940569e-04 -5.702720187234863887e-05 -4.046809168754311808e-06 3.76 0.00022864427281 1.6e-09
5.515553572431200827e-05 1.693232908511660639e+00 9.103846991058979488e-02 1.265096102866251275e-04 4.059793195074342195e-05 3.161773391886015615e-06 3.76 0.00022864427281 1.6e-09
8.983410523970300032e-05 3.750396325280926479e+00 2.351074541950988750e-01 2.279922704159736252e-04 7.904813244653000016e-06 4.101934402279643399e-07 3.76 0.00022864427281 1.6e-09
-7.624748067878483798e-05 3.530454257804477525e+00 1.992677709617533544e-01 2.162395354969764744e-04 -1.251960706973866067e-05 -1.106609352240491672e-06 3.76 0.00022864427281 1.6e-09
-1.049996121941592058e-05 9.739547997350950226e-01 5.414301791173701042e-03 1.071189669979056723e-04 -5.453332744628499267e-05 -3.554738630965533048e-06 3.76 0.00022864427281 1.6e-09
-1.452678690766343646e-05 1.500071649532551898e+00 8.364129630019481731e-02 1.192280626479887975e-04 4.418405316856109552e-05 3.377668909487761861e-06 3.76 0.00022864427281 1.6e-09
2.221259590039735554e-06 3.711211698277216087e+00 2.222960273966832490e-01 2.258782130254087224e-04 9.211739420522759611e-06 3.322307296431698534e-07 3.76 0.00022864427281 1.6e-09
3.436043856437149451e-05 3.625716547522308986e+00 1.833480462833763924e-01 2.213040511400675707e-04 -1.100960243987986867e-05 -1.055706325741603687e-06 3.76 0.00022864427281 1.6e-09
4.973618376503445923e-05 1.208315259016308429e+00 7.248310155694805135e-03 1.105608365186152805e-04 -5.002209532409553050e-05 -2.876083704197515006e-06 3.76 0.00022864427281 1.6e-09
-2.041144143433821527e-05 1.253205751575158011e+00 6.607652611190495406e-02 1.116628897068746369e-04 4.897462527427529110e-05 3.500901858890538656e-06 3.76 0.00022864427281 1.6e-09
2.723660250605110131e-05 3.639425650011682833e+00 1.906125925509151164e-01 2.220382536147353367e-04 1.074154567127400220e-05 2.351600011920170749e-07 3.76 0.00022864427281 1.6e-09
3.073217074001761365e-07 3.699459146853729230e+00 1.513811093366791982e-01 2.252499527788963721e-04 -9.496971896784941615e-06 -9.378900429836670209e-07 3.76 0.00022864427281 1.6e-09
3.756661239159512892e-05 1.448505983304523070e+00 4.557130389481953148e-03 1.174614479146927009e-04 -4.532258105216001792e-05 -2.139811887546947661e-06 3.76 0.00022864427281 1.6e-09
-2.316631341766019387e-06 1.021664463298566083e+00 4.646075188114673349e-02 1.074881972144578566e-04 5.350827740708064060e-05 3.451972407093463848e-06 3.76 0.00022864427281 1.6e-09
-3.308698124467712015e-05 3.549605345356569686e+00 1.501345943437617514e-01 2.172640528708655078e-04 1.218185535616583766e-05 1.372461973655799595e-07 3.76 0.00022864427281 1.6e-09
6.025093593066111169e-05 3.734505889133042267e+00 1.129470699858632632e-01 2.271447258973301794e-04 -8.317282692308098361e-06 -7.884921737643953901e-07 3.76 0.00022864427281 1.6e-09
-8.091398232429895994e-06 1.619902724701454355e+00 -1.941244297748756596e-03 1.236590012273447805e-04 -4.205231340183596003e-05 -1.506587844216751556e-06 3.76 0.00022864427281 1.6e-09
-4.156248058797672190e-05 8.703299070507334312e-01 3.216693441603291070e-02 1.073839170967627062e-04 5.609899581854709276e-05 3.119941480488038883e-06 3.76 0.00022864427281 1.6e-09
1.601199027756363812e-05 3.474447791560028698e+00 1.116887623084447390e-01 2.132909732437902319e-04 1.320038259101682453e-05 5.015251355129964512e-08 3.76 0.00022864427281 1.6e-09
5.965014061890663502e-05 3.741535706741578426e+00 7.786301206183234014e-02 2.275419747281452797e-04 -7.599834125191505336e-06 -6.379519683364065568e-07 3.76 0.00022864427281 1.6e-09
4.113312529873310719e-05 1.707652660764686026e+00 -8.289849743197727494e-03 1.271356246626181353e-04 -4.036926434381015295e-05 -1.015956923179868513e-06 3.76 0.00022864427281 1.6e-09
-4.375285096407838145e-05 7.985382361984665334e-01 2.303844722381746118e-02 1.084969738016114638e-04 5.695311735801155512e-05 2.488674558494135967e-06 3.76 0.00022864427281 1.6e-09
1.319211434278484550e-05 3.429211556665543892e+00 7.743882157064471694e-02 2.109129516026509018e-04 1.370392595316087084e-05 -2.250575858410226589e-08 3.76 0.00022864427281 1.6e-09
-2.305960348308235138e-05 3.732001884209853237e+00 4.806010754391942807e-02 2.270490721581985252e-04 -7.332365861449756733e-06 -4.900343361046905264e-07 3.76 0.00022864427281 1.6e-09
-7.458175379573679068e-06 1.723605378577740765e+00 -1.253797387778479364e-02 1.278172408493365815e-04 -3.996773856713248615e-05 -6.231262697418775263e-07 3.76 0.00022864427281 1.6e-09
3.130858170163731773e-05 7.857186954605265283e-01 1.656839990277306218e-02 1.088616157339098768e-04 5.697383996167841612e-05 1.641768186023894059e-06 3.76 0.00022864427281 1.6e-09
-4.458996591589488534e-05 3.413710478013475491e+00 4.568043169653701607e-02 2.101101382430444592e-04 1.371750074124326574e-05 -8.120408444253083207e-08 3.76 0.00022864427281 1.6e-09
5.026413965850580750e-06 3.709304361403705119e+00 2.192607642408201871e-02 2.258490885958473727e-04 -7.484875123543075786e-06 -3.383307690166397734e-07 3.76 0.00022864427281 1.6e-09
-1.735740034561849320e-05 1.676190679564887542e+00 -1.444425640716641424e-02 1.259644606375650406e-04 -4.069399358168370958e-05 -2.747282548718853621e-07 3.76 0.00022864427281 1.6e-09
-4.664606317280908619e-05 8.227455594870565214e-01 1.082422661558455138e-02 1.081910420901103359e-04 5.647094357232416300e-05 7.103782133297682056e-07 3.76 0.00022864427281 1.6e-09
8.988490619298551373e-05 3.424378606030856087e+00 1.477672966841294885e-02 2.106920565967742589e-04 1.326156460415042049e-05 -1.302580555947848300e-07 3.76 0.00022864427281 1.6e-09
9.248775419071420456e-05 3.672545015088237719e+00 -2.444406457694912448e-03 2.238970984157688353e-04 -8.036673753113178465e-06 -1.797915649080286429e-07 3.76 0.00022864427281 1.6e-09
5.349621043173800433e-05 1.567654844459367869e+00 -1.444584147342162575e-02 1.218642717151693369e-04 -4.255700799056069314e-05 7.231848734603322738e-08 3.76 0.00022864427281 1.6e-09
1.018044597770621223e-05 9.128993972845532712e-01 4.697016447097209120e-03 1.074132407711913650e-04 5.503128502248956001e-05 -1.223044874849259926e-07 3.76 0.00022864427281 1.6e-09
4.054014616232070570e-05 3.458001589704816858e+00 -1.461935484274690805e-02 2.124875270460170455e-04 1.239751331693643888e-05 -1.722349125254337329e-07 3.76 0.00022864427281 1.6e-09
9.447679962379403984e-05 3.621201000459282060e+00 -2.520722800208435865e-02 2.211678900026733984e-04 -8.960785301278433043e-06 -2.283439615167476702e-08 3.76 0.00022864427281 1.6e-09
3.591537520029118948e-05 1.404032688289572395e+00 -1.302704738079358757e-02 1.162757648740838225e-04 -4.554553021919137271e-05 4.374443555806844959e-07 3.76 0.00022864427281 1.6e-09
-4.884335481985236618e-05 1.059783121742680745e+00 -1.968239802918519965e-03 1.082352784544258004e-04 5.227453494664953979e-05 -6.536235268065847729e-07 3.76 0.00022864427281 1.6e-09
2.790862756947439210e-05 3.510081777922424706e+00 -3.766198937904279009e-02 2.152598823215947808e-04 1.121052708740021139e-05 -1.958754035778294965e-07 3.76 0.00022864427281 1.6e-09
-8.864796656283877973e-05 3.559603050184282580e+00 -4.241432227791394616e-02 2.178934928961884189e-04 -1.016255917102281412e-05 1.077948824298791888e-07 3.76 0.00022864427281 1.6e-09
-8.895952303675910610e-06 1.209317135259326159e+00 -1.021079550794241550e-02 1.109264316893404580e-04 -4.931418592861396526e-05 7.710573571536813351e-07 3.76 0.00022864427281 1.6e-09
-4.198839249394163632e-05 1.248529510041717971e+00 -8.121354060959144749e-03 1.118671415692458872e-04 4.852709882579118322e-05 -8.007075015683655815e-07 3.76 0.00022864427281 1.6e-09
-8.143813262451362743e-05 3.571533203492665898e+00 -4.760438601095806632e-02 2.185281587448085366e-04 9.908620048765382542e-06 -1.766593122288825306e-07 3.76 0.00022864427281 1.6e-09
4.650741747210214232e-05 3.496976286525591782e+00 -4.740748154785293100e-02 2.145632766535617659e-04 -1.148395655429075446e-05 1.841185067527794260e-07 3.76 0.00022864427281 1.6e-09
3.906485420409075242e-06 1.023695663358957120e+00 -5.931037131811745661e-03 1.078342875693753605e-04 -5.297661171214239513e-05 9.219488822772297424e-07 3.76 0.00022864427281 1.6e-09
-3.392289917749905144e-05 1.442173615796721986e+00 -1.235768377048887708e-02 1.175186165043211675e-04 4.478985149210575479e-05 -6.657311055041214039e-07 3.76 0.00022864427281 1.6e-09
-8.535956534162374197e-05 3.629938933824217173e+00 -4.279209331286992768e-02 2.216360053792026073e-04 8.699480729333896331e-06 -1.039075351118589200e-07 3.76 0.00022864427281 1.6e-09
5.463171530882507019e-05 3.440610550908823839e+00 -3.784157910392529911e-02 2.115672953179300654e-04 -1.270023219518322336e-05 2.017962121243394510e-07 3.76 0.00022864427281 1.6e-09
8.649021952176971990e-07 8.759987976373425633e-01 -8.887007406445746136e-04 1.076090763228423257e-04 -5.561918113838284805e-05 7.362281749136808505e-07 3.76 0.00022864427281 1.6e-09
-5.285999897010610260e-05 1.609758162689043148e+00 -1.423598841747627380e-02 1.234545629546483390e-04 4.172587807465481368e-05 -3.991526204764329500e-07 3.76 0.00022864427281 1.6e-09
1.118189684087574195e-04 3.676961211762085568e+00 -2.752047402158715877e-02 2.241412880290481703e-04 7.689200849038064828e-06 7.989764958630234497e-09 3.76 0.00022864427281 1.6e-09
5.782784968454337410e-05 3.391790152268661984e+00 -1.762736933836031583e-02 2.089760921061260433e-04 -1.372852403856647540e-05 1.780216406093204780e-07 3.76 0.00022864427281 1.6e-09
-3.127146693202759490e-05 7.688498770821780015e-01 3.839512264603438772e-03 1.093902906778499080e-04 -5.696064009735005314e-05 1.915288782583246687e-07 3.76 0.00022864427281 1.6e-09
-4.503212663800739779e-05 1.743828853752008357e+00 -1.407492691514171043e-02 1.287091289085722022e-04 3.938337890490553779e-05 -9.088946430056489311e-08 3.76 0.00022864427281 1.6e-09
-1.914992064100921068e-05 3.711315987968251129e+00 -6.745516277546980202e-03 2.259739158070902913e-04 6.898674702138624184e-06 1.374134213376630996e-07 3.76 0.00022864427281 1.6e-09
-3.275293519704538820e-05 3.347774616932256642e+00 7.993123630885459741e-03 2.066467385170183725e-04 -1.458440914246800772e-05 1.289590214559684303e-07 3.76 0.00022864427281 1.6e-09
-2.655368237615905838e-05 6.907585364849238019e-01 7.508969839740076840e-03 1.122113959725438439e-04 -5.720228719103967262e-05 -6.245438030932133130e-07 3.76 0.00022864427281 1.6e-09
-1.173167033585101603e-05 1.852280150182777474e+00 -1.214881700495477890e-02 1.332200634824216596e-04 3.754016982578884461e-05 2.221858992493962577e-07 3.76 0.00022864427281 1.6e-09
9.998105142748926473e-05 3.735361563652935146e+00 1.647234177359364199e-02 2.272600459855825456e-04 6.218062668908652389e-06 2.674339414853043065e-07 3.76 0.00022864427281 1.6e-09
8.827574734336415927e-05 3.303548764918430969e+00 3.533945296096321215e-02 2.043142325459549138e-04 -1.537003725767743594e-05 6.136268658346814130e-08 3.76 0.00022864427281 1.6e-09
-1.996434998319482367e-06 6.287968544353502720e-01 9.657891708482333609e-03 1.157275980274118099e-04 -5.650784900910686660e-05 -1.604326525156342814e-06 3.76 0.00022864427281 1.6e-09
6.264220680981260291e-06 1.948249279528389888e+00 -8.486409828716092590e-03 1.373760512681809786e-04 3.592772659003467671e-05 5.235226956027827392e-07 3.76 0.00022864427281 1.6e-09
-3.677439859176995918e-05 3.751734336139249670e+00 4.044849247722939745e-02 2.281394388701311329e-04 5.581856382678206827e-06 3.858296614242159069e-07 3.76 0.00022864427281 1.6e-09
7.229591666397599213e-06 3.251751366843175006e+00 6.203429094481480166e-02 2.015956008351146769e-04 -1.617895256500676885e-05 -2.464261258903988332e-08 3.76 0.00022864427281 1.6e-09
5.041602516531395138e-05 5.725443351865384667e-01 9.815575836019942504e-03 1.202387521905258993e-04 -5.464773835882272550e-05 -2.662050209617578930e-06 3.76 0.00022864427281 1.6e-09
5.896854873737234946e-06 2.046829697426890693e+00 -2.960567330205087118e-03 1.417848152884064710e-04 3.427141494163047806e-05 7.973058665396116263e-07 3.76 0.00022864427281 1.6e-09
4.326489546373407847e-05 3.762020164405587508e+00 6.385982809992082898e-02 2.286984289191754843e-04 4.843412396029282505e-06 4.814413161600301575e-07 3.76 0.00022864427281 1.6e-09
-4.534941544960427277e-05 3.180872038066553387e+00 8.597603649123522485e-02 1.978938317137057031e-04 -1.719470185591868806e-05 -1.330136152946689539e-07 3.76 0.00022864427281 1.6e-09
-6.319603589947888798e-05 5.150369324663396364e-01 7.346769480247077738e-03 1.266039059401051134e-04 -5.050606751595315599e-05 -3.715288450787735618e-06 3.76 0.00022864427281 1.6e-09
-3.835504038435113108e-05 2.165651922414540742e+00 4.809073471961751445e-03 1.472572584963723411e-04 3.227662218571595350e-05 1.020389479748900643e-06 3.76 0.00022864427281 1.6e-09
-5.260136558128597402e-05 3.766141240245701738e+00 8.520646359326958241e-02 2.289338243097243048e-04 3.872286936840576237e-06 5.397983366399057591e-07 3.76 0.00022864427281 1.6e-09
1.519026511426724518e-05 3.072585980345334811e+00 1.045133673670834706e-01 1.922736002735718095e-04 -1.868014141659456417e-05 -2.735727271646164325e-07 3.76 0.00022864427281 1.6e-09
-4.124830375904350112e-05 4.553074531573996220e-01 1.574132935703185078e-03 1.357365557677790908e-04 -4.131301416109089497e-05 -4.584270029237131857e-06 3.76 0.00022864427281 1.6e-09
-1.185412429843138920e-05 2.325119009327258013e+00 1.623173353308936251e-02 1.548199131530060601e-04 2.962831464273366956e-05 1.168058480550095420e-06 3.76 0.00022864427281 1.6e-09
-6.192436344888753463e-05 3.762834430114994078e+00 1.035557769722807442e-01 2.287783186283747806e-04 2.462893841779901096e-06 5.394224161137500378e-07 3.76 0.00022864427281 1.6e-09
3.624613759697855486e-05 2.902749183687839185e+00 1.145950133146992067e-01 1.835448988426132441e-04 -2.098394074772274236e-05 -4.707298750323427391e-07 3.76 0.00022864427281 1.6e-09
9.325111085242651394e-06 4.056509717418463890e-01 -7.361714204078551038e-03 1.460405341811080973e-04 -2.206980602945553661e-05 -4.757533132472922309e-06 3.76 0.00022864427281 1.6e-09
6.068358859703844722e-05 2.539979381856251717e+00 3.545599799661158791e-02 1.653035462836215553e-04 2.620847519349957748e-05 1.247897169691852857e-06 3.76 0.00022864427281 1.6e-09
-3.821254521314685948e-05 3.755524070424983485e+00 1.222798584940862354e-01 2.284048475519074586e-04 5.380385468464788144e-07 4.603718344071040138e-07 3.76 0.00022864427281 1.6e-09
3.259151299846217795e-06 2.667083670254122296e+00 1.163931833520422121e-01 1.716254215274254434e-04 -2.428991353994521278e-05 -7.754288272342472618e-07 3.76 0.00022864427281 1.6e-09
2.952113098148002011e-05 3.924684560357407648e-01 -1.695030302747865814e-02 1.492591646744468778e-04 7.493361372502450806e-06 -3.518920187207614503e-06 3.76 0.00022864427281 1.6e-09
3.336904759075675302e-05 2.788122378145221347e+00 6.572480797142010722e-02 1.777172013358715107e-04 2.257298154017058658e-05 1.306958557265776762e-06 3.76 0.00022864427281 1.6e-09
-7.554292321692559955e-05 3.758640079278797508e+00 1.481889686553461982e-01 2.285639513002701796e-04 -1.527987142221474732e-06 3.229192905568180730e-07 3.76 0.00022864427281 1.6e-09
4.090518323217655838e-05 2.430493563709462457e+00 1.169723461937799691e-01 1.599221988142233357e-04 -2.788439990568365742e-05 -1.210358626793314050e-06 3.76 0.00022864427281 1.6e-09
5.658690017165289229e-05 4.253810753958529034e-01 -2.300686427152576902e-02 1.414628072305822593e-04 3.282766470482045796e-05 -1.382447325658326003e-06 3.76 0.00022864427281 1.6e-09
5.203526289644267865e-06 2.994442931069151825e+00 9.896214888148785471e-02 1.882360147314786694e-04 1.978024900513978727e-05 1.348275341718162060e-06 3.76 0.00022864427281 1.6e-09
-8.351210235589496883e-05 3.771771114979138861e+00 1.762251087917308945e-01 2.292397355065726983e-04 -3.111601765764768194e-06 1.803868373541806100e-07 3.76 0.00022864427281 1.6e-09
-2.600862866026895211e-05 2.266038272735346304e+00 1.191438040850192198e-01 1.519752683758364680e-04 -3.059511704642695431e-05 -1.656798821191617935e-06 3.76 0.00022864427281 1.6e-09
2.037965777674114200e-05 4.732050291860497859e-01 -2.448172574605346832e-02 1.324680432460429835e-04 4.547023796762415890e-05 3.926411269727890262e-07 3.76 0.00022864427281 1.6e-09
7.977058559898217828e-05 3.120074098203288848e+00 1.276276945839419363e-01 1.947124390901748255e-04 1.818441053502903429e-05 1.374766278114921003e-06 3.76 0.00022864427281 1.6e-09
6.727280855371698363e-05 3.786766669208341263e+00 1.997656271381542392e-01 2.300168827169705782e-04 -3.996034994257624263e-06 5.662338066782519290e-08 3.76 0.00022864427281 1.6e-09
3.904371554636065360e-05 2.186981953767215714e+00 1.215957030875738087e-01 1.482076899361058856e-04 -3.201830834374787759e-05 -2.000160955616805853e-06 3.76 0.00022864427281 1.6e-09
6.140320439770570547e-05 5.037912273813076602e-01 -2.340354994417543841e-02 1.277991588659848482e-04 5.002831119097967175e-05 1.587544912809508452e-06 3.76 0.00022864427281 1.6e-09
-4.311795814089834167e-05 3.180186404884540519e+00 1.509922659210930496e-01 1.978187442019918563e-04 1.754781543129055148e-05 1.401364316633871371e-06 3.76 0.00022864427281 1.6e-09
-6.048252753214896705e-05 3.806739568909093929e+00 2.188342373514542416e-01 2.310672028797657236e-04 -4.246879871057731526e-06 -4.417571718859563492e-08 3.76 0.00022864427281 1.6e-09
-1.763177590957561147e-06 2.186156570605666705e+00 1.251446856738039903e-01 1.481299462708441706e-04 -3.219344593609312760e-05 -2.212148317148541841e-06 3.76 0.00022864427281 1.6e-09
1.381133194911708279e-05 5.040638322276658201e-01 -2.191697715423365431e-02 1.275877202597686805e-04 5.048865923866685177e-05 2.394718783003592027e-06 3.76 0.00022864427281 1.6e-09
3.053151665861713032e-06 3.192246912117098212e+00 1.696365696214256480e-01 1.984221258868921025e-04 1.764558518341406636e-05 1.439467273640646718e-06 3.76 0.00022864427281 1.6e-09
2.677398735449906618e-05 3.838571473247844867e+00 2.347738769122668101e-01 2.327563325720800153e-04 -3.959447589321816077e-06 -1.172411803002399621e-07 3.76 0.00022864427281 1.6e-09
2.521883765239552760e-05 2.265677104595161140e+00 1.314793731179157432e-01 1.518343167709783142e-04 -3.115435993268345072e-05 -2.287532070484104517e-06 3.76 0.00022864427281 1.6e-09
2.573933448821565453e-05 4.726371929455043808e-01 -2.146868946137037854e-02 1.319721340492131388e-04 4.702048340346503028e-05 2.889580852754961139e-06 3.76 0.00022864427281 1.6e-09
5.418202983290896759e-05 3.157932219227656656e+00 1.827757616019964615e-01 1.965956211861183693e-04 1.851018931007730256e-05 1.500412818134774779e-06 3.76 0.00022864427281 1.6e-09
1.557942382418257826e-05 3.887955218427460835e+00 2.477960147960445170e-01 2.353881458190021944e-04 -3.062008214106688896e-06 -1.521095072307190844e-07 3.76 0.00022864427281 1.6e-09
-4.553946313143143808e-05 2.440285463253617948e+00 1.420978923127176885e-01 1.601969206684487413e-04 -2.879414306950076800e-05 -2.216196031272914606e-06 3.76 0.00022864427281 1.6e-09
4.928336356138779124e-05 4.196599708241171012e-01 -2.267921615760942755e-02 1.414864167826704083e-04 3.558585278722461792e-05 2.844465446695392719e-06 3.76 0.00022864427281 1.6e-09
-4.153366556934308482e-05 3.056674757389359343e+00 1.858105259266547016e-01 1.912861869943881113e-04 2.036985887372765275e-05 1.589758043105298223e-06 3.76 0.00022864427281 1.6e-09
-1.180315320638251089e-04 3.946332522067740545e+00 2.540081765479766940e-01 2.385065875525516793e-04 -1.485971799116355353e-06 -1.365579012594134842e-07 3.76 0.00022864427281 1.6e-09
5.408805339907891529e-05 2.706124823017082015e+00 1.548176972227787440e-01 1.733450156275678040e-04 -2.530383553820395436e-05 -1.998332713999851636e-06 3.76 0.00022864427281 1.6e-09
-3.858915375131648055e-05 3.794505805732631964e-01 -2.450924635846265381e-02 1.509707524993293411e-04 9.167733477124181499e-06 1.655910374861279660e-06 3.76 0.00022864427281 1.6e-09
4.161245885306977840e-06 2.849591676170550425e+00 1.705290257740770532e-01 1.806106289987176067e-04 2.340609527943314614e-05 1.699189080210257673e-06 3.76 0.00022864427281 1.6e-09
7.707801982316674527e-05 3.966261493910844926e+00 2.444966445972350244e-01 2.395726064380225909e-04 5.007725802421586649e-07 -7.341483120506452752e-08 3.76 0.00022864427281 1.6e-09
1.978472795048934917e-05 2.967957082970418270e+00 1.593951987458203379e-01 1.866840359762930474e-04 -2.176902452388082828e-05 -1.699688328625908238e-06 3.76 0.00022864427281 1.6e-09
-3.214217186560572282e-05 3.941317822301482199e-01 -2.433606426940745221e-02 1.472863774194245424e-04 -2.379485702752840868e-05 -2.647090475942315999e-07 3.76 0.00022864427281 1.6e-09
5.284781799035385497e-05 2.567837012988761547e+00 1.444578958983587791e-01 1.664464070198300562e-04 2.715738350007410192e-05 1.843863472080216445e-06 3.76 0.00022864427281 1.6e-09
-1.021128014484917333e-04 3.924037088729945832e+00 2.262799043144954614e-01 2.373144980685623303e-04 2.399454843396220255e-06 1.010891589376359358e-08 3.76 0.00022864427281 1.6e-09
4.869105281898183923e-05 3.129167137594500936e+00 1.557663599336935323e-01 1.950698742085210560e-04 -1.922782065966154843e-05 -1.451597993598601599e-06 3.76 0.00022864427281 1.6e-09
4.046817627527486000e-05 4.501902000453154584e-01 -2.212210755343210766e-02 1.356556317118553395e-04 -4.337042398238603760e-05 -1.494193413256677831e-06 3.76 0.00022864427281 1.6e-09
4.509647465387936206e-05 2.330907508339482348e+00 1.260670161113544019e-01 1.549129303812779568e-04 3.037567232426275000e-05 2.010289520917713336e-06 3.76 0.00022864427281 1.6e-09
-6.330706539975560702e-05 3.870021733786371154e+00 2.154535821864725365e-01 2.344279935356391193e-04 3.768913694900650077e-06 7.050733122479303521e-08 3.76 0.00022864427281 1.6e-09
9.438586041900015253e-05 3.213298414408199299e+00 1.534975567195330237e-01 1.994968163282835507e-04 -1.765491413936911820e-05 -1.321815338787986429e-06 3.76 0.00022864427281 1.6e-09
-1.623632393420769977e-05 5.091832772582978173e-01 -2.014494521901460250e-02 1.267807136082390175e-04 -5.136520806296104586e-05 -2.009649887623902882e-06 3.76 0.00022864427281 1.6e-09
-6.561352329319033853e-07 2.174392574992401350e+00 1.176447879676761343e-01 1.475346453809620517e-04 3.259949968997291581e-05 2.158410994158182789e-06 3.76 0.00022864427281 1.6e-09
-4.691438906144665926e-05 3.830577907572020990e+00 2.118797839965794183e-01 2.323217843812340239e-04 4.637285128676567458e-06 9.140679335577735232e-08 3.76 0.00022864427281 1.6e-09
2.434309009461927233e-05 3.259112365111064058e+00 1.524612486701614755e-01 2.019198517899800237e-04 -1.671282721519599880e-05 -1.278201744949878494e-06 3.76 0.00022864427281 1.6e-09
9.888200263616664804e-06 5.550750581058578881e-01 -1.955740454617842586e-02 1.215888669160000886e-04 -5.450423772077086213e-05 -2.134043332498018401e-06 3.76 0.00022864427281 1.6e-09
-6.127097947170734174e-05 2.077162596968222807e+00 1.152896164327384260e-01 1.430677609827340525e-04 3.403675364718279823e-05 2.266483540451231637e-06 3.76 0.00022864427281 1.6e-09
-2.105816965204705676e-05 3.805821425790816726e+00 2.109902845184097875e-01 2.310000783869514750e-04 5.178674332090404383e-06 7.793457655891388281e-08 3.76 0.00022864427281 1.6e-09
-5.710449647513125051e-05 3.287447630571898038e+00 1.502912050928416066e-01 2.034199761789011799e-04 -1.612726439077712430e-05 -1.276606328998615279e-06 3.76 0.00022864427281 1.6e-09
-1.254515509412178271e-05 5.885980678741172811e-01 -2.031950863845511518e-02 1.185301587824619696e-04 -5.587283320162665385e-05 -2.042438704261102910e-06 3.76 0.00022864427281 1.6e-09
-3.751110820349827231e-05 2.014284409372185891e+00 1.158099089982737029e-01 1.402328135839056036e-04 3.499517590381594716e-05 2.330189578934971313e-06 3.76 0.00022864427281 1.6e-09
-4.180452772281419317e-05 3.790933311182561383e+00 2.098453907908710558e-01 2.302043143950732284e-04 5.547999438434677769e-06 3.949589433747564544e-08 3.76 0.00022864427281 1.6e-09
-4.824111109141259330e-05 3.309216271363443873e+00 1.458561439967616113e-01 2.045699868395667005e-04 -1.571927349962461661e-05 -1.289005437400036923e-06 3.76 0.00022864427281 1.6e-09
-4.511776674986783673e-05 6.155962525268406926e-01 -2.202478646002463403e-02 1.164325576557717927e-04 -5.661197496241200260e-05 -1.822235294894280464e-06 3.76 0.00022864427281 1.6e-09
3.373693956758956006e-05 1.967309904771662454e+00 1.171853796483652843e-01 1.381423277742914121e-04 3.573930275802877563e-05 2.354075522906573410e-06 3.76 0.00022864427281 1.6e-09
6.143756980296865818e-05 3.781963818460547522e+00 2.069340581430602066e-01 2.297231366108320853e-04 5.844000040477050238e-06 -1.582346381136306056e-08 3.76 0.00022864427281 1.6e-09
3.660960177656103799e-05 3.331588136540842626e+00 1.388489381594627259e-01 2.057482797763842796e-04 -1.536066289334848473e-05 -1.299144739496665984e-06 3.76 0.00022864427281 1.6e-09
-5.074187888255128436e-05 6.432038006159880306e-01 -2.431272931270200832e-02 1.145720479410311364e-04 -5.713574770115365106e-05 -1.530806135038576570e-06 3.76 0.00022864427281 1.6e-09
-2.790899211915951562e-05 1.922028124138977168e+00 1.180955303623948127e-01 1.361452542666621466e-04 3.650365608125331646e-05 2.347092546331841892e-06 3.76 0.00022864427281 1.6e-09
4.856662576535455478e-05 3.776152457152100350e+00 2.014148311755620258e-01 2.294078813976004885e-04 6.170636907147434549e-06 -8.240719832744957836e-08 3.76 0.00022864427281 1.6e-09
9.321707114603124448e-05 3.361089734246114347e+00 1.291989762181621204e-01 2.073001855772925168e-04 -1.493724749620611554e-05 -1.297014500926465696e-06 3.76 0.00022864427281 1.6e-09
-5.575611277414806524e-05 6.804989514913197812e-01 -2.701837203605582383e-02 1.124732015132074120e-04 -5.753335738848603981e-05 -1.217702715362158261e-06 3.76 0.00022864427281 1.6e-09
5.070422662564318616e-05 1.864756455124813250e+00 1.175069202826336812e-01 1.336565667066482517e-04 3.750101401863746640e-05 2.319732856991553038e-06 3.76 0.00022864427281 1.6e-09
-1.084597447096536711e-04 3.771181171051907199e+00 1.924538672318221733e-01 2.291331643167947795e-04 6.622658271102861206e-06 -1.580597450009984421e-07 3.76 0.00022864427281 1.6e-09
-1.940353511501155038e-05 3.405313132413688493e+00 1.165250362276327861e-01 2.096287113152451556e-04 -1.432425911290586545e-05 -1.275357619534252901e-06 3.76 0.00022864427281 1.6e-09
2.761807142858614173e-05 7.417038752280505909e-01 -3.028235991792573023e-02 1.099190862220911962e-04 -5.760208254821804586e-05 -9.261033107031648817e-07 3.76 0.00022864427281 1.6e-09
1.340564054576084992e-05 1.778074399852733745e+00 1.141456729026163325e-01 1.299792282088677205e-04 3.906587515019115889e-05 2.278397188746149243e-06 3.76 0.00022864427281 1.6e-09
-4.344996710485032789e-05 3.763688076754911016e+00 1.781766785061781322e-01 2.287178150194712090e-04 7.292849794232528199e-06 -2.464366208232674226e-07 3.76 0.00022864427281 1.6e-09
-8.913037408499711878e-05 3.472884171310959722e+00 9.913292694183983844e-02 2.131942180904561682e-04 -1.340016266880774898e-05 -1.226463782486152171e-06 3.76 0.00022864427281 1.6e-09
-3.124316163858063187e-05 8.518887492901212610e-01 -3.477040100881613471e-02 1.075056342094692649e-04 -5.655859738123053841e-05 -6.724920812561735611e-07 3.76 0.00022864427281 1.6e-09
4.809797947425827557e-05 1.637946183908081776e+00 1.056649310732961783e-01 1.243296469471250032e-04 4.165304656936237576e-05 2.205232276649805830e-06 3.76 0.00022864427281 1.6e-09
1.029683409117965621e-04 3.745821815857719450e+00 1.535945208108689397e-01 2.277407585604147161e-04 8.322002076968336979e-06 -3.612817833582642573e-07 3.76 0.00022864427281 1.6e-09
8.572618684941942630e-05 3.567875621882760750e+00 7.204880414964488777e-02 2.182249350579536088e-04 -1.206785804217837006e-05 -1.137185762643686502e-06 3.76 0.00022864427281 1.6e-09
-3.518943170453699132e-05 1.045632650983732148e+00 -4.223852330243219738e-02 1.076943071823547779e-04 -5.325797065696842559e-05 -3.948937999534028958e-07 3.76 0.00022864427281 1.6e-09
-3.391815893508419227e-05 1.419579927863778179e+00 8.854815650966288421e-02 1.164858815773905086e-04 4.583506114242233995e-05 2.024391620545136996e-06 3.76 0.00022864427281 1.6e-09
1.075630304823806983e-04 3.700196459082551570e+00 1.098165097948242130e-01 2.252791273190599131e-04 9.791801240420540262e-06 -5.221696514408984114e-07 3.76 0.00022864427281 1.6e-09
2.025094931190557837e-05 3.673090777110470828e+00 2.686643794274668623e-02 2.238274745540784981e-04 -1.037283290058860525e-05 -9.850070316846542766e-07 3.76 0.00022864427281 1.6e-09
3.641480402659900972e-05 1.323525591038458238e+00 -5.575679436254508958e-02 1.135346772490216212e-04 -4.781830173934722137e-05 4.040283928927287492e-08 3.76 0.00022864427281 1.6e-09
-3.828096769791079583e-05 1.138620137465157001e+00 6.388817280408898291e-02 1.090838960974659365e-04 5.141902137113218952e-05 1.631610717276605799e-06 3.76 0.00022864427281 1.6e-09
-4.038675000610050835e-05 3.610982963651458100e+00 4.647519874334865575e-02 2.205105623593025589e-04 1.155566678448902257e-05 -7.111265819644020952e-07 3.76 0.00022864427281 1.6e-09
-6.964465541072559619e-06 3.748151531398494996e+00 -3.452206283888509253e-02 2.278522970002383268e-04 -8.688982022128788346e-06 -7.576753275356143310e-07 3.76 0.00022864427281 1.6e-09
-5.068672733974543447e-05 1.596928372871308621e+00 -7.400509056077538006e-02 1.227324691802403301e-04 -4.259727325080461157e-05 6.218366940271475515e-07 3.76 0.00022864427281 1.6e-09
-3.182370872327833027e-05 8.899451130234390384e-01 4.140361030912102780e-02 1.071287509171424266e-04 5.606291377740516907e-05 9.547558202881703349e-07 3.76 0.00022864427281 1.6e-09
-9.557610290477906614e-07 3.501782496084989482e+00 -1.668104649454214827e-02 2.147122897384710493e-04 1.321868160389794093e-05 -8.543896918238529446e-07 3.76 0.00022864427281 1.6e-09
-3.527190676451816200e-05 3.782738717515989446e+00 -9.004016728211652887e-02 2.297259662802295641e-04 -7.327296782235764527e-06 -4.899851674320381017e-07 3.76 0.00022864427281 1.6e-09
-4.428040748011466925e-06 1.795314761767845546e+00 -8.670860779388443740e-02 1.306609569025946505e-04 -3.898092235407494226e-05 1.123664648988203922e-06 3.76 0.00022864427281 1.6e-09
-5.163906034870685801e-05 7.327433624699771775e-01 2.542064048385764621e-02 1.101595433547746124e-04 5.779831908099841719e-05 -5.783571782139751661e-08 3.76 0.00022864427281 1.6e-09
1.002733090446790556e-04 3.409828129768754046e+00 -6.530750626759915245e-02 2.098531532564622065e-04 1.451516874923879425e-05 -9.008622654498253621e-07 3.76 0.00022864427281 1.6e-09
-8.970483637360305879e-05 3.799065311487338725e+00 -1.252839972493035026e-01 2.306179013687764841e-04 -6.332163474905392220e-06 -2.227855454260658156e-07 3.76 0.00022864427281 1.6e-09
6.569278376695314708e-05 1.930870357514004043e+00 -8.776807397225261376e-02 1.364878520943728130e-04 -3.661205588617166135e-05 1.424298960782195224e-06 3.76 0.00022864427281 1.6e-09
-3.359158826113618432e-05 6.407300175675127996e-01 1.367744833346410185e-02 1.146126052706763457e-04 5.738860045609939307e-05 -1.291759679455563563e-06 3.76 0.00022864427281 1.6e-09
-5.113468213098627368e-05 3.342367928540957767e+00 -9.733693931452992720e-02 2.062960905654597995e-04 1.552032911610980642e-05 -8.413483300343650567e-07 3.76 0.00022864427281 1.6e-09
-3.058182779510782828e-05 3.814841004207351283e+00 -1.393053315513276824e-01 2.314718296647799863e-04 -5.562742420256845216e-06 2.394175998477825530e-08 3.76 0.00022864427281 1.6e-09
-4.351344656306857538e-07 2.041320635018908369e+00 -7.800096381835425197e-02 1.414159326683133355e-04 -3.479030360258465916e-05 1.517764620919899893e-06 3.76 0.00022864427281 1.6e-09
5.524750458581357686e-05 5.763644249177668488e-01 4.429408470703996743e-03 1.194850145027606312e-04 5.570541135096655034e-05 -2.540069585070967527e-06 3.76 0.00022864427281 1.6e-09
-6.178768708173612047e-05 3.287733370399462451e+00 -1.127690899188512896e-01 2.034148414207135550e-04 1.644018911848543063e-05 -6.859017527432900164e-07 3.76 0.00022864427281 1.6e-09
-7.758427713310119770e-05 3.839758972748757770e+00 -1.338244115725094052e-01 2.328084979295129268e-04 -4.790827556041829400e-06 2.334840861579133011e-07 3.76 0.00022864427281 1.6e-09
3.251917278423564777e-05 2.164192458790892282e+00 -5.975928342954631156e-02 1.470447077986318084e-04 -3.291845458391305928e-05 1.417035668305556069e-06 3.76 0.00022864427281 1.6e-09
4.454377775134354278e-05 5.158541033021671884e-01 -2.187791991988314970e-03 1.258658627755018821e-04 5.215239150073190324e-05 -3.638358592859369034e-06 3.76 0.00022864427281 1.6e-09
8.251810191578803596e-05 3.227326316337409295e+00 -1.105888889896728400e-01 2.002275276629132336e-04 1.756836685031186571e-05 -4.521514283045775109e-07 3.76 0.00022864427281 1.6e-09
4.555805653219137646e-05 3.879855740815924214e+00 -1.099823050668515823e-01 2.349533961811414262e-04 -3.802848530377392039e-06 3.863517868008359114e-07 3.76 0.00022864427281 1.6e-09
8.239527869378044181e-06 2.335259409338940273e+00 -3.478397247885398058e-02 1.551127020215195313e-04 -3.046958777290994944e-05 1.148772831353736769e-06 3.76 0.00022864427281 1.6e-09
9.950342604233582263e-06 4.504806274866872129e-01 -4.935337010852079362e-03 1.355423751344347438e-04 4.364799079221007348e-05 -4.475368938594458037e-06 3.76 0.00022864427281 1.6e-09
-8.834794329670212876e-05 3.134163031157010337e+00 -9.132769897183562469e-02 1.953278636629345944e-04 1.928103780389128422e-05 -1.751541467193987221e-07 3.76 0.00022864427281 1.6e-09
-6.375436446995965149e-05 3.933376718204006472e+00 -7.123911415058160890e-02 2.378167955524116686e-04 -2.365259377675980952e-06 4.663513360455931028e-07 3.76 0.00022864427281 1.6e-09
-4.152113053194046526e-05 2.577280732616310743e+00 -5.161088554931786594e-03 1.669115912176749432e-04 -2.717676671093730817e-05 7.886468043736785487e-07 3.76 0.00022864427281 1.6e-09
-7.226436054744409833e-05 3.934320620986283545e-01 -2.860036629566021539e-03 1.474343439517954830e-04 2.378954915957094506e-05 -4.920444190433419915e-06 3.76 0.00022864427281 1.6e-09
-2.259963670806611788e-05 2.968003170029692939e+00 -6.622482335464917325e-02 1.866887699010144543e-04 2.187922258960943193e-05 5.014791113488026412e-08 3.76 0.00022864427281 1.6e-09
-8.478718813862630064e-05 3.972696072375330623e+00 -3.327009679585836432e-02 2.399219087082577655e-04 -4.826729263172718538e-07 4.828980798114003716e-07 3.76 0.00022864427281 1.6e-09
5.252057249422842730e-05 2.853242840896587751e+00 2.090758982126928248e-02 1.807982783451507740e-04 -2.349539759244542850e-05 4.973305138303341445e-07 3.76 0.00022864427281 1.6e-09
-2.651172948579271263e-07 3.791898193368905545e-01 2.917678989037308587e-03 1.511357998874948857e-04 -8.462480502112278954e-06 -4.832323868896945274e-06 3.76 0.00022864427281 1.6e-09
-6.482361717541270394e-05 2.711528641239925097e+00 -5.579510141105717413e-02 1.736155899815995012e-04 2.539185112165295480e-05 1.248671323941333554e-07 3.76 0.00022864427281 1.6e-09
-1.151803104556431727e-04 3.957403304694346424e+00 -1.692663422473082019e-02 2.391030065166740320e-04 1.517796162921419116e-06 5.044790136398642473e-07 3.76 0.00022864427281 1.6e-09
-9.210216748892456476e-05 3.066507890229050126e+00 3.422968810723833050e-02 1.917949625807662212e-04 -2.040192425634183387e-05 4.087356167422749015e-07 3.76 0.00022864427281 1.6e-09
2.152882862163707294e-05 4.199500654139747824e-01 1.017233692121293290e-02 1.414951110296386620e-04 -3.560114160486604386e-05 -4.485472868495520121e-06 3.76 0.00022864427281 1.6e-09
-4.120230738703153505e-05 2.442382217203425299e+00 -5.527004384526922054e-02 1.602798671611949978e-04 2.902733494161720867e-05 1.819139587536170221e-07 3.76 0.00022864427281 1.6e-09
-6.956139964179033019e-06 3.908898276122930504e+00 -6.795068745359667678e-03 2.365055202125109261e-04 3.222736761025503654e-06 5.925549216237399274e-07 3.76 0.00022864427281 1.6e-09
-9.302997905350915626e-05 3.199053609850219360e+00 4.945759011827624563e-02 1.987299517750243274e-04 -1.821001432637108324e-05 4.074127703150637609e-07 3.76 0.00022864427281 1.6e-09
1.545223460980218734e-05 4.895605412243218546e-01 1.837100087061221965e-02 1.293553250576698517e-04 -4.943557848568768699e-05 -4.495649939682954820e-06 3.76 0.00022864427281 1.6e-09
6.341060771553633192e-05 2.225700810567395216e+00 -5.162999127583380032e-02 1.499033366484202995e-04 3.210690673827066991e-05 3.823581699215574662e-07 3.76 0.00022864427281 1.6e-09
-6.821480299909889015e-05 3.863697286614840021e+00 1.607736638166588905e-02 2.340837616501909978e-04 4.537309553273890627e-06 7.320175097450898086e-07 3.76 0.00022864427281 1.6e-09
3.873658601747527848e-05 3.289011554957011363e+00 7.809453275748440282e-02 2.034662036732276091e-04 -1.664528324231369155e-05 3.615823762330445740e-07 3.76 0.00022864427281 1.6e-09
4.275335295326184115e-06 5.700300707972186798e-01 2.756862440112457097e-02 1.199939655247732394e-04 -5.532643003329355304e-05 -4.840797091619973932e-06 3.76 0.00022864427281 1.6e-09
-4.395429981010901677e-05 2.053365750178216764e+00 -4.219627076488613460e-02 1.419369988368577922e-04 3.474805313586381200e-05 7.574134749813585088e-07 3.76 0.00022864427281 1.6e-09
-7.958795228613416671e-05 3.829801147753287172e+00 5.278043919358494512e-02 2.322630281412319344e-04 5.616547901485557766e-06 8.901054758602053862e-07 3.76 0.00022864427281 1.6e-09
9.277015699843872579e-05 3.367958008422969662e+00 1.180186578228376859e-01 2.076307692698578728e-04 -1.532551964871847131e-05 2.512332710534967621e-07 3.76 0.00022864427281 1.6e-09
7.284637899865569459e-06 6.675459380696564526e-01 3.853779378296022518e-02 1.129837135427387557e-04 -5.747010759495485425e-05 -5.200698895558322552e-06 3.76 0.00022864427281 1.6e-09
5.545772338869381639e-05 1.890345635386491807e+00 -2.866907415243187540e-02 1.347031459122274648e-04 3.741133760216868516e-05 1.277885763977416516e-06 3.76 0.00022864427281 1.6e-09
1.611796041653736371e-05 3.801015315765936986e+00 9.836727416029403259e-02 2.307094771331972671e-04 6.690320752274820711e-06 1.046435872186176306e-06 3.76 0.00022864427281 1.6e-09
-5.564419673294694764e-05 3.454827029534921046e+00 1.641796065595265697e-01 2.122215720830000177e-04 -1.394180880192028872e-05 1.021175041859712607e-07 3.76 0.00022864427281 1.6e-09
-4.824521064566654856e-05 8.070685048873285083e-01 5.339102504738023336e-02 1.081218059393930801e-04 -5.692144099117826605e-05 -5.300514374362299026e-06 3.76 0.00022864427281 1.6e-09
5.516270856408773200e-06 1.698740544696313748e+00 -1.509479546666095059e-02 1.267000037184614280e-04 4.074112310435335952e-05 1.898920885051334002e-06 3.76 0.00022864427281 1.6e-09
-5.391018784733292776e-05 3.764644610104966205e+00 1.457402149433089100e-01 2.287442935949577706e-04 7.968615429147231469e-06 1.193897383916255074e-06 3.76 0.00022864427281 1.6e-09
4.369325287804254489e-05 3.554068814745180660e+00 2.109745295022961986e-01 2.174829176820170353e-04 -1.236276525816555302e-05 -4.550110588845816754e-08 3.76 0.00022864427281 1.6e-09
3.677786599677760140e-05 1.016302925765280474e+00 7.436122099524877793e-02 1.073653459998114972e-04 -5.352765409174832522e-05 -5.042592055938831296e-06 3.76 0.00022864427281 1.6e-09
-4.609607061758645203e-05 1.454340652011822943e+00 -7.129606153104578632e-03 1.176420432759793403e-04 4.522735013737915215e-05 2.566636027688561183e-06 3.76 0.00022864427281 1.6e-09
-4.095356520418967010e-05 3.703294486145178865e+00 1.861885626210840472e-01 2.254480426248833597e-04 9.495507291518519958e-06 1.333480674145126823e-06 3.76 0.00022864427281 1.6e-09
6.527845678576513124e-05 3.647059912926975400e+00 2.515115543558690270e-01 2.224384793490225389e-04 -1.065993443634535077e-05 -1.586349061817330303e-07 3.76 0.00022864427281 1.6e-09
2.015442508873710592e-05 1.276882798208627268e+00 9.902739385074882383e-02 1.122531608312705943e-04 -4.837740030364365469e-05 -4.615069984328359562e-06 3.76 0.00022864427281 1.6e-09
-1.723272829300532383e-05 1.183873439270257233e+00 -6.773806809144990865e-03 1.100330748900403040e-04 5.045129244601420475e-05 3.237161121369411398e-06 3.76 0.00022864427281 1.6e-09
-4.170309331055068261e-05 3.611998583640661842e+00 2.153303556117032724e-01 2.205755093124137035e-04 1.110817978803070808e-05 1.465345752157777381e-06 3.76 0.00022864427281 1.6e-09
-6.118543493361632143e-05 3.705649819840247439e+00 2.814945418332905902e-01 2.255840598277909152e-04 -9.131433826784984427e-06 -2.420410971789938090e-07 3.76 0.00022864427281 1.6e-09
1.852600625463283714e-05 1.507467018207404141e+00 1.192686650348169786e-01 1.194935034676337428e-04 -4.386578345050478939e-05 -4.298736126079294136e-06 3.76 0.00022864427281 1.6e-09
1.454578790827530636e-05 9.659104530076895179e-01 -8.758142449906971064e-03 1.071299747712037200e-04 5.456743975275249703e-05 3.909405914980048738e-06 3.76 0.00022864427281 1.6e-09
-6.108521811881710464e-05 3.517101015061625091e+00 2.373858996812807931e-01 2.155396110585248764e-04 1.247972407731534541e-05 1.572803909241538321e-06 3.76 0.00022864427281 1.6e-09
2.567426357636801886e-06 3.728891508527832244e+00 3.027632310253924874e-01 2.268485726042316969e-04 -8.024348358494709445e-06 -3.305558289128914763e-07 3.76 0.00022864427281 1.6e-09
5.394089223757388536e-05 1.659281029498716808e+00 1.303787415661623872e-01 1.251887143579540648e-04 -4.097344583845265208e-05 -4.171234840676017145e-06 3.76 0.00022864427281 1.6e-09
4.422774187289155759e-05 8.356724767696519507e-01 -8.337388165517278099e-03 1.077867028763654692e-04 5.651584447818482597e-05 4.626614447152223983e-06 3.76 0.00022864427281 1.6e-09
-5.924166069234842357e-05 3.445196144762403101e+00 2.570316242771014115e-01 2.117424538636794476e-04 1.340113507003583188e-05 1.629754131017084015e-06 3.76 0.00022864427281 1.6e-09
-4.961947546591507352e-05 3.732065501305551258e+00 3.176212478374351722e-01 2.270370017612313262e-04 -7.355083348126880715e-06 -4.475902485331806640e-07 3.76 0.00022864427281 1.6e-09
-3.903404409498838180e-05 1.737849195933647284e+00 1.322672962969665411e-01 1.283612800162177458e-04 -3.946139605754603308e-05 -4.174944939543714794e-06 3.76 0.00022864427281 1.6e-09
2.279269227184931986e-05 7.738593135794451516e-01 -4.551152906628126021e-03 1.090706369002933938e-04 5.702190848370960173e-05 5.399912569117480002e-06 3.76 0.00022864427281 1.6e-09
3.321040635014580155e-05 3.401978668155748231e+00 2.750293544706112758e-01 2.094714977128839012e-04 1.386413183233717948e-05 1.620784682916884712e-06 3.76 0.00022864427281 1.6e-09
1.092106849340158015e-04 3.724058276033096249e+00 3.260546659327026031e-01 2.266224423365794196e-04 -7.083665465990795636e-06 -5.954761202981077829e-07 3.76 0.00022864427281 1.6e-09
3.523600451738950686e-05 1.758396723383499172e+00 1.256406566940826974e-01 1.292298616355103016e-04 -3.901425476005085369e-05 -4.243301515748351262e-06 3.76 0.00022864427281 1.6e-09
8.458417639002034909e-06 7.588976811254593002e-01 2.616998436048457478e-03 1.095480293025395229e-04 5.693688295219824497e-05 6.140465604436213572e-06 3.76 0.00022864427281 1.6e-09
3.014794295345463908e-05 3.383846989356636747e+00 2.900292248264795814e-01 2.085284453517453700e-04 1.392999222059382916e-05 1.540085527219295979e-06 3.76 0.00022864427281 1.6e-09
-9.873043905732882216e-06 3.705806912955171839e+00 3.268780804441883125e-01 2.256587460697469976e-04 -7.139918366744828206e-06 -7.676251748708586232e-07 3.76 0.00022864427281 1.6e-09
-2.237121961294307186e-07 1.725999976867422347e+00 1.107807097978504990e-01 1.279426193445352413e-04 -3.949674743330684572e-05 -4.333936643672580755e-06 3.76 0.00022864427281 1.6e-09
1.491388004547516090e-05 7.844345534532308761e-01 1.368655731477091617e-02 1.089516230140818331e-04 5.650871724818668754e-05 6.664941231340742385e-06 3.76 0.00022864427281 1.6e-09
-5.622992241961298189e-05 3.387883320053058256e+00 2.997385013046789393e-01 2.087587787267705089e-04 1.359821619813577534e-05 1.382505295656867846e-06 3.76 0.00022864427281 1.6e-09
-1.262074041993730073e-06 3.672893080862363657e+00 3.181059250663874072e-01 2.239131700950445852e-04 -7.581268942560606153e-06 -9.558372000597959423e-07 3.76 0.00022864427281 1.6e-09
-9.453615125684860994e-06 1.631876127665590204e+00 8.736303163055900156e-02 1.242721258807434430e-04 -4.109024503304047656e-05 -4.418998135382416816e-06 3.76 0.00022864427281 1.6e-09
8.039816859801834361e-06 8.606824239137935706e-01 3.010211648146793317e-02 1.077662198898082639e-04 5.536803638009197529e-05 6.713928300442583141e-06 3.76 0.00022864427281 1.6e-09
3.652089183227492957e-05 3.414863235568673439e+00 3.006275636304821530e-01 2.102070066410090471e-04 1.278313623938669628e-05 1.136312296203167794e-06 3.76 0.00022864427281 1.6e-09
7.991743223175470175e-05 3.617851917618282620e+00 2.963418681211485994e-01 2.209925678211220048e-04 -8.508775496124477218e-06 -1.148804052714209921e-06 3.76 0.00022864427281 1.6e-09
5.696357736568591747e-05 1.458775895309710302e+00 5.517236202321965099e-02 1.180714623640611970e-04 -4.421921524798448692e-05 -4.438619399458844432e-06 3.76 0.00022864427281 1.6e-09
4.425555221485147133e-05 1.012230412040814542e+00 5.399096018274809894e-02 1.077975647701693771e-04 5.263253727553840407e-05 6.067234413841739323e-06 3.76 0.00022864427281 1.6e-09
-3.284057785109460140e-05 3.468462461170035205e+00 2.885224185654180484e-01 2.130659433442129056e-04 1.144583318555717505e-05 7.873701519345029766e-07 3.76 0.00022864427281 1.6e-09
5.374649507448232854e-05 3.538379146603771286e+00 2.576847181826710242e-01 2.167785619837893016e-04 -9.980694331713038138e-06 -1.325639438928510929e-06 3.76 0.00022864427281 1.6e-09
2.897384107694524793e-05 1.210803695240342259e+00 1.750997813991221966e-02 1.110024180268064944e-04 -4.901384652051313771e-05 -4.181249854437064437e-06 3.76 0.00022864427281 1.6e-09
2.314025040202400454e-05 1.249587082213272415e+00 8.524005319068596320e-02 1.119519059468106247e-04 4.799459550122127301e-05 4.897713709318216933e-06 3.76 0.00022864427281 1.6e-09
9.262846230990080560e-05 3.547520338022106312e+00 2.653105907000837815e-01 2.172695298672334735e-04 9.737068762483342722e-06 3.628988960888708747e-07 3.76 0.00022864427281 1.6e-09
3.022068934811769023e-05 3.452773850302863767e+00 2.058711721143382523e-01 2.122386041988965993e-04 -1.176668082720756071e-05 -1.464598329791375576e-06 3.76 0.00022864427281 1.6e-09
-4.431441924643389789e-05 9.609240430668603006e-01 -1.513224173522759869e-02 1.075163060077818770e-04 -5.389839922230187536e-05 -3.252275420531112064e-06 3.76 0.00022864427281 1.6e-09
-2.803337546848847832e-05 1.511384941867015108e+00 1.160525692386467633e-01 1.199069921846896461e-04 4.309222355621639914e-05 3.770916825127025419e-06 3.76 0.00022864427281 1.6e-09
-1.011518639030597468e-05 3.630292917293980182e+00 2.408446325034054591e-01 2.216657401238227834e-04 8.158425470994359039e-06 -3.312210253280673581e-08 3.76 0.00022864427281 1.6e-09
8.578113466026980301e-05 3.385434803044434560e+00 1.558490693672974492e-01 2.086603885397564644e-04 -1.336358862874925918e-05 -1.559532877412722094e-06 3.76 0.00022864427281 1.6e-09
3.228550691872254726e-05 7.883552097653980795e-01 -3.484726492017507782e-02 1.089828103883199882e-04 -5.653493766569051937e-05 -1.649191340885558709e-06 3.76 0.00022864427281 1.6e-09
4.157400649268208241e-06 1.714850909437686477e+00 1.365137331817095068e-01 1.275561090403341314e-04 3.956344988023935140e-05 2.944341358315238785e-06 3.76 0.00022864427281 1.6e-09
-2.760644780669971408e-06 3.691354191614050428e+00 2.173977938981350166e-01 2.249124899380747201e-04 7.012398524797660375e-06 -3.293278371908376218e-07 3.76 0.00022864427281 1.6e-09
8.832562511531041882e-05 3.337753290360384817e+00 1.146465022630989566e-01 2.061260829235834981e-04 -1.451823992691702197e-05 -1.594882933354383971e-06 3.76 0.00022864427281 1.6e-09
-2.738127102033897773e-06 6.890682108887646873e-01 -4.410009211462806444e-02 1.123278552221549048e-04 -5.694140917552585493e-05 1.145337219806808287e-07 3.76 0.00022864427281 1.6e-09
-5.706608372835347289e-05 1.849261750824871209e+00 1.447359609046899587e-01 1.330922883323462994e-04 3.736253415421287140e-05 2.328701815316641834e-06 3.76 0.00022864427281 1.6e-09
-1.121960769574212785e-04 3.727697477022063666e+00 1.920141945749034296e-01 2.268494559329580504e-04 6.243359225263739819e-06 -5.328291579697332929e-07 3.76 0.00022864427281 1.6e-09
-5.906725650975625468e-05 3.297655731098401599e+00 7.970871443493177111e-02 2.040056101839562281e-04 -1.535346523304578640e-05 -1.563209469487504584e-06 3.76 0.00022864427281 1.6e-09
1.379584342712655709e-05 6.263973304386609708e-01 -4.711303798974571244e-02 1.158931335867796961e-04 -5.616939440770164500e-05 1.739528218398347426e-06 3.76 0.00022864427281 1.6e-09
3.603990740250330004e-06 1.946060373362090701e+00 1.431301770149585872e-01 1.372798236394036126e-04 3.578612535332358633e-05 1.800821942625178030e-06 3.76 0.00022864427281 1.6e-09
8.228186208477251268e-05 3.746546993952299065e+00 1.631932082539175322e-01 2.278612590477938147e-04 5.589921556179464572e-06 -6.671246915536655516e-07 3.76 0.00022864427281 1.6e-09
4.007441162166157009e-05 3.248166395568739429e+00 4.823537303767709561e-02 2.014072431422841839e-04 -1.617822569833020669e-05 -1.470044190207345942e-06 3.76 0.00022864427281 1.6e-09
3.483439800179543975e-05 5.714792782359051637e-01 -4.532359933900340088e-02 1.203368039565849202e-04 -5.421007367421792845e-05 3.270358831091170720e-06 3.76 0.00022864427281 1.6e-09
-8.408525565340513525e-06 2.043201971394464245e+00 1.332403832408964317e-01 1.416308996005849539e-04 3.416648506870499505e-05 1.274529768596475331e-06 3.76 0.00022864427281 1.6e-09
2.731778530921858994e-05 3.753684823110842395e+00 1.296454065038015191e-01 2.282566714987551782e-04 4.812592373317376107e-06 -7.440960977425273217e-07 3.76 0.00022864427281 1.6e-09
-8.487673501010664374e-05 3.165623858420338887e+00 1.858882959780042837e-02 1.971043531888616769e-04 -1.733146690328788353e-05 -1.311665519650431561e-06 3.76 0.00022864427281 1.6e-09
-1.088189177692457603e-05 5.072248141730698601e-01 -3.787297919236363997e-02 1.276515376259585105e-04 -4.912864376378467911e-05 4.898327639216988838e-06 3.76 0.00022864427281 1.6e-09
-2.224776038804805443e-05 2.180277780441075119e+00 1.133383323798775877e-01 1.479671858183703899e-04 3.185286630157815424e-05 6.780898855912969307e-07 3.76 0.00022864427281 1.6e-09
5.892463685286173340e-05 3.751628604607843975e+00 8.693516469081150055e-02 2.281722046235089838e-04 3.577380576303172250e-06 -7.661155514894522067e-07 3.76 0.00022864427281 1.6e-09
6.409388071033521100e-05 3.016771222008846287e+00 -1.191614394379729783e-02 1.894044125878947891e-04 -1.933919475838166553e-05 -1.048143275887363715e-06 3.76 0.00022864427281 1.6e-09
4.582703620861647504e-05 4.364268703412479411e-01 -2.330216129695122929e-02 1.393758407805877433e-04 -3.534489568687017812e-05 6.636764725522867906e-06 3.76 0.00022864427281 1.6e-09
-6.152786561679019688e-05 2.392908325812983961e+00 7.939907088212999620e-02 1.581193968728626664e-04 2.839324356282145906e-05 -2.023494783410016220e-08 3.76 0.00022864427281 1.6e-09
-4.534153334159008131e-05 3.745360808176239509e+00 2.769998856159629208e-02 2.278648000606033378e-04 1.661895228725460399e-06 -7.442752317655274699e-07 3.76 0.00022864427281 1.6e-09
7.894531578413985532e-05 2.781374866060508211e+00 -4.781835001766353288e-02 1.773912548561090588e-04 -2.258426204155506638e-05 -5.913278723663333307e-07 3.76 0.00022864427281 1.6e-09
-6.138725401019113628e-05 3.938651842134467951e-01 -3.699292297256556467e-03 1.490171163210326534e-04 -6.850704733773922593e-06 7.461803630983444327e-06 3.76 0.00022864427281 1.6e-09
-1.126940522722725857e-05 2.671585790674032346e+00 3.916362045408787462e-02 1.718565964508645717e-04 2.423333458542233922e-05 -6.235398421805687297e-07 3.76 0.00022864427281 1.6e-09
-6.541551501944695330e-06 3.752649526371544031e+00 -3.576456163477772371e-02 2.282543072500337923e-04 -6.357734854772850371e-07 -7.078066410630280139e-07 3.76 0.00022864427281 1.6e-09
-3.829716695219317543e-05 2.523278965937318929e+00 -8.256900068566133677e-02 1.644842957174853901e-04 -2.643696797195287931e-05 9.941793650033012963e-09 3.76 0.00022864427281 1.6e-09
1.138943383393134658e-05 4.080713859721039061e-01 1.252528581399642293e-02 1.454341088974195687e-04 2.356721244744637049e-05 6.162203447086109753e-06 3.76 0.00022864427281 1.6e-09
-5.055891082720387418e-05 2.918730497826675041e+00 9.843474369696736392e-03 1.843554299005726118e-04 2.085058326578333318e-05 -8.709253715440800935e-07 3.76 0.00022864427281 1.6e-09
-1.059966537569907285e-04 3.770436231222536794e+00 -7.209186048292828830e-02 2.291794660973208776e-04 -2.512752027146035725e-06 -6.358449783976692764e-07 3.76 0.00022864427281 1.6e-09
3.103284560576367109e-05 2.329673356294180930e+00 -9.647506875028044604e-02 1.550257546626177300e-04 -2.959939332390049377e-05 4.590211745172150073e-07 3.76 0.00022864427281 1.6e-09
6.131585593816685220e-05 4.528534667764511079e-01 1.969563638814608025e-02 1.360815392352745699e-04 4.099024120736930322e-05 4.004570039892101884e-06 3.76 0.00022864427281 1.6e-09
-2.808627617143136761e-05 3.074330017457002295e+00 -1.145015894253195721e-02 1.923522620415996185e-04 1.879041338991150982e-05 -8.793870915559878448e-07 3.76 0.00022864427281 1.6e-09
-1.015420223014031672e-04 3.780110666190042767e+00 -8.580313327043317950e-02 2.296739800911983659e-04 -3.715895123635825770e-06 -5.022755529990108611e-07 3.76 0.00022864427281 1.6e-09
5.064192157318515359e-05 2.203924137632572222e+00 -9.187203626647069687e-02 1.490245218619672021e-04 -3.172982278329252793e-05 7.147948470801255747e-07 3.76 0.00022864427281 1.6e-09
-3.841826619868629389e-05 4.979054085678877861e-01 1.925043527230862334e-02 1.287946467018390531e-04 4.894890109101887837e-05 2.016319242299469129e-06 3.76 0.00022864427281 1.6e-09
-8.748004269709407945e-06 3.163520826059953883e+00 -3.081752008237091667e-02 1.969759773995277718e-04 1.760387958883004252e-05 -7.904568959326003330e-07 3.76 0.00022864427281 1.6e-09
9.882127538983780015e-05 3.781996155450966235e+00 -9.010625836980093450e-02 2.297604987386500923e-04 -4.462354068807200877e-06 -3.229874052736023546e-07 3.76 0.00022864427281 1.6e-09
-4.563533078357557871e-05 2.121577700628368035e+00 -7.849144930914439544e-02 1.451759692330274059e-04 -3.312881490724971071e-05 8.633991518814878714e-07 3.76 0.00022864427281 1.6e-09
-3.474161138246332402e-05 5.345836594058959168e-01 1.406694353192693668e-02 1.240794968784641301e-04 5.265267793890744175e-05 3.246677487744185514e-07 3.76 0.00022864427281 1.6e-09
1.080036017034698885e-05 3.217030874764505555e+00 -4.902941731060886377e-02 1.997631773442796880e-04 1.688003020872807781e-05 -6.555575720847000741e-07 3.76 0.00022864427281 1.6e-09
-2.087051065403385783e-05 3.780870649671366213e+00 -8.957587890404503095e-02 2.296918419805871062e-04 -4.923031093270855884e-06 -1.208940974797486401e-07 3.76 0.00022864427281 1.6e-09
-1.380092942537804667e-06 2.065717638939906564e+00 -6.096886490345422571e-02 1.426053664265519098e-04 -3.409058539188663113e-05 9.406196967806144705e-07 3.76 0.00022864427281 1.6e-09
-2.821390577708248436e-05 5.627198112716756961e-01 6.194957273073785006e-03 1.210517239794048046e-04 5.451123484598021453e-05 -1.095009459285560011e-06 3.76 0.00022864427281 1.6e-09
-8.622917898286135922e-05 3.251442725276548984e+00 -6.458711625939363155e-02 2.015592003535074926e-04 1.642449446714204698e-05 -4.902979463780337194e-07 3.76 0.00022864427281 1.6e-09
-5.430161707700614554e-05 3.780186052207319847e+00 -8.461575848558135216e-02 2.296492155789949864e-04 -5.221945401586963105e-06 8.473490710874610411e-08 3.76 0.00022864427281 1.6e-09
-5.121250690505326191e-05 2.029742919539688106e+00 -4.109353917221014729e-02 1.409683969212775258e-04 -3.471838190192592455e-05 9.478241331598735880e-07 3.76 0.00022864427281 1.6e-09
-8.686908573279042585e-07 5.822397336390643385e-01 -2.949841552189667176e-03 1.192001064924437124e-04 5.543789091366452899e-05 -2.253932595101324520e-06 3.76 0.00022864427281 1.6e-09
6.145905073307886626e-05 3.273696122620354920e+00 -7.551178706757147308e-02 2.027215106412820793e-04 1.614166407561350955e-05 -2.998824734415592615e-07 3.76 0.00022864427281 1.6e-09
6.823588989291571737e-05 3.782469337966704259e+00 -7.441708361813145767e-02 2.297659938055702741e-04 -5.391530613822794198e-06 2.781425062100149496e-07 3.76 0.00022864427281 1.6e-09
5.637187941939743779e-05 2.013842932033570676e+00 -1.960900264460376310e-02 1.402417129890956755e-04 -3.503389170187777048e-05 8.768951372045267581e-07 3.76 0.00022864427281 1.6e-09
-5.706139333734324104e-05 5.911565391419431048e-01 -1.219603492827235972e-02 1.183841057161583041e-04 5.580571189281531872e-05 -3.168874859889535178e-06 3.76 0.00022864427281 1.6e-09
-3.860773555675019793e-05 3.285492956542776177e+00 -7.992087565891123346e-02 2.033330027295430858e-04 1.605882837636427658e-05 -8.580012749559426396e-08 3.76 0.00022864427281 1.6e-09
6.392615820640087172e-05 3.790087495495241932e+00 -5.787166659061509372e-02 2.301683727972287383e-04 -5.400450896431302370e-06 4.470779412709993498e-07 3.76 0.00022864427281 1.6e-09
-2.411155027865586687e-06 2.023025551607510852e+00 3.313137707245058811e-03 1.406421256202528198e-04 -3.493934083515529100e-05 7.223191742143445925e-07 3.76 0.00022864427281 1.6e-09
-5.096204846365998971e-05 5.860141944889470933e-01 -2.047430456370501889e-02 1.187594443456911478e-04 5.566102243261714609e-05 -3.887865697210065918e-06 3.76 0.00022864427281 1.6e-09
9.825724762972802052e-05 3.285599006960787882e+00 -7.628694474544990556e-02 2.033284259001012805e-04 1.618640382733622227e-05 1.531277262720508676e-07 3.76 0.00022864427281 1.6e-09
6.606136971244856596e-06 3.805979443065515611e+00 -3.385264966765795525e-02 2.310130569883709099e-04 -5.206368922587056890e-06 5.836606762375369338e-07 3.76 0.00022864427281 1.6e-09
5.272440215607209369e-05 2.066921667472787050e+00 2.809095965278998741e-02 1.426083243002459328e-04 -3.431391165930870821e-05 4.888675401021431533e-07 3.76 0.00022864427281 1.6e-09
-4.914818556872059801e-05 5.622743174571709357e-01 -2.677972444157130510e-02 1.208438689708000828e-04 5.473373708429109664e-05 -4.509656618248164736e-06 3.76 0.00022864427281 1.6e-09
-8.502405550597211042e-05 3.269688839228876098e+00 -6.349703348374298451e-02 2.024750579170101926e-04 1.665174589633060183e-05 4.216394729957339746e-07 3.76 0.00022864427281 1.6e-09
-2.686852222176552672e-05 3.834446293478410261e+00 -1.202886590072856044e-03 2.325299095885836344e-04 -4.724811079291546322e-06 6.853539699133755626e-07 3.76 0.00022864427281 1.6e-09
-4.363739064270383581e-05 2.162413112159011774e+00 5.598665269902067254e-02 1.469762046825932996e-04 -3.291424329110670616e-05 1.975213805581165348e-07 3.76 0.00022864427281 1.6e-09
7.853066888416888007e-06 5.160159150037672005e-01 -3.009326562826140222e-02 1.258316968775442996e-04 5.182641419150438544e-05 -5.214300116266577563e-06 3.76 0.00022864427281 1.6e-09
-3.945032662495635346e-05 3.227775161290819650e+00 -4.079707178931463174e-02 2.002499076833462368e-04 1.759632266474714705e-05 7.306939370723604113e-07 3.76 0.00022864427281 1.6e-09
-1.056229566662412740e-04 3.880627689363943311e+00 4.145280715538614269e-02 2.349947505745372356e-04 -3.803665380207156190e-06 7.561569805016271715e-07 3.76 0.00022864427281 1.6e-09
-4.639326996747834592e-05 2.334707678389893903e+00 8.956567136958916431e-02 1.550863018734982568e-04 -3.046735778709428171e-05 -1.108324531375874377e-07 3.76 0.00022864427281 1.6e-09
-7.002256502971042633e-06 4.502519319200428138e-01 -2.914239090620743267e-02 1.355079724658431379e-04 4.320934347570203537e-05 -6.298011757754778215e-06 3.76 0.00022864427281 1.6e-09
9.077453587016048268e-05 3.136282564953201568e+00 -8.779612784152094826e-03 1.954305335208331618e-04 1.932339505739531674e-05 1.095701271802312575e-06 3.76 0.00022864427281 1.6e-09
1.013633822652100714e-04 3.941538413346072467e+00 9.455716187746551760e-02 2.382502839082349384e-04 -2.299079458830990947e-06 8.073901152737825676e-07 3.76 0.00022864427281 1.6e-09
5.855086250212390752e-05 2.599616705727936683e+00 1.317930614456397365e-01 1.680111879713716777e-04 -2.687583751057287225e-05 -3.810978009846594476e-07 3.76 0.00022864427281 1.6e-09
2.309650989009809737e-05 3.906642501683321722e-01 -2.246911272938174886e-02 1.480219001656694054e-04 2.081931945171286994e-05 -7.954778609434940686e-06 3.76 0.00022864427281 1.6e-09
3.752740743263482568e-05 2.950040586522135300e+00 2.398813886067575896e-02 1.857537324788920022e-04 2.217247584840337186e-05 1.501333400235427258e-06 3.76 0.00022864427281 1.6e-09
2.711105025866829895e-05 3.978323103682161133e+00 1.490115219175695005e-01 2.402185912838711995e-04 -2.583488403750698499e-07 8.541027696729975254e-07 3.76 0.00022864427281 1.6e-09
6.675635680700673367e-05 2.892426335814225702e+00 1.772944102998061378e-01 1.827928765448746419e-04 -2.293051246813784699e-05 -5.672686812676532559e-07 3.76 0.00022864427281 1.6e-09
5.715057035897708204e-05 3.843425095909703826e-01 -1.081756834863763575e-02 1.497001976676300464e-04 -1.428040493635818631e-05 -9.298928008909319496e-06 3.76 0.00022864427281 1.6e-09
-8.012168330936534917e-06 2.662821791379487379e+00 4.111409168190472557e-02 1.711669012079425486e-04 2.600421245851755245e-05 1.897067511594865737e-06 3.76 0.00022864427281 1.6e-09
2.519831978502203544e-05 3.947007841358803670e+00 1.869359616354974718e-01 2.385419631906451269e-04 1.822903304991753680e-06 9.184674202649181864e-07 3.76 0.00022864427281 1.6e-09
9.284138752452111355e-05 3.094522596805743930e+00 2.116273463082646300e-01 1.932498706654912207e-04 -1.987052148753299069e-05 -6.622422408171006083e-07 3.76 0.00022864427281 1.6e-09
2.599004005906059496e-05 4.360705840692994384e-01 1.003861336067534468e-03 1.382098202615558128e-04 -3.959288400107726453e-05 -9.370769504091235237e-06 3.76 0.00022864427281 1.6e-09
3.270698348773395524e-05 2.388198195539064095e+00 5.031986260974456726e-02 1.576510847385379898e-04 2.969301880109883609e-05 2.330833502846485306e-06 3.76 0.00022864427281 1.6e-09
-9.284638858249544355e-05 3.890351282358714080e+00 2.182832014417878663e-01 2.355088117043049488e-04 3.505516574719458694e-06 9.975841367571132380e-07 3.76 0.00022864427281 1.6e-09
4.813715566409375361e-05 3.213037426289881537e+00 2.408743131352927835e-01 1.994655821720390805e-04 -1.778578159344085065e-05 -7.546605508222610377e-07 3.76 0.00022864427281 1.6e-09
-1.342338237538428890e-05 5.106013057265534894e-01 1.058639762360037880e-02 1.264964051656722560e-04 -5.109300425411404260e-05 -9.017376882140928544e-06 3.76 0.00022864427281 1.6e-09
5.195402388288590767e-05 2.180242564434705876e+00 6.190412441142968680e-02 1.477752286797173612e-04 3.265628485588506220e-05 2.830641110766514734e-06 3.76 0.00022864427281 1.6e-09
3.276991868676648232e-05 3.844247442777148471e+00 2.526561419886019788e-01 2.330387726943263568e-04 4.745612994591103057e-06 1.060667428085446852e-06 3.76 0.00022864427281 1.6e-09
2.087773357468097050e-05 3.296359374076809789e+00 2.703857535483379371e-01 2.038553592240568242e-04 -1.627701153739887120e-05 -8.880011819125510053e-07 3.76 0.00022864427281 1.6e-09
3.250725780825360577e-05 5.940560370590233230e-01 1.845801449215903056e-02 1.178956207630511193e-04 -5.583309640246205503e-05 -8.625039026281517660e-06 3.76 0.00022864427281 1.6e-09
-4.511255717904127894e-05 2.013401314443714618e+00 7.523167903795274780e-02 1.401330289204493363e-04 3.521189405992947603e-05 3.375878213918697653e-06 3.76 0.00022864427281 1.6e-09
-1.419951528628226857e-05 3.810906423083655792e+00 2.874065960339465819e-01 2.312460721617220203e-04 5.815255348206436601e-06 1.096691050334483311e-06 3.76 0.00022864427281 1.6e-09
4.080864111773327646e-06 3.376557624495641008e+00 2.981110920806798736e-01 2.080844669076755359e-04 -1.493238272306984853e-05 -1.030308733243993481e-06 3.76 0.00022864427281 1.6e-09
-1.452219284963448301e-05 7.002401028371567637e-01 2.701905326081386130e-02 1.113943153995009070e-04 -5.735494870954629298e-05 -8.093479942383356918e-06 3.76 0.00022864427281 1.6e-09
6.268367719928359769e-05 1.845032083347683649e+00 8.539181805107486090e-02 1.327524417822997674e-04 3.796417766810390693e-05 3.949506456738726830e-06 3.76 0.00022864427281 1.6e-09
-7.949050889991305410e-06 3.781438399340191214e+00 3.164466696485566111e-01 2.296532973478075819e-04 6.963309923080261024e-06 1.112436297225574603e-06 3.76 0.00022864427281 1.6e-09
-9.729238000486489888e-05 3.471361419119502578e+00 3.206027117948900829e-01 2.130941890343744064e-04 -1.344802149223073544e-05 -1.132439363353992340e-06 3.76 0.00022864427281 1.6e-09
2.405220989820054859e-05 8.613322367813235347e-01 3.966782781389700113e-02 1.073271742930572250e-04 -5.608852404798353800e-05 -7.287412749139039053e-06 3.76 0.00022864427281 1.6e-09
1.392853230085713253e-05 1.634433774290440677e+00 8.550729946940963111e-02 1.241657002346506738e-04 4.164738973881355845e-05 4.552438399127872206e-06 3.76 0.00022864427281 1.6e-09
2.532451185538405646e-05 3.740179203283577447e+00 3.321226333992973734e-01 2.274258342273663164e-04 8.374968824310203641e-06 1.121385458018130687e-06 3.76 0.00022864427281 1.6e-09
8.139459414362327095e-05 3.579151466342775922e+00 3.329409953623733154e-01 2.188133557972172030e-04 -1.174453544650861194e-05 -1.156482757970694343e-06 3.76 0.00022864427281 1.6e-09
4.823696657097086877e-05 1.102006774237000108e+00 5.760937198951612825e-02 1.084387733616861538e-04 -5.182562848318488007e-05 -6.231060977142895037e-06 3.76 0.00022864427281 1.6e-09
1.533998487887746099e-05 1.365579011861245640e+00 7.136491884197547486e-02 1.147928199585288039e-04 4.664859065670857275e-05 5.205457326624434345e-06 3.76 0.00022864427281 1.6e-09
-4.658608560076749961e-05 3.667699994978699252e+00 3.295666661721496360e-01 2.235410362110741849e-04 1.004709803924453089e-05 1.134702981094426839e-06 3.76 0.00022864427281 1.6e-09
5.118130700477435528e-05 3.670016612689663393e+00 3.308843898107562964e-01 2.236648793837949412e-04 -1.000064567111213084e-05 -1.110296205517932147e-06 3.76 0.00022864427281 1.6e-09
4.060399484873325726e-05 1.373559642278169068e+00 7.408561818308710689e-02 1.150305905358960773e-04 -4.650267085964231585e-05 -5.214227248964421273e-06 3.76 0.00022864427281 1.6e-09
5.042339791249554387e-05 1.093802282317001051e+00 5.070087285312742387e-02 1.083681764317710516e-04 5.192167236719132849e-05 5.907371810983782596e-06 3.76 0.00022864427281 1.6e-09
-7.107791398398022602e-05 3.568902066282063856e+00 3.160378137173743829e-01 2.182820731585100201e-04 1.169295940841684506e-05 1.146402545988321182e-06 3.76 0.00022864427281 1.6e-09
4.990542247541195813e-05 3.718015272937560400e+00 3.186017829503754450e-01 2.262514149190398942e-04 -8.576031732436774282e-06 -1.055329993345353480e-06 3.76 0.00022864427281 1.6e-09
-4.852366792062251988e-05 1.583140983222964815e+00 8.098376955731581561e-02 1.222522797192909642e-04 -4.250020730523511499e-05 -4.488831348567528077e-06 3.76 0.00022864427281 1.6e-09
1.207471593802914364e-05 9.031973991905734023e-01 3.603442747519132461e-02 1.071538114837534798e-04 5.532130542800398851e-05 6.523502077964486036e-06 3.76 0.00022864427281 1.6e-09
-1.332611321613855242e-05 3.479515838987063070e+00 3.019153887476844211e-01 2.135513708438839509e-04 1.294857990196044117e-05 1.121973052350509739e-06 3.76 0.00022864427281 1.6e-09
1.963946793128413338e-05 3.732820761273023535e+00 3.023385220255762618e-01 2.270668407461483166e-04 -7.640054825463658898e-06 -1.039143920208340040e-06 3.76 0.00022864427281 1.6e-09
-5.557052061844743940e-05 1.703150433388761043e+00 7.777705503148057975e-02 1.269407829293178682e-04 -4.025365444190360533e-05 -4.024780722139270153e-06 3.76 0.00022864427281 1.6e-09
2.221582996258759864e-06 8.038739167547677145e-01 3.017542902621246637e-02 1.083617132867882783e-04 5.655587021371364590e-05 6.923492603952882663e-06 3.76 0.00022864427281 1.6e-09
1.886410924453396577e-05 3.420649015667942994e+00 2.890075969780829812e-01 2.104523082250507582e-04 1.367685673014344824e-05 1.037164555198757615e-06 3.76 0.00022864427281 1.6e-09
-3.997459360676039925e-05 3.729559823479853264e+00 2.827041114727549820e-01 2.269113764883020105e-04 -7.185780526698439403e-06 -1.061683303325478371e-06 3.76 0.00022864427281 1.6e-09
-5.270952309783066250e-05 1.746750587079063166e+00 6.660527581034023092e-02 1.287422600261553876e-04 -3.940351765170078968e-05 -3.696470169523146385e-06 3.76 0.00022864427281 1.6e-09
1.610280795701117339e-05 7.699311041973226910e-01 3.089438976455952807e-02 1.092321033202431086e-04 5.670495307259223956e-05 7.024889693004507121e-06 3.76 0.00022864427281 1.6e-09
-5.748872103024827308e-05 3.393216821069724887e+00 2.746112136597568254e-01 2.090204363167519894e-04 1.389883619507001567e-05 8.893522854024483654e-07 3.76 0.00022864427281 1.6e-09
1.026283477294066913e-04 3.712351741945321582e+00 2.578949221859809793e-01 2.260065858715352093e-04 -7.186325426231020435e-06 -1.103745974105793384e-06 3.76 0.00022864427281 1.6e-09
-4.330099592613959438e-05 1.722201504826013529e+00 4.919217804422122697e-02 1.277848870241054071e-04 -3.975366908891317765e-05 -3.408609890522144089e-06 3.76 0.00022864427281 1.6e-09
2.025994058493244397e-05 7.885947592258489847e-01 3.656868544829493251e-02 1.088624331275681289e-04 5.637862164412498503e-05 6.698410875742641916e-06 3.76 0.00022864427281 1.6e-09
-1.576435993654135372e-05 3.394232895510214121e+00 2.549950987260604096e-01 2.090955854627347867e-04 1.360081409067417591e-05 6.798186962279752020e-07 3.76 0.00022864427281 1.6e-09
-3.967019433899715650e-05 3.677138214577066577e+00 2.253460406160301965e-01 2.241413702166062262e-04 -7.638568715826978732e-06 -1.144824229308776694e-06 3.76 0.00022864427281 1.6e-09
-5.071890789727445480e-05 1.621864314180256228e+00 2.666286815255848597e-02 1.238927232360270421e-04 -4.145151616920644393e-05 -3.081972821247591408e-06 3.76 0.00022864427281 1.6e-09
4.142737360723506906e-05 8.690333980301514494e-01 4.693717339105910047e-02 1.077038101212290878e-04 5.525310790650776586e-05 5.788891743153069839e-06 3.76 0.00022864427281 1.6e-09
2.279800118415415506e-05 3.424067802237271252e+00 2.258499439453665603e-01 2.106976923594264424e-04 1.272994382129182859e-05 4.033915413252323217e-07 3.76 0.00022864427281 1.6e-09
-3.826580179339251727e-05 3.617285376767987337e+00 1.815477780663388718e-01 2.209661830741313602e-04 -8.658385505691160478e-06 -1.163316253169752103e-06 3.76 0.00022864427281 1.6e-09
3.729309995894719001e-05 1.432676021080577566e+00 7.060530115700570843e-04 1.172158872334692648e-04 -4.487917719118795286e-05 -2.583046701678944324e-06 3.76 0.00022864427281 1.6e-09
1.847233851917592600e-05 1.034821837038220949e+00 6.187918072430392824e-02 1.080087945000352196e-04 5.234514755389098854e-05 4.343892012328265357e-06 3.76 0.00022864427281 1.6e-09
-1.106430140864550699e-05 3.485049934920032566e+00 1.854449410693329303e-01 2.139467714801735149e-04 1.129663393109266278e-05 6.333630913173836069e-08 3.76 0.00022864427281 1.6e-09
3.724980128745260406e-05 3.536813567036532824e+00 1.254744203994450635e-01 2.166962880708939079e-04 -1.021569979899092752e-05 -1.140420408894636452e-06 3.76 0.00022864427281 1.6e-09
-1.811834779696211675e-05 1.179757617726052921e+00 -2.360457384306925005e-02 1.103241762256208162e-04 -4.976621670922776294e-05 -1.660598204388972435e-06 3.76 0.00022864427281 1.6e-09
4.114212308756752979e-05 1.278663729941257543e+00 7.822639444338345960e-02 1.126810023843835443e-04 4.765141980132298484e-05 2.865127442243642376e-06 3.76 0.00022864427281 1.6e-09
-5.056025121983972093e-05 3.568556209990683570e+00 1.425921921279663940e-01 2.183822296672408296e-04 9.617123152253893810e-06 -2.768593674664759058e-07 3.76 0.00022864427281 1.6e-09
-5.358923211801762165e-05 3.460597434074236034e+00 6.799158927992543511e-02 2.126466617789867636e-04 -1.190562870374059185e-05 -1.085970770132259235e-06 3.76 0.00022864427281 1.6e-09
-2.122344793128221472e-05 9.533949299478767792e-01 -3.910191500327937775e-02 1.074721757288615062e-04 -5.413129302338288876e-05 -2.117233956114547936e-07 3.76 0.00022864427281 1.6e-09
-4.008684783327660944e-05 1.518249720405904668e+00 8.884657892784128541e-02 1.201269745042006097e-04 4.321820975406094769e-05 1.809503150650018578e-06 3.76 0.00022864427281 1.6e-09
7.353685908257067425e-07 3.645449352785403718e+00 1.075732233236394858e-01 2.224662387609773460e-04 8.195573387759256680e-06 -5.237087658373715728e-07 3.76 0.00022864427281 1.6e-09
3.175816150467435637e-06 3.405488494351682327e+00 2.343299748072771860e-02 2.097107854510962767e-04 -1.327780153250584575e-05 -1.016093144694997109e-06 3.76 0.00022864427281 1.6e-09
5.230456323056147317e-05 8.079590157302314335e-01 -4.488830598074107503e-02 1.085253556900905760e-04 -5.638188788550518453e-05 1.334560575778721145e-06 3.76 0.00022864427281 1.6e-09
5.735166849385335189e-05 1.690329289194169915e+00 9.038086587283915285e-02 1.265651383658030057e-04 4.022243570085347038e-05 1.136827601018665141e-06 3.76 0.00022864427281 1.6e-09
-6.526370522820160299e-05 3.697292958208774571e+00 7.932218305324142960e-02 2.252234196152755861e-04 7.235329678719654731e-06 -6.616652661194000420e-07 3.76 0.00022864427281 1.6e-09
1.264360618172619420e-05 3.367046377573374549e+00 -7.478774678814020284e-03 2.076636458299217617e-04 -1.421814600354139168e-05 -9.216973239655929215e-07 3.76 0.00022864427281 1.6e-09
4.072093030923947123e-05 7.239720429002407531e-01 -4.478663997510380634e-02 1.108062050063072818e-04 -5.701861771950390021e-05 2.558650536699261158e-06 3.76 0.00022864427281 1.6e-09
-4.657189525000608417e-05 1.801670819814191749e+00 8.449031408971523216e-02 1.310780927815119326e-04 3.837149526538434312e-05 6.746856705807920470e-07 3.76 0.00022864427281 1.6e-09
-5.772672444456100355e-06 3.727162356210798055e+00 5.448951384700658623e-02 2.268160821607639692e-04 6.587364648178249937e-06 -7.183892103754344455e-07 3.76 0.00022864427281 1.6e-09
7.902219061602074664e-05 3.334328546735083609e+00 -2.908407264561498756e-02 2.059298984840125454e-04 -1.490070578534977001e-05 -7.987284694423751438e-07 3.76 0.00022864427281 1.6e-09
3.414663049806419370e-05 6.684781586298137457e-01 -4.127490523429795666e-02 1.132897183442230053e-04 -5.687234964665092703e-05 3.400370276761047929e-06 3.76 0.00022864427281 1.6e-09
1.524829902166736193e-05 1.882968957731995019e+00 7.342558617202607496e-02 1.345264871502288670e-04 3.701030412695899491e-05 3.194407711544927724e-07 3.76 0.00022864427281 1.6e-09
-6.695218030454896593e-05 3.743183363738621594e+00 3.171248003490177714e-02 2.276754796495909512e-04 6.059758443369630048e-06 -7.144276745677455434e-07 3.76 0.00022864427281 1.6e-09
-4.371857366825384131e-05 3.294962658107398745e+00 -4.387959161636148520e-02 2.038591280948673422e-04 -1.554129215194465749e-05 -6.492642733251682927e-07 3.76 0.00022864427281 1.6e-09
-2.057830274384105234e-05 6.179829507936884792e-01 -3.491568210468842803e-02 1.164644708356359841e-04 -5.603629035375876706e-05 3.953052590159833075e-06 3.76 0.00022864427281 1.6e-09
-2.519488128804865426e-05 1.964333553561577350e+00 5.800398221442164964e-02 1.380908519865789441e-04 3.562223571885293023e-05 2.018544938043060019e-08 3.76 0.00022864427281 1.6e-09
-5.278138853675755826e-05 3.751236237743552859e+00 1.006347647223463510e-02 2.281161581643953136e-04 5.437505957189316458e-06 -6.570254466165902211e-07 3.76 0.00022864427281 1.6e-09
-3.048843844115979888e-05 3.233598415384818736e+00 -5.296280498326631780e-02 2.006480887845937659e-04 -1.641472303726199594e-05 -4.688716057521229993e-07 3.76 0.00022864427281 1.6e-09
-3.885784893945515550e-05 5.577892543917947199e-01 -2.549639289162694208e-02 1.216988889738069608e-04 -5.360781116121353320e-05 4.289838833852618004e-06 3.76 0.00022864427281 1.6e-09
2.883957267024309437e-05 2.074293507701749029e+00 3.696932746160013633e-02 1.430563311964819901e-04 3.372244859897551212e-05 -2.595372043076208486e-07 3.76 0.00022864427281 1.6e-09
-1.733498562903634143e-05 3.754224297757407403e+00 -1.320678412756554065e-02 2.282942498804916035e-04 4.510565504592980528e-06 -5.478742677157968540e-07 3.76 0.00022864427281 1.6e-09
7.562508689465895738e-06 3.129352156116209649e+00 -5.813790228007864602e-02 1.952235031290122322e-04 -1.782777649914845882e-05 -2.354635583847472278e-07 3.76 0.00022864427281 1.6e-09
8.531094378434087532e-06 4.850514171601880697e-01 -1.328095014808694865e-02 1.308538921389425301e-04 -4.661257063133240176e-05 4.342956955773885291e-06 3.76 0.00022864427281 1.6e-09
-6.492155817258882147e-05 2.239410733866670000e+00 7.457644130166340632e-03 1.507511011161627727e-04 3.094534206745068190e-05 -5.542751151432844892e-07 3.76 0.00022864427281 1.6e-09
-7.905990006212326498e-05 3.753311955220175911e+00 -4.383783218808131460e-02 2.282700189524962647e-04 3.075963795757504448e-06 -3.987905257723874655e-07 3.76 0.00022864427281 1.6e-09
-7.682575218775940912e-05 2.959290866633176531e+00 -6.392318493915485900e-02 1.864514129584567310e-04 -2.012931110214318198e-05 9.515544034185543210e-08 3.76 0.00022864427281 1.6e-09
-1.108234187656835195e-05 4.181685955854467229e-01 -5.753236604849771294e-04 1.432309518938964653e-04 -2.908403321756537440e-05 3.746267304086199164e-06 3.76 0.00022864427281 1.6e-09
-2.090235745538513351e-05 2.470764911018803467e+00 -2.836229071181364803e-02 1.619034503756182537e-04 2.725294667115786914e-05 -8.218362436568110353e-07 3.76 0.00022864427281 1.6e-09
-1.003787095642845603e-04 3.752788320586131654e+00 -8.153803170751959539e-02 2.282600347748010264e-04 1.092195287523407336e-06 -2.480557576387859001e-07 3.76 0.00022864427281 1.6e-09
-8.116629385197781375e-05 2.726024191225786986e+00 -7.300225594983783539e-02 1.745909845478444225e-04 -2.342349700181622709e-05 5.240149032896409473e-07 3.76 0.00022864427281 1.6e-09
6.007672897948933396e-05 3.907548799837774478e-01 7.995437017341894617e-03 1.497773419400519833e-04 3.068312200450524454e-07 2.111709266274010909e-06 3.76 0.00022864427281 1.6e-09
1.399468592605378491e-05 2.732331586317163108e+00 -5.394058252140271348e-02 1.748989483454258074e-04 2.340336214019651898e-05 -8.689578060673303337e-07 3.76 0.00022864427281 1.6e-09
-4.430273230284665503e-05 3.760706988877838164e+00 -1.025831331620615100e-01 2.286774972176523247e-04 -1.040237088836614946e-06 -1.235406535129298732e-07 3.76 0.00022864427281 1.6e-09
-7.817776549803166937e-05 2.488391039353341938e+00 -7.315387543474943799e-02 1.627562201550768520e-04 -2.703183408702583597e-05 8.487832616385840465e-07 3.76 0.00022864427281 1.6e-09
4.227173361298578461e-05 4.135192308261320115e-01 9.113318810051271313e-03 1.441441027289238589e-04 2.766836648864026422e-05 8.400479934048375512e-08 3.76 0.00022864427281 1.6e-09
8.130020794087377298e-05 2.950306747847979416e+00 -6.153978027922046845e-02 1.859736638905756551e-04 2.039945579481122848e-05 -6.714559871749730318e-07 3.76 0.00022864427281 1.6e-09
-4.583483316328527946e-05 3.771224754600447149e+00 -9.383273605102371295e-02 2.292184754098112900e-04 -2.767721147330377090e-06 6.399369426657210678e-09 3.76 0.00022864427281 1.6e-09
-1.226921019589510039e-05 2.301369638306801857e+00 -5.520457416355613323e-02 1.536680400582949853e-04 -3.007459224320157344e-05 8.994712518919301721e-07 3.76 0.00022864427281 1.6e-09
-2.981995982444341232e-05 4.623033458639916327e-01 3.900907179283944360e-03 1.343893104561391801e-04 4.339413601683873406e-05 -1.467637803155232078e-06 3.76 0.00022864427281 1.6e-09
2.990670100833987171e-05 3.095625191396998765e+00 -6.155642858084882374e-02 1.934576530877545725e-04 1.847087704222700143e-05 -3.966089856891486263e-07 3.76 0.00022864427281 1.6e-09
-9.454455050461676730e-05 3.777536128798399062e+00 -7.184776408374834999e-02 2.295352610720177136e-04 -3.927300054471286649e-06 1.559783407861308132e-07 3.76 0.00022864427281 1.6e-09
7.206755562843764128e-05 2.174590255614257117e+00 -2.895233368438469845e-02 1.476533439599718640e-04 -3.222873004028369503e-05 7.743978005753962700e-07 3.76 0.00022864427281 1.6e-09
-4.873217696711123310e-05 5.109318257447046374e-01 -4.527767731619192562e-03 1.269937064303577282e-04 5.052956153246296073e-05 -2.466755074295505356e-06 3.76 0.00022864427281 1.6e-09
3.673728075715737465e-05 3.183862475668491676e+00 -5.956068418956382560e-02 1.980347965409963375e-04 1.733373649085366666e-05 -1.271657176398012225e-07 3.76 0.00022864427281 1.6e-09
-8.119181556773173247e-05 3.782611367522205725e+00 -4.760853652451570162e-02 2.297907010422895477e-04 -4.619785559106278952e-06 3.061578611475965561e-07 3.76 0.00022864427281 1.6e-09
-6.954621217129703943e-05 2.101319973520429762e+00 -2.364573629615377651e-03 1.442404957201510324e-04 -3.351047722706568157e-05 5.749256283567298280e-07 3.76 0.00022864427281 1.6e-09
-2.264063320689251193e-05 5.448081005014947520e-01 -1.352997560882859655e-02 1.228710867433411170e-04 5.342228843276157968e-05 -3.091093792690676877e-06 3.76 0.00022864427281 1.6e-09
1.531866880402906286e-05 3.233351295930819269e+00 -5.450263133619830114e-02 2.006078703769540209e-04 1.675402312157220160e-05 1.279745681483507275e-07 3.76 0.00022864427281 1.6e-09
-5.188439898914559608e-05 3.791088098939801476e+00 -2.194591878054746870e-02 2.302319529285966121e-04 -4.941410846390735015e-06 4.366493197274403128e-07 3.76 0.00022864427281 1.6e-09
-1.120127436650143524e-05 2.076154499645079810e+00 2.297335642664470254e-02 1.430644355527424571e-04 -3.402069572796395788e-05 3.303855600778319748e-07 3.76 0.00022864427281 1.6e-09
3.023030650877609686e-05 5.572586265602909039e-01 -2.140525749501080710e-02 1.214818285809091776e-04 5.428286509981016721e-05 -3.500294474666544879e-06 3.76 0.00022864427281 1.6e-09
7.360655480026459410e-05 3.254429994230640055e+00 -4.416151653514964470e-02 2.016975221564485895e-04 1.661121995970514769e-05 3.799843794079492205e-07 3.76 0.00022864427281 1.6e-09
-1.135497908948287067e-04 3.807096768530186637e+00 7.199659973264074114e-03 2.310785924791508225e-04 -4.922983580570119524e-06 5.373424745026551264e-07 3.76 0.00022864427281 1.6e-09
-1.371535370245038519e-05 2.100478878570885222e+00 4.813188973107623836e-02 1.441511339512722436e-04 -3.373342767771200822e-05 4.968349658054135537e-08 3.76 0.00022864427281 1.6e-09
-1.625355638343242427e-05 5.447223342539693203e-01 -2.715827406045299292e-02 1.226681282458814287e-04 5.373584539750597341e-05 -3.840415439416980237e-06 3.76 0.00022864427281 1.6e-09
-3.757729455321630704e-05 3.249766351561636846e+00 -2.710756883724212141e-02 2.014327063356363614e-04 1.692148331466881715e-05 6.432756891202810667e-07 3.76 0.00022864427281 1.6e-09
-4.054386812242855893e-05 3.835361355343867018e+00 4.184468953938592917e-02 2.325819288779990284e-04 -4.543471057153124216e-06 6.078691494019761475e-07 3.76 0.00022864427281 1.6e-09
3.386905938624469820e-05 2.185235000641006842e+00 7.520586856615740778e-02 1.480435122175234066e-04 -3.253231545102288052e-05 -2.474978994410469468e-07 3.76 0.00022864427281 1.6e-09
6.357703000875515619e-05 5.054511377733390542e-01 -3.011663521088304984e-02 1.272129970460141382e-04 5.086137569008688896e-05 -4.303513065182920816e-06 3.76 0.00022864427281 1.6e-09
8.857664850382205419e-05 3.213322669415724420e+00 -2.830758410634025106e-03 1.994950792694843143e-04 1.778264791485795180e-05 9.354155444233881781e-07 3.76 0.00022864427281 1.6e-09
3.393867767342596673e-05 3.881043724707515796e+00 8.364115047833983740e-02 2.350183734318957087e-04 -3.680607822861544066e-06 6.562953974276678870e-07 3.76 0.00022864427281 1.6e-09
-6.319372102122046083e-05 2.351724532263776091e+00 1.072629696156811863e-01 1.559071975523657657e-04 -3.018279881589216342e-05 -5.224066802916778645e-07 3.76 0.00022864427281 1.6e-09
-3.894092164833599500e-05 4.443938839626646042e-01 -2.943760969521618670e-02 1.365823322355012642e-04 4.204470653590175770e-05 -5.202332505195489916e-06 3.76 0.00022864427281 1.6e-09
8.866441115540985224e-05 3.123682747291515405e+00 2.732803833542380226e-02 1.947749563162856981e-04 1.948091812740119664e-05 1.276333177021787307e-06 3.76 0.00022864427281 1.6e-09
-7.210763579746116698e-05 3.940742733667301323e+00 1.327246759746243121e-01 2.382082836974047679e-04 -2.183509903973026095e-06 6.980369252500161060e-07 3.76 0.00022864427281 1.6e-09
3.639882804872908494e-06 2.612130246460715455e+00 1.471330766942662849e-01 1.686369979733868207e-04 -2.666365156188781264e-05 -7.273190812162528902e-07 3.76 0.00022864427281 1.6e-09
5.363019348404057026e-05 3.886694080722040701e-01 -2.390766622212500692e-02 1.485398323489983685e-04 1.937964504678090091e-05 -6.801402524907574687e-06 3.76 0.00022864427281 1.6e-09
-2.670483663365218224e-05 2.937808637218100039e+00 5.465080696433025076e-02 1.851256971478861728e-04 2.231254338586709701e-05 1.658785849502729641e-06 3.76 0.00022864427281 1.6e-09
4.547178824775240157e-05 3.975412215020456053e+00 1.802724488024030070e-01 2.400626289610583721e-04 -1.804486060968912024e-07 7.479929968450444102e-07 3.76 0.00022864427281 1.6e-09
1.630727690887823108e-05 2.898924472911649897e+00 1.889394023872717765e-01 1.831283639038250549e-04 -2.279924923117901929e-05 -8.393723157571772684e-07 3.76 0.00022864427281 1.6e-09
