-3.962872511627275201e-05 2.782817910917596116e+00 -3.631609548500000246e-05 1.774024037272739496e-04 -2.367256442305578512e-05 -7.002795398228361143e-10 3.88 0.00023505451401 1.6e-09
6.242347925603674739e-05 3.866206755395624750e-01 -1.096476038503023127e-03 1.504476478385977133e-04 -2.661143949054695349e-06 1.713288840295465353e-07 3.88 0.00023505451401 1.6e-09
5.759808720707816068e-05 2.738450194931670634e+00 -7.784366120974318265e-03 1.751564215591592047e-04 2.431612506849658057e-05 -5.509825376620330561e-08 3.88 0.00023505451401 1.6e-09
1.152432594366654907e-04 3.881117060575312472e+00 -8.827188415558913370e-03 2.351134538140988860e-04 3.831000911532346081e-07 2.291044944991763582e-08 3.88 0.00023505451401 1.6e-09
2.635030127667749837e-05 2.830185926960982812e+00 -3.792563147544139764e-03 1.798070246769504870e-04 -2.301050825512004336e-05 7.631671598435663474e-08 3.88 0.00023505451401 1.6e-09
1.718851219422490824e-05 3.887326232291915540e-01 -1.733437829780133546e-05 1.499232015306473619e-04 -8.690336591194532025e-06 -5.192600773528265651e-08 3.88 0.00023505451401 1.6e-09
1.427517416258442754e-05 2.687697712522853166e+00 -1.740478547967969081e-02 1.726060579689832450e-04 2.500329808081636844e-05 -1.218913375803092810e-07 3.88 0.00023505451401 1.6e-09
-4.784828936524998912e-05 3.874836932159025693e+00 -1.923062962269597373e-02 2.347793805378980503e-04 7.503124111692683751e-07 5.678079720669987732e-08 3.88 0.00023505451401 1.6e-09
4.116070257625745871e-05 2.863219921131962664e+00 -7.629570952183267578e-03 1.814971285306596945e-04 -2.249043609246021493e-05 1.694975868561406232e-07 3.88 0.00023505451401 1.6e-09
-5.376503785610115894e-05 3.921091168924699111e-01 1.326544187231545185e-03 1.491277518774275436e-04 -1.313467478386694278e-05 -3.780764151161275554e-07 3.88 0.00023505451401 1.6e-09
4.232888702857462090e-06 2.647236619628704268e+00 -2.760968109157066128e-02 1.705895374106396330e-04 2.550549979162242245e-05 -1.834473235643400374e-07 3.88 0.00023505451401 1.6e-09
3.454454240266345344e-05 3.864049781183461540e+00 -2.916205668256666161e-02 2.342065329073574976e-04 9.605793864721928488e-07 1.022260153619582812e-07 3.88 0.00023505451401 1.6e-09
-6.647206334056306989e-05 2.873221512822570656e+00 -1.009289695412175780e-02 1.820196580141070491e-04 -2.225059465935254045e-05 2.659423926813183156e-07 3.88 0.00023505451401 1.6e-09
1.432962184290051738e-05 3.942350914882679636e-01 2.641718423121330872e-03 1.486777346657424390e-04 -1.478593358941252193e-05 -8.222139685764763264e-07 3.88 0.00023505451401 1.6e-09
-8.246201164128489811e-05 2.629874609559706755e+00 -3.684383854554847820e-02 1.697348864818983840e-04 2.566879377135791393e-05 -2.208046123743107610e-07 3.88 0.00023505451401 1.6e-09
1.650835263772522561e-05 3.852611629609104860e+00 -3.651579512573675801e-02 2.336001869255179106e-04 9.719735762149388878e-07 1.557689508874556630e-07 3.88 0.00023505451401 1.6e-09
4.120889825924047012e-05 2.858180122299101900e+00 -1.008216213229036831e-02 1.812632555208404102e-04 -2.237178217416316286e-05 3.497820964922144249e-07 3.88 0.00023505451401 1.6e-09
-1.800385245267446227e-05 3.937368817508224428e-01 3.469350542493504497e-03 1.488897531328231994e-04 -1.321673805899285201e-05 -1.369704526665719718e-06 3.88 0.00023505451401 1.6e-09
1.224486645154959375e-05 2.640624621590955456e+00 -4.356531024551065640e-02 1.702847666195164689e-04 2.542419905749389295e-05 -2.181386864391615605e-07 3.88 0.00023505451401 1.6e-09
1.069111860478900457e-04 3.843469958352673022e+00 -3.955008287854031024e-02 2.331166273955558726e-04 7.644200432156601031e-07 2.108530445124191357e-07 3.88 0.00023505451401 1.6e-09
-8.258304437815374506e-05 2.821475918777622383e+00 -7.074780812095393667e-03 1.794053955241398015e-04 -2.280604646235133914e-05 4.042342942851115808e-07 3.88 0.00023505451401 1.6e-09
2.202028480763921971e-05 3.914830177899819019e-01 3.348657193515457674e-03 1.495207710941739098e-04 -8.801375745301164813e-06 -1.964776866040025651e-06 3.88 0.00023505451401 1.6e-09
2.551164505120925174e-05 2.676361656617834761e+00 -4.624950289947500626e-02 1.720813845293634370e-04 2.485349749141315095e-05 -1.654115372470776186e-07 3.88 0.00023505451401 1.6e-09
-3.094423789551984619e-05 3.838397101503010944e+00 -3.675869607240275783e-02 2.328488757206069416e-04 4.062560946346972509e-07 2.602985850847558344e-07 3.88 0.00023505451401 1.6e-09
1.337634097967544593e-05 2.771177478661251303e+00 -8.113119195662495337e-04 1.768590265839371681e-04 -2.348821653128642059e-05 4.116743250783672222e-07 3.88 0.00023505451401 1.6e-09
-2.035093994015133671e-05 3.896771714268557063e-01 2.056263203263446453e-03 1.500014879441843819e-04 -2.524750492965975786e-06 -2.514278884535937082e-06 3.88 0.00023505451401 1.6e-09
-2.516561354247407616e-05 2.727382219815324582e+00 -4.375205712768723276e-02 1.746471966214241628e-04 2.411363537419640961e-05 -6.152291287318817271e-08 3.88 0.00023505451401 1.6e-09
2.876449240794089662e-05 3.838392017877199525e+00 -2.717289772106748838e-02 2.328489926965342856e-04 -3.354990606736854292e-08 2.990343126918498108e-07 3.88 0.00023505451401 1.6e-09
7.313718818485214260e-05 2.719940687049064998e+00 8.788658764547560218e-03 1.742711902622511976e-04 -2.423261930997408316e-05 3.583996757080910281e-07 3.88 0.00023505451401 1.6e-09
1.026511526043862846e-05 3.897008276247185821e-01 -2.243264509044978826e-04 1.499600050234815027e-04 3.895132278964148564e-06 -2.924418709351094633e-06 3.88 0.00023505451401 1.6e-09
-6.961758989780262382e-06 2.779891122561103600e+00 -3.599784220883556207e-02 1.772948403443317051e-04 2.340262732100466259e-05 8.260545367176952830e-08 3.88 0.00023505451401 1.6e-09
-7.890194747872966523e-05 3.843740235289706320e+00 -1.118862363288024298e-02 2.331318887972708902e-04 -4.107198053041869966e-07 3.253895460608155610e-07 3.88 0.00023505451401 1.6e-09
2.910344443544665851e-05 2.682531050990257349e+00 2.129710616914021193e-02 1.723835330965272825e-04 -2.482079819118984668e-05 2.447106065351083000e-07 3.88 0.00023505451401 1.6e-09
-1.149826596374977999e-07 3.907877560331626254e-01 -2.928922748769591071e-03 1.496013876184407827e-04 8.629407743840129360e-06 -3.156009813497083679e-06 3.88 0.00023505451401 1.6e-09
1.150711445487178540e-05 2.819719756081280337e+00 -2.421778326299591291e-02 1.793049704532989142e-04 2.291890594568286857e-05 2.471986264386954451e-07 3.88 0.00023505451401 1.6e-09
7.183569156158636369e-05 3.853675913515521856e+00 9.172493029693428584e-03 2.336576863970711961e-04 -6.394629740012302343e-07 3.402967695640826258e-07 3.88 0.00023505451401 1.6e-09
-9.800311827427846318e-06 2.671017270381881303e+00 3.561056572345976112e-02 1.717936908166550736e-04 -2.507015231779094396e-05 8.995448448319643791e-08 3.88 0.00023505451401 1.6e-09
2.426311518385307776e-05 3.909027397036807239e-01 -5.387365445981600470e-03 1.494718428318248730e-04 1.029412300684868473e-05 -3.243495943881079172e-06 3.88 0.00023505451401 1.6e-09
3.051216972367376329e-05 2.836143704315849057e+00 -1.046401759806201912e-02 1.801270942772403437e-04 2.279002670152350670e-05 4.122671070109814242e-07 3.88 0.00023505451401 1.6e-09
-1.452944759896733983e-05 3.865989852095480739e+00 3.102649296616318345e-02 2.343102636256179697e-04 -6.244974541012035919e-07 3.460753687137210441e-07 3.88 0.00023505451401 1.6e-09
4.841418495738369926e-05 2.689846211944763699e+00 5.027734544638334108e-02 1.727233382614858309e-04 -2.489964735115584806e-05 -7.517773028076620943e-08 3.88 0.00023505451401 1.6e-09
-7.183198139842680960e-05 3.891390328259098919e-01 -7.127261578429256936e-03 1.498292945046035703e-04 8.413038112004021647e-06 -3.259738722376826285e-06 3.88 0.00023505451401 1.6e-09
-7.153071906048135223e-05 2.824223956835699045e+00 2.996732086453551130e-03 1.795075605698966820e-04 2.305770976328820493e-05 5.632318596913700119e-07 3.88 0.00023505451401 1.6e-09
8.208431684483642808e-05 3.876853215148045706e+00 5.153650535117064446e-02 2.348866338552183810e-04 -3.961742326621238870e-07 3.461117642603586184e-07 3.88 0.00023505451401 1.6e-09
-5.993713377966016626e-05 2.733056974040574350e+00 6.386934782074402128e-02 1.748877750464794230e-04 -2.435226327923606561e-05 -2.223446653667902264e-07 3.88 0.00023505451401 1.6e-09
6.021649895075543480e-05 3.870531077474261838e-01 -8.048430906610884103e-03 1.503168005189930555e-04 3.387530154744680109e-06 -3.263582469424508152e-06 3.88 0.00023505451401 1.6e-09
-6.074288021500043777e-05 2.786552500401115573e+00 1.426984234867075679e-02 1.775881746153045370e-04 2.363519218219740876e-05 6.920479706179719990e-07 3.88 0.00023505451401 1.6e-09
-6.570267967275544353e-05 3.881788490362175104e+00 6.860023559099109880e-02 2.351485244300283400e-04 -4.535808056714032375e-09 3.443095337684523151e-07 3.88 0.00023505451401 1.6e-09
2.890920943611952995e-05 2.785249912977803000e+00 7.524779721959715117e-02 1.775219029604786422e-04 -2.364421738399037526e-05 -3.364455483587571210e-07 3.88 0.00023505451401 1.6e-09
-2.103592323186478902e-05 3.870032545348023323e-01 -8.372062488872226982e-03 1.503292467373480994e-04 -3.050134752309790113e-06 -3.277060170386489353e-06 3.88 0.00023505451401 1.6e-09
-3.649145583835984293e-05 2.734481533486922356e+00 2.264215257443522381e-02 1.749568333484423734e-04 2.435281134161055444e-05 7.976864018630070479e-07 3.88 0.00023505451401 1.6e-09
5.993395589482787501e-05 3.878361638728339056e+00 8.161352272567939936e-02 2.349661408902618592e-04 3.921032291563966770e-07 3.430778095805606887e-07 3.88 0.00023505451401 1.6e-09
1.183089003806000398e-05 2.828129785263026275e+00 8.397067222342033399e-02 1.797040014263625674e-04 -2.299917477054605898e-05 -4.200661772365518750e-07 3.88 0.00023505451401 1.6e-09
6.052266995730535887e-05 3.893191277093758229e-01 -8.542039957295063934e-03 1.497810951317420374e-04 -8.709803331770954498e-06 -3.282197252084422377e-06 3.88 0.00023505451401 1.6e-09
-2.665271432384418710e-05 2.685861176604598999e+00 2.895018791523071983e-02 1.725197197348852087e-04 2.497145246467038766e-05 8.843849061352902638e-07 3.88 0.00023505451401 1.6e-09
-1.053024127585783362e-04 3.868148722685647911e+00 9.159262306536888887e-02 2.344235601352940386e-04 6.950903780713560214e-07 3.410149480002647077e-07 3.88 0.00023505451401 1.6e-09
7.881344441558144900e-05 2.848243847317374566e+00 9.037339508682072642e-02 1.807385317120914600e-04 -2.262870723572042096e-05 -4.890428389021810010e-07 3.88 0.00023505451401 1.6e-09
-9.543307015119571724e-06 3.918038696097790874e-01 -9.010837931305602788e-03 1.492340667218957371e-04 -1.164139252748548682e-05 -3.242834249957479839e-06 3.88 0.00023505451401 1.6e-09
-5.419748827795802014e-05 2.657746446311667121e+00 3.483683746240746892e-02 1.711242841146065261e-04 2.527499500690545719e-05 9.562132644362650529e-07 3.88 0.00023505451401 1.6e-09
-4.300088759314679634e-06 3.855331084124155261e+00 1.001326664738914352e-01 2.337436669596537533e-04 7.752055780486402494e-07 3.328911213341576757e-07 3.88 0.00023505451401 1.6e-09
6.663698302570921785e-05 2.840399025659242405e+00 9.497281153905857976e-02 1.803524389003875749e-04 -2.262712889440817983e-05 -5.615003201437315796e-07 3.88 0.00023505451401 1.6e-09
-8.680584880277651206e-06 3.922479617831515775e-01 -1.007609064739716648e-02 1.492138096475180387e-04 -1.107359941305092155e-05 -3.103969553708722460e-06 3.88 0.00023505451401 1.6e-09
-2.722762775807681244e-05 2.659514171857384923e+00 4.175884533959130229e-02 1.712269815141075828e-04 2.514879336087154284e-05 1.014011264451048583e-06 3.88 0.00023505451401 1.6e-09
3.499040919618411397e-05 3.844050372297339813e+00 1.084170022920247223e-01 2.331462930842289445e-04 6.229121558463677545e-07 3.126238264709137489e-07 3.88 0.00023505451401 1.6e-09
5.529723967857151418e-05 2.807013449946150097e+00 9.804351338716289777e-02 1.786669909135938684e-04 -2.300201266169894389e-05 -6.496147129741377565e-07 3.88 0.00023505451401 1.6e-09
-3.603264446901694048e-05 3.908071888081703360e-01 -1.171047886616388700e-02 1.496495490528374731e-04 -7.162636704509328523e-06 -2.805713751660104313e-06 3.88 0.00023505451401 1.6e-09
4.273679388023786667e-05 2.690194695457230445e+00 5.052314881602167074e-02 1.727749436320611580e-04 2.463411092001065227e-05 1.057685912242895999e-06 3.88 0.00023505451401 1.6e-09
3.966404307484126574e-05 3.837343560923271557e+00 1.170783494736152563e-01 2.327915779537697368e-04 2.819179062654157095e-07 2.770140611840465260e-07 3.88 0.00023505451401 1.6e-09
8.094561613937176008e-05 2.757764764048251216e+00 9.984532085595052009e-02 1.761788950635094812e-04 -2.364961031871349234e-05 -7.565813265295678656e-07 3.88 0.00023505451401 1.6e-09
-1.688603321643803376e-05 3.895601071495464751e-01 -1.355622074709348507e-02 1.499876338261606364e-04 -1.111187839597813919e-06 -2.322439820901172770e-06 3.88 0.00023505451401 1.6e-09
-8.011333936355686549e-05 2.739011732212172756e+00 6.106826403339510323e-02 1.752320858823522471e-04 2.392648613422878980e-05 1.089052221404844993e-06 3.88 0.00023505451401 1.6e-09
-1.091664698877985027e-04 3.837095435838234536e+00 1.262509596607375717e-01 2.327783285577957159e-04 -1.256070929722408916e-07 2.283167218160591619e-07 3.88 0.00023505451401 1.6e-09
-3.575901368545868501e-06 2.708854031210078617e+00 1.008905293962954197e-01 1.737123243453197736e-04 -2.434783638438737602e-05 -8.749310125033105028e-07 3.88 0.00023505451401 1.6e-09
2.726323474282442156e-06 3.898914779499423888e-01 -1.511858688247322974e-02 1.498600995799500852e-04 5.003881593592811360e-06 -1.712157091538836816e-06 3.88 0.00023505451401 1.6e-09
8.121349627617702367e-06 2.788881305240040298e+00 7.233303974608794318e-02 1.777475154926468504e-04 2.325548504031985604e-05 1.111094533826416388e-06 3.88 0.00023505451401 1.6e-09
-5.538979388645369495e-05 3.843661525187493933e+00 1.353611951896677712e-01 2.331253170934519613e-04 -4.711946263804728251e-07 1.737103225959700674e-07 3.88 0.00023505451401 1.6e-09
-1.624258961305721500e-05 2.678361737608032200e+00 1.017055949378355001e-01 1.721713989888300547e-04 -2.484628578242098121e-05 -9.866053849218234709e-07 3.88 0.00023505451401 1.6e-09
-6.447914721525396136e-05 3.907058172212682923e-01 -1.607526437447299311e-02 1.495605317747350841e-04 8.973066149516051044e-06 -1.102247495130748673e-06 3.88 0.00023505451401 1.6e-09
7.362334102513160559e-05 2.822530585465687913e+00 8.252603908337351191e-02 1.794431425515245629e-04 2.286801374519250988e-05 1.125571338889637721e-06 3.88 0.00023505451401 1.6e-09
2.435763225222044461e-05 3.855426322337875966e+00 1.430930181717050553e-01 2.337480017342927078e-04 -6.173169391005050503e-07 1.217173351919035743e-07 3.88 0.00023505451401 1.6e-09
4.135777420561054067e-05 2.678743852146401316e+00 1.023652829414202214e-01 1.721751554452464073e-04 -2.494345822673526441e-05 -1.069136661201803020e-06 3.88 0.00023505451401 1.6e-09
-5.060911974257435898e-05 3.899938794722453417e-01 -1.640907888391932717e-02 1.496383454751405262e-04 9.325879129001239987e-06 -6.110757276665354153e-07 3.88 0.00023505451401 1.6e-09
-4.573582981781144501e-05 2.828449296518197986e+00 8.973284549107621300e-02 1.797285134316734358e-04 2.290246198534360162e-05 1.131095908396843237e-06 3.88 0.00023505451401 1.6e-09
-4.873152670452488889e-05 3.868783314010237007e+00 1.477437281188697660e-01 2.344561798839158340e-04 -4.996778666531937186e-07 7.856234675412203241e-08 3.88 0.00023505451401 1.6e-09
7.202754884534950562e-05 2.711051404028662404e+00 1.022699085063327046e-01 1.737832297654159756e-04 -2.458766525242108276e-05 -1.105867201774870187e-06 3.88 0.00023505451401 1.6e-09
-3.937792306210731268e-06 3.877850599819045452e-01 -1.626724133297133973e-02 1.501257646667077507e-04 5.837932569801943187e-06 -2.955334604317976016e-07 3.88 0.00023505451401 1.6e-09
8.018413103938023720e-05 2.803693390498706250e+00 9.247670566738963593e-02 1.784602534616695898e-04 2.332884791154328269e-05 1.122358415059567454e-06 3.88 0.00023505451401 1.6e-09
-4.712602417633313844e-05 3.878581577209210707e+00 1.477226805486951122e-01 2.349763499027930137e-04 -1.696347869149104763e-07 4.674365742980374581e-08 3.88 0.00023505451401 1.6e-09
-7.985843780773684811e-06 2.763577557151922548e+00 1.003025679501697853e-01 1.764249996853882658e-04 -2.390800219814275234e-05 -1.092684661369671312e-06 3.88 0.00023505451401 1.6e-09
-6.232982475380075557e-05 3.865423145282184114e-01 -1.577890067376685676e-02 1.504173999222963357e-04 -3.634362940249961876e-07 -1.388862971161362729e-07 3.88 0.00023505451401 1.6e-09
7.813418712230154825e-05 2.755188051599098742e+00 9.034454331251683123e-02 1.759999198013022421e-04 2.403946126796049828e-05 1.092176771309470915e-06 3.88 0.00023505451401 1.6e-09
-4.041621403229012180e-05 3.880257964583574637e+00 1.423255276498179289e-01 2.350654056976455761e-04 2.624793889030872140e-07 2.532543191776395561e-08 3.88 0.00023505451401 1.6e-09
3.209689704429078300e-05 2.816409225179377085e+00 9.551441320285480874e-02 1.791034801087648199e-04 -2.317246814064319500e-05 -1.038620783677654734e-06 3.88 0.00023505451401 1.6e-09
2.701912177334196276e-05 3.881297044429679599e-01 -1.500908461075830223e-02 1.500343410390724236e-04 -7.056556573057571382e-06 -6.207702377645311760e-08 3.88 0.00023505451401 1.6e-09
-7.328450808056015300e-05 2.699664933769598818e+00 8.442132451604530963e-02 1.732059185056620512e-04 2.479654109906868654e-05 1.035234052377116982e-06 3.88 0.00023505451401 1.6e-09
2.312655341475942813e-05 3.873181676517185146e+00 1.323661847831878735e-01 2.346896520421354023e-04 6.436496976018400262e-07 1.079559131535219914e-08 3.88 0.00023505451401 1.6e-09
-6.418826278520349884e-05 2.851165148788373127e+00 8.790638120348798212e-02 1.808819262521579863e-04 -2.261764780643108055e-05 -9.605732677912539985e-07 3.88 0.00023505451401 1.6e-09
-7.013969660389819541e-05 3.912648394602881718e-01 -1.400973098309729256e-02 1.493111718557578764e-04 -1.171508787234713689e-05 2.220753496136585790e-08 3.88 0.00023505451401 1.6e-09
-1.759057688567748542e-05 2.657614854033798935e+00 7.662445469327636149e-02 1.711102573062419393e-04 2.530995229390005168e-05 9.498860160125209386e-07 3.88 0.00023505451401 1.6e-09
-6.077824565599594512e-05 3.861084284569013647e+00 1.195766319631263314e-01 2.340479540501183434e-04 8.577409523658745734e-07 -1.575092651975414220e-09 3.88 0.00023505451401 1.6e-09
8.986664627429555036e-05 2.858040211578363632e+00 7.824717788739399271e-02 1.812446198806980156e-04 -2.243176092540186687e-05 -8.742994276900521986e-07 3.88 0.00023505451401 1.6e-09
-5.427438539562347091e-05 3.929848551022316894e-01 -1.283763180218017164e-02 1.489756128778333116e-04 -1.298052323919060336e-05 1.711459657287840986e-07 3.88 0.00023505451401 1.6e-09
5.620758693322672390e-05 2.643767790758483116e+00 6.852863408715437199e-02 1.704335815298928432e-04 2.541028003286005188e-05 8.388079505479528729e-07 3.88 0.00023505451401 1.6e-09
7.422541790184933059e-05 3.848979418754003845e+00 1.054677852365275142e-01 2.334070604235261373e-04 8.173738373648423576e-07 -1.591539346604041621e-08 3.88 0.00023505451401 1.6e-09
6.306542593086430224e-05 2.836631694393526804e+00 6.735849186200063010e-02 1.801675605947058404e-04 -2.263383715775757021e-05 -7.882274498971633966e-07 3.88 0.00023505451401 1.6e-09
3.513051712464575508e-05 3.920585378579145575e-01 -1.152887918170632936e-02 1.492969086267901700e-04 -1.062632306567688302e-05 3.944816181305182635e-07 3.88 0.00023505451401 1.6e-09
3.598859993069306355e-06 2.661801199939664464e+00 6.102994098331694650e-02 1.713469505280504845e-04 2.508130101399058817e-05 7.110911363244523589e-07 3.88 0.00023505451401 1.6e-09
9.995509217219003388e-05 3.840746425455392021e+00 9.115354893968347083e-02 2.329721332764020316e-04 5.586152662648999607e-07 -3.421088321012993526e-08 3.88 0.00023505451401 1.6e-09
1.192902494481300711e-05 2.794353310943885838e+00 5.599453037512410608e-02 1.780294446721455807e-04 -2.316596718797218066e-05 -7.051620209635670169e-07 3.88 0.00023505451401 1.6e-09
-2.643632960786423871e-05 3.900388025122870639e-01 -1.011759081478824651e-02 1.498621537194966410e-04 -5.436183432895776067e-06 6.623013762221829987e-07 3.88 0.00023505451401 1.6e-09
-5.633785405262285928e-05 2.704091619259321178e+00 5.461891425011557166e-02 1.734727789688543542e-04 2.445134889811655441e-05 5.826307608064286501e-07 3.88 0.00023505451401 1.6e-09
1.075196813763398975e-04 3.838694341322359094e+00 7.776203700651196371e-02 2.328643781625534619e-04 1.696999063950558960e-07 -5.551767801221249240e-08 3.88 0.00023505451401 1.6e-09
6.561707177811400271e-05 2.745539169102336530e+00 4.512757200585446049e-02 1.755613517366425198e-04 -2.385659067545475563e-05 -6.269932804463900340e-07 3.88 0.00023505451401 1.6e-09
-4.961831653749667210e-05 3.890725234613002792e-01 -8.690131363031775025e-03 1.500991041238383227e-04 7.132868765924998114e-07 9.211693420211884544e-07 3.88 0.00023505451401 1.6e-09
8.739167788322872092e-05 2.754720057870361671e+00 4.938650075698721581e-02 1.760217889604016764e-04 2.375134097383138762e-05 4.693479235071260771e-07 3.88 0.00023505451401 1.6e-09
-8.333726311968416771e-05 3.843486553611722201e+00 6.622084386441831616e-02 2.331183456101998419e-04 -1.938830721124599949e-07 -7.617033702482511098e-08 3.88 0.00023505451401 1.6e-09
-3.465917233946344122e-05 2.708127932296859885e+00 3.574489790669997669e-02 1.736707167914341597e-04 -2.443613516387215456e-05 -5.553455745010282917e-07 3.88 0.00023505451401 1.6e-09
-4.565624010019583341e-05 3.893188214028274197e-01 -7.383200043737141866e-03 1.499682560596523749e-04 5.536137470755059570e-06 1.120429896890607632e-06 3.88 0.00023505451401 1.6e-09
3.191881558308055152e-05 2.795449862493104121e+00 4.475788397339833941e-02 1.780721581460355859e-04 2.326083915028738817e-05 3.769842722051405438e-07 3.88 0.00023505451401 1.6e-09
-1.130930438411841785e-04 3.853923797778145310e+00 5.643789790765644382e-02 2.336711148072106330e-04 -4.140806895906607678e-07 -9.186872454459173864e-08 3.88 0.00023505451401 1.6e-09
1.536332173777748764e-05 2.696768821096353630e+00 2.812859054169693229e-02 1.730863583243533188e-04 -2.469571814788450273e-05 -4.874485729627384903e-07 3.88 0.00023505451401 1.6e-09
-2.230682723227505037e-05 3.891087263244291661e-01 -6.286504528547461057e-03 1.499269860504996482e-04 7.265288712708530622e-06 1.238274649794012827e-06 3.88 0.00023505451401 1.6e-09
-8.380634697023200909e-05 2.812453165010614597e+00 3.954348646045646731e-02 1.789201344384010325e-04 2.313878004727813810e-05 2.980788341355777200e-07 3.88 0.00023505451401 1.6e-09
-3.315852894373399036e-05 3.867039340527038682e+00 4.704505609023396095e-02 2.343664237987294662e-04 -4.062526461058970562e-07 -9.999185108903714057e-08 3.88 0.00023505451401 1.6e-09
-7.617329031075539272e-05 2.716782792624974796e+00 2.152982985835113702e-02 1.740791275364624274e-04 -2.451124368970836225e-05 -4.142570870054367070e-07 3.88 0.00023505451401 1.6e-09
-1.422979778761674610e-05 3.876152218403743355e-01 -5.350412431328232382e-03 1.502240689520140918e-04 5.239744791212664935e-06 1.273834552844215253e-06 3.88 0.00023505451401 1.6e-09
-4.552159487040423791e-05 2.799696245951506235e+00 3.234303041727276673e-02 1.782600132888400711e-04 2.341659374920294874e-05 2.176567350219586605e-07 3.88 0.00023505451401 1.6e-09
1.802017480364372814e-05 3.878405551160555298e+00 3.605651459543665616e-02 2.349696328356567273e-04 -1.642020412259007688e-07 -9.947267455741102352e-08 3.88 0.00023505451401 1.6e-09
-3.695483097142337038e-05 2.761557428519330060e+00 1.463136636887134995e-02 1.763268891378913300e-04 -2.396368304575187389e-05 -3.243235324117051643e-07 3.88 0.00023505451401 1.6e-09
4.499291841560098805e-05 3.863891095081162241e-01 -4.389505247587527879e-03 1.504919944736456507e-04 6.219106527073565370e-10 1.225687649466721461e-06 3.88 0.00023505451401 1.6e-09
7.444603001861580601e-05 2.760064076470722938e+00 2.216437094328618101e-02 1.762465659132574102e-04 2.402096208548617877e-05 1.223178426281233765e-07 3.88 0.00023505451401 1.6e-09
9.978058744706917596e-05 3.883347603286790850e+00 2.203891108189649783e-02 2.352318848625868739e-04 2.274099908988350864e-07 -8.884070072406024561e-08 3.88 0.00023505451401 1.6e-09
7.347662734678863891e-05 2.814997951265714171e+00 6.522073872538993941e-03 1.790313915362423799e-04 -2.324827094749770597e-05 -2.102430465282343298e-07 3.88 0.00023505451401 1.6e-09
1.058518305062664601e-05 3.876139001113561022e-01 -3.176348593417181992e-03 1.501757144883999540e-04 -6.652792311416369868e-06 1.083850966016774340e-06 3.88 0.00023505451401 1.6e-09
4.046298092912772675e-05 2.705754936923521647e+00 9.139146262917710942e-03 1.735088767355618961e-04 2.478010509477228756e-05 9.382487656016767854e-09 3.88 0.00023505451401 1.6e-09
-2.708436375330202267e-05 3.879709910019036201e+00 5.272110498872257731e-03 2.350381509153109505e-04 6.535302982420475777e-07 -6.558615172490929296e-08 3.88 0.00023505451401 1.6e-09
-2.172686054707567097e-05 2.858897746212291757e+00 -2.405863177785854019e-03 1.812719356205335156e-04 -2.258920011374542579e-05 -7.415250003649123991e-08 3.88 0.00023505451401 1.6e-09
6.524274522844612865e-05 3.911888549853722585e-01 -1.571376174732600547e-03 1.493100137432719202e-04 -1.244568074618519480e-05 8.352856966447270307e-07 3.88 0.00023505451401 1.6e-09
6.447345127768391350e-05 2.655073555368509197e+00 -5.440073414055499219e-03 1.709757702108578967e-04 2.543468620816194224e-05 -1.100835105760986636e-07 3.88 0.00023505451401 1.6e-09
1.772376289167117429e-05 3.869520322421134306e+00 -1.228082921139730596e-02 2.344966437016074781e-04 9.598743258932646911e-07 -2.815158721126480730e-08 3.88 0.00023505451401 1.6e-09
-1.265502605665991536e-05 2.880725388253171815e+00 -1.063049431600932362e-02 1.823968707963951762e-04 -2.219536602467836722e-05 7.279373055818204298e-08 3.88 0.00023505451401 1.6e-09
3.527496808859386886e-07 3.945322444470540368e-01 3.414197909944258072e-04 1.485567702958684238e-04 -1.557549567613874419e-05 4.658504408061362515e-07 3.88 0.00023505451401 1.6e-09
-5.128350840118230163e-05 2.624602397616255800e+00 -1.992753431900840325e-02 1.694661060854786246e-04 2.578593156276754296e-05 -2.171470259065985972e-07 3.88 0.00023505451401 1.6e-09
5.001153426480364143e-05 3.857116523575213840e+00 -2.826627434501884778e-02 2.338385510248952744e-04 1.068361954052298633e-06 2.187168440979083156e-08 3.88 0.00023505451401 1.6e-09
3.738785627280062288e-05 2.876121671437460670e+00 -1.663930881313450266e-02 1.821740997773586379e-04 -2.215698010352469555e-05 2.162873478375331265e-07 3.88 0.00023505451401 1.6e-09
4.443805519844597652e-05 3.951978509869671363e-01 2.214949776882134055e-03 1.484848335692556635e-04 -1.540489334231917332e-05 -2.955568252214302923e-08 3.88 0.00023505451401 1.6e-09
-1.184577539135871118e-05 2.623093500377639220e+00 -3.282279962893907416e-02 1.694049674691872889e-04 2.571152311661175326e-05 -2.923229451942007282e-07 3.88 0.00023505451401 1.6e-09
-8.597177679513406977e-05 3.846312009774773166e+00 -4.075777354012184023e-02 2.332664509415940013e-04 9.599097847917198244e-07 7.948871269519524268e-08 3.88 0.00023505451401 1.6e-09
3.550992965667419449e-05 2.847117715877501176e+00 -1.957655291128582165e-02 1.807061324933149720e-04 -2.247327793159011614e-05 3.416630852144202207e-07 3.88 0.00023505451401 1.6e-09
7.106917078803552201e-05 3.931608061177952473e-01 3.533719236176067688e-03 1.490740680914173408e-04 -1.203847338153559918e-05 -6.312534395736689179e-07 3.88 0.00023505451401 1.6e-09
-1.318421900504476583e-05 2.649979665891970981e+00 -4.262013985574643338e-02 1.707575734547939368e-04 2.525255537853034340e-05 -3.192979209793307379e-07 3.88 0.00023505451401 1.6e-09
-1.077399494164740475e-04 3.839389662396704317e+00 -4.805929664385234779e-02 2.329008067494111678e-04 6.488569866295253421e-07 1.378229434530812134e-07 3.88 0.00023505451401 1.6e-09
-2.999132534158918068e-05 2.800657228234962659e+00 -1.899451187161652066e-02 1.783520613788095897e-04 -2.307020219933952790e-05 4.320150356891559210e-07 3.88 0.00023505451401 1.6e-09
9.239179260759886102e-06 3.905087356845476365e-01 3.837510833523557607e-03 1.497907791968806435e-04 -6.272991800878365354e-06 -1.278247884784379563e-06 3.88 0.00023505451401 1.6e-09
1.780308636682864529e-05 2.697063977290293124e+00 -4.781828699570191826e-02 1.731220852719295730e-04 2.454209531303098307e-05 -2.883262613627297143e-07 3.88 0.00023505451401 1.6e-09
-6.295939636963926390e-06 3.837455064051340514e+00 -4.861151192616185862e-02 2.327991304805520679e-04 2.177708875590885028e-07 1.905881690197824975e-07 3.88 0.00023505451401 1.6e-09
-6.130866526318052515e-05 2.748045016131575924e+00 -1.454860637045858260e-02 1.756910026042881592e-04 -2.380759407092856962e-05 4.688760777643119319e-07 3.88 0.00023505451401 1.6e-09
2.134885590533457578e-05 3.893512369218662394e-01 2.968432877858458250e-03 1.500772209088044936e-04 3.604585367542760331e-07 -1.876322791011965103e-06 3.88 0.00023505451401 1.6e-09
-6.618633077907878947e-05 2.751187544710342436e+00 -4.754163546370868132e-02 1.758453325770612083e-04 2.379131548637488156e-05 -2.016313679180279090e-07 3.88 0.00023505451401 1.6e-09
5.994325693308642485e-05 3.840822722654373411e+00 -4.174523872383419099e-02 2.329774974025284153e-04 -2.077142124259022257e-07 2.340890108971714835e-07 3.88 0.00023505451401 1.6e-09
1.674591575420500677e-05 2.703323209421970130e+00 -6.245798760197518104e-03 1.734320066101715054e-04 -2.449110247415745527e-05 4.407299679356556116e-07 3.88 0.00023505451401 1.6e-09
-3.045670094738373501e-06 3.899238091475453194e-01 1.198551066907523749e-03 1.498690242394718776e-04 6.040717157703557332e-06 -2.341739536265799165e-06 3.88 0.00023505451401 1.6e-09
7.787549185958095982e-05 2.798023323677893526e+00 -4.217463370918897447e-02 1.782087926191735410e-04 2.318101665046660981e-05 -7.497207496360778398e-08 3.88 0.00023505451401 1.6e-09
1.752447792374156734e-05 3.848990273405768825e+00 -2.850637612020080064e-02 2.334097144029065568e-04 -5.062880350281831501e-07 2.672509576376535411e-07 3.88 0.00023505451401 1.6e-09
7.568744808915885852e-05 2.679526515551348353e+00 5.126418957493802768e-03 1.722256791324553490e-04 -2.491311401869267071e-05 3.532962119029085215e-07 3.88 0.00023505451401 1.6e-09
-3.893152251748766240e-05 3.905681691000785771e-01 -8.906505536532900898e-04 1.496113720743802184e-04 9.197467423621930255e-06 -2.647529503347656244e-06 3.88 0.00023505451401 1.6e-09
7.732458691632841110e-05 2.825673035799531441e+00 -3.324916818280539837e-02 1.796009165667144820e-04 2.288612973126889367e-05 6.914605199935358741e-08 3.88 0.00023505451401 1.6e-09
5.939380782043224304e-05 3.860389603989125007e+00 -1.140272427529179754e-02 2.340135726968159522e-04 -6.073951153530148118e-07 2.905165697689868864e-07 3.88 0.00023505451401 1.6e-09
-6.903142494527029376e-05 2.684159652971178645e+00 1.811092946816255517e-02 1.724457383379598562e-04 -2.493284168521438899e-05 2.296650546824639444e-07 3.88 0.00023505451401 1.6e-09
4.928296413229593859e-05 3.896985805292566551e-01 -2.699579508009902935e-03 1.497404856169476817e-04 8.969820322925019162e-06 -2.825507457052125283e-06 3.88 0.00023505451401 1.6e-09
-4.571465832707917356e-05 2.827219751979189510e+00 -2.286337100245041179e-02 1.796658546434024028e-04 2.297294995651949658e-05 2.103865556189425027e-07 3.88 0.00023505451401 1.6e-09
-7.917823384589211979e-05 3.872092449864992680e+00 6.575850492617341288e-03 2.346343374267303864e-04 -4.710004376373208435e-07 3.056196299563029872e-07 3.88 0.00023505451401 1.6e-09
2.832028892291366985e-07 2.715814730743538963e+00 3.109586006568614697e-02 1.740237032586597864e-04 -2.457368000560230658e-05 9.974208355739699650e-08 3.88 0.00023505451401 1.6e-09
2.214789909180230065e-06 3.876881569861823085e-01 -3.862801439423348745e-03 1.501863255613407322e-04 5.476145037772394700e-06 -2.933505057456615958e-06 3.88 0.00023505451401 1.6e-09
-8.772440206306517606e-05 2.802026979077011148e+00 -1.312874938959189899e-02 1.783760267405844657e-04 2.340256435234882643e-05 3.350602821332677182e-07 3.88 0.00023505451401 1.6e-09
5.523688669187093935e-05 3.880039032221944240e+00 2.281418268636670188e-02 2.350561774560353337e-04 -1.683696149289214929e-07 3.159710753346915943e-07 3.88 0.00023505451401 1.6e-09
-2.073800433671864389e-05 2.763681935958965052e+00 4.273735184839099616e-02 1.764322424003160407e-04 -2.394550722235317785e-05 -1.210730302248699210e-08 3.88 0.00023505451401 1.6e-09
-2.919052720115741787e-05 3.866581003941592098e-01 -4.366662555391068526e-03 1.504282509260505851e-04 -2.622576825896929322e-07 -3.020586465166997058e-06 3.88 0.00023505451401 1.6e-09
7.824585832728063646e-06 2.757089796578841678e+00 -5.472919212057607286e-03 1.760979859067926252e-04 2.404750925400481925e-05 4.382516816636053751e-07 3.88 0.00023505451401 1.6e-09
-7.813110208536197488e-05 3.880795118578770797e+00 3.587540767027178751e-02 2.350961215115678570e-04 2.325698974110044943e-07 3.257536254492633464e-07 3.88 0.00023505451401 1.6e-09
-7.707626920568952475e-05 2.810991457456650799e+00 5.235432121374379577e-02 1.788313598312834586e-04 -2.326877593145700723e-05 -9.607718875137660433e-08 3.88 0.00023505451401 1.6e-09
-5.617588230073120378e-05 3.880124701471335813e-01 -4.487169155401605700e-03 1.501034253734109293e-04 -6.288463756837100893e-06 -3.112827363554717561e-06 3.88 0.00023505451401 1.6e-09
-1.966163481279282750e-05 2.706851754762834794e+00 6.476953740465753412e-05 1.735697388808001766e-04 2.471924384584410234e-05 5.243832915777295830e-07 3.88 0.00023505451401 1.6e-09
-8.507942811630662310e-05 3.874010135075829808e+00 4.607653108609043036e-02 2.347354797678110586e-04 5.798503183111538835e-07 3.371653189614831961e-07 3.88 0.00023505451401 1.6e-09
-6.679545926523067689e-05 2.842211888172415435e+00 6.017481571947577712e-02 1.804270852322921838e-04 -2.276624881014538776e-05 -1.591371156787872937e-07 3.88 0.00023505451401 1.6e-09
-2.407526473113482624e-05 3.906697811400035025e-01 -4.660338911674357515e-03 1.494884219188474643e-04 -1.055963706381117207e-05 -3.211527978324188450e-06 3.88 0.00023505451401 1.6e-09
-5.218504308099048528e-05 2.668601766681887533e+00 4.704226943811558141e-03 1.716606381269223085e-04 2.518378377604438430e-05 6.026703602420801287e-07 3.88 0.00023505451401 1.6e-09
-8.212705001713014870e-05 3.862646042149756820e+00 5.496622712013824602e-02 2.341322361885205244e-04 7.690108408227661995e-07 3.481149658415264087e-07 3.88 0.00023505451401 1.6e-09
-1.821524830916316259e-05 2.848436988452199614e+00 6.691341239781561923e-02 1.807558468017136293e-04 -2.258242805411933286e-05 -2.182334549671290887e-07 3.88 0.00023505451401 1.6e-09
2.853295939611066222e-05 3.922417769929421594e-01 -5.320465231171651183e-03 1.491757344290585647e-04 -1.177286681578977180e-05 -3.290426966108699384e-06 3.88 0.00023505451401 1.6e-09
4.212910119070068497e-05 2.655347558804906694e+00 1.005244182950628187e-02 1.710118388433502432e-04 2.527062253812356702e-05 6.802696060669265510e-07 3.88 0.00023505451401 1.6e-09
3.081638062002321532e-05 3.850749340857845926e+00 6.415660189669339375e-02 2.335017412442066389e-04 7.320143863988692211e-07 3.529237175384167014e-07 3.88 0.00023505451401 1.6e-09
1.647806582207194840e-05 2.828168986782983563e+00 7.308028779627076532e-02 1.797362818204720713e-04 -2.276806587587790957e-05 -2.905595239586400657e-07 3.88 0.00023505451401 1.6e-09
-6.990331398618905697e-05 3.916366781561235189e-01 -6.727982048659814432e-03 1.494127978613651365e-04 -9.561033156030981095e-06 -3.292522972286379437e-06 3.88 0.00023505451401 1.6e-09
4.350973814787543049e-05 2.671369991801713972e+00 1.743276741441820987e-02 1.718260225040406548e-04 2.495605172364020541e-05 7.598851751423424351e-07 3.88 0.00023505451401 1.6e-09
9.554039873506307119e-05 3.841662765238536892e+00 7.474935200348109543e-02 2.330209057058252949e-04 4.824855299624972580e-07 3.455267272804803855e-07 3.88 0.00023505451401 1.6e-09
8.559181267728370468e-05 2.786652674136184338e+00 7.887188976382725203e-02 1.776375165513953197e-04 -2.328408363840740053e-05 -3.879931655414709088e-07 3.88 0.00023505451401 1.6e-09
3.750541024006697486e-05 3.900475978782770303e-01 -8.834544681204124089e-03 1.498635623691628189e-04 -4.594495141056995858e-06 -3.146554211646536117e-06 3.88 0.00023505451401 1.6e-09
-1.029082942825083126e-05 2.711444140805124636e+00 2.754460881111548548e-02 1.738437245981044139e-04 2.433795074612809045e-05 8.413140885005648805e-07 3.88 0.00023505451401 1.6e-09
4.671939539112499685e-05 3.837719531898881264e+00 8.729263417726412788e-02 2.328123421724910178e-04 9.785114712947679232e-08 3.230865166299726327e-07 3.88 0.00023505451401 1.6e-09
-8.070687180751946884e-05 2.735908221007793628e+00 8.448493480255422905e-02 1.750769828827518067e-04 -2.396685053393619253e-05 -5.139138700705065826e-07 3.88 0.00023505451401 1.6e-09
6.558621122232605270e-05 3.895075456700589633e-01 -1.123572476368322678e-02 1.499947291133426459e-04 1.672287942390880453e-06 -2.821793324909692797e-06 3.88 0.00023505451401 1.6e-09
-4.601882027723644029e-06 2.762286621041989854e+00 4.011108138812113921e-02 1.764059690644965105e-04 2.361956374269045378e-05 9.224152685458398476e-07 3.88 0.00023505451401 1.6e-09
9.630686488002933863e-05 3.840172540408097746e+00 1.015666842202086889e-01 2.329417306561701339e-04 -3.059240936619837241e-07 2.880073678252839740e-07 3.88 0.00023505451401 1.6e-09
-3.379570017933431603e-05 2.692809120420863067e+00 9.017656794360456862e-02 1.729028067354738941e-04 -2.461339246200017076e-05 -6.593286629444537854e-07 3.88 0.00023505451401 1.6e-09
3.027251806048053887e-05 3.903430366444707866e-01 -1.338845642140854345e-02 1.497159720333838769e-04 7.075544163781222366e-06 -2.370793119985126794e-06 3.88 0.00023505451401 1.6e-09
3.373969597173503293e-05 2.806786665765287125e+00 5.376095572167652326e-02 1.786512509161860976e-04 2.304830187339178954e-05 9.993126788604486186e-07 3.88 0.00023505451401 1.6e-09
-4.958440739252127307e-05 3.848695196297980736e+00 1.163565622286909518e-01 2.333922494189132209e-04 -5.691214136912716819e-07 2.467157756205637614e-07 3.88 0.00023505451401 1.6e-09
-5.100183846219613908e-05 2.673480170437031234e+00 9.596931738987557470e-02 1.719212783330119213e-04 -2.496364144369338608e-05 -8.025794701155501309e-07 3.88 0.00023505451401 1.6e-09
-6.976792315480098640e-05 3.907722979432964872e-01 -1.490488174510951232e-02 1.495052490311796559e-04 9.709057834951080005e-06 -1.908891064441540736e-06 3.88 0.00023505451401 1.6e-09
-3.248479617511956254e-05 2.830128647265064856e+00 6.648960744603943374e-02 1.798231450620959779e-04 2.282137736039118245e-05 1.067593460175868336e-06 3.88 0.00023505451401 1.6e-09
1.127746041827834762e-04 3.861044110899936044e+00 1.297724192683447630e-01 2.340460948287351303e-04 -6.245653169392252733e-07 2.062332666499018610e-07 3.88 0.00023505451401 1.6e-09
7.247612045527799694e-05 2.686098747018563770e+00 1.014223774950593349e-01 1.725379274861328497e-04 -2.488819533147610801e-05 -9.182961383825880836e-07 3.88 0.00023505451401 1.6e-09
5.403440408758363687e-05 3.893563331363203983e-01 -1.569469155485773981e-02 1.497718509666474485e-04 8.555390707341124445e-06 -1.539618673230865310e-06 3.88 0.00023505451401 1.6e-09
-4.542115079608862631e-05 2.824257977446974710e+00 7.631450247836416012e-02 1.795108223963193597e-04 2.300429686520580029e-05 1.122579320619549126e-06 3.88 0.00023505451401 1.6e-09
9.172759284642104105e-06 3.873104275407425412e+00 1.398221455616057429e-01 2.346856834052800053e-04 -4.189112599175127039e-07 1.716122238119135617e-07 3.88 0.00023505451401 1.6e-09
7.184357344296263964e-05 2.726881711622366922e+00 1.056220570770643047e-01 1.745764342001785959e-04 -2.439455019587058389e-05 -9.892300526408680408e-07 3.88 0.00023505451401 1.6e-09
-6.512108518338007295e-06 3.871685113293149572e-01 -1.586556678963354713e-02 1.502710078534311199e-04 3.965890711336903421e-06 -1.309521726227951975e-06 3.88 0.00023505451401 1.6e-09
1.399081476032126956e-05 2.789835178203160737e+00 8.185432647305762588e-02 1.777548923829752603e-04 2.354526910574917837e-05 1.158630435062277021e-06 3.88 0.00023505451401 1.6e-09
5.157568930700078111e-05 3.879775180896950726e+00 1.449685005770257606e-01 2.350397431957028794e-04 -4.533890188541750729e-08 1.448084329236789610e-07 3.88 0.00023505451401 1.6e-09
3.655733621604684758e-05 2.780586542053811616e+00 1.074137533572455533e-01 1.772849337367264394e-04 -2.367449422969748188e-05 -1.012867316413926679e-06 3.88 0.00023505451401 1.6e-09
7.460169278931488802e-05 3.868179592635792585e-01 -1.560578134839156125e-02 1.503534513107061344e-04 -2.590635621356348203e-06 -1.184646772248674368e-06 3.88 0.00023505451401 1.6e-09
8.523002818457286220e-05 2.737505657435564288e+00 8.300333918953076151e-02 1.751088972424107311e-04 2.427530242401683966e-05 1.170213785994474027e-06 3.88 0.00023505451401 1.6e-09
-7.711297826737810467e-05 3.877762329667667096e+00 1.448679531171264134e-01 2.349326609913021994e-04 3.849460104709778949e-07 1.244818225782638398e-07 3.88 0.00023505451401 1.6e-09
-5.326951894821709558e-05 2.827229309955279213e+00 1.060672754939544493e-01 1.796570660039897946e-04 -2.298773775198571128e-05 -1.000645241667513948e-06 3.88 0.00023505451401 1.6e-09
-4.770855191788976580e-05 3.890946918708269031e-01 -1.511242886897875420e-02 1.498143772171488600e-04 -8.588810447159418514e-06 -1.083979744544068023e-06 3.88 0.00023505451401 1.6e-09
-7.910488040930136421e-05 2.685909289258985311e+00 8.109771271037333196e-02 1.725196197800755071e-04 2.495553740493109326e-05 1.153563233078932025e-06 3.88 0.00023505451401 1.6e-09
8.660838326509851296e-05 3.868204071771031316e+00 1.406037485491446470e-01 2.344251583173959964e-04 6.982830243828359042e-07 1.063770080127401989e-07 3.88 0.00023505451401 1.6e-09
6.917340422874854720e-05 2.851389936403381675e+00 1.017358989646774403e-01 1.808971463268991783e-04 -2.257454870633228075e-05 -9.705745014061080510e-07 3.88 0.00023505451401 1.6e-09
6.592281318804056958e-05 3.918223219038273752e-01 -1.456630313289884390e-02 1.492030924648548250e-04 -1.202364654558132139e-05 -9.211180507307094884e-07 3.88 0.00023505451401 1.6e-09
-2.276550541029643518e-05 2.654002694784972860e+00 7.797351593350287935e-02 1.709354281541551038e-04 2.531404239565870191e-05 1.106597932495449938e-06 3.88 0.00023505451401 1.6e-09
1.357869265973218106e-05 3.855545144750431419e+00 1.337432034982415918e-01 2.337539735712819791e-04 8.200606803374476336e-07 8.511216756577296881e-08 3.88 0.00023505451401 1.6e-09
-1.724089061147233130e-05 2.846896399583064508e+00 9.503708717783829196e-02 1.806826293916743195e-04 -2.252787100157261382e-05 -9.371202875772873629e-07 3.88 0.00023505451401 1.6e-09
-5.597340727994281793e-05 3.925089176382173251e-01 -1.404383815642488639e-02 1.491304697195816478e-04 -1.180229272225455047e-05 -6.492064279988143532e-07 3.88 0.00023505451401 1.6e-09
-2.691251962799451534e-05 2.652608710191631136e+00 7.493990996534241611e-02 1.708800471509370350e-04 2.524198366296076166e-05 1.030315242984056967e-06 3.88 0.00023505451401 1.6e-09
6.837611874955475588e-05 3.844424760180904066e+00 1.254474584099621315e-01 2.331655318339585672e-04 6.915865094682639038e-07 5.663753336568771521e-08 3.88 0.00023505451401 1.6e-09
-8.265566676842618480e-05 2.816086636836252044e+00 8.655777139994548508e-02 1.791279915317908170e-04 -2.286939655443520462e-05 -9.064390867732157486e-07 3.88 0.00023505451401 1.6e-09
-5.535053718727018829e-05 3.910193193347288876e-01 -1.348447751305408004e-02 1.495838159561394681e-04 -8.175096497788814871e-06 -2.564823433703910504e-07 3.88 0.00023505451401 1.6e-09
-5.515289599136891807e-05 2.681251198896959842e+00 7.261489142399406294e-02 1.723240318870044967e-04 2.477157105027474524e-05 9.321956546308979394e-07 3.88 0.00023505451401 1.6e-09
7.018642502537559376e-05 3.838167183524055837e+00 1.165638726110446860e-01 2.328351774666284179e-04 3.688524429796576488e-07 2.026837300081327706e-08 3.88 0.00023505451401 1.6e-09
3.136338818545807296e-05 2.768988549323942117e+00 7.700814234146380333e-02 1.767462044110093642e-04 -2.350040691489584387e-05 -8.782601567196755227e-07 3.88 0.00023505451401 1.6e-09
4.276759808006446947e-05 3.894400527942828982e-01 -1.275703651918502768e-02 1.500127201913322838e-04 -2.353735374294590230e-06 2.172763787211425837e-07 3.88 0.00023505451401 1.6e-09
-4.155082718281784087e-05 2.728884607115006578e+00 7.108718792589983904e-02 1.747206194107178744e-04 2.408245114306567527e-05 8.264483928748972962e-07 3.88 0.00023505451401 1.6e-09
3.270512244015551413e-05 3.838631210961897633e+00 1.079047803648400250e-01 2.328602968134456104e-04 -3.151191170376587988e-08 -2.054930757653483124e-08 3.88 0.00023505451401 1.6e-09
2.009160298056090972e-05 2.722122055824959030e+00 6.742165728082352705e-02 1.743793799828471946e-04 -2.418408557733496672e-05 -8.492864438247968678e-07 3.88 0.00023505451401 1.6e-09
-4.886962925856790308e-05 3.893040754292369510e-01 -1.181531220808602206e-02 1.500106434514767340e-04 3.607622626648874358e-06 6.875081291654263114e-07 3.88 0.00023505451401 1.6e-09
-4.601401611835996661e-06 2.777845979441970758e+00 6.986054951037189154e-02 1.771872051377365869e-04 2.343797734823393217e-05 7.267725995778509524e-07 3.88 0.00023505451401 1.6e-09
-2.018252549069160095e-05 3.845931305658223387e+00 9.986367094072928774e-02 2.332468414647836984e-04 -3.587911185706734442e-07 -5.948895206838100501e-08 3.88 0.00023505451401 1.6e-09
1.972390546969260655e-05 2.693490313049297313e+00 5.872020935106676831e-02 1.729298367902744121e-04 -2.466645998688644833e-05 -8.138798310535466189e-07 3.88 0.00023505451401 1.6e-09
-5.477381121945411124e-05 3.897313837473757037e-01 -1.076031101829833664e-02 1.498155350947129522e-04 7.392353462715855180e-06 1.072584849625033765e-06 3.88 0.00023505451401 1.6e-09
5.961966387499826166e-05 2.810638015856707916e+00 6.783004428790502527e-02 1.788376692929961290e-04 2.307125513995343858e-05 6.375684760836907080e-07 3.88 0.00023505451401 1.6e-09
-9.638206932588976874e-05 3.858193704854727457e+00 9.182942915028854958e-02 2.338965061717408452e-04 -4.864781640853697074e-07 -9.060613120362040374e-08 3.88 0.00023505451401 1.6e-09
-1.788476905832859674e-05 2.695167099055684190e+00 5.101184059028226331e-02 1.729998301000660926e-04 -2.474685934869552554e-05 -7.634606322314903969e-07 3.88 0.00023505451401 1.6e-09
-7.058438894992158721e-05 3.889409716806221384e-01 -9.732441844142916687e-03 1.499183693604325086e-04 7.607070901646223229e-06 1.328562347253402370e-06 3.88 0.00023505451401 1.6e-09
-6.330295341985804852e-05 2.815796214935649022e+00 6.357980817229802462e-02 1.790842088929596606e-04 2.312262056326942473e-05 5.522216434053486048e-07 3.88 0.00023505451401 1.6e-09
8.950330571623154566e-05 3.871691335602879480e+00 8.226311449776517459e-02 2.346124947851999359e-04 -3.803665509260461818e-07 -1.107307862233112686e-07 3.88 0.00023505451401 1.6e-09
-6.205380784889187747e-06 2.727869486851356662e+00 4.343891297404242624e-02 1.746310671557834999e-04 -2.438921243794348406e-05 -6.886105415623662176e-07 3.88 0.00023505451401 1.6e-09
3.931068783638698384e-05 3.870793615503234086e-01 -8.752121179366322001e-03 1.503230665349789192e-04 4.007453064939552826e-06 1.448999561770379232e-06 3.88 0.00023505451401 1.6e-09
-8.469807875979129931e-05 2.790523315463367737e+00 5.587074690918777953e-02 1.777900580172975535e-04 2.356977302794535032e-05 4.581325807252148149e-07 3.88 0.00023505451401 1.6e-09
8.107193305268129791e-06 3.881376308277455500e+00 6.946040594749969266e-02 2.351267754824875494e-04 -4.509462035030427182e-08 -1.188590981238341958e-07 3.88 0.00023505451401 1.6e-09
7.639087958478501779e-05 2.780079675378126502e+00 3.476634215294742425e-02 1.772599731339830954e-04 -2.372644179210267346e-05 -5.831799142638361160e-07 3.88 0.00023505451401 1.6e-09
-4.679919389194980167e-05 3.864750508116024941e-01 -7.680439202461934213e-03 1.504499869375274532e-04 -2.221180807480284996e-06 1.442185010854456744e-06 3.88 0.00023505451401 1.6e-09
1.429233660361015621e-05 2.741767305303332236e+00 4.431571752285631827e-02 1.753207611195529037e-04 2.428137244282673881e-05 3.453165242575249770e-07 3.88 0.00023505451401 1.6e-09
-6.679501533771457821e-06 3.882957221636592404e+00 5.274304510506077487e-02 2.352106029802896337e-04 3.881632513040744952e-07 -1.143297252800248311e-07 3.88 0.00023505451401 1.6e-09
3.974754122875819213e-05 2.832805549185890115e+00 2.443940216315468317e-02 1.799376225118308969e-04 -2.298766568635101509e-05 -4.483273114495720854e-07 3.88 0.00023505451401 1.6e-09
-2.762242718629784490e-05 3.887664894038047603e-01 -6.303880031367229547e-03 1.498838149062248172e-04 -8.935440816798104798e-06 1.327538989541474785e-06 3.88 0.00023505451401 1.6e-09
6.456822626840748932e-05 2.685686799870268260e+00 2.985690557050807437e-02 1.725037262727905361e-04 2.503763287905767039e-05 2.141898403405947435e-07 3.88 0.00023505451401 1.6e-09
8.297171983067224408e-05 3.875981357330852806e+00 3.326409833445636427e-02 2.348397935674108729e-04 7.743848965253840460e-07 -9.648548134083806860e-08 3.88 0.00023505451401 1.6e-09
-2.334165944396269192e-05 2.868692470645375359e+00 1.326973034083002954e-02 1.817754521702439154e-04 -2.241851709746080226e-05 -2.936460775878250324e-07 3.88 0.00023505451401 1.6e-09
-1.953683886930841247e-05 3.925462688611429107e-01 -4.511881735617215283e-03 1.489944393427826441e-04 -1.379513003577989803e-05 1.120155499632399799e-06 3.88 0.00023505451401 1.6e-09
2.334788580916017921e-05 2.641758787660489993e+00 1.422234933943809440e-02 1.703155387058905902e-04 2.558706302759450703e-05 7.604151089456632816e-08 3.88 0.00023505451401 1.6e-09
5.801213870524678462e-05 3.864072032527062994e+00 1.329021263340475142e-02 2.342075251425953185e-04 1.005111167534225033e-06 -6.605915757716668511e-08 3.88 0.00023505451401 1.6e-09
5.803092921665565899e-05 2.878561351850744465e+00 2.816461762087059395e-03 1.822913466205186442e-04 -2.218405738165427473e-05 -1.325614757935729070e-07 3.88 0.00023505451401 1.6e-09
-1.545639222830479985e-05 3.947978064870640291e-01 -2.420783627179309491e-03 1.485265852239503080e-04 -1.546395795892583226e-05 8.229247192310132860e-07 3.88 0.00023505451401 1.6e-09
-3.144978738274571104e-05 2.624124625966380187e+00 -9.965219546250075108e-04 1.694492714027334137e-04 2.574872842291320616e-05 -5.236954024548496859e-08 3.88 0.00023505451401 1.6e-09
-6.406047156326518191e-05 3.851916701004895138e+00 -5.086967783350748382e-03 2.335633047298454694e-04 1.015391367250860849e-06 -2.608040294146957537e-08 3.88 0.00023505451401 1.6e-09
-3.390269836301211504e-06 2.861588817012678199e+00 -5.683847602263701268e-03 1.814383057857999674e-04 -2.231555792138239174e-05 2.256456692649204049e-08 3.88 0.00023505451401 1.6e-09
-7.034723576155263740e-05 3.940355212215125302e-01 -3.799554239356508697e-04 1.488109699468477000e-04 -1.367805928554347833e-05 4.339614538854155366e-07 3.88 0.00023505451401 1.6e-09
-5.841607622056721580e-05 2.637008217470637739e+00 -1.447639190962178579e-02 1.701042030687821907e-04 2.548196023007308293e-05 -1.530809092784679116e-07 3.88 0.00023505451401 1.6e-09
-4.051132110278850220e-05 3.842917342626605226e+00 -2.018713794631959296e-02 2.330874052239861069e-04 7.952273179964893858e-07 1.855161627111541027e-08 3.88 0.00023505451401 1.6e-09
7.075556523826020527e-05 2.823135755522892865e+00 -1.151887878257783909e-02 1.794893231236491639e-04 -2.278764682400220035e-05 1.593083596058817058e-07 3.88 0.00023505451401 1.6e-09
5.927228402716509326e-05 3.914536004799082924e-01 1.154528821001193830e-03 1.495214101331193408e-04 -9.069307234759073146e-06 -3.123144928080004891e-08 3.88 0.00023505451401 1.6e-09
-4.590158896108302144e-05 2.675016026031180161e+00 -2.487731257283525704e-02 1.720127420468922543e-04 2.488538401559251472e-05 -2.099738911239432075e-07 3.88 0.00023505451401 1.6e-09
1.117190437091176026e-04 3.838883407444090068e+00 -3.036905532737998667e-02 2.328747048778847324e-04 4.133439214147016168e-07 6.258139896804111717e-08 3.88 0.00023505451401 1.6e-09
-1.756195511802854817e-06 2.773739049618233921e+00 -1.412881462869105750e-02 1.769883917922076655e-04 -2.345405858269171287e-05 2.621884879094466342e-07 3.88 0.00023505451401 1.6e-09
1.255127966824326442e-05 3.894560545860280554e-01 1.831252938437690414e-03 1.500463064932935063e-04 -2.864009566016218347e-06 -5.244525474774995136e-07 3.88 0.00023505451401 1.6e-09
-2.608561401704181980e-05 2.725819196665791644e+00 -3.105601598594288221e-02 1.745660102150003903e-04 2.415516333707708749e-05 -2.146266400760107228e-07 3.88 0.00023505451401 1.6e-09
9.903075655367703852e-05 3.840421943851805686e+00 -3.431303088288895076e-02 2.329564883315601224e-04 4.211326840803948170e-12 1.022911747036286365e-07 3.88 0.00023505451401 1.6e-09
6.241909759729164420e-05 2.727365522236377959e+00 -1.308889452609993120e-02 1.746431177967100370e-04 -2.414062544372198274e-05 3.160964051592261141e-07 3.88 0.00023505451401 1.6e-09
7.372874906638300044e-05 3.891603358587397699e-01 1.602897067359064769e-03 1.500824095086411938e-04 3.019839835498967685e-06 -9.763382325120573158e-07 3.88 0.00023505451401 1.6e-09
-5.884271178177273988e-05 2.774305541351336224e+00 -3.274221114974913693e-02 1.770076910507252369e-04 2.351435414619906631e-05 -1.723292909539572520e-07 3.88 0.00023505451401 1.6e-09
-1.458929166047974934e-07 3.847100653443312979e+00 -3.198025670443501584e-02 2.333099736806601996e-04 -3.263006196829708965e-07 1.361581872901029453e-07 3.88 0.00023505451401 1.6e-09
6.025281046446653984e-05 2.697866440610146910e+00 -8.594726605972061173e-03 1.731497260990127757e-04 -2.462713606589500798e-05 3.164008515462826406e-07 3.88 0.00023505451401 1.6e-09
-4.122656350659342588e-05 3.896027950566057774e-01 7.653998687661836076e-04 1.498881573924111554e-04 6.912711872286933873e-06 -1.335361676977037529e-06 3.88 0.00023505451401 1.6e-09
2.299985025509371602e-05 2.807228197701757910e+00 -3.082106614374515580e-02 1.786663147461302684e-04 2.312672456061056777e-05 -1.003791434122698524e-07 3.88 0.00023505451401 1.6e-09
5.802451440718931538e-05 3.857439898012928303e+00 -2.498668656655308670e-02 2.338575324838783548e-04 -4.854279284415905960e-07 1.639574583721972462e-07 3.88 0.00023505451401 1.6e-09
1.933876442626242579e-05 2.694288670996900947e+00 -1.699765927597980848e-03 1.729576503051798273e-04 -2.476535499272917624e-05 2.748899257477519916e-07 3.88 0.00023505451401 1.6e-09
1.398229548692048752e-05 3.891793196723477566e-01 -2.114360200168257482e-04 1.499071754222156667e-04 7.673124671500973070e-06 -1.592912509750494680e-06 3.88 0.00023505451401 1.6e-09
6.091480255785619764e-05 2.816222774442784349e+00 -2.695828754058890442e-02 1.791111130781802559e-04 2.309388540098361326e-05 -1.970589511520429025e-08 3.88 0.00023505451401 1.6e-09
-4.896700001080449537e-05 3.868826852230927926e+00 -1.592279225987838776e-02 2.344613165567024720e-04 -4.180023083341463635e-07 1.862845560352965057e-07 3.88 0.00023505451401 1.6e-09
-2.176606527681097613e-05 2.717571458501693904e+00 6.068545281247086226e-03 1.741164380038610297e-04 -2.452053992908328071e-05 2.146795419966780627e-07 3.88 0.00023505451401 1.6e-09
-1.460440632190967934e-05 3.876595074243848194e-01 -9.121295002762655306e-04 1.502241390582857911e-04 5.195561806196464644e-06 -1.777566773707784749e-06 3.88 0.00023505451401 1.6e-09
7.176711904471299024e-05 2.799116802929818348e+00 -2.304275237537772164e-02 1.782324841001636665e-04 2.341253796816396564e-05 5.252676301756480808e-08 3.88 0.00023505451401 1.6e-09
-1.114511726407181960e-04 3.877619567815603574e+00 -7.375237495339080282e-03 2.349279648736395999e-04 -1.622891757886975014e-07 2.052746390611918877e-07 3.88 0.00023505451401 1.6e-09
3.387296499426070467e-05 2.759580463969632191e+00 1.329911862419465469e-02 1.762271764636825252e-04 -2.399083856551710678e-05 1.595429928644350394e-07 3.88 0.00023505451401 1.6e-09
1.351333063286015858e-05 3.866152340104378471e-01 -1.145000847029367403e-03 1.504591227661829927e-04 2.209298079951798518e-07 -1.933680900530013473e-06 3.88 0.00023505451401 1.6e-09
-1.297726068135238712e-05 2.760765992102085953e+00 -2.054580953667718354e-02 1.762846775852097236e-04 2.399149298130070053e-05 1.076753229086878731e-07 3.88 0.00023505451401 1.6e-09
8.703056479613166920e-05 3.880344013794987834e+00 -1.000402899115768445e-03 2.350724656844354189e-04 1.851041560513590730e-07 2.247809288160400744e-07 3.88 0.00023505451401 1.6e-09
-5.543226503062942162e-05 2.805655793905350137e+00 1.924216494797225535e-02 1.785608903394708485e-04 -2.334744598630199183e-05 1.239846432717620079e-07 3.88 0.00023505451401 1.6e-09
-2.000186661958739873e-05 3.875935505043748286e-01 -9.702867965972530049e-04 1.502162286796282389e-04 -5.555906498211540649e-06 -2.104537596658172061e-06 3.88 0.00023505451401 1.6e-09
-7.533659608615424393e-05 2.713222653724720601e+00 -1.982542836558061350e-02 1.738884132652403333e-04 2.464564387190017197e-05 1.484975004044619084e-07 3.88 0.00023505451401 1.6e-09
-1.637329425803064198e-05 3.875860877851310171e+00 3.199135596210057105e-03 2.348340673744846348e-04 5.424270030050609175e-07 2.484551108840504433e-07 3.88 0.00023505451401 1.6e-09
-3.857667202817624899e-05 2.840491061799754746e+00 2.415074268483997227e-02 1.803376481779975812e-04 -2.281477072143184753e-05 1.077419546190302644e-07 3.88 0.00023505451401 1.6e-09
-1.379273164145817198e-05 3.901596225315576705e-01 -6.563399886817975967e-04 1.496095533522911634e-04 -1.019342356034169607e-05 -2.319658647201161877e-06 3.88 0.00023505451401 1.6e-09
7.740534515873442032e-05 2.672465091907413992e+00 -2.000746996064062255e-02 1.718519108522666768e-04 2.514929945049080418e-05 1.867278944008688132e-07 3.88 0.00023505451401 1.6e-09
-1.160946541029122186e-05 3.866199162269955636e+00 6.666286204807359006e-03 2.343210233243918784e-04 7.729393846030818206e-07 2.767927775631742013e-07 3.88 0.00023505451401 1.6e-09
5.666286986289787884e-05 2.853858596113638235e+00 2.895356866826723913e-02 1.810283728203192287e-04 -2.254899332244122935e-05 9.831709192851712511e-08 3.88 0.00023505451401 1.6e-09
7.001599950207053184e-05 3.922201250067843259e-01 -5.956408944414355588e-04 1.491630353069926893e-04 -1.226373044389200828e-05 -2.583338563730584259e-06 3.88 0.00023505451401 1.6e-09
-6.612890046095800962e-05 2.652111544354845307e+00 -1.960525296774431186e-02 1.708442315677238918e-04 2.536225673932296278e-05 2.356670014120845122e-07 3.88 0.00023505451401 1.6e-09
8.013275885584519821e-05 3.854952434359390168e+00 1.123622355520746685e-02 2.337247484078747227e-04 8.044281576275343602e-07 3.060248275789015676e-07 3.88 0.00023505451401 1.6e-09
1.335979223979997930e-05 2.842254806330264838e+00 3.447785916176437926e-02 1.804493817003369530e-04 -2.261386224384938427e-05 7.869731841985490437e-08 3.88 0.00023505451401 1.6e-09
4.163025506549516627e-05 3.922354416008766997e-01 -1.185540337395811061e-03 1.492426282738969971e-04 -1.114647957693775732e-05 -2.863439380606118246e-06 3.88 0.00023505451401 1.6e-09
-3.959398545338577559e-05 2.658925433806172300e+00 -1.711449079373616317e-02 1.711977869825868936e-04 2.517848581085846914e-05 3.045880849285950081e-07 3.88 0.00023505451401 1.6e-09
-5.464668271892230111e-05 3.845361695360389742e+00 1.841361360814344414e-02 2.332171054604775633e-04 6.382639741536020816e-07 3.297847781667349417e-07 3.88 0.00023505451401 1.6e-09
3.970759991652633193e-05 2.808184437506580977e+00 4.110507284220577678e-02 1.787269826975571268e-04 -2.301679681854902358e-05 3.288141330734419535e-08 3.88 0.00023505451401 1.6e-09
-1.643196811834486877e-07 3.906866644536387545e-01 -2.670161853778652700e-03 1.496977539470651123e-04 -7.095757473561720167e-06 -3.091072184449531223e-06 3.88 0.00023505451401 1.6e-09
-4.826657512819619491e-05 2.691113998014883713e+00 -1.131621568897469600e-02 1.728196044019739445e-04 2.465887504979217819e-05 3.972849385813511508e-07 3.88 0.00023505451401 1.6e-09
8.320437264117454821e-05 3.839737783173639674e+00 2.924888102620770008e-02 2.329198820877068023e-04 2.871350667756802793e-07 3.422288303595984730e-07 3.88 0.00023505451401 1.6e-09
-8.188540952665694986e-06 2.760093607000920102e+00 4.897719804902968266e-02 1.762967650714625841e-04 -2.365314120199638308e-05 -5.130388721806414008e-08 3.88 0.00023505451401 1.6e-09
5.001350348466012936e-05 3.894827585343121346e-01 -4.973767247012582729e-03 1.500213586402232514e-04 -1.188859688145859549e-06 -3.186583481054518235e-06 3.88 0.00023505451401 1.6e-09
2.061333235902666696e-05 2.739128877139592966e+00 -1.665759669418675386e-03 1.752382902731307594e-04 2.395438108933944850e-05 5.115100614525678660e-07 3.88 0.00023505451401 1.6e-09
-9.312975555660305015e-05 3.839561371609191198e+00 4.410017989904226748e-02 2.329105443880419334e-04 -1.127185693556713481e-07 3.409767439157351716e-07 3.88 0.00023505451401 1.6e-09
5.969688272748979664e-05 2.711876554529767169e+00 5.814983471303290796e-02 1.738632913171739281e-04 -2.435121616980723128e-05 -1.773261976041654228e-07 3.88 0.00023505451401 1.6e-09
5.077267718608254011e-06 3.898244059151985130e-01 -7.664767944879352125e-03 1.498932470137604215e-04 4.814768258861052078e-06 -3.112707130012089380e-06 3.88 0.00023505451401 1.6e-09
3.261863012436170439e-05 2.788155156694416270e+00 1.125056983798976284e-02 1.777113741734735026e-04 2.329542758163206760e-05 6.385790169157595284e-07 3.88 0.00023505451401 1.6e-09
8.670243689688548843e-06 3.845254657015042099e+00 6.215064058661165514e-02 2.332113707604265788e-04 -4.660208387801705577e-07 3.279829610971870751e-07 3.88 0.00023505451401 1.6e-09
7.255343504138412366e-05 2.679624512607051035e+00 6.840293211358783321e-02 1.722344340159111058e-04 -2.486758445569696473e-05 -3.336900604585274405e-07 3.88 0.00023505451401 1.6e-09
3.879924647026900464e-05 3.907671286392577770e-01 -1.016177708679904743e-02 1.495682630727281136e-04 8.893590510590935450e-06 -2.909506837620149639e-06 3.88 0.00023505451401 1.6e-09
-6.419944486968839621e-05 2.822899104222169164e+00 2.577554444106013726e-02 1.794625244392863202e-04 2.289267530054961086e-05 7.665149051875031883e-07 3.88 0.00023505451401 1.6e-09
-8.714457148667999133e-05 3.855699457523438234e+00 8.143592268581134608e-02 2.337640065478884183e-04 -6.268999761947397576e-07 3.078377727417325114e-07 3.88 0.00023505451401 1.6e-09
-1.223665111383276816e-05 2.675378023182007681e+00 7.908189388863001712e-02 1.720086417402986751e-04 -2.500847290555548993e-05 -4.953259324855213924e-07 3.88 0.00023505451401 1.6e-09
-4.793018112359025070e-05 3.903767867558813331e-01 -1.201157704585972819e-02 1.495646979168589144e-04 9.735697214823880227e-06 -2.670762324535775478e-06 3.88 0.00023505451401 1.6e-09
4.650856897334696219e-05 2.832462025923028204e+00 3.978181147324796885e-02 1.799360432841793885e-04 2.285130097684850108e-05 8.847851049290887857e-07 3.88 0.00023505451401 1.6e-09
-3.340151830291146842e-05 3.867987283979953173e+00 9.954052978326137502e-02 2.344151275293352343e-04 -5.593086406930049690e-07 2.854543927537459816e-07 3.88 0.00023505451401 1.6e-09
-1.535411720381406634e-05 2.701616839251832047e+00 8.919887585571115163e-02 1.733118040125423563e-04 -2.472413733347297892e-05 -6.350371644244889568e-07 3.88 0.00023505451401 1.6e-09
5.229703059374167599e-05 3.883536201916675812e-01 -1.306551376575595252e-02 1.500019955518513276e-04 6.906483122853837418e-06 -2.477512535013760730e-06 3.88 0.00023505451401 1.6e-09
3.934766003309813763e-06 2.812997732510421400e+00 5.127589339392320256e-02 1.789346276175623096e-04 2.320922375379632505e-05 9.856885715495158920e-07 3.88 0.00023505451401 1.6e-09
-1.072534683066616630e-04 3.877628658975072362e+00 1.142632590658754776e-01 2.349265915736476731e-04 -2.688766147211601014e-07 2.647396258573034763e-07 3.88 0.00023505451401 1.6e-09
-2.690192738508231763e-05 2.749244425947982240e+00 9.758276521193547104e-02 1.757024232512788254e-04 -2.411044113636823629e-05 -7.355868865577872541e-07 3.88 0.00023505451401 1.6e-09
6.890836020544205073e-05 3.867251322649235545e-01 -1.343218070026072283e-02 1.503840929528407256e-04 1.290497857822659710e-06 -2.359417927521717806e-06 3.88 0.00023505451401 1.6e-09
-2.920225664867007187e-05 2.769553781082316313e+00 5.904747332069981702e-02 1.767267676343205988e-04 2.385153989766739465e-05 1.063890545007826370e-06 3.88 0.00023505451401 1.6e-09
-4.706770259096166898e-05 3.880189648810248304e+00 1.242527193529120028e-01 2.350622817629546770e-04 1.314207217023691594e-07 2.475464364143604233e-07 3.88 0.00023505451401 1.6e-09
-2.245023159609825969e-06 2.800556908572574777e+00 1.032042522976786419e-01 1.782988696834699534e-04 -2.339475825833024970e-05 -7.956286186042295774e-07 3.88 0.00023505451401 1.6e-09
-6.237735110948483205e-05 3.875526806709083116e-01 -1.339243467644331796e-02 1.501868794811870569e-04 -5.122930953625597840e-06 -2.282443560500410964e-06 3.88 0.00023505451401 1.6e-09
-6.021431495006281836e-05 2.716416621149432942e+00 6.332522277450441939e-02 1.740482300232413376e-04 2.456928496153514392e-05 1.116836822718691362e-06 3.88 0.00023505451401 1.6e-09
-5.388574346372008853e-05 3.874317371314028424e+00 1.296362495522684899e-01 2.347500809834127252e-04 5.156707144979256253e-07 2.326109066787566909e-07 3.88 0.00023505451401 1.6e-09
-5.194826090053153049e-05 2.837422080130985957e+00 1.057183251526601364e-01 1.801802204996883318e-04 -2.281625447618195455e-05 -8.278773028319880333e-07 3.88 0.00023505451401 1.6e-09
3.381699909591579737e-05 3.902289427729075388e-01 -1.329316065834822667e-02 1.495630314619501421e-04 -1.008073804589732102e-05 -2.176517354536340727e-06 3.88 0.00023505451401 1.6e-09
4.991337139942488764e-05 2.672729993298417206e+00 6.558896198389910226e-02 1.718658828875176472e-04 2.510088118321963366e-05 1.143682611608302087e-06 3.88 0.00023505451401 1.6e-09
6.408913566020586327e-05 3.862814950553174143e+00 1.317278417453863204e-01 2.341394873076690323e-04 7.429724617295979391e-07 2.154624589238968141e-07 3.88 0.00023505451401 1.6e-09
-1.072986935855554729e-05 2.848655849773228610e+00 1.054683267322393259e-01 1.807644172219835576e-04 -2.256183875327103021e-05 -8.501828756644727370e-07 3.88 0.00023505451401 1.6e-09
-4.214279098735831226e-05 3.921764023560830315e-01 -1.339576726640288873e-02 1.491625147183630305e-04 -1.187944417996675639e-05 -1.979645476115774868e-06 3.88 0.00023505451401 1.6e-09
-2.244667231433339122e-05 2.653983565983625059e+00 6.748535933320695679e-02 1.709410357146242125e-04 2.527354871784641879e-05 1.143453118035003762e-06 3.88 0.00023505451401 1.6e-09
3.559846982189585198e-05 3.850295407782587720e+00 1.319041027279100053e-01 2.334759824337647892e-04 7.533357628996772893e-07 1.904971274308553516e-07 3.88 0.00023505451401 1.6e-09
3.310609815573903444e-05 2.831845721991385734e+00 1.029214900651927722e-01 1.799215155186619799e-04 -2.269649321739596561e-05 -8.756271848070700011e-07 3.88 0.00023505451401 1.6e-09
-4.143193993653893797e-05 3.918023833697588110e-01 -1.376502567098351892e-02 1.493461208027531796e-04 -1.011390288111930843e-05 -1.643348089582328227e-06 3.88 0.00023505451401 1.6e-09
1.934453163188269823e-05 2.666198954284874745e+00 7.006898158083885164e-02 1.715655715704985469e-04 2.500876746064934760e-05 1.116605984845980649e-06 3.88 0.00023505451401 1.6e-09
-4.381439675284734997e-05 3.840737773423532175e+00 1.310475529561720420e-01 2.329703849282891814e-04 5.382421003830617849e-07 1.540168929661761258e-07 3.88 0.00023505451401 1.6e-09
2.149677873976523054e-05 2.792375147275788727e+00 9.848980278156707624e-02 1.779272714531617396e-04 -2.317744044172136868e-05 -9.087290412901201933e-07 3.88 0.00023505451401 1.6e-09
-7.302307450293556797e-05 3.901353473052477927e-01 -1.421766845432667452e-02 1.498259763567875969e-04 -5.329267395353972893e-06 -1.154206774615550179e-06 3.88 0.00023505451401 1.6e-09
2.602783441398748653e-05 2.704418596461721336e+00 7.367939024752365174e-02 1.734899711837557899e-04 2.441496200928869060e-05 1.068814867892111273e-06 3.88 0.00023505451401 1.6e-09
-2.041487293938452604e-08 3.836833106428026774e+00 1.297388061614998533e-01 2.327642665702927454e-04 1.621273953014469127e-07 1.066385979658971073e-07 3.88 0.00023505451401 1.6e-09
7.508688065410349353e-06 2.742926096962177596e+00 9.282894095658653089e-02 1.754299004546804952e-04 -2.385559270739716088e-05 -9.464158892124236773e-07 3.88 0.00023505451401 1.6e-09
3.831221662309316979e-05 3.893065598446701636e-01 -1.446047113335489388e-02 1.500358719482973880e-04 8.252869536719742775e-07 -5.575900374906746792e-07 3.88 0.00023505451401 1.6e-09
3.848469238424675814e-05 2.754614526689302956e+00 7.794293937980500964e-02 1.760178358218692277e-04 2.371178281886507968e-05 1.010519433131868187e-06 3.88 0.00023505451401 1.6e-09
1.495924593327126265e-05 3.839857294909316821e+00 1.283004412062170307e-01 2.329244046697031775e-04 -2.301210044625944058e-07 5.384017797652378855e-08 3.88 0.00023505451401 1.6e-09
3.306259330335856682e-05 2.701233253113852317e+00 8.686401338125795957e-02 1.733251068273690518e-04 -2.449017347912920873e-05 -9.795269783872839312e-07 3.88 0.00023505451401 1.6e-09
-6.113122916502991035e-05 3.898201017092430831e-01 -1.431289483688960237e-02 1.498416472600080191e-04 6.164779764800679606e-06 3.969894494524639665e-08 3.88 0.00023505451401 1.6e-09
8.709984747237913894e-05 2.798666225610120240e+00 8.176717559319665596e-02 1.782385812308466793e-04 2.315625644681196694e-05 9.508389223790566838e-07 3.88 0.00023505451401 1.6e-09
5.875947976361003565e-05 3.849246358769279563e+00 1.264204448009638160e-01 2.334213564438263728e-04 -4.945167689421279987e-07 3.589170180079375320e-09 3.88 0.00023505451401 1.6e-09
6.299448521983199258e-05 2.683769846257369807e+00 8.124454867172911654e-02 1.724357237588419192e-04 -2.482957693727946743e-05 -9.946676391727557684e-07 3.88 0.00023505451401 1.6e-09
-3.436398811477764555e-05 3.900141582537269835e-01 -1.382206320544276251e-02 1.496956568184768953e-04 8.620472370379237217e-06 5.338457194299075633e-07 3.88 0.00023505451401 1.6e-09
-1.062748097557327149e-05 2.821132124054461787e+00 8.361533636834023175e-02 1.793645533817386252e-04 2.295494276163130532e-05 8.918526464308283253e-07 3.88 0.00023505451401 1.6e-09
-7.604213256450450035e-05 3.862434820844121930e+00 1.229728446703750588e-01 2.341203196879250729e-04 -5.186224604985405619e-07 -3.748003154952872682e-08 3.88 0.00023505451401 1.6e-09
5.313338999212169355e-05 2.698522294848931580e+00 7.581225913709160880e-02 1.731614464369114910e-04 -2.472837684889681237e-05 -9.784470371653824171e-07 3.88 0.00023505451401 1.6e-09
4.883724498641827088e-05 3.885683466445465362e-01 -1.313869556838104247e-02 1.499725411032784019e-04 7.262512238427916021e-06 8.667916552166876670e-07 3.88 0.00023505451401 1.6e-09
-8.384683494710503608e-05 2.813895388698723909e+00 8.197659594275161221e-02 1.789824880233222763e-04 2.317120365918655308e-05 8.277989882533397949e-07 3.88 0.00023505451401 1.6e-09
-7.156534577867780902e-05 3.875041070845083091e+00 1.163573516300899502e-01 2.347893498657857071e-04 -3.062445377382777963e-07 -6.612670667689011351e-08 3.88 0.00023505451401 1.6e-09
6.726299952445095268e-05 2.741075180366109532e+00 6.961763385608565891e-02 1.752918575468792096e-04 -2.422177040504255326e-05 -9.227016881928944483e-07 3.88 0.00023505451401 1.6e-09
-6.213904416386131161e-05 3.866929681956181586e-01 -1.233126981903172846e-02 1.503954690120670300e-04 2.462340330212917498e-06 1.031235801664873989e-06 3.88 0.00023505451401 1.6e-09
6.968939945280533594e-05 2.777974483120226878e+00 7.590903796458733921e-02 1.771532596102770043e-04 2.373568428803935420e-05 7.488918450512835042e-07 3.88 0.00023505451401 1.6e-09
-7.882322925472823902e-05 3.881878436813892108e+00 1.052812999290182183e-01 2.351525665533155205e-04 8.062113400951559538e-08 -8.185110637320064883e-08 3.88 0.00023505451401 1.6e-09
-7.463779011953938628e-05 2.795761326889959708e+00 6.155736821771236322e-02 1.780550090072632939e-04 -2.348855416859477432e-05 -8.277635470682324721e-07 3.88 0.00023505451401 1.6e-09
4.408317547612317935e-05 3.869326142891287290e-01 -1.131921517743827293e-02 1.503274244620836310e-04 -4.251319251473332086e-06 1.063145611727996020e-06 3.88 0.00023505451401 1.6e-09
1.497656159418492690e-05 2.724451879933034171e+00 6.568477511073811392e-02 1.744492333365302696e-04 2.449792524485856296e-05 6.481338832849725598e-07 3.88 0.00023505451401 1.6e-09
-6.112350725056704790e-05 3.879833871381550114e+00 8.979774151908100077e-02 2.350439433075468131e-04 5.076601316115373860e-07 -8.555132323845610977e-08 3.88 0.00023505451401 1.6e-09
-6.567077621552408007e-07 2.842686011457064676e+00 5.136691622414087111e-02 1.804435990001374349e-04 -2.281222715590806784e-05 -7.029195924807005143e-07 3.88 0.00023505451401 1.6e-09
5.199216059585924919e-05 3.898115018166283807e-01 -9.979552568781618199e-03 1.496338555312929806e-04 -1.034519519076000898e-05 1.014695586283086540e-06 3.88 0.00023505451401 1.6e-09
1.473495689052818397e-05 2.672222335167764307e+00 5.283012004419858354e-02 1.718331507744323607e-04 2.518383369165945549e-05 5.262618093455111975e-07 3.88 0.00023505451401 1.6e-09
-1.069416372942442642e-04 3.870339869316048897e+00 7.152233439959168604e-02 2.345398110712699591e-04 8.375456719058157620e-07 -7.907583398328664318e-08 3.88 0.00023505451401 1.6e-09
4.747603611484856300e-05 2.867215789713530416e+00 3.995519575793771150e-02 1.817047066589704690e-04 -2.239134049017416813e-05 -5.623758678348860977e-07 3.88 0.00023505451401 1.6e-09
-2.244366953172176318e-05 3.929508597706640183e-01 -8.280991897160361326e-03 1.489269384801462600e-04 -1.379446946708318638e-05 9.279452066528943936e-07 3.88 0.00023505451401 1.6e-09
-4.319690846038731801e-06 2.639745416282518242e+00 3.915373373322969530e-02 1.702217927155745471e-04 2.556203006422708531e-05 3.912614023860109941e-07 3.88 0.00023505451401 1.6e-09
2.176829466452349996e-05 3.857960099005476984e+00 5.252365023808821393e-02 2.338833844450803135e-04 9.537638889629389842e-07 -6.524508726239483009e-08 3.88 0.00023505451401 1.6e-09
6.552412642706764516e-05 2.863893019197018219e+00 2.859102525234052256e-02 1.815484134286754264e-04 -2.233628705144520947e-05 -4.186850863784784225e-07 3.88 0.00023505451401 1.6e-09
-6.647661625183370697e-06 3.937295005951647053e-01 -6.350105160935296325e-03 1.488288010469565690e-04 -1.378002686741102649e-05 8.159187131556268522e-07 3.88 0.00023505451401 1.6e-09
-7.579767758618081443e-05 2.637168417385763686e+00 2.601152619521413661e-02 1.701063722949743093e-04 2.551549254949680333e-05 2.559728342401113861e-07 3.88 0.00023505451401 1.6e-09
2.743622226340855784e-05 3.847169361914005492e+00 3.445964642282207252e-02 2.333122878871476654e-04 8.423460632206398880e-07 -4.744088449765113033e-08 3.88 0.00023505451401 1.6e-09
-8.663122180939060218e-05 2.835324395326134450e+00 1.821592999069662072e-02 1.801057318885241894e-04 -2.264012815105327628e-05 -2.806914462526351586e-07 3.88 0.00023505451401 1.6e-09
6.043226859072708599e-05 3.919935201264439506e-01 -4.447118488249574356e-03 1.493435093776349304e-04 -1.048209698947694473e-05 6.719212084909164060e-07 3.88 0.00023505451401 1.6e-09
-6.854854334245202602e-05 2.663748756487448244e+00 1.444952503788184128e-02 1.714450938794930424e-04 2.507069356574801459e-05 1.367420492988762242e-07 3.88 0.00023505451401 1.6e-09
-4.165650996139206620e-05 3.840886566186700435e+00 1.877983691798917193e-02 2.329805426478514943e-04 5.423769639267657053e-07 -2.885486868012542288e-08 3.88 0.00023505451401 1.6e-09
-8.778222017696394881e-05 2.790572895370486250e+00 9.571739192024770332e-03 1.778397051363926921e-04 -2.322478695597481483e-05 -1.573390653681630304e-07 3.88 0.00023505451401 1.6e-09
-4.603812510100341104e-05 3.898006417853652206e-01 -2.876148701580138849e-03 1.499389245435509975e-04 -4.924788720522015822e-06 4.916952029753901510e-07 3.88 0.00023505451401 1.6e-09
2.663932764439985203e-05 2.709282615604263089e+00 5.399995035444245944e-03 1.737335695000134708e-04 2.439535799130036043e-05 4.936721973156627113e-08 3.88 0.00023505451401 1.6e-09
-3.441464452352792494e-05 3.840499511671430888e+00 6.924860325486579225e-03 2.329606717490792056e-04 1.485309907631347161e-07 -1.138293985988968201e-08 3.88 0.00023505451401 1.6e-09
-2.371585490562232656e-05 2.743823602184592758e+00 3.417883487886676404e-03 1.754743665473487962e-04 -2.389826250742738996e-05 -5.974739577133855179e-08 3.88 0.00023505451401 1.6e-09
-6.775931454905506938e-05 3.889215491546795800e-01 -1.846263688296725502e-03 1.501418990338415247e-04 9.955351282459427808e-07 2.897375277976962707e-07 3.88 0.00023505451401 1.6e-09
1.853419206575559558e-05 2.758051578060190856e+00 -6.841429957081914589e-04 1.761874086361171982e-04 2.373621774000522305e-05 7.074543066485652941e-10 3.88 0.00023505451401 1.6e-09
8.337004131996461739e-05 3.845974201400658821e+00 -3.384373764228010501e-04 2.332505690578269607e-04 -2.081146044409049489e-07 4.884892644779315831e-09 3.88 0.00023505451401 1.6e-09
6.502499403633265013e-05 2.710623548757745027e+00 1.738759488736988908e-04 1.737931513362822589e-04 -2.443235591001487856e-05 4.312883957164863639e-09 3.88 0.00023505451401 1.6e-09
-5.410900837495064193e-06 3.890916430626916167e-01 -1.356408099279782665e-03 1.500292252360009484e-04 5.291782196089228244e-06 9.243215443938025547e-08 3.88 0.00023505451401 1.6e-09
-4.502180666414126080e-06 2.794515627759582621e+00 -4.267276058520837016e-03 1.780227048454722551e-04 2.329873468063900401e-05 -1.628024731435250870e-08 3.88 0.00023505451401 1.6e-09
5.625356412924560081e-05 3.855881816113867266e+00 -3.698957362733470977e-03 2.337752179229651860e-04 -3.970327631200885920e-07 2.067855359065083353e-08 3.88 0.00023505451401 1.6e-09
-7.445554619513671760e-05 2.702391279501427768e+00 -5.993435798792401230e-04 1.733681063164046522e-04 -2.462788920272154897e-05 3.828215827240487173e-08 3.88 0.00023505451401 1.6e-09
-1.398561473970198933e-05 3.887832776832490511e-01 -1.192289422142412195e-03 1.500194037912917322e-04 6.633115870916393340e-06 -8.142444688421719564e-08 3.88 0.00023505451401 1.6e-09
4.042831074452568526e-05 2.807973000357095739e+00 -6.617850599762785217e-03 1.786932668761726417e-04 2.320281329078017297e-05 -1.821223359068378529e-08 3.88 0.00023505451401 1.6e-09
7.245118434655555949e-05 3.867513124693308768e+00 -5.117631945095344956e-03 2.343917885873081104e-04 -3.716725374836299092e-07 3.660892366166478198e-08 3.88 0.00023505451401 1.6e-09
-2.406134965917663873e-06 2.722001304777515784e+00 -1.210112376894298489e-04 1.743412343731720235e-04 -2.444621593587426646e-05 5.697065134399371744e-08 3.88 0.00023505451401 1.6e-09
-4.811289931466086994e-05 3.874688999378329557e-01 -1.046617991201878508e-03 1.502801995521998286e-04 4.608257934844209438e-06 -2.347393023498947311e-07 3.88 0.00023505451401 1.6e-09
-1.956640479831477715e-05 2.794537027128605633e+00 -9.324475505247271576e-03 1.779998938845251029e-04 2.348002440163210128e-05 -2.292629273508641610e-08 3.88 0.00023505451401 1.6e-09
2.275010827333213764e-05 3.877092596023494764e+00 -6.917957013500213720e-03 2.349000616459530626e-04 -1.381751223795934452e-07 5.389404956871515769e-08 3.88 0.00023505451401 1.6e-09
6.626175131742286179e-06 2.762632365751687580e+00 2.252917783905063697e-04 1.763825204927681818e-04 -2.394083587927253772e-05 7.910828918346091631e-08 3.88 0.00023505451401 1.6e-09
-1.392050956802783090e-05 3.865135242157233808e-01 -6.654259171094262498e-04 1.504860473619816009e-04 -1.730141476343223217e-07 -3.925064093126041355e-07 3.88 0.00023505451401 1.6e-09
-2.075863744881723525e-05 2.757942727885070333e+00 -1.366247087512983266e-02 1.761411926122342063e-04 2.403726642350580920e-05 -4.191650240765649387e-08 3.88 0.00023505451401 1.6e-09
-9.345169398817174935e-05 3.880858296075507585e+00 -1.070190002536212937e-02 2.350997452357037206e-04 2.265440896684549750e-07 7.546270250149236447e-08 3.88 0.00023505451401 1.6e-09
-8.203458102676255850e-05 2.809948218543643961e+00 -3.473821385875989457e-04 1.787786715549233936e-04 -2.328941004678489077e-05 1.181110410745553051e-07 3.88 0.00023505451401 1.6e-09
-2.526962284856765537e-05 3.875887283968120767e-01 6.088120041233276809e-05 1.502113387824059666e-04 -6.079920869730903260e-06 -5.925196658468745689e-07 3.88 0.00023505451401 1.6e-09
-7.778431696064047260e-06 2.709545350585075951e+00 -1.990285096119923450e-02 1.737021134266149140e-04 2.470623906539229613e-05 -7.456831618796708432e-08 3.88 0.00023505451401 1.6e-09
-1.023390902974630803e-05 3.877242373392469243e+00 -1.644206165022312621e-02 2.349072554379939099e-04 5.906262203130323960e-07 1.050938793643363850e-07 3.88 0.00023505451401 1.6e-09
-6.178271120976534174e-05 2.848150634549304172e+00 -1.489513185352829908e-03 1.807266572148184054e-04 -2.271745163090757108e-05 1.754339741938736054e-07 3.88 0.00023505451401 1.6e-09
5.950851409706189117e-05 3.904847119277016221e-01 1.058116516176078013e-03 1.495138475159619681e-04 -1.113793768553761851e-05 -8.714790372302787377e-07 3.88 0.00023505451401 1.6e-09
6.383447957826388671e-05 2.665372328797846357e+00 -2.715981660726182051e-02 1.714936776056063834e-04 2.526844608574028262e-05 -1.082315222438822781e-07 3.88 0.00023505451401 1.6e-09
-3.153783545948758162e-05 3.867997664522199841e+00 -2.255712105381920546e-02 2.344160955178584203e-04 8.573495302342032599e-07 1.445791021862767460e-07 3.88 0.00023505451401 1.6e-09
7.033427421225451411e-05 2.866170018331200886e+00 -1.985230470648195484e-03 1.816543378489433804e-04 -2.239265564000641622e-05 2.409173939356702688e-07 3.88 0.00023505451401 1.6e-09
-4.736870905321581115e-05 3.931095895409229546e-01 2.060082587858399518e-03 1.489304303664850965e-04 -1.373346379031527417e-05 -1.251085562848177404e-06 3.88 0.00023505451401 1.6e-09
1.872107396103612012e-06 2.639879783159150062e+00 -3.396214687303356072e-02 1.702304392700370401e-04 2.555118445096345463e-05 -1.252577978805905402e-07 3.88 0.00023505451401 1.6e-09
1.033721618102164698e-04 3.856716792652827852e+00 -2.697232640472877613e-02 2.338177711750793488e-04 9.302869257829204048e-07 1.916696936925709503e-07 3.88 0.00023505451401 1.6e-09
2.367941883810983282e-05 2.859677263857401286e+00 -6.588178006917023034e-04 1.813352572433103368e-04 -2.238511917558644917e-05 2.988949575680146103e-07 3.88 0.00023505451401 1.6e-09
1.319300241698433108e-05 3.935309273520678497e-01 2.643173063606422610e-03 1.489088093953817773e-04 -1.327995211302015361e-05 -1.722925227297350473e-06 3.88 0.00023505451401 1.6e-09
-6.396883176902241354e-05 2.640990211035374013e+00 -3.876104756041121036e-02 1.702980871353686784e-04 2.545266010388346644e-05 -1.101479638655876932e-07 3.88 0.00023505451401 1.6e-09
9.959195506564446536e-07 3.846685440904259679e+00 -2.788970569224463042e-02 2.332867037201042455e-04 8.055832720517127928e-07 2.405302671974665804e-07 3.88 0.00023505451401 1.6e-09
-3.656374757189927047e-05 2.830023283134963208e+00 3.123786496986368649e-03 1.798360312581864188e-04 -2.271552879879813383e-05 3.326334143870605770e-07 3.88 0.00023505451401 1.6e-09
-5.397501428467051685e-05 3.918540105323503608e-01 2.372166756288224092e-03 1.494044657438744648e-04 -9.778027635573258134e-06 -2.238566755892039032e-06 3.88 0.00023505451401 1.6e-09
6.658185313018805433e-05 2.668574422355743714e+00 -4.005782611192203191e-02 1.716889229853876906e-04 2.498154862004808627e-05 -5.275587721830053720e-08 3.88 0.00023505451401 1.6e-09
-4.219777155340908968e-05 3.840107657983552691e+00 -2.383210046975217655e-02 2.329391900063819258e-04 4.929454467020364456e-07 2.840503830275058783e-07 3.88 0.00023505451401 1.6e-09
8.215409435558447559e-05 2.783612965689486352e+00 9.627249193966572888e-03 1.774861157186172255e-04 -2.332902927545555397e-05 3.253388902420190419e-07 3.88 0.00023505451401 1.6e-09
-1.310498255925720477e-05 3.899200572927168373e-01 1.000628155001058363e-03 1.499296207950761596e-04 -4.064139610971679017e-06 -2.711949450821869979e-06 3.88 0.00023505451401 1.6e-09
-5.349861648262899225e-05 2.715075153878276915e+00 -3.665733538757741383e-02 1.740267029310870665e-04 2.429543678280306871e-05 4.949014596679892435e-08 3.88 0.00023505451401 1.6e-09
9.162718528075941245e-05 3.838345257927557430e+00 -1.376696841837337509e-02 2.328463910236507008e-04 6.585972075243531397e-08 3.167336619544562037e-07 3.88 0.00023505451401 1.6e-09
-1.641079795123247449e-06 2.731955539565005253e+00 1.895641932295877297e-02 1.748774143381789329e-04 -2.405284846483988988e-05 2.633967575048268502e-07 3.88 0.00023505451401 1.6e-09
1.529064901828207755e-05 3.895171351408110438e-01 -1.335284168076193104e-03 1.500131141953629115e-04 2.382560706289173066e-06 -3.051254926627327090e-06 3.88 0.00023505451401 1.6e-09
1.294717000427203599e-05 2.767676372031500520e+00 -2.828169618123157342e-02 1.766783032139382695e-04 2.356352938458570600e-05 1.888319438982742167e-07 3.88 0.00023505451401 1.6e-09
-9.838923568866816299e-05 3.842046935841191502e+00 2.222445436695055093e-03 2.330421777845323580e-04 -3.265600600514032928e-07 3.366079222013355234e-07 3.88 0.00023505451401 1.6e-09
5.750705166826214733e-05 2.689867969954341298e+00 3.086712552536300877e-02 1.727536393154510469e-04 -2.469980079744311222e-05 1.449755972647484670e-07 3.88 0.00023505451401 1.6e-09
3.955677489030532215e-05 3.905155969306998709e-01 -4.120784935925082826e-03 1.496880892892458450e-04 7.654880967100272885e-06 -3.213969966873371181e-06 3.88 0.00023505451401 1.6e-09
-7.500290596841988381e-05 2.811571096193625330e+00 -1.594605147137954926e-02 1.788930218828702816e-04 2.301658720924307439e-05 3.484447651766630038e-07 3.88 0.00023505451401 1.6e-09
7.258352187049551391e-05 3.850813384352493429e+00 2.249037282829246046e-02 2.335058822947034510e-04 -6.049017201538943615e-07 3.448779944198619278e-07 3.88 0.00023505451401 1.6e-09
-3.502087563836783117e-05 2.671111060560257044e+00 4.451604954974394679e-02 1.718018592567810605e-04 -2.504096968183762079e-05 -1.345843827050285473e-08 3.88 0.00023505451401 1.6e-09
5.047421636833127669e-05 3.910317903340826406e-01 -6.697508921900456602e-03 1.494586348394645169e-04 1.016105254980814284e-05 -3.233909984686595880e-06 3.88 0.00023505451401 1.6e-09
-2.933490183847475542e-05 2.834447799588081018e+00 -1.598720272255732804e-03 1.800433375184931997e-04 2.279040451242068125e-05 5.098192974112903862e-07 3.88 0.00023505451401 1.6e-09
-1.093833082046668723e-04 3.862784164424995836e+00 4.436630789136920827e-02 2.341399726763049131e-04 -6.424685067032354348e-07 3.443870385883409631e-07 3.88 0.00023505451401 1.6e-09
6.308047293772730971e-05 2.682683456841265635e+00 5.863693171030547047e-02 1.723667621001813790e-04 -2.497559490460011727e-05 -1.825882336278811634e-07 3.88 0.00023505451401 1.6e-09
-9.474974682075939234e-06 3.896671502992385960e-01 -8.576069581147111737e-03 1.497086787277385330e-04 9.133078551399656904e-06 -3.188976380412692408e-06 3.88 0.00023505451401 1.6e-09
4.628251195824093921e-05 2.829442657752961665e+00 1.251239671622659394e-02 1.797762373998096981e-04 2.295430644464079213e-05 6.587985345626032265e-07 3.88 0.00023505451401 1.6e-09
-1.107526571312962088e-04 3.874403177146929167e+00 6.506441156292200323e-02 2.347562078042157024e-04 -4.570028220963235765e-07 3.387343436779525658e-07 3.88 0.00023505451401 1.6e-09
-5.951230233184957353e-05 2.721311778501224410e+00 7.187228829894845572e-02 1.742975716858290083e-04 -2.449865038884436541e-05 -3.336825166048430158e-07 3.88 0.00023505451401 1.6e-09
7.487206747371994093e-05 3.874226368876995674e-01 -9.615435220714681208e-03 1.502234583664569336e-04 4.735433070085561669e-06 -3.144793948914036231e-06 3.88 0.00023505451401 1.6e-09
6.727847708085549520e-05 2.797045672571538688e+00 2.440915725607219200e-02 1.781219562537524222e-04 2.346900124662509905e-05 7.867734314376709256e-07 3.88 0.00023505451401 1.6e-09
-5.002528137782475000e-05 3.881055296680539168e+00 8.235516574561893566e-02 2.351091853433868257e-04 -1.017243474284613259e-07 3.316692878741538957e-07 3.88 0.00023505451401 1.6e-09
4.984175196516783997e-05 2.773229000244348263e+00 8.300033498828902900e-02 1.769126298244698837e-04 -2.380818642346427459e-05 -4.501956653346721332e-07 3.88 0.00023505451401 1.6e-09
-1.782489721352604320e-05 3.867600407351714509e-01 -9.994904560803249960e-03 1.503817676111285731e-04 -1.571943144781285776e-06 -3.124045593992738046e-06 3.88 0.00023505451401 1.6e-09
3.254985281041918260e-05 2.746666269850314812e+00 3.314942636829087963e-02 1.755710064208011907e-04 2.417957553650317389e-05 8.908108426636293016e-07 3.88 0.00023505451401 1.6e-09
-7.464420188098809463e-05 3.879503265326717187e+00 9.530221319533943580e-02 2.350263686381083973e-04 3.127748133319794261e-07 3.254997238940087567e-07 3.88 0.00023505451401 1.6e-09
2.982844909616148000e-05 2.819813583261854717e+00 9.133221768161428611e-02 1.792789009021763733e-04 -2.312453586255325494e-05 -5.328510513242859396e-07 3.88 0.00023505451401 1.6e-09
-2.756725105590573181e-05 3.886758337507896233e-01 -1.011918871408505963e-02 1.499274877153739492e-04 -7.605049612991667216e-06 -3.101851093026097343e-06 3.88 0.00023505451401 1.6e-09
6.366457974067188353e-05 2.695431436387526247e+00 3.935246445778460556e-02 1.729982649416101541e-04 2.484233509381924971e-05 9.728459615959969381e-07 3.88 0.00023505451401 1.6e-09
-1.491749897685328447e-05 3.870424116029699491e+00 1.046202278254600160e-01 2.345439088820452077e-04 6.382445402537662875e-07 3.190123416973214795e-07 3.88 0.00023505451401 1.6e-09
8.856005820619671789e-05 2.845803819106421884e+00 9.698451972374624863e-02 1.806110552387900055e-04 -2.267970537626991034e-05 -5.963833424073106660e-07 3.88 0.00023505451401 1.6e-09
1.899990943244425046e-05 3.913573440554204419e-01 -1.043143689506778951e-02 1.493212399012867724e-04 -1.128043465455021328e-05 -3.032693139943388436e-06 3.88 0.00023505451401 1.6e-09
-8.584618070359735368e-06 2.661505474741658439e+00 4.462199598479917040e-02 1.713094062606041737e-04 2.523421795794024593e-05 1.035521609176047762e-06 3.88 0.00023505451401 1.6e-09
2.534434674310484363e-05 3.857735676035188632e+00 1.118394082780706650e-01 2.338706446327293667e-04 7.732610301957674801e-07 3.072943160441832835e-07 3.88 0.00023505451401 1.6e-09
-7.660095875941049144e-05 2.844149368272596234e+00 1.004433210748364724e-01 1.805413920995095091e-04 -2.258235127573202149e-05 -6.589530281326179701e-07 3.88 0.00023505451401 1.6e-09
6.227649957251998728e-05 3.923205024621859716e-01 -1.123215192257768363e-02 1.491699331267610758e-04 -1.150575471687505076e-05 -2.862367503662359723e-06 3.88 0.00023505451401 1.6e-09
1.292823557247473065e-05 2.656459532659363632e+00 5.047868397666678553e-02 1.710714740389338278e-04 2.520338698529277829e-05 1.079084226121515269e-06 3.88 0.00023505451401 1.6e-09
-3.938378835509877756e-05 3.845828730688855224e+00 1.182031212219279426e-01 2.332399040710182107e-04 6.777773336784140308e-07 2.843581662838279864e-07 3.88 0.00023505451401 1.6e-09
2.119802678299691808e-05 2.815730288589236352e+00 1.020366264187667904e-01 1.791074762496231982e-04 -2.288840795474103519e-05 -7.331159465597435659e-07 3.88 0.00023505451401 1.6e-09
6.857868741549666977e-05 3.911372933490774306e-01 -1.252813310289654057e-02 1.495476878586384666e-04 -8.252697160179329219e-06 -2.535691096042997532e-06 3.88 0.00023505451401 1.6e-09
-1.298816026140595765e-05 2.681517943068195908e+00 5.780202419346978232e-02 1.723372612473923987e-04 2.476795724490135845e-05 1.103521259223917010e-06 3.88 0.00023505451401 1.6e-09
-5.244905192340850369e-05 3.838046625084380992e+00 1.244079380787734002e-01 2.328283036551126114e-04 3.722807728292184054e-07 2.467635809020550796e-07 3.88 0.00023505451401 1.6e-09
5.045543151053909659e-05 2.768910208914072690e+00 1.020555593419969764e-01 1.767415611711130308e-04 -2.349176055970860901e-05 -8.224416491432821321e-07 3.88 0.00023505451401 1.6e-09
-2.266119655505429171e-05 3.896633686762985826e-01 -1.400826270364951762e-02 1.499577425576024167e-04 -2.493142732664575175e-06 -2.029986179060777993e-06 3.88 0.00023505451401 1.6e-09
1.655688024617900893e-05 2.727682525932606517e+00 6.666253004119614134e-02 1.746616921945778878e-04 2.407741595516893948e-05 1.111891282475377155e-06 3.88 0.00023505451401 1.6e-09
7.508396132427339899e-05 3.836537962691477954e+00 1.307360194568878420e-01 2.327485476637165839e-04 -4.538764251687285267e-08 1.962708267285725062e-07 3.88 0.00023505451401 1.6e-09
8.040198830077710426e-05 2.718889275789896143e+00 1.010665731305355614e-01 1.742171501666390002e-04 -2.420211746627920276e-05 -9.208424839176107894e-07 3.88 0.00023505451401 1.6e-09
4.434224547916512898e-05 3.896414701190620278e-01 -1.522889346578600901e-02 1.499338890991980895e-04 3.748113855101543711e-06 -1.397453015684478948e-06 3.88 0.00023505451401 1.6e-09
-3.623287566625469139e-05 2.778515983156448321e+00 7.620116850950223175e-02 1.772235348049560244e-04 2.339095578487890666e-05 1.109707417356814590e-06 3.88 0.00023505451401 1.6e-09
2.423796101526461859e-05 3.841976913749106437e+00 1.369056264426415370e-01 2.330360165333279256e-04 -4.073833811163508492e-07 1.397757057556030287e-07 3.88 0.00023505451401 1.6e-09
5.951313510465243873e-05 2.684002056775498968e+00 9.975672260459431118e-02 1.724556705439786474e-04 -2.475499994894683330e-05 -1.012775846733921557e-06 3.88 0.00023505451401 1.6e-09
1.975812956130472832e-05 3.904771288449316313e-01 -1.589519777128661077e-02 1.496378391923238577e-04 8.238357595056435467e-06 -7.625482704227633357e-07 3.88 0.00023505451401 1.6e-09
6.893176501311253134e-05 2.816214230040944067e+00 8.480607678008095229e-02 1.791244288141957556e-04 2.293757052428574043e-05 1.101111223469202129e-06 3.88 0.00023505451401 1.6e-09
-1.030695419492804138e-04 3.853094701482928652e+00 1.418972633502146308e-01 2.336244269461522176e-04 -5.838920557920957792e-07 8.595306949920782843e-08 3.88 0.00023505451401 1.6e-09
-8.450754220021080448e-05 2.678332539160737547e+00 9.840778408381212206e-02 1.721584053542980341e-04 -2.492352558460454007e-05 -1.077948343297615626e-06 3.88 0.00023505451401 1.6e-09
5.543490668090086167e-05 3.901234946369295242e-01 -1.600671234424670686e-02 1.496254946481304711e-04 9.304925041105490481e-06 -2.443897896587080446e-07 3.88 0.00023505451401 1.6e-09
7.238903077899237933e-05 2.827817975064238709e+00 9.063692731120784329e-02 1.796996702529355522e-04 2.288559775631129203e-05 1.085955428871654027e-06 3.88 0.00023505451401 1.6e-09
3.486137095487132326e-05 3.866614870061045650e+00 1.441639523010322943e-01 2.343411196656602457e-04 -5.262960676198980661e-07 4.138579203191838920e-08 3.88 0.00023505451401 1.6e-09
-7.725255266335133355e-05 2.705265447923910216e+00 9.656957572341455520e-02 1.734957861602103002e-04 -2.464681026394520717e-05 -1.100111971267274654e-06 3.88 0.00023505451401 1.6e-09
-7.032190689986058101e-05 3.880806157498394304e-01 -1.571705465261303419e-02 1.500595878183803096e-04 6.531373770751404817e-06 9.442057661643401705e-08 3.88 0.00023505451401 1.6e-09
-1.768224304697764242e-05 2.808594292916400281e+00 9.217450771789392761e-02 1.787095948520834839e-04 2.325758981456703731e-05 1.059047887127288202e-06 3.88 0.00023505451401 1.6e-09
1.153342144646765855e-04 3.877574915467104422e+00 1.420974379850688529e-01 2.349229379778440346e-04 -2.351027400535789838e-07 8.955484476088601072e-09 3.88 0.00023505451401 1.6e-09
-9.882252335878223895e-06 2.755357012026318664e+00 9.317914057932519256e-02 1.760102632408524462e-04 -2.402124812549503703e-05 -1.073679805692654308e-06 3.88 0.00023505451401 1.6e-09
5.150068756805384118e-05 3.865222097135080359e-01 -1.513769763479974259e-02 1.504236264616881408e-04 6.498646130162426792e-07 2.648001198198234932e-07 3.88 0.00023505451401 1.6e-09
7.437026671215555640e-05 2.763578251168846478e+00 8.882602150599475110e-02 1.764236924952922712e-04 2.392737019149359214e-05 1.012530872028687962e-06 3.88 0.00023505451401 1.6e-09
8.250686031413681032e-05 3.881051434065329708e+00 1.348011180798967534e-01 2.351076755585287113e-04 1.909434155167946414e-07 -1.180072877627081915e-08 3.88 0.00023505451401 1.6e-09
-7.776200182767035811e-05 2.809703084146792929e+00 8.722451322212726454e-02 1.787627545586960504e-04 -2.327165285424604419e-05 -1.005279596680420961e-06 3.88 0.00023505451401 1.6e-09
2.218176378421047570e-05 3.876624365862622046e-01 -1.428407134708949144e-02 1.501450354058014663e-04 -6.128580945715215864e-06 3.291123569054908039e-07 3.88 0.00023505451401 1.6e-09
1.896475843552828533e-05 2.707843438944386172e+00 8.144693364127526813e-02 1.736159049210931477e-04 2.469379346933967348e-05 9.406719300653615935e-07 3.88 0.00023505451401 1.6e-09
