1.086936368287634943e-05 2.459845917777168545e+00 -4.454947158547201065e-05 1.614238655946447648e-04 -2.667099275100799405e-05 -8.487623614352454659e-10 3.66 0.00022332967374 1.6e-09
2.082145450892153646e-05 4.186500481737921442e-01 -2.497762625253069531e-03 1.433561642882167394e-04 2.796896380554385539e-05 -5.117350816267188426e-08 3.66 0.00022332967374 1.6e-09
6.172849753120249162e-05 2.922219416886479237e+00 6.154679585287033822e-03 1.845849365166777993e-04 1.977166825571717823e-05 9.523161636258519699e-08 3.66 0.00022332967374 1.6e-09
1.359574280482990082e-05 3.647069330597000558e+00 1.164087656616052263e-02 2.226135205055538376e-04 -4.100596806464018015e-06 1.264817609135405517e-08 3.66 0.00022332967374 1.6e-09
3.013691500568385919e-05 1.966361015442210425e+00 7.175668117630389434e-03 1.383157217486071617e-04 -3.474143898664943850e-05 -1.356225047011078815e-07 3.66 0.00022332967374 1.6e-09
-4.546232003932016536e-06 6.127035084732392889e-01 -7.171636387362225959e-03 1.173139550846591123e-04 5.501618823209710797e-05 -4.798174786966809210e-07 3.66 0.00022332967374 1.6e-09
-1.238565771778698307e-05 3.224425471998914716e+00 3.821258529073183387e-03 2.002476157886941472e-04 1.479798620566817629e-05 1.965577644054786917e-07 3.66 0.00022332967374 1.6e-09
-9.270043214000626411e-05 3.543964486785402990e+00 1.984281389593945885e-02 2.171150049063671258e-04 -7.954021405760301039e-06 9.722739768258278286e-08 3.66 0.00022332967374 1.6e-09
-2.149072514038012473e-05 1.404325777281421939e+00 1.528797892436081426e-02 1.164446890409636754e-04 -4.486560410519315433e-05 -3.823066680691225175e-07 3.66 0.00022332967374 1.6e-09
4.313122785786724931e-05 1.052224444166623529e+00 -1.101666395724384614e-02 1.083657582272264444e-04 5.173028823778966895e-05 -1.790016029198903697e-07 3.66 0.00022332967374 1.6e-09
9.000687624359889798e-05 3.437580427093585023e+00 1.521029673259197005e-03 2.114817913224495871e-04 1.036257291169403105e-05 1.924646936130807478e-07 3.66 0.00022332967374 1.6e-09
8.076519880445137960e-05 3.348983245434085987e+00 1.817360646304805316e-02 2.068017780994286397e-04 -1.226972768891059439e-05 1.069749090854351353e-07 3.66 0.00022332967374 1.6e-09
2.526273004724070455e-05 8.267291175814757143e-01 1.028175671960908193e-02 1.084981432068826083e-04 -5.549007842886819619e-05 -7.504714161786974002e-07 3.66 0.00022332967374 1.6e-09
-5.447391644404614409e-05 1.661876865876307452e+00 -7.017698232577434039e-03 1.256099066738075891e-04 4.001671269728424973e-05 3.473939354277714075e-07 3.66 0.00022332967374 1.6e-09
8.312103973724942630e-05 3.597217290059981920e+00 2.645789774350442228e-02 2.199533282864198037e-04 6.191690003221776726e-06 2.665073603484001371e-07 3.66 0.00022332967374 1.6e-09
2.996746886164131091e-05 3.096139213004700963e+00 4.043948558795504994e-02 1.935610895116303930e-04 -1.696663797629127855e-05 -3.720988534780404328e-08 3.66 0.00022332967374 1.6e-09
4.739093023891889980e-05 4.964572936825455418e-01 3.059610605942618498e-03 1.295929391560482198e-04 -4.701966786687038045e-05 -1.872077093921799760e-06 3.66 0.00022332967374 1.6e-09
-5.844478675949583426e-05 2.201477397163514649e+00 -4.800036320102892690e-03 1.490489995153701692e-04 3.077438187712933841e-05 4.879648611004667244e-07 3.66 0.00022332967374 1.6e-09
-8.171913445897297597e-05 3.656412989916337786e+00 3.856887439574992887e-02 2.231303431883962260e-04 2.176807454357269389e-06 3.232463661198671651e-07 3.66 0.00022332967374 1.6e-09
-2.549822789236827134e-06 2.709761748744195842e+00 5.156816812343056888e-02 1.738107724124431607e-04 -2.288180078415763232e-05 -1.622050596364064966e-07 3.66 0.00022332967374 1.6e-09
-2.355624015416047680e-06 3.938920527173946917e-01 -6.358976763637447238e-03 1.492475363914134664e-04 -5.693513216427151806e-07 -2.544364641029137194e-06 3.66 0.00022332967374 1.6e-09
-5.245158163748755260e-06 2.699217466096741624e+00 1.126114084433160051e-02 1.732799051440607561e-04 2.305283862680171234e-05 5.679169148921286057e-07 3.66 0.00022332967374 1.6e-09
-1.749301229480433823e-05 3.658230081351584229e+00 5.443177536242217729e-02 2.232266433777693618e-04 -2.061131439539583558e-06 2.538597931639601295e-07 3.66 0.00022332967374 1.6e-09
-2.263755248749848314e-05 2.217666913476724844e+00 5.158447724991117866e-02 1.498058149381982832e-04 -3.050975382038051883e-05 -4.857022554662754271e-07 3.66 0.00022332967374 1.6e-09
-5.995067437067224021e-05 4.893895581203878131e-01 -1.615413474932835686e-02 1.305224829685308044e-04 4.624553768356209790e-05 -1.267806815580086499e-06 3.66 0.00022332967374 1.6e-09
7.701229609765838273e-06 3.088845768841209427e+00 3.702292749908679681e-02 1.931743615891296818e-04 1.716550305102058414e-05 6.990568404885086097e-07 3.66 0.00022332967374 1.6e-09
9.754109012303715945e-05 3.609920145678638725e+00 8.343871467500885153e-02 2.206229690367971917e-04 -5.978187458855773297e-06 1.782043751150420388e-07 3.66 0.00022332967374 1.6e-09
-2.758072882086219567e-05 1.705826406379628679e+00 5.460229310950666382e-02 1.273241629335966304e-04 -3.923706068053080807e-05 -1.162302473727282655e-06 3.66 0.00022332967374 1.6e-09
-5.963847473664612671e-06 7.912359264523849411e-01 -1.933041066672719008e-02 1.091861324467611268e-04 5.585258856443815994e-05 2.638552526377037530e-07 3.66 0.00022332967374 1.6e-09
-3.578415213043055547e-05 3.332192466436779910e+00 5.311017299228829036e-02 2.059150654121369797e-04 1.261464420807557456e-05 6.743619603699480198e-07 3.66 0.00022332967374 1.6e-09
-4.805019584575231727e-05 3.453976858240388026e+00 9.295332186358794269e-02 2.123472722526216971e-04 -1.000461781165906471e-05 5.583158501268326951e-08 3.66 0.00022332967374 1.6e-09
-6.985510309640598621e-06 1.103206906586458036e+00 3.687615067162339222e-02 1.090522180745083334e-04 -5.069403285772525457e-05 -2.127675944407149212e-06 3.66 0.00022332967374 1.6e-09
3.788636313452330184e-05 1.350436375229702390e+00 -4.818953072850353306e-03 1.148201927419313038e-04 4.584710918940544541e-05 1.205277981742628287e-06 3.66 0.00022332967374 1.6e-09
-7.288249071919541944e-05 3.524571358579857705e+00 8.397225839371678935e-02 2.160907505450116654e-04 8.258832898070341992e-06 5.926197123793069484e-07 3.66 0.00022332967374 1.6e-09
1.453476753294304552e-05 3.232074844187102336e+00 1.059820436503676466e-01 2.006556162306904134e-04 -1.451702093158231726e-05 -2.311694877218149185e-07 3.66 0.00022332967374 1.6e-09
8.760631741497853223e-06 6.302494024135454342e-01 1.088825532184645173e-02 1.161049655588397225e-04 -5.524755110933168774e-05 -3.514722881014673877e-06 3.66 0.00022332967374 1.6e-09
-6.489542951441156708e-05 1.938095434335953549e+00 2.212540640704719480e-02 1.370827981554519548e-04 3.514592816594625825e-05 1.462482058690887616e-06 3.66 0.00022332967374 1.6e-09
1.620018552370211453e-05 3.637085694331954056e+00 1.175356489008899386e-01 2.220846064748080331e-04 4.236300567890180423e-06 5.100577711583013689e-07 3.66 0.00022332967374 1.6e-09
2.784570810066007266e-05 2.926732603001624078e+00 1.186209777096310924e-01 1.848206309354177715e-04 -1.960115254082500739e-05 -6.119112601597701035e-07 3.66 0.00022332967374 1.6e-09
2.891367312468651275e-05 4.220726925123075013e-01 -8.619440854824599041e-03 1.426837711684224980e-04 -2.886023233678494779e-05 -3.887982701150172710e-06 3.66 0.00022332967374 1.6e-09
2.114612925208875517e-05 2.446609739143100093e+00 5.063601968854195695e-02 1.607806019337671148e-04 2.681555420344003992e-05 1.345518004417054624e-06 3.66 0.00022332967374 1.6e-09
1.066164456678902843e-04 3.655757399465689339e+00 1.329660115625844463e-01 2.231039091023098925e-04 7.236328800924833918e-08 3.267216786879799084e-07 3.66 0.00022332967374 1.6e-09
-3.140490817078561670e-05 2.466472038336740891e+00 1.061284115462370892e-01 1.617494006869634121e-04 -2.648533779428353328e-05 -1.079329370230972552e-06 3.66 0.00022332967374 1.6e-09
-5.587358864374328520e-05 4.172697684475368263e-01 -2.008073452048353413e-02 1.436318229115423153e-04 2.700251446827132561e-05 -1.122157544705162521e-06 3.66 0.00022332967374 1.6e-09
-1.402817453391367035e-05 2.912932557476626272e+00 9.215690614174895656e-02 1.841087421732513969e-04 1.985119431954227899e-05 1.218745344500568125e-06 3.66 0.00022332967374 1.6e-09
1.150005673705955096e-05 3.643821121575181010e+00 1.564883169612050762e-01 2.224403832663159465e-04 -4.032399749785421007e-06 6.737964683588702416e-08 3.66 0.00022332967374 1.6e-09
1.139238228983919111e-05 1.974373893397429747e+00 8.921496050414429169e-02 1.386707648998608696e-04 -3.450394476552796810e-05 -1.814432010729785179e-06 3.66 0.00022332967374 1.6e-09
-3.372124888847199075e-05 6.067968910088088474e-01 -1.806429071939447129e-02 1.177511060126833643e-04 5.480275260541162728e-05 1.700729419430790336e-06 3.66 0.00022332967374 1.6e-09
5.178225845864375563e-05 3.216682262710781615e+00 1.241446682945881730e-01 1.998407718333565432e-04 1.486661294121260985e-05 1.049255515763501466e-06 3.66 0.00022332967374 1.6e-09
-8.237985754032999745e-05 3.544513661754578049e+00 1.679328060935894595e-01 2.171424646904875349e-04 -7.844418527139606056e-06 -1.985020057952868620e-07 3.66 0.00022332967374 1.6e-09
-1.558558588352070508e-05 1.421896192261241643e+00 5.991675184982936386e-02 1.170012068688504867e-04 -4.440651466674449920e-05 -2.759446504746684028e-06 3.66 0.00022332967374 1.6e-09
-2.515994001286796415e-05 1.036153570240501143e+00 3.905286996288441070e-03 1.081943010761655867e-04 5.196827750525319356e-05 2.573220558803675893e-06 3.66 0.00022332967374 1.6e-09
2.361585173916527802e-05 3.426496164287001100e+00 1.463482067148921262e-01 2.108974904890477441e-04 1.045189949114604859e-05 7.803199920726177884e-07 3.66 0.00022332967374 1.6e-09
-8.924672415706462773e-05 3.346799213983745247e+00 1.610223698563944539e-01 2.066897938965148250e-04 -1.215123489908194396e-05 -5.308846919228019730e-07 3.66 0.00022332967374 1.6e-09
4.505540672225114213e-05 8.360210953685165425e-01 1.737493694984244136e-02 1.083637816167668666e-04 -5.522375292327240425e-05 -3.803218096708322687e-06 3.66 0.00022332967374 1.6e-09
2.705504113107300870e-05 1.651649952109484509e+00 4.812603500004962453e-02 1.252129533208887625e-04 4.010768613097200590e-05 2.445165079168861908e-06 3.66 0.00022332967374 1.6e-09
6.920717764343850965e-05 3.590963191566503454e+00 1.751692220263966204e-01 2.196188843888187262e-04 6.252913458505139318e-06 4.935091573290303612e-07 3.66 0.00022332967374 1.6e-09
-1.434665967783423719e-05 3.099241497272834600e+00 1.548131827453194387e-01 1.937211988269770424e-04 -1.682003385642097442e-05 -9.680797767936976171e-07 3.66 0.00022332967374 1.6e-09
-3.433291507998101040e-05 5.021016447464050625e-01 -1.109374588659138919e-02 1.287996122319383483e-04 -4.759130071094258227e-05 -3.580635424168808409e-06 3.66 0.00022332967374 1.6e-09
-4.082515231849646219e-05 2.186936191618388037e+00 8.801522446145107481e-02 1.483690067571475507e-04 3.090709020650229597e-05 2.021634211679095914e-06 3.66 0.00022332967374 1.6e-09
-7.140221160156076858e-05 3.650527589445022869e+00 1.888275010527819542e-01 2.228151018906224723e-04 2.277516481558723865e-06 2.205792480097246321e-07 3.66 0.00022332967374 1.6e-09
2.987094348782470902e-05 2.718696659442085384e+00 1.348150851162313590e-01 1.742590922221771196e-04 -2.264986053653075568e-05 -1.432013765614170748e-06 3.66 0.00022332967374 1.6e-09
-3.056130506991072010e-05 3.944267509902312230e-01 -2.142653259220191064e-02 1.490892111941860630e-04 -2.085230020076116086e-06 -3.243667777428827757e-07 3.66 0.00022332967374 1.6e-09
-4.478044395760411999e-05 2.683672503445115431e+00 1.230900441852610383e-01 1.725004566678867114e-04 2.318454993619205074e-05 1.476685683032157216e-06 3.66 0.00022332967374 1.6e-09
6.780838985923220313e-05 3.652885624710071610e+00 1.853568144618220614e-01 2.229421638464358841e-04 -1.955259789437411919e-06 -1.161094932229497648e-07 3.66 0.00022332967374 1.6e-09
-6.361418700004655563e-05 2.227884281378252229e+00 9.545325708003708776e-02 1.502879356724104616e-04 -3.024509217195841946e-05 -1.919616140898850089e-06 3.66 0.00022332967374 1.6e-09
5.875835656201279392e-05 4.853956177344623812e-01 -1.440528207645852717e-02 1.311237223426951510e-04 4.556139750001026302e-05 3.368673454796808219e-06 3.66 0.00022332967374 1.6e-09
-9.189003471261435044e-05 3.077290668878628566e+00 1.568090729452391030e-01 1.925729725171636546e-04 1.727539383660864981e-05 1.075675329324703203e-06 3.66 0.00022332967374 1.6e-09
1.090177908097326022e-04 3.609560953627437563e+00 1.853317361518444784e-01 2.206027457075349194e-04 -5.842824919055933464e-06 -4.408480424268582550e-07 3.66 0.00022332967374 1.6e-09
-5.446315473000250262e-07 1.724205703761469088e+00 5.896646816414217313e-02 1.280569841130929729e-04 -3.885224558020795697e-05 -2.498849067241294186e-06 3.66 0.00022332967374 1.6e-09
-5.395694877597479393e-05 7.782562706342714964e-01 8.355442495522179963e-03 1.095042156554510169e-04 5.584164242391362267e-05 3.856524046851880972e-06 3.66 0.00022332967374 1.6e-09
-7.249331043040804887e-05 3.320023266934725825e+00 1.672356054123246838e-01 2.052756307197871777e-04 1.273891293584398631e-05 7.081593316420163696e-07 3.66 0.00022332967374 1.6e-09
2.295173380177844625e-05 3.454542690179117859e+00 1.655785056859406801e-01 2.123782468275822906e-04 -9.863307697988855425e-06 -7.101286870332278007e-07 3.66 0.00022332967374 1.6e-09
1.104166066496693228e-05 1.118436060353643846e+00 1.662543319977267953e-02 1.093036272731720646e-04 -5.037373265697307490e-05 -2.954633175927378057e-06 3.66 0.00022332967374 1.6e-09
1.061562097379930371e-05 1.335531101875324866e+00 5.069331063733827081e-02 1.143838297496291322e-04 4.602683826529091742e-05 2.900080477646946608e-06 3.66 0.00022332967374 1.6e-09
8.024928020959513442e-06 3.517555221481863725e+00 1.685469876907133846e-01 2.157178961873471869e-04 8.363406868631496281e-06 2.944150097674350501e-07 3.66 0.00022332967374 1.6e-09
7.496642817399264028e-05 3.237620104020457301e+00 1.326190085262361484e-01 2.009454906821394867e-04 -1.436854520112835907e-05 -9.965147022670604663e-07 3.66 0.00022332967374 1.6e-09
4.211818095250563688e-05 6.390880722467633390e-01 -1.446970841326288004e-02 1.155103621160984698e-04 -5.549785959186090802e-05 -2.170636803192532505e-06 3.66 0.00022332967374 1.6e-09
3.590229413432862446e-06 1.921227807886947136e+00 9.180304556883006617e-02 1.363456021372856804e-04 3.534752471373158334e-05 2.097747477874235841e-06 3.66 0.00022332967374 1.6e-09
-2.135404448289175483e-05 3.633540701551416063e+00 1.743312024015815087e-01 2.218938127746311248e-04 4.380031509036214306e-06 2.696443167305734713e-09 3.66 0.00022332967374 1.6e-09
-2.015369845404959670e-06 2.939913716862355031e+00 1.096405625378377990e-01 1.854955351245260562e-04 -1.938107678050946393e-05 -1.305624841282425189e-06 3.66 0.00022332967374 1.6e-09
-2.083818421437654377e-05 4.254231703616269122e-01 -2.141551990392705218e-02 1.419542990703901331e-04 -3.029867736430360092e-05 6.811339005243137891e-07 3.66 0.00022332967374 1.6e-09
-2.651561093865155590e-06 2.428045104974415835e+00 1.097645944566422310e-01 1.598785035397278344e-04 2.705304728370924239e-05 1.304504472087107688e-06 3.66 0.00022332967374 1.6e-09
-1.096474619122067014e-04 3.653622847219859970e+00 1.513145788695328398e-01 2.229910397423629583e-04 2.350012867490757107e-07 -2.496886903362733709e-07 3.66 0.00022332967374 1.6e-09
3.883714469445378699e-05 2.480568339270071476e+00 6.832670737708743114e-02 1.624399861176627951e-04 -2.627203626774209376e-05 -1.466297655277587213e-06 3.66 0.00022332967374 1.6e-09
-6.523001780340589569e-06 4.150779972536025597e-01 -1.144684507774895200e-02 1.441290642466277680e-04 2.578705530003295386e-05 4.112761105896881340e-06 3.66 0.00022332967374 1.6e-09
7.589953074459613962e-05 2.901502959041756924e+00 1.271199935995971919e-01 1.835231864811151070e-04 2.002814121234376126e-05 7.249610759630056112e-07 3.66 0.00022332967374 1.6e-09
8.378388170622422021e-05 3.647740045247671148e+00 1.312876562636322020e-01 2.226490313549032139e-04 -3.892217023176803095e-06 -5.095667311482928934e-07 3.66 0.00022332967374 1.6e-09
-5.420000874787195006e-05 1.993833407016324832e+00 3.021036004406179795e-02 1.395339454034427403e-04 -3.423847541504556057e-05 -1.594027937408073496e-06 3.66 0.00022332967374 1.6e-09
7.425676737759049630e-06 5.970810843507883270e-01 7.252157528062276592e-03 1.185404002830943361e-04 5.436180556463606460e-05 4.168392468539498973e-06 3.66 0.00022332967374 1.6e-09
8.055024834700912865e-05 3.207604282161860887e+00 1.296517328770709909e-01 1.993666929869667218e-04 1.504331016975162270e-05 4.014663066392486198e-07 3.66 0.00022332967374 1.6e-09
-3.175552497464248936e-05 3.550685469720693987e+00 1.129951005686710697e-01 2.174712398571090606e-04 -7.707708923513607944e-06 -6.489108944637231877e-07 3.66 0.00022332967374 1.6e-09
4.897592208678146631e-05 1.440052815812663090e+00 4.598004250092930026e-03 1.175912828427056161e-04 -4.416283094409693835e-05 -1.641872339386557923e-06 3.66 0.00022332967374 1.6e-09
2.862148078719141354e-05 1.020212786714270958e+00 3.267392493033605821e-02 1.080459366902037266e-04 5.223379257750288180e-05 2.514021135601360461e-06 3.66 0.00022332967374 1.6e-09
-1.260315057720679172e-05 3.423030941245994718e+00 1.061247952663423449e-01 2.107140628955328325e-04 1.060365829606396976e-05 5.053387890855920558e-08 3.66 0.00022332967374 1.6e-09
-5.798591141259010776e-05 3.356433647857618219e+00 7.050532577462388650e-02 2.071974375638430436e-04 -1.202976765447861870e-05 -7.008712297934382742e-07 3.66 0.00022332967374 1.6e-09
9.507304709464947868e-06 8.484877320822380442e-01 -1.641549223198018187e-02 1.081952648547379711e-04 -5.518754305182500347e-05 -7.782896986123011977e-07 3.66 0.00022332967374 1.6e-09
2.794697343339420058e-05 1.634180250147314162e+00 6.085848162726344157e-02 1.245376151447869461e-04 4.046854964029321931e-05 1.464553843730813978e-06 3.66 0.00022332967374 1.6e-09
3.081244429251007235e-05 3.592142451675578663e+00 9.944405751930104898e-02 2.196801644735553102e-04 6.408137903712811746e-06 -1.771338014740965920e-07 3.66 0.00022332967374 1.6e-09
6.679062127645705408e-05 3.114816906275433617e+00 4.717490403502307139e-02 1.945284938687735863e-04 -1.666890976540958991e-05 -8.104185479491195255e-07 3.66 0.00022332967374 1.6e-09
1.642193701844768029e-06 5.090565891416334310e-01 -1.887041099804218081e-02 1.278415251448707698e-04 -4.849099004507707384e-05 1.227120944832790329e-06 3.66 0.00022332967374 1.6e-09
-2.016682036037787827e-05 2.169044965233567268e+00 6.632168249904868418e-02 1.475387591579925550e-04 3.125642674122017413e-05 7.868460226644096832e-07 3.66 0.00022332967374 1.6e-09
-1.040286390118278143e-05 3.652651816339516522e+00 8.121851849855281358e-02 2.229297447519756588e-04 2.418159467946402215e-06 -2.566335272773397347e-07 3.66 0.00022332967374 1.6e-09
5.450188214222475143e-05 2.733517728681623904e+00 2.750830225439666182e-02 1.750072774081215662e-04 -2.250980478867979057e-05 -7.830833167172461186e-07 3.66 0.00022332967374 1.6e-09
-3.532160163455765316e-05 3.944187207269234108e-01 -8.962555072043045662e-03 1.491106187695706163e-04 -3.557442254320031270e-06 3.233271060691308138e-06 3.66 0.00022332967374 1.6e-09
4.779758690539971720e-05 2.674686047703834113e+00 5.982914679639098066e-02 1.720495674174972304e-04 2.341561851167268035e-05 2.319021421020486699e-07 3.66 0.00022332967374 1.6e-09
-6.917567744497266470e-05 3.659940902728349599e+00 4.784679599839684883e-02 2.233184265697553677e-04 -1.825347218331072452e-06 -3.554365833960957451e-07 3.66 0.00022332967374 1.6e-09
-3.919827297768780359e-05 2.246562526997793796e+00 -2.127824263406580783e-03 1.511658578376576050e-04 -3.006034185710131245e-05 -5.888797782996807911e-07 3.66 0.00022332967374 1.6e-09
-3.590452454280426643e-06 4.787693386278004670e-01 2.916743089427536843e-03 1.321560069094162085e-04 4.460170334550514416e-05 2.934750802899284175e-06 3.66 0.00022332967374 1.6e-09
8.254935891280976298e-05 3.070873253062057273e+00 6.027868900938257446e-02 1.922424721774804038e-04 1.746178896131425634e-05 8.172305933785600412e-08 3.66 0.00022332967374 1.6e-09
-1.070668100979515374e-04 3.616816344793613247e+00 4.154014675547663960e-02 2.209912291329150331e-04 -5.730108119190635679e-06 -3.816633000767761755e-07 3.66 0.00022332967374 1.6e-09
-8.232282674053992825e-06 1.739693507929684690e+00 -8.163300281054733376e-03 1.286845131478556452e-04 -3.867628464829804926e-05 -5.455891139732839647e-07 3.66 0.00022332967374 1.6e-09
4.616018408261113879e-05 7.665854473334263730e-01 1.126011642088254119e-02 1.098231887516495730e-04 5.602544566947608860e-05 1.301479185703009328e-06 3.66 0.00022332967374 1.6e-09
-7.809947544088867032e-05 3.319499989286898156e+00 3.615721256916511195e-02 2.052478363161568521e-04 1.287319989019787968e-05 -4.934886050329448593e-08 3.66 0.00022332967374 1.6e-09
4.567887027671107994e-06 3.463969420237822838e+00 1.759263152400069447e-02 2.128775342027494611e-04 -9.782201639172321053e-06 -2.807198217258211834e-07 3.66 0.00022332967374 1.6e-09
-9.918730413030154056e-06 1.132091050540536603e+00 -1.098524349698843869e-02 1.095408588705803262e-04 -5.019323453879378052e-05 -1.194117889824336084e-07 3.66 0.00022332967374 1.6e-09
-1.565639147648260267e-05 1.320142015620872744e+00 1.963673676619102915e-02 1.139387748579881086e-04 4.646726407590324884e-05 4.826432372821328861e-07 3.66 0.00022332967374 1.6e-09
-2.393192067107247263e-05 3.519575685104667784e+00 2.121411904062183579e-02 2.158234954583175720e-04 8.491546244974177218e-06 -1.624131469614893993e-07 3.66 0.00022332967374 1.6e-09
-9.241105043750888546e-05 3.250824912992244631e+00 -1.201289143097754699e-03 2.016364121063729444e-04 -1.423870985777060877e-05 -2.452693564841268874e-07 3.66 0.00022332967374 1.6e-09
4.116106737736646394e-05 6.503637737664178520e-01 -1.046574955572048861e-02 1.147936796949732073e-04 -5.576357267916105202e-05 8.029139368704298155e-07 3.66 0.00022332967374 1.6e-09
-7.396272087385088166e-06 1.904290705358017810e+00 2.002881316869336778e-02 1.356137524847657186e-04 3.574012290854026546e-05 2.722506782921861761e-07 3.66 0.00022332967374 1.6e-09
-8.056361332507390926e-06 3.634615075713603538e+00 2.304674385509467016e-02 2.219528316669768279e-04 4.491039673246743336e-06 -1.020831413064029027e-07 3.66 0.00022332967374 1.6e-09
-5.981596325958477651e-06 2.950206273487759212e+00 5.418152214811140094e-03 1.860263850501585575e-04 -1.928310754273168285e-05 -2.282817192200776012e-07 3.66 0.00022332967374 1.6e-09
-1.836140572176686464e-05 4.275117297512804893e-01 -4.583076001574521927e-03 1.415375944411926233e-04 -3.140138987407533179e-05 1.087856184061450205e-06 3.66 0.00022332967374 1.6e-09
-2.576325097719289295e-05 2.420637878524579456e+00 5.417790869018730693e-03 1.595156591204048959e-04 2.727148575229736076e-05 6.620733379644754785e-09 3.66 0.00022332967374 1.6e-09
3.698437226977637643e-05 3.659404340059265959e+00 2.512603239763472503e-03 2.232981349210995772e-04 3.236639492068114115e-07 -4.738960160464336338e-08 3.66 0.00022332967374 1.6e-09
-3.584271221628030962e-05 2.497142423054575566e+00 -2.574133600494550936e-03 1.632507045010593886e-04 -2.608866854063467120e-05 -4.249501662052511677e-08 3.66 0.00022332967374 1.6e-09
7.642028362936340740e-07 4.117332418910391589e-01 -1.697220622981522858e-03 1.449101806164760872e-04 2.424897452221303721e-05 4.424573973201084549e-07 3.66 0.00022332967374 1.6e-09
-3.025568670297916257e-05 2.892573898568802981e+00 8.510533704432457491e-03 1.830679319767322525e-04 2.022341635920883507e-05 4.244458825773065382e-08 3.66 0.00022332967374 1.6e-09
-4.595596972742482778e-05 3.650723726732840291e+00 8.175621534694916051e-03 2.228105242130086570e-04 -3.799615468816501437e-06 -3.898563492050755464e-08 3.66 0.00022332967374 1.6e-09
-3.625979961278240642e-05 2.005507145982940553e+00 1.262038104017852540e-03 1.400573884782901359e-04 -3.407473735697351321e-05 -1.009786517849987937e-07 3.66 0.00022332967374 1.6e-09
-3.361860893524738888e-06 5.902250216093096746e-01 -4.646465131057150172e-03 1.191082853237259483e-04 5.427567263866669403e-05 -2.575149582968091524e-07 3.66 0.00022332967374 1.6e-09
8.718577311387791561e-05 3.205633065140892413e+00 5.252915405107286620e-03 1.992637694830912110e-04 1.514019046594636867e-05 1.416749098476530718e-07 3.66 0.00022332967374 1.6e-09
-6.484613692779211188e-05 3.555677328532752313e+00 1.575860005169923278e-02 2.177370322076087783e-04 -7.648441020808485798e-06 5.250551011416483748e-08 3.66 0.00022332967374 1.6e-09
-5.278338070646322735e-06 1.451055149979522785e+00 1.063388560709664990e-02 1.179567386358857251e-04 -4.397467519966077258e-05 -2.802128965128293903e-07 3.66 0.00022332967374 1.6e-09
4.880312702693011918e-05 1.009164448994779306e+00 -8.573393404025922426e-03 1.079470715231202731e-04 5.254737358043732703e-05 -2.242874269781793616e-07 3.66 0.00022332967374 1.6e-09
-7.681202232108302018e-05 3.422679044018250849e+00 -2.577423797603806480e-03 2.106929897240519627e-04 1.070587905570622071e-05 1.311260198037395003e-07 3.66 0.00022332967374 1.6e-09
-1.553620001195724098e-05 3.365688554231837770e+00 1.012026481898509883e-02 2.076830097459431037e-04 -1.192103613791583573e-05 9.778920135743002762e-08 3.66 0.00022332967374 1.6e-09
2.613648772610456127e-05 8.636676201665266506e-01 7.908681071217567304e-03 1.080129268947953140e-04 -5.501556649402493534e-05 -4.608266802242522954e-07 3.66 0.00022332967374 1.6e-09
-5.267911099235757265e-05 1.616751299127830777e+00 -6.166196787950747708e-03 1.238771497591269677e-04 4.083966748920078639e-05 2.410369522104985939e-07 3.66 0.00022332967374 1.6e-09
7.609026799072363199e-05 3.588618418852905556e+00 1.853963101861844445e-02 2.194948521941875413e-04 6.498810388142041842e-06 2.034687505064525665e-07 3.66 0.00022332967374 1.6e-09
3.540981154619677289e-05 3.119454042684147055e+00 2.984027339794079192e-02 1.947725843607962272e-04 -1.658075266337239343e-05 -1.499253820528188803e-08 3.66 0.00022332967374 1.6e-09
2.339331436265243002e-05 5.127910998736207038e-01 2.928008728150721749e-03 1.273694054252400443e-04 -4.895303818232309753e-05 -1.375524788896160569e-06 3.66 0.00022332967374 1.6e-09
2.168553646537368698e-05 2.162153828892900087e+00 -6.533756000411070422e-03 1.472158516405151004e-04 3.141297727946177276e-05 3.858876913707354799e-07 3.66 0.00022332967374 1.6e-09
-1.089021763508527663e-04 3.654992019194871045e+00 2.969000665533493705e-02 2.230525087899982019e-04 2.500099345485638776e-06 2.832346388205050054e-07 3.66 0.00022332967374 1.6e-09
6.630904929675618951e-05 2.745321330287193717e+00 4.282579837505598452e-02 1.755998886666445278e-04 -2.235986776335377861e-05 -1.022130245541300240e-07 3.66 0.00022332967374 1.6e-09
3.453995481571762300e-05 3.946452015860271167e-01 -4.573147900442364397e-03 1.490675348918520712e-04 -5.120410501285807558e-06 -2.256771843768645732e-06 3.66 0.00022332967374 1.6e-09
2.848433270631550116e-05 2.662830569588857443e+00 4.077598234610914016e-03 1.714578853721209092e-04 2.359265659221236678e-05 4.517419130026743989e-07 3.66 0.00022332967374 1.6e-09
-5.695936017680815926e-06 3.659075888693200440e+00 4.079638479126661277e-02 2.232739299287506639e-04 -1.742885410109930144e-06 2.399227789115034430e-07 3.66 0.00022332967374 1.6e-09
-6.019655879967907979e-05 2.255628183773117357e+00 4.299220842671221121e-02 1.515970023970692024e-04 -2.989553069380293955e-05 -3.379163751981731819e-07 3.66 0.00022332967374 1.6e-09
-6.216901417014896185e-05 4.753611792946916825e-01 -1.407451017724254891e-02 1.326773544013421392e-04 4.406594442541231097e-05 -1.421845896859994383e-06 3.66 0.00022332967374 1.6e-09
5.081609443318762457e-05 3.065459347630008935e+00 2.777739584559665506e-02 1.919623517180361004e-04 1.754421128111165868e-05 6.120074848065524661e-07 3.66 0.00022332967374 1.6e-09
1.081314821714527877e-04 3.617275453357174264e+00 7.018482293503328084e-02 2.210159901069775495e-04 -5.690492774548032250e-06 1.873714893589211235e-07 3.66 0.00022332967374 1.6e-09
-4.984526670846183564e-05 1.747405833109620943e+00 4.936030757914193490e-02 1.289997512283909929e-04 -3.850437526320121936e-05 -9.473492783994575062e-07 3.66 0.00022332967374 1.6e-09
5.146075255461074206e-06 7.594848952088013583e-01 -1.921188829056037078e-02 1.100115892858777723e-04 5.609472383814222488e-05 -4.426331634371586401e-08 3.66 0.00022332967374 1.6e-09
8.754894442081588015e-05 3.316706548642699204e+00 4.100883592293796953e-02 2.050989252608085298e-04 1.294206431108504461e-05 6.168549709506152274e-07 3.66 0.00022332967374 1.6e-09
-5.482237503395256056e-05 3.469393762558440564e+00 8.030670916117051139e-02 2.131627359944691762e-04 -9.678947942093569444e-06 1.039196067465406079e-07 3.66 0.00022332967374 1.6e-09
3.680358238891498653e-05 1.148901404196290166e+00 3.639565267313161351e-02 1.098414563109308345e-04 -4.981928414595979127e-05 -1.806528551259362020e-06 3.66 0.00022332967374 1.6e-09
-2.691842049365646087e-05 1.302771262336163138e+00 -8.982759501272833888e-03 1.134625668828568917e-04 4.678992859468918163e-05 9.591926642521512566e-07 3.66 0.00022332967374 1.6e-09
-1.557030623770211609e-05 3.512149221182969683e+00 6.896975908753225082e-02 2.154319885944877165e-04 8.576434771982319129e-06 5.590114890615017147e-07 3.66 0.00022332967374 1.6e-09
5.717866064096719791e-06 3.250905518977296182e+00 9.347286915287100761e-02 2.016434175446228942e-04 -1.416724148669055504e-05 -1.440566760693340342e-07 3.66 0.00022332967374 1.6e-09
3.417850718348144857e-05 6.555855085900659240e-01 1.289228375270735916e-02 1.145005081995678549e-04 -5.571710478210185435e-05 -3.163469740862311093e-06 3.66 0.00022332967374 1.6e-09
6.081647440568436173e-05 1.897658823378221893e+00 1.437607549588353073e-02 1.353258996392105087e-04 3.583592657607880124e-05 1.308107019411569039e-06 3.66 0.00022332967374 1.6e-09
6.511335034697599705e-05 3.632736341463794538e+00 1.033089604565142761e-01 2.218512755465705468e-04 4.531619319988702001e-06 5.086516894864889041e-07 3.66 0.00022332967374 1.6e-09
7.108692444542020117e-05 2.954890567461355033e+00 1.098043238727791915e-01 1.862650239122380408e-04 -1.918125565389355413e-05 -4.949593011412975747e-07 3.66 0.00022332967374 1.6e-09
3.627692152106245041e-05 4.303037339588156596e-01 -6.018259178728791077e-03 1.409553683690608489e-04 -3.225002840253360522e-05 -3.912020993436201013e-06 3.66 0.00022332967374 1.6e-09
-6.420091820060768481e-05 2.409808829774036099e+00 3.951951605000171563e-02 1.589900227435796915e-04 2.740527968760396807e-05 1.247763720980424376e-06 3.66 0.00022332967374 1.6e-09
-1.059761607834532998e-04 3.656391813048954553e+00 1.194190470997207182e-01 2.231373097519460860e-04 4.034346298295254280e-07 3.604359031395589263e-07 3.66 0.00022332967374 1.6e-09
5.636223247036781892e-05 2.503993908015476499e+00 1.015201418238220465e-01 1.635864010065227355e-04 -2.592641230303368302e-05 -9.199127336575661800e-07 3.66 0.00022332967374 1.6e-09
-3.083857597622926801e-05 4.106508686366893146e-01 -1.877647275784456379e-02 1.451335016104888034e-04 2.323196870990529227e-05 -1.685550769324719013e-06 3.66 0.00022332967374 1.6e-09
-8.724575498367462679e-05 2.883414236351543813e+00 7.948564518135611823e-02 1.826002091696287137e-04 2.030396142563496476e-05 1.170833654320279863e-06 3.66 0.00022332967374 1.6e-09
8.525158557460983915e-05 3.647211640260914045e+00 1.446740774261394968e-01 2.226236908706857192e-04 -3.748956744259337582e-06 1.242704488684740222e-07 3.66 0.00022332967374 1.6e-09
4.549712330171423161e-05 2.011494806759801968e+00 8.815685664640970920e-02 1.403251617385395627e-04 -3.388579601654740097e-05 -1.630468046142681238e-06 3.66 0.00022332967374 1.6e-09
3.178328201742735919e-06 5.856744127474349249e-01 -1.966846971344727441e-02 1.194861954266493377e-04 5.404684917206358918e-05 1.196222554006473821e-06 3.66 0.00022332967374 1.6e-09
1.163164399028075697e-05 3.199333936569606962e+00 1.120681420873758799e-01 1.989318173250672825e-04 1.520571385272928077e-05 1.042755373110394862e-06 3.66 0.00022332967374 1.6e-09
-8.356966181215062664e-05 3.556462262782969397e+00 1.597865649398588217e-01 2.177767924661547466e-04 -7.550983893252503184e-06 -1.201882042466945503e-07 3.66 0.00022332967374 1.6e-09
-4.864554748572927053e-05 1.467370310334148220e+00 6.322393857407063167e-02 1.184996242646548263e-04 -4.354751365582416845e-05 -2.567228659213775074e-06 3.66 0.00022332967374 1.6e-09
-3.069865488373159043e-05 9.941186658655347674e-01 -1.929871241870530002e-03 1.078455402901154307e-04 5.277082314247094434e-05 2.327257586022728250e-06 3.66 0.00022332967374 1.6e-09
-1.566915894644779560e-05 3.412268627264908538e+00 1.355716350597518105e-01 2.101449283857361795e-04 1.078394479162581902e-05 8.083620242199990769e-07 3.66 0.00022332967374 1.6e-09
1.792019137270174775e-05 3.363603157841431823e+00 1.566392703505865014e-01 2.075751760135810336e-04 -1.182298995340524047e-05 -4.370199730164643482e-07 3.66 0.00022332967374 1.6e-09
-2.997878583127694247e-05 8.730487675273425063e-01 2.229193459029138111e-02 1.079372348644490359e-04 -5.471167866507685299e-05 -3.712588995231760742e-06 3.66 0.00022332967374 1.6e-09
4.699887602231808074e-05 1.606983143511813816e+00 3.922543529646425886e-02 1.235096907453660155e-04 4.093188616556087209e-05 2.364148475694228764e-06 3.66 0.00022332967374 1.6e-09
-9.344063629111434767e-05 3.582322885239593635e+00 1.664510032409415030e-01 2.191585156689452934e-04 6.560613233172968744e-06 5.440393239631934830e-07 3.66 0.00022332967374 1.6e-09
4.219109333572489422e-05 3.121120603455635578e+00 1.538615269885303949e-01 1.948585418817337222e-04 -1.645798082341835912e-05 -8.682978879766669701e-07 3.66 0.00022332967374 1.6e-09
4.335612670040679489e-05 5.182195562208187223e-01 -7.821118264450713231e-03 1.266662074020745150e-04 -4.936912424237319949e-05 -3.890283641098721794e-06 3.66 0.00022332967374 1.6e-09
3.622220352208745456e-05 2.149527274414151368e+00 7.948054431905403339e-02 1.466290500151092773e-04 3.152700596631263362e-05 2.026880036883252950e-06 3.66 0.00022332967374 1.6e-09
-9.696156857642652309e-05 3.649685008090328253e+00 1.845216589576132438e-01 2.227676492581739877e-04 2.588698982100292300e-06 2.871607834303897423e-07 3.66 0.00022332967374 1.6e-09
-5.016907455235514787e-07 2.753693140317614585e+00 1.385393235633912146e-01 1.760214762810542017e-04 -2.213384089903478762e-05 -1.340866969550920902e-06 3.66 0.00022332967374 1.6e-09
-3.100449573987989539e-05 3.956415789833451213e-01 -2.082370902409296301e-02 1.487923192553237777e-04 -6.636036588363606496e-06 -1.114069930626981444e-06 3.66 0.00022332967374 1.6e-09
2.063169748318058620e-05 2.647285414013303306e+00 1.156068564353213701e-01 1.706821600431700854e-04 2.371995262761859505e-05 1.530661978682858425e-06 3.66 0.00022332967374 1.6e-09
-5.382476029358689549e-06 3.653009133325302749e+00 1.846975885345207846e-01 2.229512097961190763e-04 -1.640635263609577347e-06 -4.109817796202090775e-08 3.66 0.00022332967374 1.6e-09
2.708937989243652997e-05 2.264157107209176623e+00 1.019405390753431589e-01 1.520014412484250836e-04 -2.965522032079032522e-05 -1.858234100630082697e-06 3.66 0.00022332967374 1.6e-09
-5.794129060612689694e-05 4.720265106916784470e-01 -1.682737230935282477e-02 1.332052602071289382e-04 4.340021700481279865e-05 2.841993185040856859e-06 3.66 0.00022332967374 1.6e-09
-7.713684637465931064e-05 3.054447700769356011e+00 1.522284968892667623e-01 1.913897954531487775e-04 1.764144198992057059e-05 1.144915316369336342e-06 3.66 0.00022332967374 1.6e-09
-2.820347429926621768e-06 3.616131863116894607e+00 1.880251773743389920e-01 2.209540454590157689e-04 -5.559428317624998291e-06 -3.719978257961185320e-07 3.66 0.00022332967374 1.6e-09
2.943294976503468079e-05 1.764275545643452903e+00 6.652744159201268159e-02 1.296842799320674356e-04 -3.813530720956891389e-05 -2.486079633365902910e-06 3.66 0.00022332967374 1.6e-09
-3.706093342245174622e-05 7.477156233982906741e-01 3.576670897954621793e-03 1.103791399399667544e-04 5.604606954216164621e-05 3.783849900510846681e-06 3.66 0.00022332967374 1.6e-09
3.919168300965366128e-05 3.304514971325658301e+00 1.675993331419547983e-01 2.044585002046720346e-04 1.305711974499672521e-05 7.927367769640391616e-07 3.66 0.00022332967374 1.6e-09
-8.546791011280329027e-05 3.469228328835777475e+00 1.730606968404258816e-01 2.131549721072634055e-04 -9.534759420673123037e-06 -6.590345016268127070e-07 3.66 0.00022332967374 1.6e-09
3.569456124051493970e-05 1.164513484578489244e+00 2.373841092855522028e-02 1.101486075952098930e-04 -4.945761052062011348e-05 -3.077063216681837084e-06 3.66 0.00022332967374 1.6e-09
-1.345283280248377986e-05 1.288145095876704671e+00 4.469888866000658323e-02 1.130678988131502436e-04 4.695540856892768656e-05 3.007520036127600271e-06 3.66 0.00022332967374 1.6e-09
-2.316485635215909648e-05 3.503985454132720001e+00 1.717410836946986208e-01 2.149987965678994953e-04 8.676227723872109273e-06 3.811669698522201583e-07 3.66 0.00022332967374 1.6e-09
-8.195314772044834731e-05 3.254326806570686959e+00 1.422287490761784956e-01 2.018235182780794249e-04 -1.401949527731913904e-05 -9.637017870677507814e-07 3.66 0.00022332967374 1.6e-09
-2.106149298813280655e-05 6.641768767308253718e-01 -1.111294282817805110e-02 1.140117524260649928e-04 -5.584868625379432153e-05 -2.616023432723928889e-06 3.66 0.00022332967374 1.6e-09
2.735597201691225325e-05 1.882456059444633789e+00 8.904875023960165392e-02 1.346677252893183400e-04 3.600604877378627304e-05 2.237192994779107832e-06 3.66 0.00022332967374 1.6e-09
-6.291125439698142105e-05 3.628555015662655592e+00 1.812093569287887562e-01 2.216262232623514186e-04 4.665993384561875515e-06 7.144203169804373499e-08 3.66 0.00022332967374 1.6e-09
4.917124395643513867e-05 2.966414644281739399e+00 1.202769829656968048e-01 1.868558389961357349e-04 -1.896940989058932243e-05 -1.307470580636031303e-06 3.66 0.00022332967374 1.6e-09
-4.322952009124821473e-05 4.340404281703188483e-01 -2.161194252166899477e-02 1.401808811323596786e-04 -3.356364126003434818e-05 -6.521481503509933065e-09 3.66 0.00022332967374 1.6e-09
4.838783342992626472e-05 2.391381035058064430e+00 1.115558725179073979e-01 1.581010364756691203e-04 2.761230154753979937e-05 1.462974104502926542e-06 3.66 0.00022332967374 1.6e-09
-1.780129993808712466e-05 3.652927804333087280e+00 1.631632911967680066e-01 2.229534551951952489e-04 5.396234418070361564e-07 -1.961420332900489339e-07 3.66 0.00022332967374 1.6e-09
-3.871684572108563776e-05 2.516556396785869065e+00 8.035878491098780163e-02 1.642067086210069178e-04 -2.570312839995757140e-05 -1.530895905263307708e-06 3.66 0.00022332967374 1.6e-09
1.848689993456345982e-06 4.090023924156312995e-01 -1.397001834484076603e-02 1.455185281312760420e-04 2.207442652050096789e-05 3.780186536678778433e-06 3.66 0.00022332967374 1.6e-09
-2.748583959728768191e-05 2.871697557608571927e+00 1.316763628476055326e-01 1.820013175655100699e-04 2.046484098304662857e-05 8.472902875934680702e-07 3.66 0.00022332967374 1.6e-09
-4.851399608558544133e-05 3.649665439748770446e+00 1.433075110235287886e-01 2.227544001923400163e-04 -3.602319307416240520e-06 -4.800080643137416255e-07 3.66 0.00022332967374 1.6e-09
-9.236853842663257804e-06 2.029367209692174434e+00 3.948185208723963002e-02 1.411260585686573469e-04 -3.362756321447198994e-05 -1.706055672618256325e-06 3.66 0.00022332967374 1.6e-09
-2.463468814130486567e-05 5.772891470993191110e-01 4.470967994136256993e-03 1.202420876540177027e-04 5.356650461151690041e-05 4.373719689266739041e-06 3.66 0.00022332967374 1.6e-09
-3.357333057705629416e-05 3.189733190103219762e+00 1.392783162074294478e-01 1.984302276137666298e-04 1.537539435318795698e-05 4.985835836678554447e-07 3.66 0.00022332967374 1.6e-09
-7.022771494342902035e-05 3.561663046315022285e+00 1.270022036803937771e-01 2.180538345855686307e-04 -7.410276342431880035e-06 -6.566891926510887824e-07 3.66 0.00022332967374 1.6e-09
6.237840306219570536e-06 1.485639675057129239e+00 1.083876634540822254e-02 1.191203297523570775e-04 -4.328868689027416162e-05 -1.840221562102384100e-06 3.66 0.00022332967374 1.6e-09
5.122890155143028964e-05 9.788762395337498035e-01 3.095650830443531440e-02 1.077701701192015964e-04 5.297632080431016836e-05 2.838059275139047824e-06 3.66 0.00022332967374 1.6e-09
-8.394567389029612854e-05 3.407335181402453728e+00 1.189377802172186527e-01 2.098845390205395997e-04 1.093166379035253768e-05 1.316683442930592536e-07 3.66 0.00022332967374 1.6e-09
-2.870136457134652255e-05 3.371346676566715495e+00 8.555215661503876023e-02 2.079843945035424971e-04 -1.170095801390900815e-05 -7.389851769609834949e-07 3.66 0.00022332967374 1.6e-09
-4.501637195300424199e-05 8.845401591101322847e-01 -1.422679249134984301e-02 1.078486638413328171e-04 -5.466349480147455472e-05 -1.156068567136421477e-06 3.66 0.00022332967374 1.6e-09
-2.651652101325867458e-05 1.591248669048882292e+00 6.302071823182311960e-02 1.229148802375405270e-04 4.124590611971477210e-05 1.694189691396943140e-06 3.66 0.00022332967374 1.6e-09
-7.462521790617377511e-05 3.583050258002874244e+00 1.118424491509511232e-01 2.191955195775790858e-04 6.702720119851913587e-06 -1.392652669491384367e-07 3.66 0.00022332967374 1.6e-09
2.933781406905175946e-05 3.135699073858568831e+00 5.840724655791168507e-02 1.956152697877032215e-04 -1.630558464410438325e-05 -8.733224764483515552e-07 3.66 0.00022332967374 1.6e-09
-4.969304556810546174e-05 5.254051854531578414e-01 -2.011308919619079344e-02 1.257690801069989641e-04 -5.011839796239904768e-05 8.497489123997886121e-07 3.66 0.00022332967374 1.6e-09
2.399281746266496924e-05 2.131590797642276769e+00 7.385294427253286109e-02 1.458028260844264476e-04 3.186257430818270338e-05 9.732266553620158228e-07 3.66 0.00022332967374 1.6e-09
-2.268900547333834795e-05 3.651065533709388689e+00 9.646801618563041747e-02 2.228424725919871422e-04 2.728231997496988439e-06 -2.507557193275726136e-07 3.66 0.00022332967374 1.6e-09
-1.768674061622301907e-05 2.767936301755467454e+00 3.756899846520401348e-02 1.767431598221223723e-04 -2.199154156725648070e-05 -8.956630728020347862e-07 3.66 0.00022332967374 1.6e-09
-1.117433848208122235e-05 3.960405306748190357e-01 -1.124731617557673050e-02 1.487061503675317625e-04 -8.003840530213907780e-06 3.225518279661944176e-06 3.66 0.00022332967374 1.6e-09
1.082859963576626456e-05 2.637884979537705732e+00 6.881024229344620546e-02 1.702117341166803691e-04 2.395187574714979054e-05 3.456526741661925099e-07 3.66 0.00022332967374 1.6e-09
-1.623275950066979710e-05 3.659335938279026479e+00 6.093581466148006998e-02 2.232886692021511933e-04 -1.520230132734241938e-06 -3.706377366983167077e-07 3.66 0.00022332967374 1.6e-09
-1.334336520206009846e-05 2.281706503206188508e+00 4.149630181725480656e-03 1.528329022392688273e-04 -2.948323568718794180e-05 -7.210254036336648107e-07 3.66 0.00022332967374 1.6e-09
-6.110003653637366590e-05 4.664493762423352896e-01 1.885692121849182230e-03 1.341446900448916917e-04 4.238919474488767297e-05 3.381208943919178830e-06 3.66 0.00022332967374 1.6e-09
-8.290358131980461937e-05 3.048064667541222406e+00 7.105895337666248701e-02 1.910600683352220333e-04 1.783697849206692998e-05 1.326174792913023790e-07 3.66 0.00022332967374 1.6e-09
-6.172879852626085063e-05 3.623560742484021713e+00 5.185850568012734946e-02 2.213511969065460564e-04 -5.453154030655016558e-06 -4.301242021444098388e-07 3.66 0.00022332967374 1.6e-09
-3.698156933704206044e-05 1.780268519317013354e+00 -6.601360050801013263e-03 1.303446027947140033e-04 -3.795739258966821525e-05 -6.798482823744050314e-07 3.66 0.00022332967374 1.6e-09
-4.234735652802598053e-05 7.363280109177809951e-01 1.249191023185710486e-02 1.107657013213844308e-04 5.616952791941641070e-05 1.728738618344769273e-06 3.66 0.00022332967374 1.6e-09
4.572447581252404977e-06 3.303190004758246090e+00 4.884865333039387081e-02 2.043892298427951303e-04 1.319623863659313221e-05 -2.173893669911152694e-08 3.66 0.00022332967374 1.6e-09
-6.468165597009809106e-05 3.477740945988638366e+00 2.770804624323725679e-02 2.136067394848029013e-04 -9.462744739662644702e-06 -3.512736222239837327e-07 3.66 0.00022332967374 1.6e-09
-5.502909030286856737e-05 1.176447311684580832e+00 -1.176065843575112638e-02 1.103968615068714885e-04 -4.931245404050123960e-05 -2.842037593744271500e-07 3.66 0.00022332967374 1.6e-09
-2.491476239197376976e-06 1.274765719985064605e+00 2.344279966226555170e-02 1.127082515032415514e-04 4.735095613259281719e-05 6.783137036756226778e-07 3.66 0.00022332967374 1.6e-09
2.394695150710782303e-06 3.506828261899761934e+00 2.957099741498899620e-02 2.151476315343666366e-04 8.794509236397220629e-06 -1.751629090447226570e-07 3.66 0.00022332967374 1.6e-09
2.752732306042164460e-06 3.267704193441796079e+00 2.896324277133168444e-03 2.025225104820871673e-04 -1.391420019749747123e-05 -3.109044659702138338e-07 3.66 0.00022332967374 1.6e-09
2.495050186553116812e-05 6.756260699268437087e-01 -1.278914452178283798e-02 1.133773406467075467e-04 -5.605075685867936066e-05 7.825350271905303514e-07 3.66 0.00022332967374 1.6e-09
-1.701044752975661530e-05 1.865395293947620825e+00 2.673582163080583801e-02 1.339394472711332904e-04 3.641015741963870412e-05 3.660975673580298067e-07 3.66 0.00022332967374 1.6e-09
9.710809417981096934e-05 3.629945307580066949e+00 3.002997186535666385e-02 2.217021191751780804e-04 4.771288979307906958e-06 -1.442290513304895056e-07 3.66 0.00022332967374 1.6e-09
8.882272752344891223e-05 2.977120268073613296e+00 6.098454059078849132e-03 1.874085362507224486e-04 -1.887665225611453036e-05 -3.022129192273081256e-07 3.66 0.00022332967374 1.6e-09
2.641085943339695644e-05 4.364891825568473216e-01 -6.322521004595344288e-03 1.397036718406930507e-04 -3.460925287954807843e-05 1.413862677716619260e-06 3.66 0.00022332967374 1.6e-09
4.789098394097172635e-05 2.383774835078547039e+00 1.219970038870999904e-02 1.577314404196694414e-04 2.783860175459803486e-05 3.898186795423994057e-08 3.66 0.00022332967374 1.6e-09
-9.067800483843476236e-05 3.658678239067605809e+00 7.573592657196502598e-03 2.232592918432163261e-04 6.383557804254136138e-07 -9.346377211436161318e-08 3.66 0.00022332967374 1.6e-09
5.237723754425352413e-05 2.532013731838398840e+00 -3.484820567509337719e-03 1.649651579083456776e-04 -2.555617995238374437e-05 -1.066035329312005756e-07 3.66 0.00022332967374 1.6e-09
2.558502660008264053e-05 4.062625746021457096e-01 -1.373810633191326243e-03 1.461875398005132499e-04 2.055916218499158300e-05 9.612646045198515869e-07 3.66 0.00022332967374 1.6e-09
-2.957214781937664007e-05 2.863787273268015632e+00 1.238557830597264778e-02 1.815991671547469741e-04 2.065320940199183027e-05 5.923580783339580104e-09 3.66 0.00022332967374 1.6e-09
-1.111151248343957053e-04 3.653635456330526221e+00 6.914077554503243045e-03 2.229679123961175562e-04 -3.514675850887587883e-06 -9.234946964460740803e-08 3.66 0.00022332967374 1.6e-09
-3.959888222270025794e-05 2.041839006791017042e+00 -3.677336343966714285e-03 1.416902121233419836e-04 -3.346325278603747857e-05 -9.571700400987706328e-08 3.66 0.00022332967374 1.6e-09
2.369952392618804600e-05 5.704367054572616613e-01 -2.333148265365963744e-03 1.208868861162656037e-04 5.339755977620401798e-05 4.669545273047177134e-08 3.66 0.00022332967374 1.6e-09
4.585560527162485403e-05 3.187470163022280367e+00 8.566176087410962148e-03 1.983134273084938292e-04 1.547259890943380290e-05 9.504113758652728058e-08 3.66 0.00022332967374 1.6e-09
1.010328544412668491e-04 3.566099593910458498e+00 1.352051913141009976e-02 2.182905741383434203e-04 -7.373210725757080406e-06 -2.907253391292391818e-10 3.66 0.00022332967374 1.6e-09
-2.297920818882313962e-05 1.494523960455110601e+00 6.056172343463608540e-03 1.194295305364243334e-04 -4.315109727267387775e-05 -2.170500896837120314e-07 3.66 0.00022332967374 1.6e-09
-4.636873757187899364e-05 9.699120242034889872e-01 -5.718875051818266692e-03 1.077166321904081061e-04 5.327804981159052174e-05 -2.073364082812283807e-07 3.66 0.00022332967374 1.6e-09
1.009071580314704387e-04 3.408443734399212222e+00 -4.221831005954192542e-03 2.099409343324028546e-04 1.100732658168008806e-05 7.495533644820213689e-08 3.66 0.00022332967374 1.6e-09
-6.066072919954543062e-05 3.380948552686857234e+00 4.064254446724332656e-03 2.084883920289350308e-04 -1.160006487994037120e-05 7.463181622077572023e-08 3.66 0.00022332967374 1.6e-09
-3.613058382899782972e-05 8.996099516875140090e-01 5.126862000014667346e-03 1.077472780211657379e-04 -5.447377926359984752e-05 -2.300604120759087062e-07 3.66 0.00022332967374 1.6e-09
-5.334022780810256272e-05 1.574181540926837597e+00 -4.289712882707592996e-03 1.222872325864306415e-04 4.162497026997314433e-05 1.623715022700183671e-07 3.66 0.00022332967374 1.6e-09
-9.472784831742372936e-05 3.580052231360191239e+00 1.252017234225738518e-02 2.190380880294211133e-04 6.796816170782007797e-06 1.389592866223269638e-07 3.66 0.00022332967374 1.6e-09
2.734464901550565276e-05 3.140579512443389731e+00 2.029116260427504814e-02 1.958720723190283540e-04 -1.622445772431012058e-05 -8.447548156832797735e-09 3.66 0.00022332967374 1.6e-09
-4.729125593511253149e-06 5.293242745829023210e-01 2.219845598974609299e-03 1.253119959328055926e-04 -5.053734857292058950e-05 -8.967131647652590399e-07 3.66 0.00022332967374 1.6e-09
3.378769732210430905e-05 2.125077253263274457e+00 -6.665359456593562479e-03 1.455007122778636836e-04 3.202245294850248919e-05 2.988698752899931631e-07 3.66 0.00022332967374 1.6e-09
-4.381709743396067729e-05 3.653204789899269223e+00 2.256912764753105441e-02 2.229553201354775305e-04 2.794496769742341920e-06 2.360241597408261503e-07 3.66 0.00022332967374 1.6e-09
2.427313522626147255e-05 2.777694397131797999e+00 3.445560632644753540e-02 1.772349569196900166e-04 -2.187674857860188546e-05 -6.328452383439208303e-08 3.66 0.00022332967374 1.6e-09
-4.427913128908425990e-05 3.964202825262039820e-01 -3.178086890346043525e-03 1.486318288229010790e-04 -9.292565726813270375e-06 -1.873527808504126069e-06 3.66 0.00022332967374 1.6e-09
-3.978376394580420794e-05 2.628412685774397239e+00 -1.335911086406754104e-03 1.697397514510498996e-04 2.411173237235212855e-05 3.410056144933193793e-07 3.66 0.00022332967374 1.6e-09
-7.252169474587474070e-05 3.659685912141510400e+00 2.866047138792011603e-02 2.233082323764838293e-04 -1.438919948052221745e-06 2.168293183629790597e-07 3.66 0.00022332967374 1.6e-09
6.287575606078705344e-05 2.291143743856998150e+00 3.436044922093980936e-02 1.532817091202183946e-04 -2.933499105170293673e-05 -2.145043192313711445e-07 3.66 0.00022332967374 1.6e-09
3.940853269476653849e-06 4.632471626847899371e-01 -1.188811917635662976e-02 1.346846401083271697e-04 4.178653672678056975e-05 -1.463888592270042351e-06 3.66 0.00022332967374 1.6e-09
3.230742955729322630e-05 3.042682787476800321e+00 2.000004730476286074e-02 1.907836908417575856e-04 1.791037206288338099e-05 5.212540258596774301e-07 3.66 0.00022332967374 1.6e-09
8.146371299593912032e-05 3.623585902803415415e+00 5.753522201373650891e-02 2.213535944496556305e-04 -5.418277741917364535e-06 1.844466851772989573e-07 3.66 0.00022332967374 1.6e-09
5.005346839000542796e-05 1.785861899094198790e+00 4.326951024839778559e-02 1.305764507823841628e-04 -3.784056967874554589e-05 -7.528522735751044626e-07 3.66 0.00022332967374 1.6e-09
1.837790171616039217e-05 7.311692792918560446e-01 -1.837387458825288575e-02 1.109382305333805939e-04 5.621156475222286608e-05 -3.017084536613210989e-07 3.66 0.00022332967374 1.6e-09
6.023114061378354262e-05 3.301873230981001939e+00 3.027196173211120153e-02 2.043172016521949716e-04 1.325848508867793838e-05 5.526048443620931456e-07 3.66 0.00022332967374 1.6e-09
9.072746188940480308e-05 3.483430129291869015e+00 6.793062904301659655e-02 2.139051814769095828e-04 -9.385650065080863909e-06 1.381076806956975002e-07 3.66 0.00022332967374 1.6e-09
4.743891421837247559e-05 1.192335998708424327e+00 3.486249094403356952e-02 1.107219059732335396e-04 -4.897863410392620462e-05 -1.503134644447180402e-06 3.66 0.00022332967374 1.6e-09
-2.713824403527853346e-05 1.258317077064686318e+00 -1.194018224671655574e-02 1.122914202393123965e-04 4.766937720070813476e-05 7.160772890738608527e-07 3.66 0.00022332967374 1.6e-09
4.099633554799701990e-05 3.500111165594565588e+00 5.462058908341600738e-02 2.147938260502877035e-04 8.876790356242913413e-06 5.149512914544953934e-07 3.66 0.00022332967374 1.6e-09
3.004008180373283164e-05 3.268323503982704104e+00 8.045583096352557084e-02 2.025577996044254972e-04 -1.384138902441118213e-05 -6.877732684000413458e-08 3.66 0.00022332967374 1.6e-09
4.331742039820221066e-06 6.809808028670750746e-01 1.421254305104501653e-02 1.131200937979475460e-04 -5.599704252678097167e-05 -2.776330004258336149e-06 3.66 0.00022332967374 1.6e-09
-4.906380857195361521e-05 1.858935517659145997e+00 7.736932021500069270e-03 1.336620978317300170e-04 3.651686731799894245e-05 1.144788540666206415e-06 3.66 0.00022332967374 1.6e-09
3.678817587279217414e-05 3.628059854986549482e+00 8.908574308705478895e-02 2.216006962162529628e-04 4.814195201148239512e-06 4.951090511020302434e-07 3.66 0.00022332967374 1.6e-09
-6.637343000192983842e-07 2.980570580160781802e+00 9.984313235771902217e-02 1.875859630887497420e-04 -1.878721645810066529e-05 -3.878956325224342086e-07 3.66 0.00022332967374 1.6e-09
-5.958739119260098764e-05 4.390359062484564534e-01 -3.613835576761072199e-03 1.392145025944662611e-04 -3.521388905070056143e-05 -3.808689116610410869e-06 3.66 0.00022332967374 1.6e-09
-2.744547486600190683e-05 2.375096905573423456e+00 2.921013562497174615e-02 1.573107731375032064e-04 2.795801165784917431e-05 1.135867565347809490e-06 3.66 0.00022332967374 1.6e-09
-5.092664767068937125e-05 3.656956796183126190e+00 1.053971510308981258e-01 2.231666579290577355e-04 7.002052525389127251e-07 3.827554741809773911e-07 3.66 0.00022332967374 1.6e-09
5.192412993582024770e-05 2.539410749100749598e+00 9.554781274215509712e-02 1.653290912980802363e-04 -2.539802905213528017e-05 -7.661216510270083213e-07 3.66 0.00022332967374 1.6e-09
7.788665687210711522e-06 4.053952616474516546e-01 -1.711417086862618980e-02 1.463708027466039405e-04 1.948916694980296687e-05 -2.143008268350222277e-06 3.66 0.00022332967374 1.6e-09
-6.032685786238470359e-05 2.854528787327610395e+00 6.690674719957806493e-02 1.811284525374469868e-04 2.073795026370033024e-05 1.105381589401877385e-06 3.66 0.00022332967374 1.6e-09
2.086635468224650391e-05 3.649951627925853259e+00 1.315736514073414520e-01 2.227724620144128803e-04 -3.470214837340167339e-06 1.716315733961768945e-07 3.66 0.00022332967374 1.6e-09
7.149429061867302411e-07 2.046255662258987584e+00 8.549936922819181828e-02 1.418914138359426199e-04 -3.330614840400108605e-05 -1.440689899350809412e-06 3.66 0.00022332967374 1.6e-09
-5.467629727611528049e-06 5.669521795586547341e-01 -2.056947123556622514e-02 1.212001203686614408e-04 5.317621776552813097e-05 6.937991880470826950e-07 3.66 0.00022332967374 1.6e-09
5.177294156203524002e-05 3.182477776914510059e+00 9.948815837946448082e-02 1.980502558890576267e-04 1.552239457776670537e-05 1.020501168826022098e-06 3.66 0.00022332967374 1.6e-09
-4.635345300521006651e-05 3.567053825129577582e+00 1.499937907798245817e-01 2.183394768232127070e-04 -7.281567497875845646e-06 -4.832855407019672288e-08 3.66 0.00022332967374 1.6e-09
-3.557923315873307653e-05 1.509277043670942398e+00 6.515483235016113206e-02 1.199384950522814518e-04 -4.277019261042676584e-05 -2.358195860738001540e-06 3.66 0.00022332967374 1.6e-09
-3.680112193868505618e-05 9.561785395761388529e-01 -6.913957715911666843e-03 1.076837350711516852e-04 5.346839580888422744e-05 2.039556680534457786e-06 3.66 0.00022332967374 1.6e-09
4.993614358381443885e-05 3.398945439712172778e+00 1.235661384832118376e-01 2.094407314154724323e-04 1.108892757387654337e-05 8.212042047210241685e-07 3.66 0.00022332967374 1.6e-09
-7.287964918687055214e-05 3.379270171120626554e+00 1.501686848455867640e-01 2.084017388436457553e-04 -1.150597805029205043e-05 -3.443832097472827586e-07 3.66 0.00022332967374 1.6e-09
4.046032352426964589e-05 9.090373982449082568e-01 2.661179565657884050e-02 1.077099859315948512e-04 -5.417218776134529921e-05 -3.559567671402412561e-06 3.66 0.00022332967374 1.6e-09
5.200509702617985003e-05 1.564603606253115453e+00 3.060450688662681371e-02 1.219386703965669514e-04 4.172431246039368178e-05 2.247464087623318773e-06 3.66 0.00022332967374 1.6e-09
7.581406718541435288e-05 3.573746224813951766e+00 1.560693163471425782e-01 2.187025150478701379e-04 6.830508057069720105e-06 5.833712327411269729e-07 3.66 0.00022332967374 1.6e-09
5.966477601404915213e-05 3.140957530291780486e+00 1.508299827363655532e-01 1.958915544842495431e-04 -1.612341879959536313e-05 -7.647779883823543289e-07 3.66 0.00022332967374 1.6e-09
-1.989823520101811086e-05 5.343848960005836979e-01 -4.456362205661685769e-03 1.247195953101580719e-04 -5.079051870002278669e-05 -4.086521013772965484e-06 3.66 0.00022332967374 1.6e-09
6.218010074970215092e-05 2.114512172844036808e+00 7.038322285690989943e-02 1.450127395727970198e-04 3.211545222029338440e-05 2.001180818637257700e-06 3.66 0.00022332967374 1.6e-09
-6.312864303125535477e-05 3.648592603591119587e+00 1.779796103151929931e-01 2.227071343885269933e-04 2.871964139214510911e-06 3.467630241413346741e-07 3.66 0.00022332967374 1.6e-09
3.322195304650889811e-06 2.785340889902767181e+00 1.402031480751614878e-01 1.776201677661449401e-04 -2.167117000914132668e-05 -1.238214194026055675e-06 3.66 0.00022332967374 1.6e-09
2.899517625679824223e-05 3.978189058825049029e-01 -1.971439651608575955e-02 1.482562981310601882e-04 -1.079544165801780986e-05 -1.828682682207386728e-06 3.66 0.00022332967374 1.6e-09
-7.936470808874851858e-05 2.613244612207480166e+00 1.069952880014234803e-01 1.689858348923117749e-04 2.423707467148940518e-05 1.560754663606917659e-06 3.66 0.00022332967374 1.6e-09
6.103033201111422929e-05 3.653168857730592300e+00 1.816876381532440687e-01 2.229616486828887986e-04 -1.355388329929073265e-06 3.135952669087782961e-08 3.66 0.00022332967374 1.6e-09
-3.583656106490871248e-05 2.298001390327324422e+00 1.068578086040310043e-01 1.536119239684376799e-04 -2.910236657104385788e-05 -1.775538229484161555e-06 3.66 0.00022332967374 1.6e-09
5.482316910659345422e-05 4.606007566455032620e-01 -1.871784284482169020e-02 1.351312418088922228e-04 4.112312178979770803e-05 2.252558341386931227e-06 3.66 0.00022332967374 1.6e-09
-2.911951673638514353e-06 3.032500775588792941e+00 1.459402008894093439e-01 1.902554439293064692e-04 1.798601260514360694e-05 1.199578254397850335e-06 3.66 0.00022332967374 1.6e-09
2.743206611450188482e-05 3.621753702187801238e+00 1.884927895792548047e-01 2.212547919920592756e-04 -5.305447354023797068e-06 -2.999320593603979252e-07 3.66 0.00022332967374 1.6e-09
-3.559867189086027089e-05 1.800849690449261464e+00 7.320015397072243690e-02 1.311979047082541922e-04 -3.748096289819946846e-05 -2.444769739893076282e-06 3.66 0.00022332967374 1.6e-09
-4.640053273417979820e-05 7.207770374329187657e-01 -9.342773472856464884e-04 1.113296502750754766e-04 5.613558928837579054e-05 3.625783367735195790e-06 3.66 0.00022332967374 1.6e-09
1.403827734247601483e-05 3.290077985013712514e+00 1.656511754516501456e-01 2.036977778187909005e-04 1.336093252622791273e-05 8.665751400642568929e-07 3.66 0.00022332967374 1.6e-09
-4.515712239577760340e-05 3.482639957173489620e+00 1.781812204882924910e-01 2.138642423775092010e-04 -9.242465042987348247e-06 -5.988702517342131076e-07 3.66 0.00022332967374 1.6e-09
-2.483907312404534277e-05 1.207847176054890337e+00 3.073074990237095044e-02 1.110704563394005856e-04 -4.858598099549038985e-05 -3.146327355208946165e-06 3.66 0.00022332967374 1.6e-09
6.039120683513971206e-07 1.244279178253550278e+00 3.834796075964794215e-02 1.119451247020120896e-04 4.782134320356383678e-05 3.068429842498891147e-06 3.66 0.00022332967374 1.6e-09
8.283569864528331098e-05 3.491115429785429214e+00 1.729742270945731075e-01 2.143174089107632158e-04 8.961488355297330468e-06 4.645426606986862606e-07 3.66 0.00022332967374 1.6e-09
-3.886758425770760233e-05 3.269679608491641964e+00 1.502955952338516366e-01 2.026301975546916840e-04 -1.370795812581917183e-05 -9.193919016267123618e-07 3.66 0.00022332967374 1.6e-09
-1.861761455930173795e-05 6.889794421811854530e-01 -7.268980962477163479e-03 1.127307062284880297e-04 -5.604165240066261448e-05 -2.998197413783644158e-06 3.66 0.00022332967374 1.6e-09
1.644258389195923689e-05 1.845796247277801116e+00 8.502790098437656985e-02 1.331020263463959991e-04 3.663772405557552800e-05 2.349813675741302575e-06 3.66 0.00022332967374 1.6e-09
2.871479102193688648e-05 3.623395435448010460e+00 1.859871828271859318e-01 2.213499531708109410e-04 4.922797169029702808e-06 1.427154681182001338e-07 3.66 0.00022332967374 1.6e-09
2.034205394650897875e-05 2.990113852866898014e+00 1.297991189342617979e-01 1.880754200175014691e-04 -1.859219636231584650e-05 -1.292586175454821598e-06 3.66 0.00022332967374 1.6e-09
3.857353804182150285e-05 4.429428356727247440e-01 -2.124764733186382953e-02 1.384294061160373096e-04 -3.641530808118889271e-05 -6.879349166834656295e-07 3.66 0.00022332967374 1.6e-09
2.627989226175841926e-05 2.357437369644101111e+00 1.117805193095985916e-01 1.564627857384928320e-04 2.814132959538059745e-05 1.606218610200651444e-06 3.66 0.00022332967374 1.6e-09
-6.955007151765956169e-05 3.652383388591817770e+00 1.731272102415235548e-01 2.229234571392991863e-04 8.311585786207462584e-07 -1.369970303907830132e-07 3.66 0.00022332967374 1.6e-09
-4.812302237087759084e-05 2.550163658112046594e+00 9.181415185147474844e-02 1.658626708513940130e-04 -2.518091417325849521e-05 -1.573834551839122662e-06 3.66 0.00022332967374 1.6e-09
4.131545821238178132e-05 4.042341978388165336e-01 -1.621777040002161246e-02 1.466467109174581537e-04 1.841222088891453305e-05 3.330803678379790458e-06 3.66 0.00022332967374 1.6e-09
5.883428542407972929e-05 2.842877284506824420e+00 1.347107137673805854e-01 1.805349460541152994e-04 2.087263206747206441e-05 9.684019801941690668e-07 3.66 0.00022332967374 1.6e-09
9.412511703390448350e-05 3.650887318736015796e+00 1.543170110883527735e-01 2.228219987937624319e-04 -3.346565107773203459e-06 -4.407872246919195163e-07 3.66 0.00022332967374 1.6e-09
-3.013613262555101129e-05 2.062077542871786129e+00 4.905780593043657101e-02 1.426065741776131256e-04 -3.306113500896467488e-05 -1.800975079549840546e-06 3.66 0.00022332967374 1.6e-09
4.836789952944694132e-06 5.599839045573871132e-01 1.498637946579767189e-03 1.218959542896727257e-04 5.267049651840224179e-05 4.480838349259304347e-06 3.66 0.00022332967374 1.6e-09
7.513203585003284729e-05 3.172673193908776668e+00 1.471872221132791425e-01 1.975385555447035609e-04 1.567076186273951217e-05 5.974688665257776281e-07 3.66 0.00022332967374 1.6e-09
2.417095692889638018e-05 3.571113698222855959e+00 1.400924891485247903e-01 2.185554984192427243e-04 -7.147236765659383179e-06 -6.519304438712990191e-07 3.66 0.00022332967374 1.6e-09
-2.118333708718738028e-05 1.527071346874693258e+00 1.773268200395219929e-02 1.205658855100714055e-04 -4.250084799362683198e-05 -2.017848774861579977e-06 3.66 0.00022332967374 1.6e-09
-3.806296216221828908e-05 9.420116083785371464e-01 2.863537773801794542e-02 1.076702385742843557e-04 5.362273913209275264e-05 3.132362183299543464e-06 3.66 0.00022332967374 1.6e-09
-7.693550510533550882e-05 3.392749992219923794e+00 1.308612338374347539e-01 2.091141480378559442e-04 1.123036316707897225e-05 2.190893677135611666e-07 3.66 0.00022332967374 1.6e-09
-7.755794216085218665e-05 3.385066773247043415e+00 1.005831714095485330e-01 2.087088216612371721e-04 -1.139195847361829336e-05 -7.668720921295094343e-07 3.66 0.00022332967374 1.6e-09
-4.846974527978846475e-05 9.194766350167684621e-01 -1.121807464668384512e-02 1.076871308020002134e-04 -5.410473367618197772e-05 -1.523213535894361500e-06 3.66 0.00022332967374 1.6e-09
-2.352436911295031189e-05 1.550805406292051991e+00 6.410282409668399684e-02 1.214305223867422697e-04 4.197996559898114994e-05 1.922299513106027384e-06 3.66 0.00022332967374 1.6e-09
-4.780733616140598783e-06 3.573878122094358289e+00 1.238396402490470616e-01 2.187074705056064861e-04 6.966173281814161569e-06 -9.059317962694704990e-08 3.66 0.00022332967374 1.6e-09
2.969582889970963260e-05 3.154110105717908397e+00 7.033721843530535422e-02 1.965748448000864722e-04 -1.597737893982390943e-05 -9.266834378873738550e-07 3.66 0.00022332967374 1.6e-09
4.913133015548894070e-05 5.414207286996768342e-01 -2.082840997452098386e-02 1.238980100843071943e-04 -5.145251152829963899e-05 4.213557389649632869e-07 3.66 0.00022332967374 1.6e-09
-1.701822635343407914e-05 2.097068046848927558e+00 8.032966137724192879e-02 1.442141801657868426e-04 3.242907361226989569e-05 1.163760162703061373e-06 3.66 0.00022332967374 1.6e-09
-3.314214518041582781e-05 3.649268485921068894e+00 1.114524259489734492e-01 2.227440272591794316e-04 3.011253940907927489e-06 -2.348053474616824335e-07 3.66 0.00022332967374 1.6e-09
6.219516614585381251e-05 2.798940793214963030e+00 4.839916755896210565e-02 1.783104110148052987e-04 -2.153295919630709532e-05 -9.988197986016359632e-07 3.66 0.00022332967374 1.6e-09
-6.818863027025659040e-05 3.985604463357786953e-01 -1.349165975709749367e-02 1.480839347104074069e-04 -1.202812160187103277e-05 3.094196886907460158e-06 3.66 0.00022332967374 1.6e-09
-5.908032913404891699e-05 2.603348346833805227e+00 7.759836093799847567e-02 1.684932214782209367e-04 2.445801570285627394e-05 4.761551449848043490e-07 3.66 0.00022332967374 1.6e-09
-8.534050108852266449e-05 3.658484408857052728e+00 7.512861068750731341e-02 2.232454121425960468e-04 -1.229055275248303137e-06 -3.767657463500168626e-07 3.66 0.00022332967374 1.6e-09
2.897657116211523534e-05 2.314115055395194798e+00 1.188600848054504472e-02 1.543789410804915477e-04 -2.895391213049196483e-05 -8.576233411555094479e-07 3.66 0.00022332967374 1.6e-09
-3.165541691933693896e-06 4.560019260460552726e-01 4.553445061663596903e-04 1.359509640100136317e-04 4.013356252857899211e-05 3.760783964097943601e-06 3.66 0.00022332967374 1.6e-09
-3.220987310061505684e-06 3.026235112497372093e+00 8.181416392983704988e-02 1.899318133149666523e-04 1.817420403735388584e-05 1.980016422246072239e-07 3.66 0.00022332967374 1.6e-09
-3.325613416780645067e-05 3.629156379098021468e+00 6.334353586419023963e-02 2.216501939551613872e-04 -5.197142235887615749e-06 -4.703236357471827408e-07 3.66 0.00022332967374 1.6e-09
-4.287473751705119733e-05 1.817048566027436696e+00 -3.741990285744200163e-03 1.318749352424457484e-04 -3.731148144991884108e-05 -8.256184939817014880e-07 3.66 0.00022332967374 1.6e-09
-2.382883436736014514e-05 7.099310214756167081e-01 1.317749203721570173e-02 1.117773216688650170e-04 5.617285183019885670e-05 2.170966461950790080e-06 3.66 0.00022332967374 1.6e-09
-9.811225682054781818e-05 3.287928560281099699e+00 6.223882805838226728e-02 2.035854964566904783e-04 1.350690967454119683e-05 1.820595937492801137e-08 3.66 0.00022332967374 1.6e-09
-5.489762762096154927e-05 3.490331176169076066e+00 3.930376457463528872e-02 2.142733194838368602e-04 -9.171969156962726580e-06 -4.190395473747605392e-07 3.66 0.00022332967374 1.6e-09
4.803558090117359574e-05 1.218339454114548026e+00 -1.170959181679865138e-02 1.113106549774028295e-04 -4.849270670755960141e-05 -4.755717127758855473e-07 3.66 0.00022332967374 1.6e-09
-4.730671485631069957e-05 1.232532399494410846e+00 2.684079502189135741e-02 1.116511074894781122e-04 4.817940833163642130e-05 9.106921389994124645e-07 3.66 0.00022332967374 1.6e-09
-2.264768861631031753e-05 3.494391954958085300e+00 3.956315678235730604e-02 2.144886041221126158e-04 9.081996653489519893e-06 -1.745841113427151180e-07 3.66 0.00022332967374 1.6e-09
2.320421206067199086e-05 3.282864680971556925e+00 9.199249068297381260e-03 2.033195554430476584e-04 -1.361056873698250555e-05 -3.796949642394647256e-07 3.66 0.00022332967374 1.6e-09
3.963135776580764818e-05 7.002152846144671372e-01 -1.482807607848612118e-02 1.121920087797883105e-04 -5.618951415090905644e-05 6.858389874734344913e-07 3.66 0.00022332967374 1.6e-09
-4.293317041211529034e-07 1.829088767425116391e+00 3.347189102145068512e-02 1.323983780413336858e-04 3.703735955221751244e-05 4.861593917910011567e-07 3.66 0.00022332967374 1.6e-09
-5.059080145373703668e-05 3.625181549331563780e+00 3.857261977127238173e-02 2.214462867529822334e-04 5.045210338699845316e-06 -1.778581123673237913e-07 3.66 0.00022332967374 1.6e-09
7.126586094047924363e-05 3.001347527633453360e+00 8.516210664669815467e-03 1.886558261798815630e-04 -1.850101617669442874e-05 -3.826820082369442464e-07 3.66 0.00022332967374 1.6e-09
-1.490159624342001209e-05 4.458026635895548373e-01 -8.302215300613485435e-03 1.379027744593054106e-04 -3.736573938924836024e-05 1.649600702619743997e-06 3.66 0.00022332967374 1.6e-09
-4.716782280484107685e-05 2.349336639084119049e+00 2.001308638718443667e-02 1.560713900160957848e-04 2.838276865437012076e-05 9.744677477336266672e-08 3.66 0.00022332967374 1.6e-09
6.013947575357011285e-05 3.657882864047839355e+00 1.494898934157263409e-02 2.232165051025379056e-04 9.145072050628459010e-07 -1.366336756139956183e-07 3.66 0.00022332967374 1.6e-09
-6.190619160742987350e-06 2.564343691101300671e+00 -2.756247919706610212e-03 1.665624665129948557e-04 -2.505630287108796952e-05 -1.893901361476071320e-07 3.66 0.00022332967374 1.6e-09
4.692080795300798256e-05 4.020644807547054667e-01 -1.516645418393941080e-03 1.471962304624126812e-04 1.698253032689181784e-05 1.478774949274547736e-06 3.66 0.00022332967374 1.6e-09
-6.583553109155432920e-05 2.836155225822679427e+00 1.766712458134996055e-02 1.801925365802363780e-04 2.106552754162580997e-05 -1.221200050973519344e-08 3.66 0.00022332967374 1.6e-09
-9.220825475207288001e-05 3.655882709271559783e+00 7.942524167872461877e-03 2.230897304678959602e-04 -3.252953260884912567e-06 -1.456829595692735112e-07 3.66 0.00022332967374 1.6e-09
-6.480159566822622948e-05 2.075261737867939438e+00 -7.413634789393373260e-03 1.432066662167098348e-04 -3.290173876993009378e-05 -1.184582252328672871e-07 3.66 0.00022332967374 1.6e-09
5.960111191251320640e-05 5.531618891784296776e-01 -3.204903876958670986e-04 1.226068306275342949e-04 5.241780741025240927e-05 4.203951800233692333e-07 3.66 0.00022332967374 1.6e-09
5.142841707878518761e-06 3.170138834564069086e+00 1.360127708934176158e-02 1.974076480494045603e-04 1.578439141424906538e-05 5.846990699296224173e-08 3.66 0.00022332967374 1.6e-09
-1.819988045501688386e-06 3.575340411317862177e+00 1.317964597051389172e-02 2.187821430373506205e-04 -7.103387948681628956e-06 -5.898396996217557599e-08 3.66 0.00022332967374 1.6e-09
2.526881742421242729e-05 1.534579151813098452e+00 1.787548749350277924e-03 1.208357611591977682e-04 -4.240463943762846661e-05 -1.906495111049552994e-07 3.66 0.00022332967374 1.6e-09
-4.815051371853868757e-05 9.345226399640638171e-01 -2.625965724345044952e-03 1.076573023692136002e-04 5.389822169016959694e-05 -1.256486337483696574e-07 3.66 0.00022332967374 1.6e-09
9.258657875565433359e-05 3.394943496624698742e+00 -3.430988052496096279e-03 2.092275698087437351e-04 1.129915758485984902e-05 2.589241746098167238e-08 3.66 0.00022332967374 1.6e-09
-5.163482360154495582e-06 3.394783475276889284e+00 1.582198840989341418e-04 2.092186944397013827e-04 -1.131040913081322112e-05 3.893313743382650170e-08 3.66 0.00022332967374 1.6e-09
-3.937869372300268234e-05 9.340210015436466451e-01 2.097515896948872697e-03 1.076554694421849524e-04 -5.391121271181092630e-05 -5.936827774773615323e-08 3.66 0.00022332967374 1.6e-09
8.648600543181565368e-06 1.534449247347877909e+00 -1.540213984463960351e-03 1.208474225964334230e-04 4.236084684119195904e-05 1.158803666382158539e-07 3.66 0.00022332967374 1.6e-09
7.619868893866411084e-05 3.571684079086536734e+00 8.545645686416969422e-03 2.185927620810380694e-04 7.053376732243267833e-06 7.533275830371922674e-08 3.66 0.00022332967374 1.6e-09
-5.246366047996510169e-05 3.159623694168218311e+00 1.210145165579627931e-02 1.968649406752424435e-04 -1.589374051420924951e-05 -1.680966344812553832e-08 3.66 0.00022332967374 1.6e-09
5.238793139016347233e-05 5.457474101949885137e-01 9.904980675167736684e-04 1.234358148844038781e-04 -5.183351381438555975e-05 -4.539700038859306513e-07 3.66 0.00022332967374 1.6e-09
6.737914187336175231e-05 2.090414440220829562e+00 -5.312015946210411899e-03 1.439106669236511478e-04 3.259374069918806471e-05 2.303267754445152404e-07 3.66 0.00022332967374 1.6e-09
-2.929797616250135736e-05 3.651148422524566062e+00 1.733639510580380419e-02 2.228438776217664050e-04 3.068641047306485393e-06 1.835506877351053814e-07 3.66 0.00022332967374 1.6e-09
-5.066873851867783566e-05 2.806973298548261830e+00 2.672787397151270977e-02 1.787183082298994682e-04 -2.143608084028258417e-05 -4.461601585659526972e-08 3.66 0.00022332967374 1.6e-09
9.102123796271257205e-08 3.989787715518440803e-01 -2.223302543479155260e-03 1.480028896802145877e-04 -1.312266787404948863e-05 -1.420862053224107674e-06 3.66 0.00022332967374 1.6e-09
8.068237678312996234e-05 2.596195261140711530e+00 -4.897021166576772874e-03 1.681388341597201883e-04 2.458779820728580781e-05 2.400214236584545362e-07 3.66 0.00022332967374 1.6e-09
-1.864941047871111784e-05 3.660104049785264824e+00 1.835862716862179944e-02 2.233318535346317602e-04 -1.162798011418384507e-06 1.856965571196061140e-07 3.66 0.00022332967374 1.6e-09
-4.810152792287867007e-05 2.324182492064449157e+00 2.599789294541333257e-02 1.548608842019429371e-04 -2.880143253628599426e-05 -1.171588924650118790e-07 3.66 0.00022332967374 1.6e-09
-6.527106142442273709e-05 4.528067868638572246e-01 -9.709295306017313651e-03 1.365158391887310685e-04 3.950016416145078833e-05 -1.394168477614477117e-06 3.66 0.00022332967374 1.6e-09
6.667562206108911655e-05 3.020750254533076884e+00 1.381928382784263290e-02 1.896509405881586586e-04 1.825477171493545620e-05 4.296979710271836577e-07 3.66 0.00022332967374 1.6e-09
-1.609049090775183035e-05 3.628990698620996547e+00 4.580211180436036950e-02 2.216431282016904122e-04 -5.159663755423006391e-06 1.702186606732944009e-07 3.66 0.00022332967374 1.6e-09
-1.111616949925158570e-05 1.821374474290927914e+00 3.657503873018186358e-02 1.320593171852223321e-04 -3.722025387732510006e-05 -5.812889674384946076e-07 3.66 0.00022332967374 1.6e-09
-4.555320052103661302e-05 7.059579750966518130e-01 -1.694717883616322918e-02 1.119263103067783183e-04 5.622979571341340621e-05 -4.962113185120514122e-07 3.66 0.00022332967374 1.6e-09
-5.788025828425881632e-05 3.287722084056964533e+00 2.113368660562579132e-02 2.035716421231277475e-04 1.355983206709123109e-05 4.837903610192647111e-07 3.66 0.00022332967374 1.6e-09
8.478490610166434182e-06 3.496102774718820694e+00 5.615506784049738298e-02 2.145764490007882235e-04 -9.101132162799157352e-06 1.582167595279234943e-07 3.66 0.00022332967374 1.6e-09
5.589517852544269891e-06 1.233160511337495269e+00 3.237667967274149988e-02 1.116540870395375091e-04 -4.818157584486517097e-05 -1.223584645768141268e-06 3.66 0.00022332967374 1.6e-09
5.384081300219552648e-05 1.217288662163781954e+00 -1.374267962070726233e-02 1.113019096459572565e-04 4.847662601784091991e-05 4.855649006448290322e-07 3.66 0.00022332967374 1.6e-09
-9.814790629508480385e-05 3.488587078835100552e+00 4.126149656082485351e-02 2.141825801481501588e-04 9.170704574782305229e-06 4.621640405189234007e-07 3.66 0.00022332967374 1.6e-09
2.597343950078615069e-05 3.284383601952727716e+00 6.729853961743624546e-02 2.034016481614338940e-04 -1.353584906094738237e-05 -6.475401319945710772e-09 3.66 0.00022332967374 1.6e-09
3.613750135686696815e-05 7.061025548402459773e-01 1.480599778464845515e-02 1.119462246568656222e-04 -5.614064360401394319e-05 -2.370804660832780550e-06 3.66 0.00022332967374 1.6e-09
-5.288483387115690894e-05 1.822161213634567067e+00 2.307055855150571579e-03 1.321060152482092423e-04 3.716019955320547236e-05 9.778765484185448570e-07 3.66 0.00022332967374 1.6e-09
-4.643933071208031379e-05 3.623169932756394651e+00 7.520487750772195112e-02 2.213389042591686702e-04 5.082715677364527050e-06 4.701604772598921075e-07 3.66 0.00022332967374 1.6e-09
4.971763276738149325e-05 3.003935764975977474e+00 8.902611241517816021e-02 1.887894651499467426e-04 -1.843202874509941569e-05 -2.924802776837304294e-07 3.66 0.00022332967374 1.6e-09
-6.049147263304711393e-05 4.480629543045004382e-01 -1.511474055949067925e-03 1.374947974510901832e-04 -3.783336232339112675e-05 -3.594526634741476449e-06 3.66 0.00022332967374 1.6e-09
9.332520217868902463e-06 2.342440408903320392e+00 1.992102248580776558e-02 1.557388400778093917e-04 2.848099004372252940e-05 1.013765307121784677e-06 3.66 0.00022332967374 1.6e-09
7.672529878020799385e-05 3.657395266629904107e+00 9.126655952493423207e-02 2.231890323170047517e-04 9.742523642626724654e-07 3.934990294007544166e-07 3.66 0.00022332967374 1.6e-09
-1.997345817437741879e-05 2.572589415179462158e+00 8.840811719412378089e-02 1.669689677174745178e-04 -2.490210779284252957e-05 -6.213368533654200156e-07 3.66 0.00022332967374 1.6e-09
-1.339354862843136632e-05 4.013361675506114667e-01 -1.520309024268451381e-02 1.473527509708146758e-04 1.584948795366521591e-05 -2.480116584815733173e-06 3.66 0.00022332967374 1.6e-09
3.833722303843549461e-05 2.826518803805767810e+00 5.468172190645251285e-02 1.797054256769674719e-04 2.115218924593843580e-05 1.024129118334455224e-06 3.66 0.00022332967374 1.6e-09
5.115723674765731109e-05 3.652154287064123039e+00 1.174914631788220587e-01 2.228924078827461126e-04 -3.211018497126605502e-06 2.087354374777825060e-07 3.66 0.00022332967374 1.6e-09
5.962041126580336310e-05 2.078738962634339771e+00 8.134129217407655432e-02 1.433663892032983563e-04 -3.277525274111812450e-05 -1.249042093337844744e-06 3.66 0.00022332967374 1.6e-09
-2.611077608058011974e-05 5.503750823692339367e-01 -2.082126420444197976e-02 1.228716815373389172e-04 5.220859737198298096e-05 2.136796361066855944e-07 3.66 0.00022332967374 1.6e-09
3.935853601206953966e-05 3.166126540213003882e+00 8.672092232704915749e-02 1.971960309798505349e-04 1.582545985419184681e-05 9.833308583219211121e-07 3.66 0.00022332967374 1.6e-09
4.655999488890421006e-05 3.576399639578924372e+00 1.388261034943106265e-01 2.188362892953074667e-04 -7.035727715227580058e-06 1.555433553544443870e-08 3.66 0.00022332967374 1.6e-09
5.264461566942733818e-05 1.547766039682150208e+00 6.568753375273722606e-02 1.213041282038918956e-04 -4.207135104771442746e-05 -2.137756753709327651e-06 3.66 0.00022332967374 1.6e-09
-3.582864098160785520e-06 9.220892725841276505e-01 -1.102296861052333779e-02 1.076795181789820874e-04 5.405975814637738869e-05 1.720587212463607259e-06 3.66 0.00022332967374 1.6e-09
-3.063561517352141072e-06 3.386491808400765358e+00 1.106261976763264765e-01 2.087823077423014170e-04 1.138109230490194377e-05 8.190573077533997567e-07 3.66 0.00022332967374 1.6e-09
3.680965333179586234e-05 3.393807757370588263e+00 1.418143325018847156e-01 2.091684069200917253e-04 -1.122429016793700548e-05 -2.549343425398354268e-07 3.66 0.00022332967374 1.6e-09
3.181940558554941358e-05 9.438118039492078282e-01 3.019586259535930045e-02 1.076583115332775599e-04 -5.360076830018219759e-05 -3.355439202533659343e-06 3.66 0.00022332967374 1.6e-09
4.223142141383783574e-05 1.524601172743233590e+00 2.245275292344757478e-02 1.204991709398131936e-04 4.248153903870217858e-05 2.098087663626726568e-06 3.66 0.00022332967374 1.6e-09
-4.521049493890241902e-05 3.565313526662509336e+00 1.442605310597880885e-01 2.182539278148830678e-04 7.101791967092117906e-06 6.105960494409881059e-07 3.66 0.00022332967374 1.6e-09
-7.682872894749118533e-05 3.158992778733740625e+00 1.457940148652652756e-01 1.968328252973460088e-04 -1.580629043854804981e-05 -6.596858025820168438e-07 3.66 0.00022332967374 1.6e-09
-2.460562897124589420e-06 5.503583575253259141e-01 -1.141349620877552765e-03 1.229505324372385383e-04 -5.195584734100400936e-05 -4.174502260631577998e-06 3.66 0.00022332967374 1.6e-09
-3.985509646059807141e-05 2.081740925780192430e+00 6.097152872897161624e-02 1.435100485896886554e-04 3.267894961774313133e-05 1.946014255755241068e-06 3.66 0.00022332967374 1.6e-09
-9.935643002896723088e-05 3.647270614975488989e+00 1.694326753633207672e-01 2.226345746592619721e-04 3.136972556566952787e-06 3.980683123442753585e-07 3.66 0.00022332967374 1.6e-09
-7.168561797845614334e-05 2.813896539893490978e+00 1.398238884913358127e-01 1.790674216991777865e-04 -2.124993195073254088e-05 -1.126977454818177631e-06 3.66 0.00022332967374 1.6e-09
9.210430992963569144e-06 4.007219874698126905e-01 -1.818676745401919675e-02 1.475508501679055932e-04 -1.452586350919795054e-05 -2.449585376314833373e-06 3.66 0.00022332967374 1.6e-09
2.625274345509191493e-05 2.581641147943694037e+00 9.744738829634427835e-02 1.674183122342951836e-04 2.471012361334648641e-05 1.565970358874667570e-06 3.66 0.00022332967374 1.6e-09
-3.099382096545977728e-05 3.653426791020097042e+00 1.763894241026518761e-01 2.229769329583571090e-04 -1.080498787200565981e-06 9.974112413119435841e-08 3.66 0.00022332967374 1.6e-09
-3.045889927716348975e-05 2.329514918523320599e+00 1.100855713304507988e-01 1.551186845016538050e-04 -2.859911817938951434e-05 -1.673819327375308529e-06 3.66 0.00022332967374 1.6e-09
6.799910704341399271e-05 4.507652153290504504e-01 -2.007223244534144663e-02 1.368827160313857490e-04 3.883732136380613870e-05 1.622371305470214999e-06 3.66 0.00022332967374 1.6e-09
-1.247471676684270653e-05 3.011487263480651322e+00 1.381345642676580776e-01 1.891707459771092468e-04 1.831889298213233727e-05 1.238185894952218485e-06 3.66 0.00022332967374 1.6e-09
-7.231606596755759189e-05 3.626614527944861610e+00 1.867448305117905827e-01 2.215153247813184936e-04 -5.062073343131638834e-06 -2.265673970658138816e-07 3.66 0.00022332967374 1.6e-09
-2.502842798738911162e-05 1.834266778436496770e+00 7.880389112507656113e-02 1.326000142302077758e-04 -3.689455922532327832e-05 -2.376816276814931260e-06 3.66 0.00022332967374 1.6e-09
-2.258358593777424252e-05 6.969856502866322856e-01 -5.096346911275390079e-03 1.123285206163480456e-04 5.611684617868697750e-05 3.388442494306944643e-06 3.66 0.00022332967374 1.6e-09
4.708015792737820258e-05 3.276638150203184274e+00 1.615143826663814897e-01 2.029902845091653652e-04 1.363991106099597219e-05 9.283025265302428620e-07 3.66 0.00022332967374 1.6e-09
-8.579473993364553595e-05 3.494886169592619218e+00 1.809049584683775080e-01 2.145123853680562412e-04 -8.970020360722775587e-06 -5.313385709145322015e-07 3.66 0.00022332967374 1.6e-09
-4.427825884735266256e-05 1.248300362276827169e+00 3.738742288015266257e-02 1.120265233549841747e-04 -4.777810899991878694e-05 -3.166569027416343669e-06 3.66 0.00022332967374 1.6e-09
7.302842768691014468e-06 1.203831321764737616e+00 3.181463227305136171e-02 1.109982915557488194e-04 4.862735356267859914e-05 3.079207361681924215e-06 3.66 0.00022332967374 1.6e-09
4.338045932460726778e-05 3.479026139863194089e+00 1.721795664884313848e-01 2.136771978414138591e-04 9.237833905963003140e-06 5.422052322748253436e-07 3.66 0.00022332967374 1.6e-09
2.844582297234222708e-06 3.283936762222671391e+00 1.565794048994838539e-01 2.033797395551451026e-04 -1.341883196902579934e-05 -8.645265085686781858e-07 3.66 0.00022332967374 1.6e-09
-1.711080224094131810e-05 7.134513921500396094e-01 -3.061520732117105088e-03 1.116468608301176727e-04 -5.610302338833421235e-05 -3.311586926090005286e-06 3.66 0.00022332967374 1.6e-09
6.437415133617203228e-05 1.811060070538208944e+00 7.989954555990344542e-02 1.316399809094413102e-04 3.723903571407437811e-05 2.432852205937380216e-06 3.66 0.00022332967374 1.6e-09
-2.028876374130391639e-05 3.618160691846211474e+00 1.886086355214655064e-01 2.210698346931678083e-04 5.170445757583853399e-06 2.146227932683094046e-07 3.66 0.00022332967374 1.6e-09
-3.178029159292121317e-05 3.011493289296292009e+00 1.379988580196340464e-01 1.891778501306886999e-04 -1.824697608800258730e-05 -1.261879456893845235e-06 3.66 0.00022332967374 1.6e-09
4.040800661922311739e-05 4.520791368773942609e-01 -2.035069640774378463e-02 1.367266747470314875e-04 -3.887659349906921107e-05 -1.345510393193325932e-06 3.66 0.00022332967374 1.6e-09
4.756654136707304898e-05 2.325884315506724587e+00 1.104375871332426429e-01 1.549477640431970427e-04 2.863683427968249630e-05 1.730585274796164750e-06 3.66 0.00022332967374 1.6e-09
4.747816413896730555e-05 3.651971627393490127e+00 1.809822876761603694e-01 2.229002659318265783e-04 1.092699979109595648e-06 -7.353877782900065407e-08 3.66 0.00022332967374 1.6e-09
-8.207309906727245025e-05 2.581624272044282797e+00 1.024292538670442260e-01 1.674188546048904780e-04 -2.469501063314766899e-05 -1.594613774442373692e-06 3.66 0.00022332967374 1.6e-09
-5.199777857588274419e-05 4.005633770867195742e-01 -1.812456941062531163e-02 1.475330777480815580e-04 1.486132955318865485e-05 2.781390422377829576e-06 3.66 0.00022332967374 1.6e-09
-5.048414398289322134e-05 2.815002467324538848e+00 1.361660836863791690e-01 1.791188903142265870e-04 2.127846827337160189e-05 1.084993973136594904e-06 3.66 0.00022332967374 1.6e-09
-7.420796404290814108e-05 3.651629028837287017e+00 1.640365683239972117e-01 2.228642178298185269e-04 -3.086219392431418684e-06 -3.930626269448990782e-07 3.66 0.00022332967374 1.6e-09
9.941177442415055372e-07 2.092466985413270919e+00 5.867682889057136697e-02 1.439924687525091524e-04 -3.253921609393568165e-05 -1.876515897174614694e-06 3.66 0.00022332967374 1.6e-09
-1.985875490368660821e-05 5.446330668801403485e-01 -1.579971281010343793e-03 1.234957611508306734e-04 5.170792901133220923e-05 4.486489515947551541e-06 3.66 0.00022332967374 1.6e-09
8.103863938271369069e-05 3.156263600373844458e+00 1.532775434204416976e-01 1.966815942576570627e-04 1.595426819088968602e-05 6.961645392874005115e-07 3.66 0.00022332967374 1.6e-09
6.103073950946279766e-05 3.579300268512105365e+00 1.520420261035979603e-01 2.189905004975883495e-04 -6.902508940213790493e-06 -6.351284996599439146e-07 3.66 0.00022332967374 1.6e-09
-3.503710535713861884e-05 1.564932085466952838e+00 2.511506858009322427e-02 1.219297690170770190e-04 -4.178634035167496031e-05 -2.172647376698272866e-06 3.66 0.00022332967374 1.6e-09
-1.402504400418813993e-05 9.090430805515601342e-01 2.578750094698001663e-02 1.077224548356357580e-04 5.416005248101970956e-05 3.385484542960825117e-06 3.66 0.00022332967374 1.6e-09
-5.305690796276539935e-05 3.379170189659235657e+00 1.415490156881156480e-01 2.083970697696277418e-04 1.150707484308381118e-05 3.105642727448540210e-07 3.66 0.00022332967374 1.6e-09
9.519628195091706926e-05 3.397811279781019156e+00 1.151904948795385297e-01 2.093811068449953009e-04 -1.111783309906136287e-05 -7.835201378873230073e-07 3.66 0.00022332967374 1.6e-09
2.781974922061906000e-05 9.534065025134450533e-01 -7.444892562322164356e-03 1.076748810390797584e-04 -5.352949028416772483e-05 -1.870805065781546289e-06 3.66 0.00022332967374 1.6e-09
4.174652588828187892e-05 1.512455727203678935e+00 6.409927708042362227e-02 1.200663292478255353e-04 4.267715827063357629e-05 2.142890691948498665e-06 3.66 0.00022332967374 1.6e-09
7.287767794871436583e-05 3.564656114839689138e+00 1.351485962350896242e-01 2.182172604661132380e-04 7.212572000024468512e-06 -3.239139057825259859e-08 3.66 0.00022332967374 1.6e-09
9.531565262495421864e-05 3.170518110538019574e+00 8.266641754472296710e-02 1.974309765260991449e-04 -1.567979858849724451e-05 -9.693059377969671797e-07 3.66 0.00022332967374 1.6e-09
4.400385985605023145e-05 5.572358193401456550e-01 -2.097812040884921431e-02 1.222139771824427412e-04 -5.251169649323266870e-05 -4.465047051935495982e-08 3.66 0.00022332967374 1.6e-09
-6.664993283095445385e-06 2.065001553746544261e+00 8.562067239762136128e-02 1.427508543854675942e-04 3.295370454959528162e-05 1.354268056161088996e-06 3.66 0.00022332967374 1.6e-09
2.299727831456046807e-06 3.647245987779789367e+00 1.258761482353228378e-01 2.226337424626817431e-04 3.268372067547495327e-06 -2.089372810192966020e-07 3.66 0.00022332967374 1.6e-09
8.858722637965964425e-05 2.826977163140640403e+00 5.979560086268229102e-02 1.797317952630969975e-04 -2.111342706852664664e-05 -1.090584678457861639e-06 3.66 0.00022332967374 1.6e-09
-6.941932192256333462e-05 4.017650734891783371e-01 -1.559638972649809996e-02 1.473028175464222774e-04 -1.569573206020926390e-05 2.848391449863485205e-06 3.66 0.00022332967374 1.6e-09
-4.993497990653425185e-06 2.570942558146572132e+00 8.592329584838004353e-02 1.668877795341406375e-04 2.492640433134830804e-05 6.196219512063402655e-07 3.66 0.00022332967374 1.6e-09
-1.041347989291187872e-04 3.657517802419340214e+00 8.999281489001759171e-02 2.231955785894730246e-04 -9.595508878481412115e-07 -3.736364001599807206e-07 3.66 0.00022332967374 1.6e-09
-3.856636605335099792e-05 2.344342578675925104e+00 2.085765834537676305e-02 1.558295235736451749e-04 -2.845479018113954077e-05 -9.940708697786308373e-07 3.66 0.00022332967374 1.6e-09
6.826391384192232077e-05 4.470153536534137717e-01 -1.308512348071860787e-03 1.375925764112716524e-04 3.786328955799242424e-05 4.058641032415158975e-06 3.66 0.00022332967374 1.6e-09
6.407111435793774170e-05 3.005158506984154876e+00 9.230562222030855302e-02 1.888443505802965333e-04 1.849425962470568536e-05 2.766531245709155943e-07 3.66 0.00022332967374 1.6e-09
-8.814930558358852978e-05 3.633795043526837798e+00 7.574846938169713106e-02 2.218984811214664470e-04 -4.953796194807405642e-06 -5.013571861087025907e-07 3.66 0.00022332967374 1.6e-09
-3.700569208376877536e-05 1.850709926312314568e+00 3.771149312335905735e-04 1.332956898169203449e-04 -3.672381577797982969e-05 -9.787380004533638358e-07 3.66 0.00022332967374 1.6e-09
-9.930221944047577207e-06 6.866231614919604542e-01 1.331000896316921964e-02 1.128274007424527267e-04 5.607246507307943431e-05 2.611803453460906050e-06 3.66 0.00022332967374 1.6e-09
-9.373023510881192081e-05 3.273553444292368386e+00 7.594957752828729314e-02 2.028291904503599561e-04 1.379080149249451146e-05 6.977111742038115217e-08 3.66 0.00022332967374 1.6e-09
-1.017095655571724217e-04 3.501960162788802400e+00 5.208657891387673960e-02 2.148892367584038523e-04 -8.896982543941387757e-06 -4.818348091560848209e-07 3.66 0.00022332967374 1.6e-09
3.017732966545429705e-05 1.258273929184721140e+00 -1.075877131149819907e-02 1.122771729543752504e-04 -4.770186349183852070e-05 -6.864311262787858015e-07 3.66 0.00022332967374 1.6e-09
1.205368630957249823e-05 1.192985912802900117e+00 2.970957404502926058e-02 1.107524211555593874e-04 4.894433989390493668e-05 1.174001119945004629e-06 3.66 0.00022332967374 1.6e-09
7.710213067914992310e-05 3.482208454027731825e+00 5.089571228438344308e-02 2.138437090135325829e-04 9.347015608356784160e-06 -1.605189304047091596e-07 3.66 0.00022332967374 1.6e-09
1.271395489072258962e-06 3.296694665437282623e+00 1.753088280759151213e-02 2.040475127719405563e-04 -1.332389663624163447e-05 -4.494555409731119720e-07 3.66 0.00022332967374 1.6e-09
-4.465859267937911741e-05 7.244025849911686077e-01 -1.646579109671407470e-02 1.112030466050088187e-04 -5.619788829776120527e-05 5.205643255427935518e-07 3.66 0.00022332967374 1.6e-09
-2.128055075586008000e-05 1.794754408006862922e+00 4.004543271351809763e-02 1.309603818635456194e-04 3.763602458662442017e-05 6.306263393559807208e-07 3.66 0.00022332967374 1.6e-09
-9.986257892448731517e-05 3.620305817040501584e+00 4.849209235481374836e-02 2.211848183611712297e-04 5.295975726400220553e-06 -2.018006856606234324e-07 3.66 0.00022332967374 1.6e-09
-9.683018164663982044e-06 3.023439056592851948e+00 1.266647183844434726e-02 1.897955463604973528e-04 -1.815093996077538015e-05 -4.673822023059902162e-07 3.66 0.00022332967374 1.6e-09
-4.824052709609453316e-05 4.553975630796269769e-01 -1.042076245917374772e-02 1.361427632862004244e-04 -3.977467068700372586e-05 1.789321870752356572e-06 3.66 0.00022332967374 1.6e-09
6.871051968866716546e-05 2.316865808446912922e+00 2.856502706813857095e-02 1.545166663373424224e-04 2.888531889372974689e-05 1.808956410973185290e-07 3.66 0.00022332967374 1.6e-09
-5.144961235917422702e-05 3.657052671543924660e+00 2.438773518074545399e-02 2.231715135676691671e-04 1.190723686234953428e-06 -1.753168641418649861e-07 3.66 0.00022332967374 1.6e-09
9.104131462949209466e-06 2.594753134008423778e+00 -3.845181133415312901e-04 1.680695157353359408e-04 -2.459335943942474363e-05 -2.871535115978390881e-07 3.66 0.00022332967374 1.6e-09
-2.071879006184225314e-05 3.988852553134288881e-01 -2.102113914774793313e-03 1.479741409432716647e-04 1.351364149251850258e-05 1.970409152158619593e-06 3.66 0.00022332967374 1.6e-09
1.349473674186639011e-05 2.809287434374903025e+00 2.418498564558946295e-02 1.788290610100721893e-04 2.145683830389250236e-05 -1.064052995380198746e-08 3.66 0.00022332967374 1.6e-09
-9.648947181090122447e-05 3.657578600243016620e+00 1.124836397654311454e-02 2.231821426694577826e-04 -3.002881815385305414e-06 -1.972785831593304959e-07 3.66 0.00022332967374 1.6e-09
-1.502223053962202951e-05 2.106448237767062359e+00 -9.781169337039322814e-03 1.446320821938970949e-04 -3.238474869759673817e-05 -1.669805408373679080e-07 3.66 0.00022332967374 1.6e-09
-1.478056699402744377e-05 5.377968265902512979e-01 1.325714262332432225e-03 1.242687707189357174e-04 5.136826980288810673e-05 8.490976646405197995e-07 3.66 0.00022332967374 1.6e-09
-1.778671147405543344e-06 3.153397350590151582e+00 2.018989279067118919e-02 1.965338266499568574e-04 1.607905718011265795e-05 3.354208956820129687e-08 3.66 0.00022332967374 1.6e-09
8.254805234491651073e-05 3.583677142541364269e+00 1.476213848303444681e-02 2.192254546750694883e-04 -6.861512992185348580e-06 -1.214965972475440155e-07 3.66 0.00022332967374 1.6e-09
5.055006350013115378e-05 1.572107918949993355e+00 -1.957004241150975959e-03 1.221948042819849002e-04 -4.171039458037781046e-05 -1.986236440772122922e-07 3.66 0.00022332967374 1.6e-09
2.548746774982970533e-05 9.021075962840883200e-01 5.435421759325974236e-04 1.077414189640911598e-04 5.442350450753063171e-05 2.007203423447176304e-08 3.66 0.00022332967374 1.6e-09
-2.719991729202073777e-05 3.381944636947554095e+00 -2.870288859087829548e-04 2.085407054692251980e-04 1.158276013383958202e-05 -1.427088239858788336e-08 3.66 0.00022332967374 1.6e-09
-3.596232096644349249e-05 3.407559698036151552e+00 -1.498040146958822243e-03 2.098937725405042288e-04 -1.103367689429186146e-05 -7.559992006141004052e-09 3.66 0.00022332967374 1.6e-09
-4.918843820197068520e-05 9.673775416231578106e-01 -1.002433406414284228e-03 1.077055140017845483e-04 -5.332907823974372143e-05 5.168987446591565526e-08 3.66 0.00022332967374 1.6e-09
-2.602490940507596337e-05 1.496750881364338426e+00 1.912220503329311455e-03 1.195196499441001319e-04 4.307321814800610767e-05 1.045844479208620981e-07 3.66 0.00022332967374 1.6e-09
-1.252005786425381621e-05 3.563404971651901398e+00 6.682445054208253736e-03 2.181518965463826040e-04 7.311462250574706211e-06 1.477645228889837560e-08 3.66 0.00022332967374 1.6e-09
5.663295158509892217e-05 3.177077017092147404e+00 5.513016311035568752e-03 1.977750605959013126e-04 -1.559746853288206109e-05 -3.889944986127170739e-08 3.66 0.00022332967374 1.6e-09
2.996643354815275230e-05 5.622672924196814304e-01 -6.771196672542576043e-04 1.217176967017772433e-04 -5.287549112898807548e-05 -6.108923309242579679e-08 3.66 0.00022332967374 1.6e-09
6.028064508515747032e-05 2.057486552854725037e+00 -2.607293941179826893e-03 1.424118885031616178e-04 3.314216192893766806e-05 1.833012308996547850e-07 3.66 0.00022332967374 1.6e-09
2.465018302232947924e-05 3.648874264113204369e+00 1.409780206447674988e-02 2.227209485774077390e-04 3.323226441387902861e-06 1.278154541423293971e-07 3.66 0.00022332967374 1.6e-09
3.662504172840583527e-05 2.833931951490484380e+00 1.990365655705398501e-02 1.800864006074063617e-04 -2.103899345986549716e-05 -4.517611856262920590e-08 3.66 0.00022332967374 1.6e-09
-4.163417510656398880e-06 4.022115531303677161e-01 -1.720390941664105226e-03 1.472191563092139729e-04 -1.664594331699732386e-05 -9.256448566043814684e-07 3.66 0.00022332967374 1.6e-09
3.616441970731428749e-05 2.565490780250874625e+00 -6.603514735217039591e-03 1.666169245595438522e-04 2.505381672291567569e-05 1.525639783142974134e-07 3.66 0.00022332967374 1.6e-09
1.421071977358967617e-07 3.660354219491137151e+00 1.013951780056608631e-02 2.233462278694608755e-04 -8.993133831433134885e-07 1.479525990594880794e-07 3.66 0.00022332967374 1.6e-09
1.704487376504417920e-05 2.355315130688044878e+00 1.819369700945342241e-02 1.563545178977250995e-04 -2.831234738243114580e-05 -4.649256632830919490e-08 3.66 0.00022332967374 1.6e-09
4.522647236991386531e-05 4.437564511039133186e-01 -7.634171915096691491e-03 1.382077683170987990e-04 3.712564532952344892e-05 -1.218000725960763436e-06 3.66 0.00022332967374 1.6e-09
-5.460717285902594239e-05 2.999338443859272285e+00 9.308150773094709188e-03 1.885459435853225122e-04 1.859692268917345479e-05 3.402459183104983582e-07 3.66 0.00022332967374 1.6e-09
5.331441623876776896e-05 3.633711640381072083e+00 3.525974811555114552e-02 2.218960243721551369e-04 -4.924063418941028266e-06 1.457779732100306385e-07 3.66 0.00022332967374 1.6e-09
9.604470672659560447e-06 1.854729963056771513e+00 2.953438197949187494e-02 1.334698531824723088e-04 -3.664638419341062047e-05 -4.342405402357643179e-07 3.66 0.00022332967374 1.6e-09
-7.336914306449143476e-06 6.831466902911238481e-01 -1.506089506967150764e-02 1.129802091286457487e-04 5.613399878347019503e-05 -6.194886303452308337e-07 3.66 0.00022332967374 1.6e-09
-9.485686821629763096e-06 3.273980828651563257e+00 1.377859092072764371e-02 2.028489591909306690e-04 1.383615617204640599e-05 4.128205584681747233e-07 3.66 0.00022332967374 1.6e-09
-3.202737761915372335e-05 3.507688442408880114e+00 4.529833961202842096e-02 2.151903809989956767e-04 -8.836109062041270021e-06 1.645370381524754515e-07 3.66 0.00022332967374 1.6e-09
