-2.957340096032469201e-05 2.955051798953450160e+00 -3.267207123297802740e-05 1.861550024920496124e-04 -2.224193339323617558e-05 -6.310094885339771280e-10 4.0 0.00024149709559 1.6e-09
7.162408566533722757e-05 3.961369832658039880e-01 -6.421478939791886668e-04 1.477841401658975585e-04 -2.085152084293765464e-05 1.786684913453455796e-07 4.0 0.00024149709559 1.6e-09
2.455339357691065257e-05 2.604677789848767411e+00 -1.515328585315760083e-02 1.684198629886548225e-04 2.695399037972414426e-05 -1.092245477294308381e-07 4.0 0.00024149709559 1.6e-09
-7.789323981541518760e-05 3.963680555911503145e+00 -1.671300331388685112e-02 2.395482696312678788e-04 2.560263343815247594e-06 4.856746960903358475e-08 4.0 0.00024149709559 1.6e-09
-9.924199564696531265e-05 3.203734715921577436e+00 -7.169492967724289990e-03 1.990802920552683410e-04 -1.856593888156582510e-05 1.334629159476564824e-07 4.0 0.00024149709559 1.6e-09
-3.959002986811030987e-05 4.892942896839876377e-01 2.792383422823341722e-03 1.300725265706114255e-04 -4.847861956284619600e-05 -1.608283127476658010e-07 4.0 0.00024149709559 1.6e-09
6.210385912271482113e-05 2.246948323565541195e+00 -2.537551690212265509e-02 1.510631335536755245e-04 3.195077138656905209e-05 -1.152046571594835371e-07 4.0 0.00024149709559 1.6e-09
6.569308627885092166e-05 3.895857002783078116e+00 -1.787557805625854257e-02 2.359075196875287314e-04 4.806213086796269488e-06 1.722326566394023026e-07 4.0 0.00024149709559 1.6e-09
-1.859313422203697104e-05 3.372433068401394340e+00 3.427135121434803176e-03 2.079674942452309876e-04 -1.579105282874281981e-05 2.175430466586239009e-07 4.0 0.00024149709559 1.6e-09
-3.063580332507835386e-05 6.541283526066288267e-01 9.980116420200600691e-03 1.142451322934307824e-04 -5.719544028251266144e-05 -7.580783716321731831e-07 4.0 0.00024149709559 1.6e-09
-2.949863024770503218e-05 1.924746947940497055e+00 -2.282208714834055296e-02 1.363834878831970162e-04 3.695863307335626427e-05 8.940438436448832352e-08 4.0 0.00024149709559 1.6e-09
-6.389021542730087587e-05 3.833409874171703535e+00 4.094292140378994263e-03 2.325453959752552609e-04 6.864538872900795467e-06 3.136344901380498187e-07 4.0 0.00024149709559 1.6e-09
1.065969669071415322e-04 3.524097997208228250e+00 3.189715475620925889e-02 2.160016174386120190e-04 -1.333311920903805803e-05 1.857698265060085948e-07 4.0 0.00024149709559 1.6e-09
-4.977792818610543725e-05 9.142030145166604171e-01 2.093894646282250249e-02 1.074301749503371421e-04 -5.545789056959684877e-05 -1.156454601708977400e-06 4.0 0.00024149709559 1.6e-09
-4.759026769888338867e-05 1.580161640812021817e+00 -1.636200742166651206e-02 1.223561050024490698e-04 4.290907159646698747e-05 3.479673463023282069e-07 4.0 0.00024149709559 1.6e-09
-2.100435212861069128e-05 3.756298003609064295e+00 2.862660855317826492e-02 2.283949148193524688e-04 9.032343026908687541e-06 4.135317368887874053e-07 4.0 0.00024149709559 1.6e-09
-8.308161759284211456e-05 3.668348881924408111e+00 5.831792437563958209e-02 2.236845646179179393e-04 -1.086005941573869093e-05 1.223585511504241872e-07 4.0 0.00024149709559 1.6e-09
5.152229465830122311e-05 1.281348978602536937e+00 3.381533717394356875e-02 1.126772355077645000e-04 -4.852667945320781088e-05 -1.165657441332536458e-06 4.0 0.00024149709559 1.6e-09
-3.631271661274397208e-05 1.190429698152595250e+00 -1.578029361935652519e-02 1.104971198298600199e-04 5.028174866293806927e-05 3.515435571404280792e-07 4.0 0.00024149709559 1.6e-09
-6.496621741959205613e-05 3.633738776730027098e+00 3.501668768045026331e-02 2.218418599180242310e-04 1.138800726013944336e-05 4.639325634237437752e-07 4.0 0.00024149709559 1.6e-09
-2.065168468945951689e-05 3.767026507234632504e+00 6.697689339894136173e-02 2.289774263624605552e-04 -8.602607908365834282e-06 1.226689550141583612e-07 4.0 0.00024149709559 1.6e-09
-5.738638141855238419e-05 1.641862833773967578e+00 4.366984878510710155e-02 1.247046747362445286e-04 -4.173565114297164680e-05 -9.550988350884853814e-07 4.0 0.00024149709559 1.6e-09
4.730249620091004080e-05 8.615531274267627104e-01 -1.892563693384448353e-02 1.078297456688457077e-04 5.615672603207183360e-05 -3.773121568434185460e-08 4.0 0.00024149709559 1.6e-09
1.061319002264069866e-04 3.490538768881335407e+00 3.113501590839124616e-02 2.142348780989353023e-04 1.364207058066963101e-05 5.328387064420239482e-07 4.0 0.00024149709559 1.6e-09
-8.257494620533610108e-06 3.821977515660327285e+00 6.990224665563898876e-02 2.319442803118358502e-04 -6.710084441717889353e-06 1.864789953793773950e-07 4.0 0.00024149709559 1.6e-09
-3.566165091593321028e-05 1.927357875960760580e+00 5.408392191564856399e-02 1.365237453662656100e-04 -3.679432647666410362e-05 -7.878548659314448325e-07 4.0 0.00024149709559 1.6e-09
5.390181161905433741e-05 6.515019459299490334e-01 -2.129864569680372383e-02 1.144833490414279439e-04 5.695056579660568856e-05 -6.897717036675814987e-07 4.0 0.00024149709559 1.6e-09
3.843260155231809051e-05 3.361237833549335807e+00 3.330017886432114910e-02 2.073936713734189337e-04 1.572679227658994687e-05 6.719967286835539718e-07 4.0 0.00024149709559 1.6e-09
9.931331265330983369e-05 3.872264508262148741e+00 8.328993384893150498e-02 2.346506772603155220e-04 -5.001806951538103545e-06 2.635605978830248668e-07 4.0 0.00024149709559 1.6e-09
6.082327102400079873e-05 2.194045777596301150e+00 7.180490751894871848e-02 1.485998976445863386e-04 -3.261152652017995711e-05 -7.485127314199291079e-07 4.0 0.00024149709559 1.6e-09
1.172716885136636876e-05 5.100167758805626006e-01 -2.196064870487396403e-02 1.272464403389339028e-04 5.057135989589020358e-05 -1.546345671435413997e-06 4.0 0.00024149709559 1.6e-09
5.918382409468244033e-05 3.226576552842286283e+00 4.581099055306302181e-02 2.002902849792896460e-04 1.804949482956298164e-05 8.914401699011492185e-07 4.0 0.00024149709559 1.6e-09
2.463199778413373319e-05 3.939277834980472015e+00 1.102379873816999867e-01 2.382424438986959045e-04 -3.036842966727577254e-06 3.320415029896651922e-07 4.0 0.00024149709559 1.6e-09
-7.546257528493227108e-05 2.516678761460270586e+00 9.927536895325250743e-02 1.640792177187124965e-04 -2.804104214319532389e-05 -7.723740969418183253e-07 4.0 0.00024149709559 1.6e-09
3.050323074168522175e-05 4.106544515912228244e-01 -1.954562405596987212e-02 1.443106153951691554e-04 2.918408187403487226e-05 -2.863456848906315030e-06 4.0 0.00024149709559 1.6e-09
3.083982125229677951e-06 3.020466366585842444e+00 5.999681927383157531e-02 1.895290729438640237e-04 2.129352781715705085e-05 1.153601509346332848e-06 4.0 0.00024149709559 1.6e-09
-9.538146505310731143e-05 3.995831941409988985e+00 1.396623933254852734e-01 2.412715762221418207e-04 -5.880821167255519670e-07 3.939841720973033644e-07 4.0 0.00024149709559 1.6e-09
6.416707304599294419e-05 2.882552916475553229e+00 1.298213138281986700e-01 1.824340670947890704e-04 -2.318460160970080470e-05 -7.582558841049531656e-07 4.0 0.00024149709559 1.6e-09
-5.818163291207648492e-05 3.882527448283177307e-01 -1.255120478532823977e-02 1.497383929277159805e-04 -1.209574918996935520e-05 -4.502502340328770017e-06 4.0 0.00024149709559 1.6e-09
-3.258517731100951697e-05 2.683217378032904499e+00 5.654083546025915480e-02 1.723427688954053507e-04 2.583979805339615472e-05 1.386610604200792886e-06 4.0 0.00024149709559 1.6e-09
-7.742455468225060695e-06 3.970445016111831649e+00 1.502545965631768288e-01 2.399108148286459340e-04 1.984542408529694497e-06 4.783928662400576122e-07 4.0 0.00024149709559 1.6e-09
1.523504823772586509e-06 3.149496362289514906e+00 1.475702294703579998e-01 1.962434108425550969e-04 -1.931274745796217042e-05 -6.579835193809222835e-07 4.0 0.00024149709559 1.6e-09
2.526406520337278868e-05 4.618338498711992979e-01 -2.295462958011417875e-03 1.343965972317978761e-04 -4.389883561197335208e-05 -5.146716959897769796e-06 4.0 0.00024149709559 1.6e-09
3.700228739066148951e-06 2.324875570636069533e+00 4.815425389336172590e-02 1.547688269092455104e-04 3.074587282766836792e-05 1.690834764314681717e-06 4.0 0.00024149709559 1.6e-09
-1.100852655758493984e-04 3.904039410362908136e+00 1.605727609037824744e-01 2.363484316073062586e-04 4.266830544956911974e-06 5.995296067718524958e-07 4.0 0.00024149709559 1.6e-09
-1.799091432270204553e-05 3.323336899981168102e+00 1.665767286813931713e-01 2.053793583520653881e-04 -1.645391248324446789e-05 -5.857582209252560434e-07 4.0 0.00024149709559 1.6e-09
-4.436164601452951336e-05 6.036279961645727443e-01 1.056889724857972696e-02 1.177033629985523673e-04 -5.589159709282826222e-05 -5.125708491068850540e-06 4.0 0.00024149709559 1.6e-09
-3.411138221906519447e-05 2.010072467358988035e+00 4.607728863533959440e-02 1.401566249199104742e-04 3.550673837084029492e-05 2.137704101374404906e-06 4.0 0.00024149709559 1.6e-09
8.541850078146959744e-05 3.844684808774643692e+00 1.818920627662339307e-01 2.331537657907442618e-04 6.275401931306672091e-06 7.210633613620826981e-07 4.0 0.00024149709559 1.6e-09
-7.708084969481677259e-05 3.477076865739159750e+00 1.932544280931945413e-01 2.135071731373301435e-04 -1.396314154052182788e-05 -5.799809400004756665e-07 4.0 0.00024149709559 1.6e-09
5.115941336036232629e-05 8.340663896679558764e-01 2.848676047659691457e-02 1.081057205339500598e-04 -5.643209405079240004e-05 -4.715002702120158845e-06 4.0 0.00024149709559 1.6e-09
1.411566105536179327e-05 1.678390811661333082e+00 4.213351303710062556e-02 1.261092271023574359e-04 4.107294317201916638e-05 2.680623204364998468e-06 4.0 0.00024149709559 1.6e-09
-8.056831306773753782e-05 3.776950544194618509e+00 2.006263795793852278e-01 2.295012346804059240e-04 8.429441092255362340e-06 8.230028134858008554e-07 4.0 0.00024149709559 1.6e-09
8.854013064228289666e-05 3.632641906349639349e+00 2.161401639445105494e-01 2.217740739944424580e-04 -1.143596972653192139e-05 -5.681574137357176898e-07 4.0 0.00024149709559 1.6e-09
-1.297840117168590465e-05 1.192540060084156028e+00 5.299841965165476287e-02 1.105125142782531229e-04 -5.010146931922400025e-05 -3.943522290753076439e-06 4.0 0.00024149709559 1.6e-09
2.994710851621598826e-05 1.281331702923095950e+00 2.667998335946909078e-02 1.126874528072640289e-04 4.841631286460801905e-05 3.224762250738497628e-06 4.0 0.00024149709559 1.6e-09
8.523900438639910959e-05 3.661285586566881634e+00 2.016901058055999285e-01 2.233078538479466740e-04 1.081728676487411134e-05 9.125095568052365173e-07 4.0 0.00024149709559 1.6e-09
1.096549844011347215e-04 3.747346254216973538e+00 2.232808616944960134e-01 2.279152852069149721e-04 -9.033805563685947369e-06 -5.037689381844716291e-07 4.0 0.00024149709559 1.6e-09
-2.677893291725592871e-05 1.576942866488075801e+00 7.492853626783693710e-02 1.222378213649872301e-04 -4.279121831000430132e-05 -3.193051299890147370e-06 4.0 0.00024149709559 1.6e-09
2.313833317153006578e-06 9.174791967703113116e-01 7.800296383956778663e-03 1.074725273037621545e-04 5.520902902146426088e-05 3.700223415287139169e-06 4.0 0.00024149709559 1.6e-09
1.171079621758460933e-05 3.511806863338491347e+00 1.942018419140007224e-01 2.153611072506197760e-04 1.318769968542389212e-05 1.015547775318759925e-06 4.0 0.00024149709559 1.6e-09
5.287371463484327245e-05 3.805877153748440378e+00 2.235220701783880159e-01 2.310763143502405888e-04 -7.039338803844564620e-06 -4.253243730049249479e-07 4.0 0.00024149709559 1.6e-09
-2.445738033771510160e-05 1.874839029444306471e+00 9.000155874980206305e-02 1.342468673389146942e-04 -3.754378820200942132e-05 -2.719700436402942759e-06 4.0 0.00024149709559 1.6e-09
-3.501054024460764061e-05 6.861826640752660689e-01 -4.286564523929654522e-03 1.126259626409828365e-04 5.715661261805473432e-05 4.047090082900445989e-06 4.0 0.00024149709559 1.6e-09
6.429224645185322904e-06 3.377877678915367277e+00 1.913555491697849220e-01 2.082758567767465892e-04 1.527669563102469411e-05 1.128503430665991118e-06 4.0 0.00024149709559 1.6e-09
-5.839771444732727779e-05 3.851137803763048595e+00 2.278000054674926833e-01 2.335173026633547810e-04 -5.337621135405818198e-06 -3.692854765544086806e-07 4.0 0.00024149709559 1.6e-09
8.842184104693839159e-06 2.130584182230899515e+00 1.039008184304316407e-01 1.456615860471070561e-04 -3.343492783402963071e-05 -2.434969205689696974e-06 4.0 0.00024149709559 1.6e-09
-6.064806499510079924e-05 5.387836089623984082e-01 -1.185043584993618337e-02 1.238172865237256140e-04 5.282148914573354893e-05 4.283595733923308723e-06 4.0 0.00024149709559 1.6e-09
-6.246184687088896415e-05 3.251893004653124919e+00 1.921566055262755590e-01 2.016268866587471258e-04 1.744170541354448322e-05 1.252058442161182392e-06 4.0 0.00024149709559 1.6e-09
1.167911706166726595e-05 3.913277464956491869e+00 2.355582812608899013e-01 2.368483759749361950e-04 -3.513571532646064832e-06 -3.200780034280486294e-07 4.0 0.00024149709559 1.6e-09
-7.472366731120695270e-05 2.429452127924513150e+00 1.206257990286885295e-01 1.598213949553432649e-04 -2.912151854259253968e-05 -2.178397273369022959e-06 4.0 0.00024149709559 1.6e-09
6.241810411822755998e-05 4.304100408193830551e-01 -1.827450371865881051e-02 1.401230156400387703e-04 3.654158752438453194e-05 4.023939677385309741e-06 4.0 0.00024149709559 1.6e-09
-2.229250146254254750e-05 3.076192644679917265e+00 1.853986992072760853e-01 1.924203912720676200e-04 2.036736784390835850e-05 1.383752505171550821e-06 4.0 0.00024149709559 1.6e-09
5.076178433700120126e-05 3.982829026567028308e+00 2.366520001478877311e-01 2.405722823599927953e-04 -1.182949607570397273e-06 -2.462525194178604148e-07 4.0 0.00024149709559 1.6e-09
5.645907552650410058e-05 2.799191208123723573e+00 1.363457897124460139e-01 1.781893045734464444e-04 -2.423054980622009978e-05 -1.844598487244946051e-06 4.0 0.00024149709559 1.6e-09
-5.086508033388325797e-05 3.841010083168663325e-01 -2.328865210409110376e-02 1.507696587953279480e-04 -1.497014161802397529e-06 2.141858220660303096e-06 4.0 0.00024149709559 1.6e-09
-7.465636980352693714e-05 2.768492606159028036e+00 1.567244996578714689e-01 1.766333744246024757e-04 2.464820230578941519e-05 1.525520650498803508e-06 4.0 0.00024149709559 1.6e-09
1.040649624229778589e-04 3.981733016653815405e+00 2.173248259546715633e-01 2.405137045078210921e-04 1.419478651461054518e-06 -1.336405524270315692e-07 4.0 0.00024149709559 1.6e-09
-3.091096101527189831e-05 3.101833066084952684e+00 1.377601234139727293e-01 1.937530239999438913e-04 -2.003876549248647651e-05 -1.474725979017433576e-06 4.0 0.00024149709559 1.6e-09
5.923657994838534935e-05 4.383148490559264365e-01 -2.350124291723883901e-02 1.386032201886164186e-04 -3.877124075482178472e-05 -3.132247745889144810e-07 4.0 0.00024149709559 1.6e-09
4.470879132362251372e-05 2.397608872375687650e+00 1.260297215061260689e-01 1.582695692979318200e-04 2.963399263461513535e-05 1.767612869736544926e-06 4.0 0.00024149709559 1.6e-09
-1.073742143638639455e-04 3.915156792799201035e+00 2.003806002645940332e-01 2.369458773320819449e-04 3.803068604455764810e-06 -7.243256734328740555e-09 4.0 0.00024149709559 1.6e-09
-2.372666955584341609e-05 3.285488646840809324e+00 1.382095002549390272e-01 2.033862438669969432e-04 -1.704455884737910711e-05 -1.227303843046636948e-06 4.0 0.00024149709559 1.6e-09
-5.987163018843155244e-05 5.625541975118175664e-01 -1.989956660297466373e-02 1.213170314480084674e-04 -5.438124481500302727e-05 -1.707509825061971599e-06 4.0 0.00024149709559 1.6e-09
4.648660125399266073e-05 2.081312668767438812e+00 1.093387430263338123e-01 1.433855509792735959e-04 3.428641618169852288e-05 2.107544354968889121e-06 4.0 0.00024149709559 1.6e-09
3.015015665720944963e-05 3.853727351197254070e+00 1.981071442341427180e-01 2.336457217068016240e-04 5.788741481405434191e-06 7.928475993551325206e-08 4.0 0.00024149709559 1.6e-09
2.257864653480059071e-05 3.432255607734792324e+00 1.448131858576932607e-01 2.111377433302224832e-04 -1.463004356054439331e-05 -1.116031995983065491e-06 4.0 0.00024149709559 1.6e-09
4.094027011404155779e-05 7.546888599710814827e-01 -1.469391044076790234e-02 1.098889214438338209e-04 -5.731713746803838376e-05 -2.279926445243832916e-06 4.0 0.00024149709559 1.6e-09
-5.381610617994525585e-05 1.777209142248545648e+00 9.697749767322669245e-02 1.301050008052975489e-04 3.928971117417380033e-05 2.486514032414089749e-06 4.0 0.00024149709559 1.6e-09
-1.097057295210065591e-04 3.798141549144716578e+00 1.947872032105555651e-01 2.306445288354225112e-04 7.811011353810693797e-06 1.039188113527688093e-07 4.0 0.00024149709559 1.6e-09
-3.380088683478292495e-05 3.588835819972858054e+00 1.451861964166393237e-01 2.194428948647466520e-04 -1.217836116549124247e-05 -1.037552044778199370e-06 4.0 0.00024149709559 1.6e-09
-2.904793646852849086e-05 1.071260594913146624e+00 -8.347896264939789340e-03 1.083564040572968347e-04 -5.260964686443290583e-05 -2.214353687210142687e-06 4.0 0.00024149709559 1.6e-09
4.024706351888196335e-05 1.406255136281961082e+00 7.454793922367256021e-02 1.163318211784562968e-04 4.600508450264669875e-05 2.809209655793467973e-06 4.0 0.00024149709559 1.6e-09
3.796606941045119112e-05 3.706841934925209081e+00 1.686867580525017729e-01 2.257385120985503453e-04 1.013402741898257941e-05 6.318111805455242209e-08 4.0 0.00024149709559 1.6e-09
1.526942100869199865e-05 3.729856850802947932e+00 1.224598250699429625e-01 2.269712780121642534e-04 -9.665887773718790968e-06 -9.003944323271189505e-07 4.0 0.00024149709559 1.6e-09
3.963258397391419081e-05 1.479761735928526445e+00 -5.869323746542929113e-03 1.187542653551212262e-04 -4.477033476558267268e-05 -1.670702559569532688e-06 4.0 0.00024149709559 1.6e-09
3.423539407202292467e-05 1.004600545341096218e+00 4.432013847801340167e-02 1.076847282953797950e-04 5.370671647895337977e-05 3.074156968160604124e-06 4.0 0.00024149709559 1.6e-09
-3.899029357136551814e-05 3.559048459269271270e+00 1.261457511474110560e-01 2.178635777318939793e-04 1.263736022908379015e-05 2.229942159369654832e-08 4.0 0.00024149709559 1.6e-09
-3.450887390742528207e-06 3.806081975738529355e+00 8.700988495518068022e-02 2.310784433446577647e-04 -7.480928675272235295e-06 -7.085901259519139939e-07 4.0 0.00024149709559 1.6e-09
-4.612287563390079262e-05 1.818078308097069495e+00 -8.126291905172449911e-03 1.318206664990618821e-04 -3.868912524066904035e-05 -1.116656765165936096e-06 4.0 0.00024149709559 1.6e-09
1.360161373644976453e-05 7.269204484923736942e-01 2.291394412638705219e-02 1.108861612548532290e-04 5.723640747448222130e-05 3.257110083492195980e-06 4.0 0.00024149709559 1.6e-09
-2.183237859622810199e-05 3.411646293179845468e+00 9.575865597281980890e-02 2.100581783766314456e-04 1.488617018897731736e-05 3.987821694415376898e-08 4.0 0.00024149709559 1.6e-09
8.517599454136137163e-07 3.850137533208291885e+00 6.609323015800772083e-02 2.334618809318743968e-04 -5.692106196702639372e-06 -5.429819241989339464e-07 4.0 0.00024149709559 1.6e-09
-7.002796401929207244e-05 2.081818544771245172e+00 -5.987755186943633304e-03 1.434248561205015999e-04 -3.433341679171928622e-05 -8.240184089608228620e-07 4.0 0.00024149709559 1.6e-09
-2.131491163421856701e-05 5.636667719637442620e-01 1.049240536556026934e-02 1.212691979615385942e-04 5.428595782033864703e-05 3.434800514736095862e-06 4.0 0.00024149709559 1.6e-09
-1.726245231965505022e-05 3.282706804701934544e+00 8.288761358499799337e-02 2.032533760064787472e-04 1.700736591745023182e-05 1.094609914821991383e-07 4.0 0.00024149709559 1.6e-09
5.462189680696510603e-05 3.903202352254825147e+00 6.242139783693261001e-02 2.363125064279738262e-04 -3.954785650262072055e-06 -4.336765913406779995e-07 4.0 0.00024149709559 1.6e-09
-1.110327496028391684e-05 2.357348839175060995e+00 1.706915396984741342e-03 1.563422896756737628e-04 -3.024439378929031703e-05 -7.264101610367530303e-07 4.0 0.00024149709559 1.6e-09
-6.198245861834846123e-05 4.507524150061617552e-01 2.254612550447710438e-03 1.363242953839508107e-04 4.181361248564347574e-05 3.843268598335812908e-06 4.0 0.00024149709559 1.6e-09
1.944975550534840960e-05 3.128572092408373528e+00 7.827750180880990727e-02 1.951563311373723372e-04 1.963394662938636203e-05 1.728628092612035728e-07 4.0 0.00024149709559 1.6e-09
2.586050283368053634e-05 3.972479426926295965e+00 6.318386044906645904e-02 2.400229191942721300e-04 -1.806301824296726038e-06 -3.805620896192149875e-07 4.0 0.00024149709559 1.6e-09
-6.590975467012148790e-05 2.705328423692707318e+00 7.962751644410414470e-03 1.734581192364278383e-04 -2.554675250987533097e-05 -6.698681808618610178e-07 4.0 0.00024149709559 1.6e-09
-6.844228657026023104e-06 3.862763232093673338e-01 -4.571064086006914814e-03 1.502272186011733061e-04 9.883846678617278913e-06 4.077469230668672275e-06 4.0 0.00024149709559 1.6e-09
-4.701944184453196859e-05 2.866121174132599592e+00 5.896959687126240163e-02 1.815921528551261857e-04 2.347952352416757322e-05 9.738485398495234848e-08 4.0 0.00024149709559 1.6e-09
4.312573214191290998e-05 4.000217310799033754e+00 4.093232421798662091e-02 2.415070092327344944e-04 7.601708727486964954e-07 -3.495045306223682785e-07 4.0 0.00024149709559 1.6e-09
6.922645187937730485e-05 3.044838316181143867e+00 -3.648954545395708890e-03 1.907871836940668356e-04 -2.101868350455631294e-05 -4.744492965763034336e-07 4.0 0.00024149709559 1.6e-09
3.069735763357651535e-05 4.161912298785283015e-01 -9.763893726735806133e-03 1.431134548609953828e-04 -3.171110529642018517e-05 3.218066024169312721e-06 4.0 0.00024149709559 1.6e-09
-1.518565758757064327e-05 2.491018732218157172e+00 2.857641811306014037e-02 1.628089761576155320e-04 2.850096813118139133e-05 -3.306902099215590574e-08 4.0 0.00024149709559 1.6e-09
-1.141435227580376308e-04 3.943512751815718254e+00 9.247769089842042961e-03 2.384658330283020067e-04 3.293055241870453008e-06 -2.623980482537485521e-07 4.0 0.00024149709559 1.6e-09
-9.905680048621135533e-05 3.260996487619675754e+00 -1.771194759831692944e-02 2.020885573103627965e-04 -1.764011313836444091e-05 -2.225892288679761433e-07 4.0 0.00024149709559 1.6e-09
1.094180984996704782e-05 5.327289803197360341e-01 -1.055076586355018463e-02 1.244337670308850617e-04 -5.269679689524124036e-05 1.845445177128154840e-06 4.0 0.00024149709559 1.6e-09
4.538362680142894555e-05 2.144559031277651684e+00 1.377322153307040595e-02 1.462849609797269978e-04 3.346191872211294984e-05 2.251230706292298923e-09 4.0 0.00024149709559 1.6e-09
6.395185155493492222e-05 3.873454870149805274e+00 3.763513144391808420e-03 2.347054820748538146e-04 5.420805976633514067e-06 -1.398758834008351287e-07 4.0 0.00024149709559 1.6e-09
8.686232885967328096e-05 3.412719867510197957e+00 -1.033157908094159069e-02 2.101011443201090587e-04 -1.508899717414764207e-05 -1.142096706199192826e-07 4.0 0.00024149709559 1.6e-09
2.852599014228297862e-06 7.143683814298731338e-01 -8.072653137279069135e-03 1.113018380042001410e-04 -5.750693992509278295e-05 6.739908062126644836e-07 4.0 0.00024149709559 1.6e-09
2.945094941757079386e-05 1.833958455043283031e+00 1.172773906716718939e-02 1.324890828305162207e-04 3.843943477054067095e-05 1.816869184398702426e-07 4.0 0.00024149709559 1.6e-09
1.091601407739381931e-04 3.812294589849362758e+00 1.486816672333165883e-02 2.314116146102437725e-04 7.402560192232298450e-06 -4.622616620134720244e-08 4.0 0.00024149709559 1.6e-09
7.939282405906758055e-06 3.558296833160110140e+00 6.016757392462775134e-03 2.178225041280359769e-04 -1.271734510906390888e-05 -1.169013441001964533e-07 4.0 0.00024149709559 1.6e-09
2.202963541885361726e-06 9.935182497495074205e-01 -4.807962886258725088e-03 1.075932908271911713e-04 -5.408986092409548559e-05 3.878749116432401740e-09 4.0 0.00024149709559 1.6e-09
-3.323081152231333659e-05 1.489832451185506779e+00 1.073648121932539376e-02 1.191201316450310693e-04 4.456064537559186920e-05 2.872508789366069891e-07 4.0 0.00024149709559 1.6e-09
-9.620758047942476357e-05 3.731495495435969811e+00 1.754723107023290624e-02 2.270650924803638434e-04 9.583549744891224186e-06 -3.149084220277306001e-08 4.0 0.00024149709559 1.6e-09
-1.414761861300291670e-05 3.696569485460261539e+00 9.183116889656194048e-03 2.251945228102790225e-04 -1.030684122534701339e-05 -1.208408453849991427e-07 4.0 0.00024149709559 1.6e-09
-7.910318489534262578e-06 1.370316665916968546e+00 -4.283210826860279000e-03 1.152236470393933824e-04 -4.682732995112987180e-05 -1.044365641348046888e-07 4.0 0.00024149709559 1.6e-09
4.346512110064808932e-06 1.105060719115918300e+00 3.632123442750476161e-03 1.088786939247021881e-04 5.195478973898649101e-05 3.340959485010687185e-08 4.0 0.00024149709559 1.6e-09
-6.117498654514251521e-05 3.602894490367153146e+00 -1.784856856765828451e-03 2.201971384358680133e-04 1.194886214543175500e-05 -7.075769045594880054e-08 4.0 0.00024149709559 1.6e-09
-1.025108921847370789e-04 3.787478466795493492e+00 -7.816654901800536293e-03 2.300767745365432844e-04 -8.088215701524356603e-06 -3.952242923862899642e-08 4.0 0.00024149709559 1.6e-09
-3.674261639098063705e-05 1.724072016603263702e+00 -7.229629618530457325e-03 1.279476523372379926e-04 -4.032086499156964344e-05 1.039976802544931201e-07 4.0 0.00024149709559 1.6e-09
4.870996266488531080e-05 7.967152214088695228e-01 -3.956779021494770052e-03 1.088392137747564749e-04 5.697435149562821751e-05 -6.009726194029737394e-07 4.0 0.00024149709559 1.6e-09
4.803390179305548510e-05 3.457898922764663929e+00 -2.281581791399867054e-02 2.125019856062063269e-04 1.422632953903820051e-05 -5.571701634248340611e-08 4.0 0.00024149709559 1.6e-09
2.666040916052489777e-05 3.841260585916039361e+00 -2.022324026334996333e-02 2.329797776008035108e-04 -6.202892809520339120e-06 9.490578892118065127e-08 4.0 0.00024149709559 1.6e-09
-2.638940681233009028e-05 2.010892160840196397e+00 -3.961527915254175677e-03 1.402126780903882478e-04 -3.549348844220294414e-05 2.395976343557256690e-07 4.0 0.00024149709559 1.6e-09
2.788902386531215514e-06 6.022238954509306907e-01 -8.509673841496647254e-03 1.178477529784032331e-04 5.599431402735852571e-05 -1.405562250504336761e-06 4.0 0.00024149709559 1.6e-09
-8.687048306375556818e-05 3.323649836966374060e+00 -2.750340558312266287e-02 2.054046740537526880e-04 1.642768838040262446e-05 6.859855744865926902e-08 4.0 0.00024149709559 1.6e-09
2.597196721467530758e-05 3.896195272103403440e+00 -1.130950975926163851e-02 2.359334896884945530e-04 -4.392751628917438300e-06 2.136189394682970333e-07 4.0 0.00024149709559 1.6e-09
2.373794596572903443e-05 2.296114661101822829e+00 1.108337840152008417e-02 1.534067699270579553e-04 -3.116748609556339996e-05 1.780506801150906691e-07 4.0 0.00024149709559 1.6e-09
-2.900534026553958856e-05 4.710001626474367153e-01 -9.662649599350744967e-03 1.328644054429261472e-04 4.576148267609233671e-05 -2.161169619847485861e-06 4.0 0.00024149709559 1.6e-09
2.628160003933853694e-05 3.170022468714530639e+00 -1.460345376534047043e-02 1.973211948338318786e-04 1.902089807098124305e-05 2.733278548979226575e-07 4.0 0.00024149709559 1.6e-09
8.892290003170317809e-05 3.964384151193738770e+00 1.598804078996945641e-02 2.395884908659781242e-04 -2.266678696180935184e-06 2.802298291656224470e-07 4.0 0.00024149709559 1.6e-09
7.247557018971696133e-05 2.640319152658562096e+00 3.503921488213628671e-02 1.701998683016756248e-04 -2.643927073243644091e-05 8.453996710472781274e-09 4.0 0.00024149709559 1.6e-09
-7.370353458293788938e-05 3.918613183175957415e-01 -6.778417440279085882e-03 1.488047335234255874e-04 1.717686743595628194e-05 -2.784151594696339769e-06 4.0 0.00024149709559 1.6e-09
-6.215928648808862226e-05 2.923419434569420883e+00 -2.761070371223828604e-03 1.845289672033150982e-04 2.267746363744058699e-05 4.218338251364179560e-07 4.0 0.00024149709559 1.6e-09
6.418879883005523465e-05 3.999329475142993751e+00 3.641731216529449366e-02 2.414608183627033771e-04 2.568656257964894936e-07 3.047250235171146744e-07 4.0 0.00024149709559 1.6e-09
-2.817363180943624696e-05 2.984959948192243750e+00 5.243934805255132114e-02 1.876956375992578805e-04 -2.181927112864822491e-05 -6.914535433177297368e-08 4.0 0.00024149709559 1.6e-09
3.975528311453981566e-05 4.021550469382078052e-01 -5.919430531506908195e-04 1.463480285140875505e-04 -2.465322871689489296e-05 -3.083491408636677355e-06 4.0 0.00024149709559 1.6e-09
-7.713919784367024690e-05 2.565725911291598216e+00 -9.430691397812850096e-03 1.664899569450143573e-04 2.746700272645670462e-05 4.592767415979202437e-07 4.0 0.00024149709559 1.6e-09
-5.294448880006861753e-06 3.954589421651812486e+00 3.574127165418986701e-02 2.390614378329131476e-04 2.779806092593422515e-06 3.719813936551596000e-07 4.0 0.00024149709559 1.6e-09
1.242774182527197469e-05 3.217471415553733394e+00 5.884310585958851814e-02 1.998035411539939282e-04 -1.830945943148303462e-05 9.514068312145623920e-09 4.0 0.00024149709559 1.6e-09
-2.463757551205631363e-05 5.006028733153895516e-01 8.169130278506634563e-03 1.284971118956031752e-04 -4.966084650602741986e-05 -3.090685553304457005e-06 4.0 0.00024149709559 1.6e-09
-3.407703620090389346e-05 2.219186317771633998e+00 -1.368513993598917920e-02 1.497563866919978878e-04 3.235866743996906756e-05 6.140088713554808396e-07 4.0 0.00024149709559 1.6e-09
-5.121895624434205440e-05 3.889202056360475446e+00 4.712710954273720276e-02 2.355500578533807295e-04 4.972603026785743559e-06 5.029604416098562677e-07 4.0 0.00024149709559 1.6e-09
6.625934910258508696e-06 3.382152913498662095e+00 7.912153449065650879e-02 2.084820615344031838e-04 -1.560354186068677558e-05 4.562890536213100066e-08 4.0 0.00024149709559 1.6e-09
1.918243058566557289e-06 6.701511392372752063e-01 2.063573179823093018e-02 1.133520325339746411e-04 -5.724330039857840194e-05 -3.133399122276809869e-06 4.0 0.00024149709559 1.6e-09
5.079496852567291255e-06 1.900756825684866813e+00 -9.569981758185146584e-03 1.353373425866638124e-04 3.735399271028025034e-05 9.611183380496232392e-07 4.0 0.00024149709559 1.6e-09
8.577346672785344812e-05 3.828801723258572931e+00 7.533559374034051737e-02 2.322954735907915131e-04 7.014162898896241744e-06 6.485844050395539963e-07 4.0 0.00024149709559 1.6e-09
9.782399988499885569e-05 3.537193440023161273e+00 1.125982066886856148e-01 2.166954146757930097e-04 -1.311531829050051059e-05 2.472346764740656555e-09 4.0 0.00024149709559 1.6e-09
2.374665785542462790e-05 9.451585481508678610e-01 3.884198954781189345e-02 1.073934114190573034e-04 -5.485192798305225888e-05 -2.958321006533714487e-06 4.0 0.00024149709559 1.6e-09
-1.594524370768593286e-06 1.545261065692160152e+00 -6.026081038194980137e-03 1.210735753962697994e-04 4.353841845924327878e-05 1.369472583357546100e-06 4.0 0.00024149709559 1.6e-09
-1.037716301892090912e-04 3.746800060466787041e+00 1.019679413579760996e-01 2.278826516062949607e-04 9.254755709823911543e-06 7.695257798210294829e-07 4.0 0.00024149709559 1.6e-09
1.756637551297787769e-06 3.681833078502038337e+00 1.423473592391153453e-01 2.244028674281522940e-04 -1.059970993163316904e-05 -4.300033029283004376e-08 4.0 0.00024149709559 1.6e-09
1.102271814309021896e-05 1.327166179810938651e+00 6.109214243222996221e-02 1.139389965787962987e-04 -4.755464515524072586e-05 -2.534718425120755432e-06 4.0 0.00024149709559 1.6e-09
-2.360446861130556509e-05 1.145878766504862867e+00 -1.056371139282916670e-02 1.095931509666006360e-04 5.112970197757848041e-05 1.607503913441236583e-06 4.0 0.00024149709559 1.6e-09
-1.047752762319816369e-04 3.615125973541668536e+00 1.116824481835020783e-01 2.208493403106382975e-04 1.165696226430686464e-05 8.691644792492558333e-07 4.0 0.00024149709559 1.6e-09
9.366959592895570536e-05 3.773203644468858364e+00 1.566831616359487533e-01 2.293097976863028853e-04 -8.354522570649961985e-06 -3.249405092944891790e-08 4.0 0.00024149709559 1.6e-09
-2.796973009427659623e-05 1.681616425301772022e+00 7.927994080867453719e-02 1.262558502674071038e-04 -4.094717740700469489e-05 -2.135287749774673932e-06 4.0 0.00024149709559 1.6e-09
-4.585467087970320914e-05 8.285615829323728088e-01 -1.708290639440199904e-02 1.082580494795618790e-04 5.656869207043831540e-05 1.571891548893374946e-06 4.0 0.00024149709559 1.6e-09
6.038866420840789104e-05 3.470067801452906942e+00 1.142246454867498900e-01 2.131508991106200531e-04 1.389329334764021136e-05 9.857872212431019159e-07 4.0 0.00024149709559 1.6e-09
1.113451279976534228e-04 3.823148464154131787e+00 1.665189889168608439e-01 2.320089928611634750e-04 -6.505073682268416077e-06 1.061619282492261021e-08 4.0 0.00024149709559 1.6e-09
5.202955880574998356e-05 1.956875609284506101e+00 9.500134327384662791e-02 1.378200181191849771e-04 -3.622838201077845804e-05 -1.895280680424360641e-06 4.0 0.00024149709559 1.6e-09
-4.446807042887341487e-05 6.323629579425293912e-01 -2.117043866320906381e-02 1.156874249699855990e-04 5.663018450626401153e-05 1.336606547363669755e-06 4.0 0.00024149709559 1.6e-09
-8.233768337664393658e-05 3.342805944177411170e+00 1.205865939947391163e-01 2.064215917316564392e-04 1.595107010932169924e-05 1.138752356177088304e-06 4.0 0.00024149709559 1.6e-09
9.820583798640286958e-05 3.872775835813489831e+00 1.821149753528865101e-01 2.346784652511174629e-04 -4.811606675080318615e-06 5.681139253797193713e-08 4.0 0.00024149709559 1.6e-09
8.522767007020685623e-06 2.220715310553718069e+00 1.144333984271186933e-01 1.498507933383238372e-04 -3.212401164936671237e-05 -1.758430590979692468e-06 4.0 0.00024149709559 1.6e-09
-1.484397720606829563e-06 4.983467719563354770e-01 -2.356685537058113983e-02 1.288073688832252236e-04 4.933025848644931679e-05 8.306549703948076347e-07 4.0 0.00024149709559 1.6e-09
9.712247254390695436e-05 3.207334740563884345e+00 1.303329387190578781e-01 1.992807854371845058e-04 1.828398942958557618e-05 1.339402139381472372e-06 4.0 0.00024149709559 1.6e-09
-9.098974360275527743e-05 3.940901192946594023e+00 2.035334534030385778e-01 2.383281106280261616e-04 -2.816379948305046999e-06 1.134542459192285234e-07 4.0 0.00024149709559 1.6e-09
2.810918980005569200e-05 2.547717004151499154e+00 1.407405827624299000e-01 1.656068502826128731e-04 -2.755094152471034068e-05 -1.613956876474707099e-06 4.0 0.00024149709559 1.6e-09
5.387033138178213339e-05 4.047286698017844575e-01 -2.402613600723867843e-02 1.456584107064317615e-04 2.612097313518945579e-05 -5.432014875016532921e-07 4.0 0.00024149709559 1.6e-09
-9.016915813496829220e-05 2.992607444411310880e+00 1.324668815211533512e-01 1.880877716401926371e-04 2.163104918567010734e-05 1.581552422683023885e-06 4.0 0.00024149709559 1.6e-09
-6.111899933962420216e-05 3.994021705883429973e+00 2.198176035372732540e-01 2.411724252135679161e-04 -3.442168318074060860e-07 1.978130985258388584e-07 4.0 0.00024149709559 1.6e-09
6.417296621057772769e-05 2.912178848949385390e+00 1.670041810735882204e-01 1.839499103810595293e-04 -2.272444440766032434e-05 -1.403821629243777154e-06 4.0 0.00024149709559 1.6e-09
5.944828082384215752e-05 3.915869689006270526e-01 -2.030280300029330826e-02 1.488771557771371523e-04 -1.610254106436019851e-05 -2.909311277128749402e-06 4.0 0.00024149709559 1.6e-09
1.941108631597636045e-05 2.645448294577812387e+00 1.158632573661272647e-01 1.704537681770418225e-04 2.627396513380035039e-05 1.862251827068240574e-06 4.0 0.00024149709559 1.6e-09
3.079744902542675506e-05 3.960962954860770324e+00 2.195794171206909839e-01 2.394010256241132172e-04 2.220756497107698161e-06 3.148495734589511207e-07 4.0 0.00024149709559 1.6e-09
1.965944243822662893e-05 3.167055157778901453e+00 1.806860829136272273e-01 1.971623105617847243e-04 -1.897469425946748619e-05 -1.187162986999142306e-06 4.0 0.00024149709559 1.6e-09
-6.080503331796786919e-06 4.727854365058757891e-01 -1.246442581731568855e-02 1.326009060872008181e-04 -4.581069503989752660e-05 -4.288292863012449832e-06 4.0 0.00024149709559 1.6e-09
3.494560977932150369e-05 2.291183622617943172e+00 1.002564549084546675e-01 1.531642437944042193e-04 3.115119388992191338e-05 2.243688998958996211e-06 4.0 0.00024149709559 1.6e-09
9.168253869077130534e-05 3.893434961114254023e+00 2.237602292841111562e-01 2.357792515454767296e-04 4.448450755082213057e-06 4.358992141657128772e-07 4.0 0.00024149709559 1.6e-09
-8.446823302819814259e-05 3.333865531074366118e+00 1.953342345258747281e-01 2.059367154146898794e-04 -1.620143200259194585e-05 -1.068179602932984675e-06 4.0 0.00024149709559 1.6e-09
4.636737891410487757e-06 6.188698962661323133e-01 -2.188553747852858833e-03 1.165609668861934060e-04 -5.634935691953579546e-05 -4.642653520457487989e-06 4.0 0.00024149709559 1.6e-09
-3.449304901150015003e-05 1.982367622440586175e+00 9.216142193462140142e-02 1.389223706226079438e-04 3.586574918603852035e-05 2.724968973015189585e-06 4.0 0.00024149709559 1.6e-09
2.390405646231485846e-05 3.835890835960009682e+00 2.355754273226169926e-01 2.326807135199281747e-04 6.450058896252620224e-06 5.247417056157902163e-07 4.0 0.00024149709559 1.6e-09
6.807208691524731931e-05 3.487056905121236117e+00 2.124195834511705683e-01 2.140362655605708973e-04 -1.375420387659465232e-05 -1.018909841986084962e-06 4.0 0.00024149709559 1.6e-09
-4.716173295343306578e-05 8.566328403776397593e-01 1.201077885799797622e-02 1.078234946686821834e-04 -5.617927374435302361e-05 -4.380198193686655428e-06 4.0 0.00024149709559 1.6e-09
4.853074920787510583e-05 1.650047217652758746e+00 7.972767354132546946e-02 1.250003315808104459e-04 4.149376326977902249e-05 3.256285467477840473e-06 4.0 0.00024149709559 1.6e-09
2.923804757810674463e-05 3.768675734845196246e+00 2.378905631346771576e-01 2.290557945864182365e-04 8.614314199674391744e-06 5.736656051775827533e-07 4.0 0.00024149709559 1.6e-09
-6.625866225989984813e-05 3.644847794591740797e+00 2.188692631136106570e-01 2.224249203710281257e-04 -1.119724881890744162e-05 -9.449414315393904676e-07 4.0 0.00024149709559 1.6e-09
-4.819265673386467991e-05 1.226675448043820893e+00 3.054439216048455974e-02 1.112901621604196138e-04 -4.949733798849910373e-05 -3.634092923216108089e-06 4.0 0.00024149709559 1.6e-09
3.848090738152081588e-05 1.247344575645270570e+00 5.338434460078553268e-02 1.118118310145983118e-04 4.900221352141000131e-05 3.798562167058858646e-06 4.0 0.00024149709559 1.6e-09
-7.134744487253386449e-05 3.649418101301592277e+00 2.177348428255064527e-01 2.226729217719456224e-04 1.105899691724900487e-05 6.037050813754158493e-07 4.0 0.00024149709559 1.6e-09
5.381576379435339271e-05 3.757678625392404381e+00 2.053332068418580181e-01 2.284694328899625887e-04 -8.806325258165204254e-06 -8.087102905962141433e-07 4.0 0.00024149709559 1.6e-09
4.525219156658005608e-06 1.612169322876565669e+00 4.407533166539490121e-02 1.235544959607811006e-04 -4.222594739352320665e-05 -2.828672481654410174e-06 4.0 0.00024149709559 1.6e-09
-3.896155138022952818e-05 8.884650732699787001e-01 2.644225700986693045e-02 1.075984663707550389e-04 5.559511021974733610e-05 4.345384701625349414e-06 4.0 0.00024149709559 1.6e-09
6.156007315643303285e-05 3.497866686217411480e+00 1.931878593642729347e-01 2.146219634045781093e-04 1.343015547864267125e-05 6.559178520271018812e-07 4.0 0.00024149709559 1.6e-09
3.492505876864643853e-05 3.813355670737586411e+00 1.891607541849859575e-01 2.314791596126577100e-04 -6.839628962037290991e-06 -6.720378322619876065e-07 4.0 0.00024149709559 1.6e-09
1.222576356554298346e-05 1.904456316293356766e+00 5.198693242613742355e-02 1.355240848558217359e-04 -3.711985185567661635e-05 -2.304272347433230529e-06 4.0 0.00024149709559 1.6e-09
2.563588203852559995e-05 6.675575159518791768e-01 9.963865274532064317e-03 1.135930466530413695e-04 5.693377252146653391e-05 4.801488949075122653e-06 4.0 0.00024149709559 1.6e-09
-8.207092860313040350e-05 3.364901655342832143e+00 1.791721969983446350e-01 2.075909825731299656e-04 1.552015921164295097e-05 7.265677265560133743e-07 4.0 0.00024149709559 1.6e-09
-3.445049269092883036e-05 3.858034891507777786e+00 1.824805751001264131e-01 2.338887444600889738e-04 -5.161499506841546877e-06 -5.778033089315215536e-07 4.0 0.00024149709559 1.6e-09
4.466866266247210911e-05 2.157321054472917332e+00 6.036237960648715983e-02 1.468976047910818255e-04 -3.309226217928892724e-05 -2.004773828676124767e-06 4.0 0.00024149709559 1.6e-09
-2.616247244557615828e-05 5.270857225649476785e-01 -3.288209400211022037e-04 1.251733472679763268e-04 5.186861550382397339e-05 5.257393810446779432e-06 4.0 0.00024149709559 1.6e-09
3.019302857118719174e-05 3.239063833132745707e+00 1.727591208053255722e-01 2.009534208927322865e-04 1.768791771464239929e-05 8.063711039587009183e-07 4.0 0.00024149709559 1.6e-09
-4.730052705659815816e-05 3.921041169419771322e+00 1.820427324055212681e-01 2.372660077228518462e-04 -3.327542573808261781e-06 -5.127514214917073394e-07 4.0 0.00024149709559 1.6e-09
6.828844392733444816e-05 2.458120374951764830e+00 7.082680066247283579e-02 1.612160578360014463e-04 -2.879488937746838901e-05 -1.773959833307713690e-06 4.0 0.00024149709559 1.6e-09
5.889565013867772742e-05 4.238295560426329489e-01 -9.144414425073410513e-03 1.414768002815909131e-04 3.433773400278006504e-05 5.517310361171815011e-06 4.0 0.00024149709559 1.6e-09
-8.575120696710416667e-05 3.058969388144464396e+00 1.600281167608224586e-01 1.915242388646667797e-04 2.068845971484890359e-05 8.584393830583092596e-07 4.0 0.00024149709559 1.6e-09
3.370733038100547264e-05 3.990002846316611951e+00 1.729841108580987552e-01 2.409582342877188837e-04 -9.734602827648396231e-07 -4.512135622306272513e-07 4.0 0.00024149709559 1.6e-09
-7.724726150017196754e-05 2.830188137281536065e+00 7.580174324558035248e-02 1.797645326525836701e-04 -2.387981441047249109e-05 -1.479295763448409449e-06 4.0 0.00024149709559 1.6e-09
3.555290179570844860e-05 3.846919619333791784e-01 -1.750656049353272251e-02 1.506152604395730589e-04 -5.004935349260768772e-06 4.367512676905379896e-06 4.0 0.00024149709559 1.6e-09
2.215471459712004844e-05 2.741504746527305247e+00 1.246743793481275842e-01 1.752692653782577314e-04 2.507594496726007393e-05 8.522765450325663187e-07 4.0 0.00024149709559 1.6e-09
1.610831533246929916e-05 3.983522150726384048e+00 1.394937143472153585e-01 2.406105294470680983e-04 1.648893028790370376e-06 -3.611079902101181131e-07 4.0 0.00024149709559 1.6e-09
-2.223655356302638598e-05 3.127190173898418024e+00 6.343559078760174774e-02 1.950724705072296589e-04 -1.974686873062059950e-05 -1.106786073028006637e-06 4.0 0.00024149709559 1.6e-09
6.107365969993484639e-05 4.474422606911647726e-01 -2.163033804584099315e-02 1.368764629580361059e-04 -4.108976733343962619e-05 2.190300719674692851e-06 4.0 0.00024149709559 1.6e-09
8.516504553633890242e-06 2.366686184610232502e+00 9.162290347755777664e-02 1.567758561459138772e-04 3.014901154777689031e-05 9.340214158548790594e-07 4.0 0.00024149709559 1.6e-09
-5.859806890476760373e-05 3.913745020188454493e+00 1.140294932830190899e-01 2.368705340437213280e-04 4.017540658106629556e-06 -2.426936614252319308e-07 4.0 0.00024149709559 1.6e-09
-8.386477989266358755e-05 3.305648111587033533e+00 5.674589415211420823e-02 2.044472939152972273e-04 -1.679593513310660826e-05 -8.471905391117339170e-07 4.0 0.00024149709559 1.6e-09
3.863664403670528073e-05 5.789947870173512978e-01 -2.124473427531565692e-02 1.197605176085768820e-04 -5.519899541739011221e-05 5.608650032372467263e-07 4.0 0.00024149709559 1.6e-09
-2.344858807972778416e-05 2.050201916345500308e+00 7.547323805392719409e-02 1.419738424561246544e-04 3.485032813810844148e-05 1.139469760218990470e-06 4.0 0.00024149709559 1.6e-09
-6.436268525155279866e-05 3.850797092018069634e+00 1.089014845292910899e-01 2.334887930848581600e-04 5.994968361538375932e-06 -1.510128168974227235e-07 4.0 0.00024149709559 1.6e-09
-4.936935353786687706e-06 3.448179358709032805e+00 6.159948319652917142e-02 2.119821038507189765e-04 -1.442908286410372865e-05 -7.400145508973341658e-07 4.0 0.00024149709559 1.6e-09
4.569629748576686633e-05 7.768365397646210813e-01 -1.946989887144780912e-02 1.092741905793262437e-04 -5.719118145769234578e-05 -3.793675673955493022e-07 4.0 0.00024149709559 1.6e-09
4.075388215948588919e-05 1.747545241712604724e+00 6.631160996228716020e-02 1.288949890264375737e-04 3.986784674256893345e-05 1.385562235345199207e-06 4.0 0.00024149709559 1.6e-09
-9.002092409601822136e-05 3.793460821059234878e+00 1.061718964089819889e-01 2.303949838201910889e-04 7.980950760308960784e-06 -1.250897565433620590e-07 4.0 0.00024149709559 1.6e-09
4.798828978578038228e-05 3.598892461241351093e+00 6.216534333731822681e-02 2.199807462463156549e-04 -1.204388471374202450e-05 -6.890569073552380551e-07 4.0 0.00024149709559 1.6e-09
2.906334497011977080e-05 1.092453618966801709e+00 -1.878488291382680517e-02 1.086639206897789322e-04 -5.222422514206888117e-05 -6.934470611110267876e-07 4.0 0.00024149709559 1.6e-09
4.131440530749738732e-05 1.383090422754179150e+00 5.105876443041248991e-02 1.156108466740824738e-04 4.653340529376987536e-05 1.495687610206185270e-06 4.0 0.00024149709559 1.6e-09
-4.981007424551130874e-05 3.701808858333008434e+00 8.249780430211851867e-02 2.254709156752522235e-04 1.026575323791177900e-05 -1.840361637752006391e-07 4.0 0.00024149709559 1.6e-09
-2.295954123044092554e-05 3.734676370469461659e+00 3.977902055482961108e-02 2.272318399384169350e-04 -9.580837675966797693e-06 -5.902663240855616670e-07 4.0 0.00024149709559 1.6e-09
5.004088916580361673e-06 1.493463213876045526e+00 -2.353309508557323293e-02 1.192328260390611403e-04 -4.452101782352905281e-05 -4.571724966891641229e-07 4.0 0.00024149709559 1.6e-09
-3.122222718741902411e-05 9.916125818119625457e-01 2.978360776879132241e-02 1.075896309860324560e-04 5.406276162112895543e-05 1.370387138467633945e-06 4.0 0.00024149709559 1.6e-09
-4.391376533307298960e-05 3.556552450154302214e+00 4.152642041856637045e-02 2.177301783594684341e-04 1.273096497922734520e-05 -2.550874643122273579e-07 4.0 0.00024149709559 1.6e-09
7.838239210161503426e-05 3.811446217395664693e+00 4.255774409041188436e-03 2.313660890513630924e-04 -7.411157160912968433e-06 -4.160452624960046946e-07 4.0 0.00024149709559 1.6e-09
-3.775495988360495140e-05 1.833290511706094694e+00 -3.041084750593611719e-02 1.324598550825282757e-04 -3.844830415284860653e-05 -7.811996996140093136e-08 4.0 0.00024149709559 1.6e-09
-5.338288954996993086e-06 7.158762683169586083e-01 1.430320454099158825e-02 1.112929667100488209e-04 5.739144394364260302e-05 1.075647903679732442e-06 4.0 0.00024149709559 1.6e-09
-1.837021106069995901e-05 3.408303513568456289e+00 1.280872743892602639e-02 2.098779749982803778e-04 1.501270033282861612e-05 -2.414878171995258596e-07 4.0 0.00024149709559 1.6e-09
-1.149032506074770387e-04 3.858674297720429358e+00 -1.396095297423884628e-02 2.339184275245219749e-04 -5.560331744667282286e-06 -2.439805780685723701e-07 4.0 0.00024149709559 1.6e-09
-1.563968317557876153e-05 2.107812161619596836e+00 -2.832701271988021657e-02 1.446065986484870421e-04 -3.396287681001134014e-05 8.471075057751250599e-08 4.0 0.00024149709559 1.6e-09
-2.700445666854754190e-05 5.504304951687444269e-01 5.383057430498171952e-03 1.225777801957268602e-04 5.373097371494858494e-05 8.060103193784305459e-07 4.0 0.00024149709559 1.6e-09
4.595909481524967108e-05 3.272730651467318452e+00 5.255684588515550579e-03 2.027240552517687016e-04 1.724022059057500584e-05 -1.373426615427701915e-07 4.0 0.00024149709559 1.6e-09
-9.141445150756163354e-05 3.914565135040147581e+00 -9.327718986942208981e-03 2.369205026501082240e-04 -3.729964850872662093e-06 -1.278491118428835458e-07 4.0 0.00024149709559 1.6e-09
-3.594498065391208569e-05 2.398161434997653885e+00 -1.681104450642555148e-02 1.583056554678822516e-04 -2.969588042084161475e-05 3.225490347356451264e-08 4.0 0.00024149709559 1.6e-09
3.994005627377767104e-05 4.386696845781107301e-01 6.898146522797950295e-04 1.385642631573565662e-04 3.909609777869774269e-05 8.471223333915237452e-07 4.0 0.00024149709559 1.6e-09
3.525366940713349387e-05 3.104230411686565105e+00 1.027375252620176677e-02 1.938857519196890877e-04 2.003608198345377744e-05 -2.593219425021939485e-08 4.0 0.00024149709559 1.6e-09
-4.846513603540543138e-05 3.980311018561464742e+00 3.772014988019240823e-03 2.404428808038740098e-04 -1.506378345751032137e-06 -8.453445744864960667e-08 4.0 0.00024149709559 1.6e-09
-5.393609063537969456e-05 2.750601922413660194e+00 -5.039617479411469432e-03 1.757373179966381378e-04 -2.495916432880686497e-05 -7.207787534867654850e-08 4.0 0.00024149709559 1.6e-09
-7.497699879860444678e-05 3.838756974275709943e-01 -1.270154684682066369e-03 1.508826637134563157e-04 4.599106568430308664e-06 1.039334667411879106e-06 4.0 0.00024149709559 1.6e-09
2.696942114374641455e-05 2.824114511161130103e+00 2.333848471475171316e-03 1.794552127376233298e-04 2.402824350173864398e-05 -7.855820339009263585e-08 4.0 0.00024149709559 1.6e-09
-4.745381923903275350e-05 3.994718422561117421e+00 -5.827018998938456040e-03 2.412131073873991535e-04 1.055412553199335859e-06 -7.020080915775619695e-08 4.0 0.00024149709559 1.6e-09
3.818383330426232094e-05 3.071030680258673762e+00 -1.043409599560682008e-02 1.921496482810662728e-04 -2.061448156360726490e-05 -4.578818939792475632e-09 4.0 0.00024149709559 1.6e-09
-3.543423788467323630e-05 4.245583330581862436e-01 -1.120152839096637785e-03 1.413667605595426741e-04 -3.492447300561701454e-05 8.383984515810041275e-07 4.0 0.00024149709559 1.6e-09
5.012729832900175724e-05 2.453756251170743585e+00 -1.633427447873880486e-02 1.609887067775875031e-04 2.900961378509193820e-05 -1.994635297218624986e-07 4.0 0.00024149709559 1.6e-09
-6.744878659151113244e-05 3.936290067140374216e+00 -2.398619019165625088e-02 2.380784204865031128e-04 3.522991166176062486e-06 1.288660680446062298e-08 4.0 0.00024149709559 1.6e-09
5.017107458195258407e-05 3.278165520568539826e+00 -1.550722769715263613e-02 2.029920495213930463e-04 -1.736276373250160546e-05 1.537742204450512689e-07 4.0 0.00024149709559 1.6e-09
4.361480987881203697e-05 5.479245370401539805e-01 2.576234419763513608e-03 1.227576767922061848e-04 -5.377936585965207769e-05 1.800734795228779558e-07 4.0 0.00024149709559 1.6e-09
-4.888320042637434905e-05 2.113153153239728965e+00 -2.227865550628884556e-02 1.448321829945718731e-04 3.396509573246883152e-05 -1.351721541329622992e-07 4.0 0.00024149709559 1.6e-09
6.061193177631344785e-05 3.869486583224744258e+00 -1.677824924775616483e-02 2.344896386600121342e-04 5.646025698934454019e-06 1.496754470491869406e-07 4.0 0.00024149709559 1.6e-09
-9.841277757942954818e-05 3.433476593167796409e+00 2.134409986811622306e-03 2.111978117671461420e-04 -1.477843776088807212e-05 1.963681376213255825e-07 4.0 0.00024149709559 1.6e-09
-4.662116784532130019e-05 7.449701463887894448e-01 9.910294357089372008e-03 1.101792586185326391e-04 -5.745037219791738451e-05 -5.241428020597322673e-07 4.0 0.00024149709559 1.6e-09
-4.456554204564354302e-05 1.791941445699303914e+00 -1.751229094584041274e-02 1.307191021898651919e-04 3.917724341589568350e-05 9.899129704248470583e-08 4.0 0.00024149709559 1.6e-09
-4.754657637970735780e-05 3.805679342568674794e+00 7.129482660650683819e-03 2.310516649147628643e-04 7.706267409574046149e-06 2.734515215493807143e-07 4.0 0.00024149709559 1.6e-09
-1.311351140619056968e-05 3.583307917394700670e+00 3.032685876398434621e-02 2.191503304832508330e-04 -1.234584394708302775e-05 1.439217394926345369e-07 4.0 0.00024149709559 1.6e-09
-4.853989611594594400e-05 1.049822301176553285e+00 2.010273347144067579e-02 1.080946067457754607e-04 -5.303593453507880826e-05 -8.707212258324461938e-07 4.0 0.00024149709559 1.6e-09
-3.262706409702480475e-05 1.428542235582604292e+00 -1.315823214134257194e-02 1.170626941598222728e-04 4.570639341033845110e-05 2.569769798322531905e-07 4.0 0.00024149709559 1.6e-09
-1.893044065903106435e-05 3.713537921676343778e+00 2.297419380761351465e-02 2.261033101413212755e-04 9.946359952558590025e-06 3.364711234081548349e-07 4.0 0.00024149709559 1.6e-09
5.270338838487297533e-05 3.713864809475582174e+00 4.715162118513212264e-02 2.261206430155646597e-04 -9.942808922393413644e-06 1.027268120229233423e-07 4.0 0.00024149709559 1.6e-09
-1.392050706271205185e-05 1.430249864080019417e+00 2.955373278747272861e-02 1.171157824011025573e-04 -4.566504883203996467e-05 -8.163380634761144974e-07 4.0 0.00024149709559 1.6e-09
3.186326338713162023e-05 1.048112428485344694e+00 -1.510596508552284473e-02 1.081079192150041356e-04 5.301262426701458725e-05 4.737762964894953459e-08 4.0 0.00024149709559 1.6e-09
-5.067361368681701532e-05 3.577791011703819635e+00 1.963393305045442114e-02 2.188643407280967080e-04 1.230005072763556849e-05 3.681888334358887319e-07 4.0 0.00024149709559 1.6e-09
3.258218492155624504e-05 3.792082820609536498e+00 4.738795210531642627e-02 2.303287900948129468e-04 -7.824083235132295999e-06 1.423250676175183360e-07 4.0 0.00024149709559 1.6e-09
-2.801793305989516521e-05 1.761072031070572752e+00 3.633023626828050384e-02 1.294613299901588277e-04 -3.963665220298593825e-05 -6.135478475610542526e-07 4.0 0.00024149709559 1.6e-09
-5.155189714084935676e-05 7.673595005858330209e-01 -1.835497953342834707e-02 1.095686460668489370e-04 5.718156694596742058e-05 -5.343196625108219339e-07 4.0 0.00024149709559 1.6e-09
9.811479981748371683e-05 3.438782886379056158e+00 1.409245419480819467e-02 2.114937197039678521e-04 1.446962852029424107e-05 4.495123150878223213e-07 4.0 0.00024149709559 1.6e-09
4.519027903151853222e-05 3.841630793139771516e+00 5.070644526127886936e-02 2.330033654413356313e-04 -6.034987842361104940e-06 2.271484883130140246e-07 4.0 0.00024149709559 1.6e-09
5.896965414459616743e-06 2.031339449544359077e+00 4.765134860024405200e-02 1.411364936386496629e-04 -3.512762028783611402e-05 -5.079222471904129631e-07 4.0 0.00024149709559 1.6e-09
-3.947930722130452082e-05 5.899269079149972450e-01 -2.022348987121781044e-02 1.188512193359247526e-04 5.553195502713013308e-05 -1.322442117188816593e-06 4.0 0.00024149709559 1.6e-09
-1.009684082828627046e-04 3.311599896985721880e+00 1.912499234094723610e-02 2.047705276106178535e-04 1.659988339140051157e-05 6.170895755212458338e-07 4.0 0.00024149709559 1.6e-09
8.559439345508266324e-05 3.898038140610294189e+00 6.886758797067642213e-02 2.360328702866841685e-04 -4.268441141868646397e-06 3.098934272747654391e-07 4.0 0.00024149709559 1.6e-09
6.436215647737732496e-05 2.314591759167808682e+00 6.854783143576934079e-02 1.542882449853889739e-04 -3.087038186679891825e-05 -5.294734043354020206e-07 4.0 0.00024149709559 1.6e-09
1.150934401367020927e-05 4.642439225633061550e-01 -1.973853911078359002e-02 1.339536056638319906e-04 4.451830918837611077e-05 -2.327356534148767391e-06 4.0 0.00024149709559 1.6e-09
1.866202539402830255e-05 3.157823030525185537e+00 3.490453282422063125e-02 1.966809323886292162e-04 1.921202940905353618e-05 8.614427762272090455e-07 4.0 0.00024149709559 1.6e-09
5.459048115062831613e-05 3.968236799771905687e+00 1.000514912190883093e-01 2.397937614243657507e-04 -2.107196393780132023e-06 3.743452138499424655e-07 4.0 0.00024149709559 1.6e-09
-4.641526957394554516e-05 2.665823893337178063e+00 9.858334032089188792e-02 1.714735923031722778e-04 -2.606517613045812067e-05 -5.900639037381919674e-07 4.0 0.00024149709559 1.6e-09
-1.882853487197232203e-05 3.894236748829023043e-01 -1.524955444107852116e-02 1.494004287885818160e-04 1.411785041003145570e-05 -3.741674920546341095e-06 4.0 0.00024149709559 1.6e-09
-4.432984521419216237e-05 2.899608949625646748e+00 4.520186152866048634e-02 1.833075252090695252e-04 2.297997185138328903e-05 1.100102061123908449e-06 4.0 0.00024149709559 1.6e-09
-4.621376394909730036e-05 3.997022655204719221e+00 1.240061915897865269e-01 2.413356899152996598e-04 4.504450113617483642e-07 4.309111053399096334e-07 4.0 0.00024149709559 1.6e-09
1.984153385845831036e-05 3.005694920867284736e+00 1.239741771267736797e-01 1.887649157279638185e-04 -2.149299043799185845e-05 -5.736313017950267554e-07 4.0 0.00024149709559 1.6e-09
3.533364340847265444e-05 4.077921312666626941e-01 -6.562389832375694482e-03 1.450270378296427852e-04 -2.751649085786459710e-05 -4.842826638422049302e-06 4.0 0.00024149709559 1.6e-09
2.101162107135662842e-05 2.535248010124992568e+00 3.811548556382404057e-02 1.649875733095094153e-04 2.783324383283710269e-05 1.311959978614069852e-06 4.0 0.00024149709559 1.6e-09
-5.616729500544256589e-05 3.945559440006532803e+00 1.309075927970863584e-01 2.385766608283836326e-04 2.948989261283301562e-06 5.274089340083545309e-07 4.0 0.00024149709559 1.6e-09
9.414612044598196709e-05 3.226559170647833596e+00 1.390519177404469509e-01 2.002823753651350566e-04 -1.809162381073163350e-05 -4.807626486230852135e-07 4.0 0.00024149709559 1.6e-09
3.059443707149305788e-05 5.107585293724028475e-01 4.691635436862404314e-03 1.271485408875570433e-04 -5.056294156096029734e-05 -5.017633484259899305e-06 4.0 0.00024149709559 1.6e-09
6.148404073331526290e-05 2.195840932575070070e+00 3.347452579970201098e-02 1.486665551519389481e-04 3.265024978697104909e-05 1.643232860420064791e-06 4.0 0.00024149709559 1.6e-09
-8.877571751201263040e-05 3.880577923318816236e+00 1.468197485549774250e-01 2.350869954060442308e-04 5.090943410497117244e-06 6.551855087658481645e-07 4.0 0.00024149709559 1.6e-09
4.451301080577577444e-05 3.386380057459405180e+00 1.624031040534145154e-01 2.087070063312727788e-04 -1.544845468026092206e-05 -4.472929452953594551e-07 4.0 0.00024149709559 1.6e-09
-6.129230668894407904e-06 6.829207052907461106e-01 1.935318437561335536e-02 1.127051018721910748e-04 -5.720535218823500181e-05 -4.830684605392771008e-06 4.0 0.00024149709559 1.6e-09
3.691613226368364485e-05 1.882444472939250435e+00 3.358960196262555237e-02 1.345467138409085664e-04 3.760157507573880036e-05 2.121540290898893992e-06 4.0 0.00024149709559 1.6e-09
-4.257598619298225601e-05 3.821664456873490323e+00 1.715117607160989155e-01 2.319107233519744767e-04 7.123274945846979700e-06 7.783946026190272836e-07 4.0 0.00024149709559 1.6e-09
7.298414612523871769e-05 3.542289487718028873e+00 1.916280062158323416e-01 2.169658019708317100e-04 -1.295660427948298806e-05 -4.599200328343706669e-07 4.0 0.00024149709559 1.6e-09
-2.758634504682233154e-05 9.655539201381186931e-01 4.056975218448234666e-02 1.074406963104203349e-04 -5.440072268972874687e-05 -4.279969779372574491e-06 4.0 0.00024149709559 1.6e-09
-1.315737004311285388e-05 1.523350742577173289e+00 2.783686942657095931e-02 1.202846577945956375e-04 4.388195894822498116e-05 2.659358960218756103e-06 4.0 0.00024149709559 1.6e-09
5.800251859352669430e-05 3.737879500672499411e+00 1.875861040785546663e-01 2.274033408489736839e-04 9.373380905254274621e-06 8.820575024778500270e-07 4.0 0.00024149709559 1.6e-09
-3.956286225578724286e-05 3.687634100267705328e+00 2.121924171215670007e-01 2.247119626133587040e-04 -1.041850412285321776e-05 -4.438308156118971995e-07 4.0 0.00024149709559 1.6e-09
2.866368954287286668e-05 1.355548191963465765e+00 6.608459567075083974e-02 1.147655562457837171e-04 -4.694654950871871403e-05 -3.508032783415925931e-06 4.0 0.00024149709559 1.6e-09
4.325773644584967909e-05 1.119754336443095077e+00 1.186542032130250175e-02 1.091256197907145291e-04 5.156234834683020066e-05 3.146266729762241311e-06 4.0 0.00024149709559 1.6e-09
7.447683713556331291e-05 3.601677200057947559e+00 1.868305361188015712e-01 2.201328692166595858e-04 1.180636282056123849e-05 9.835876660537755134e-07 4.0 0.00024149709559 1.6e-09
-7.549009704191489271e-05 3.775852808053688392e+00 2.181850860152985128e-01 2.294527146534845003e-04 -8.168794482310228920e-06 -3.817676253220415797e-07 4.0 0.00024149709559 1.6e-09
-5.904502898409718747e-05 1.707421883084526026e+00 8.564697219004614726e-02 1.272810893683981831e-04 -4.043721217212376191e-05 -2.904688152704463874e-06 4.0 0.00024149709559 1.6e-09
-4.807155776011069525e-05 8.088854982718765019e-01 -2.505594489213150335e-03 1.086042448730414325e-04 5.671957974564359212e-05 3.500745339860239498e-06 4.0 0.00024149709559 1.6e-09
-9.924644900219643069e-05 3.455408691494032958e+00 1.834721495948813952e-01 2.123739167243485259e-04 1.406525285685799177e-05 1.099178152012837995e-06 4.0 0.00024149709559 1.6e-09
2.551379795663420426e-05 3.823859518634338706e+00 2.223833290622240222e-01 2.320479853074331736e-04 -6.339370705260436966e-06 -3.210106403775101233e-07 4.0 0.00024149709559 1.6e-09
5.094631777901888865e-05 1.978705964404430473e+00 1.005838949245222158e-01 1.387857876525529829e-04 -3.582626123049322952e-05 -2.552493064138674916e-06 4.0 0.00024149709559 1.6e-09
-5.879582125458387824e-07 6.198624194396049614e-01 -1.103192814589744504e-02 1.165556467763327250e-04 5.628709454502511388e-05 3.723124264718644258e-06 4.0 0.00024149709559 1.6e-09
-9.903016470879387782e-05 3.328539792867639679e+00 1.849336643180120587e-01 2.056692605920097346e-04 1.611713809172445842e-05 1.225912708004505289e-06 4.0 0.00024149709559 1.6e-09
-1.828917404732452006e-05 3.874122118889303579e+00 2.310563949696135821e-01 2.347504906989510772e-04 -4.640984533788223261e-06 -2.755695128370663889e-07 4.0 0.00024149709559 1.6e-09
-5.363665827594507835e-05 2.243648348674388338e+00 1.167289675091728041e-01 1.509304098980945451e-04 -3.174274538824226760e-05 -2.312020316467329737e-06 4.0 0.00024149709559 1.6e-09
3.460325729086304042e-05 4.897637611886879183e-01 -1.701874923382411947e-02 1.300222054732691869e-04 4.824032562362718204e-05 3.730021063672068693e-06 4.0 0.00024149709559 1.6e-09
-7.143122679537550375e-05 3.191049035986994298e+00 1.865434063396450015e-01 1.984253493012201218e-04 1.850673884443294995e-05 1.370209985663639869e-06 4.0 0.00024149709559 1.6e-09
-7.129815276892365820e-05 3.944081095366165801e+00 2.407488636920038783e-01 2.384974173748174910e-04 -2.618574799632678521e-06 -2.198663485624678446e-07 4.0 0.00024149709559 1.6e-09
4.679094484558195938e-05 2.576769158924036240e+00 1.363557985550177265e-01 1.670423487085128072e-04 -2.713910664625801268e-05 -2.041584974340266673e-06 4.0 0.00024149709559 1.6e-09
-1.404172764136008510e-05 4.002953131511665097e-01 -2.212934749711805565e-02 1.466931214892872037e-04 2.345155235647276512e-05 2.752450798456863251e-06 4.0 0.00024149709559 1.6e-09
-7.538143184911471142e-05 2.967910139424274618e+00 1.738781170358403849e-01 1.868129421340218523e-04 2.195128285743334139e-05 1.526528990258846533e-06 4.0 0.00024149709559 1.6e-09
-4.660418590172251286e-05 3.994772901868724357e+00 2.376863584067777646e-01 2.412117607200720232e-04 -1.109505246171450216e-07 -1.280284913883795032e-07 4.0 0.00024149709559 1.6e-09
8.217270374154298461e-05 2.940886145337317181e+00 1.502843164998231840e-01 1.854219818059484569e-04 -2.234010205125368776e-05 -1.690957736127887564e-06 4.0 0.00024149709559 1.6e-09
5.339051876503459371e-05 3.951463213977055577e-01 -2.407009909788886473e-02 1.479821685221350560e-04 -1.943188295257108425e-05 2.167369759190634701e-07 4.0 0.00024149709559 1.6e-09
-3.167755322306969895e-05 2.612032477602100222e+00 1.427753799178088645e-01 1.687877392164522869e-04 2.670968602128686068e-05 1.735801366056490795e-06 4.0 0.00024149709559 1.6e-09
1.181302310304741931e-05 3.955808788427642053e+00 2.194051919897017644e-01 2.391245538498570184e-04 2.452615855117008337e-06 -5.947878192845720863e-10 4.0 0.00024149709559 1.6e-09
5.245941236828390887e-05 3.186209735307662605e+00 1.518168186916012130e-01 1.981648298318748418e-04 -1.869188355296818341e-05 -1.372769884340357564e-06 4.0 0.00024149709559 1.6e-09
-1.422836082986041618e-06 4.828638189733128749e-01 -2.107272010089636383e-02 1.310375702019378301e-04 -4.738776081762031544e-05 -1.734411663351701131e-06 4.0 0.00024149709559 1.6e-09
4.374098948589565604e-05 2.260984904803663653e+00 1.195371874533035506e-01 1.517343301243234883e-04 3.157277458906761224e-05 2.056326519962800609e-06 4.0 0.00024149709559 1.6e-09
-9.270677746192352436e-05 3.887390536408999786e+00 2.121610911173367198e-01 2.354555088060848852e-04 4.649343532651258694e-06 1.143629468064210186e-07 4.0 0.00024149709559 1.6e-09
6.348461318670219674e-05 3.346313568779129888e+00 1.576363963780202937e-01 2.065944850770363398e-04 -1.601558444151284649e-05 -1.202389097349278128e-06 4.0 0.00024149709559 1.6e-09
-4.677692708097638011e-05 6.317554718429125860e-01 -1.556436903309021784e-02 1.156801571717702449e-04 -5.669762498525812250e-05 -2.616527866769209604e-06 4.0 0.00024149709559 1.6e-09
-3.959961021681198789e-05 1.958598535064592472e+00 1.069358580859664509e-01 1.378734535859354939e-04 3.623675702684523282e-05 2.453984706252193822e-06 4.0 0.00024149709559 1.6e-09
5.795981945900877932e-05 3.831447413622599996e+00 2.137519505177953860e-01 2.324430308958648158e-04 6.599937831382109927e-06 1.785944806872968917e-07 4.0 0.00024149709559 1.6e-09
-9.281399976805419934e-05 3.496718075790119507e+00 1.651153500407832320e-01 2.145510829498264776e-04 -1.360612099855544545e-05 -1.121437963006501333e-06 4.0 0.00024149709559 1.6e-09
-1.456529919836366255e-05 8.713786335146654904e-01 -8.158073872626825027e-03 1.076814960745067778e-04 -5.606561452016398898e-05 -2.790795963366933293e-06 4.0 0.00024149709559 1.6e-09
-1.533309467848634785e-05 1.630403613793641959e+00 9.129689574591418055e-02 1.242415513623715360e-04 4.185741254776689259e-05 2.860099936661820432e-06 4.0 0.00024149709559 1.6e-09
-7.384408269781522283e-05 3.766184215978805483e+00 2.039975203768945866e-01 2.289214726064551500e-04 8.760607562680427216e-06 1.800289143685614352e-07 4.0 0.00024149709559 1.6e-09
-7.079514499990145174e-05 3.655147618928741071e+00 1.586139819155564790e-01 2.229749230128431285e-04 -1.107433250706685575e-05 -1.022983117190255932e-06 4.0 0.00024149709559 1.6e-09
-3.137893618925193835e-05 1.246483764188573540e+00 -4.936314915206941993e-05 1.117708352563934508e-04 -4.920525474695007750e-05 -2.376916140671280975e-06 4.0 0.00024149709559 1.6e-09
4.078819819810702499e-05 1.226829220797443387e+00 6.240477889315798610e-02 1.113080064937893782e-04 4.943433050998194661e-05 3.214957072870360926e-06 4.0 0.00024149709559 1.6e-09
-1.062703927393624588e-04 3.646485584055993101e+00 1.686435192252979109e-01 2.225147731298407375e-04 1.122064101559837203e-05 1.408957163566007338e-07 4.0 0.00024149709559 1.6e-09
-5.951055696062280856e-05 3.768943385198344487e+00 1.285784760812530569e-01 2.290728402252517387e-04 -8.665576188475430388e-06 -8.526288469294739510e-07 4.0 0.00024149709559 1.6e-09
4.124206981499617365e-06 1.637612664648744332e+00 1.874245198234978857e-03 1.245220911039070363e-04 -4.186107784381494897e-05 -1.710484329379341781e-06 4.0 0.00024149709559 1.6e-09
-1.866516157194289936e-05 8.671868936413247297e-01 3.397152723874967417e-02 1.077608362129348454e-04 5.595417043130138232e-05 3.544870907624080494e-06 4.0 0.00024149709559 1.6e-09
2.489379946870490820e-05 3.491864689842216318e+00 1.308308367121354121e-01 2.143019080192183482e-04 1.363097695364347162e-05 1.349465152073711735e-07 4.0 0.00024149709559 1.6e-09
2.962361459676808822e-06 3.824147247313338660e+00 9.934331210605940043e-02 2.320581446481594914e-04 -6.685017482054594708e-06 -6.701226791016398755e-07 4.0 0.00024149709559 1.6e-09
6.693524793847734793e-05 1.932936229732806321e+00 2.208052131440909650e-03 1.367598884546658718e-04 -3.673817718538230554e-05 -1.239217047039919005e-06 4.0 0.00024149709559 1.6e-09
2.966928329484481077e-05 6.493126517002988374e-01 1.667946051762735082e-02 1.146351714886013440e-04 5.678404658657523177e-05 3.786885671421834601e-06 4.0 0.00024149709559 1.6e-09
8.764321230827678145e-05 3.355757829069257792e+00 1.092040126462652389e-01 2.071078217470239367e-04 1.575060696609403388e-05 1.801178196126174034e-07 4.0 0.00024149709559 1.6e-09
7.025057104463911938e-05 3.868597898279927172e+00 8.683002100894174347e-02 2.344558185658254779e-04 -4.991782361080137863e-06 -5.352683911855087797e-07 4.0 0.00024149709559 1.6e-09
1.316548855953174197e-05 2.189068045355580416e+00 7.295590033946829957e-03 1.483725612082563753e-04 -3.268174192187888046e-05 -1.018461355836252515e-06 4.0 0.00024149709559 1.6e-09
-5.465907407636361371e-06 5.128937184057699161e-01 6.181859777499765576e-03 1.269297046869988753e-04 5.070622370937136582e-05 4.122213948391616670e-06 4.0 0.00024149709559 1.6e-09
5.859581991149192170e-05 3.225505252535372236e+00 1.011335543193077058e-01 2.002410836107110020e-04 1.798363955584628468e-05 2.537050711865511456e-07 4.0 0.00024149709559 1.6e-09
-1.004227107539914235e-04 3.930942955147464168e+00 8.623751010539244810e-02 2.377984297394887883e-04 -3.119004725979556550e-06 -4.540506731141574085e-07 4.0 0.00024149709559 1.6e-09
-4.464884490643519050e-05 2.492944363060178858e+00 1.551889033485816249e-02 1.629204595508555590e-04 -2.836324501197620514e-05 -9.209631337175547950e-07 4.0 0.00024149709559 1.6e-09
-4.018637832777605345e-05 4.157644791987064048e-01 -1.852301816277173666e-03 1.432125074779758579e-04 3.143518879010900673e-05 4.589074270404003246e-06 4.0 0.00024149709559 1.6e-09
-2.004163040652887220e-05 3.037364221039096535e+00 9.124823149980124115e-02 1.904049630927243607e-04 2.105738104688229179e-05 2.706492449146916251e-07 4.0 0.00024149709559 1.6e-09
5.429206467907465844e-05 3.995240021017954390e+00 7.819124392817874969e-02 2.412409641461964074e-04 -7.550942012073257262e-07 -4.138728656035993869e-07 4.0 0.00024149709559 1.6e-09
-5.415731418735421707e-05 2.860738276719395401e+00 1.556655259188710616e-02 1.813218976656748326e-04 -2.351434339218991937e-05 -7.778039582867480234e-07 4.0 0.00024149709559 1.6e-09
-6.934300294518010036e-05 3.858764580263714938e-01 -9.179481498085163144e-03 1.503296417945670254e-04 -8.799446908639550841e-06 4.227264374263857434e-06 4.0 0.00024149709559 1.6e-09
2.106136813187481751e-05 2.712656949531553785e+00 6.044892879256811430e-02 1.738156004754593019e-04 2.551852419699855086e-05 1.498281781612518266e-07 4.0 0.00024149709559 1.6e-09
3.034563749317563397e-05 3.982589924271448645e+00 4.361047100939029891e-02 2.405613159281724334e-04 1.860809351238561932e-06 -3.573006377840164864e-07 4.0 0.00024149709559 1.6e-09
6.207410772075659276e-05 3.149095316654097587e+00 -2.502380663811422726e-03 1.962148278059138524e-04 -1.946334151005113419e-05 -4.941540017978495252e-07 4.0 0.00024149709559 1.6e-09
1.926652469072899011e-05 4.570864418003290908e-01 -1.323610539409128886e-02 1.351573738208242917e-04 -4.327138823763722884e-05 2.814109429681892953e-06 4.0 0.00024149709559 1.6e-09
-7.475801485293498113e-05 2.337391673509261025e+00 3.343988369856362719e-02 1.553645816490131998e-04 3.063454782783740673e-05 9.708708460451771468e-08 4.0 0.00024149709559 1.6e-09
1.117153342806217889e-04 3.911876495284060340e+00 2.029002149582715200e-02 2.367693111003988965e-04 4.217546679149076409e-06 -2.461324290763556968e-07 4.0 0.00024149709559 1.6e-09
3.623128319539151387e-05 3.326399506004460882e+00 -8.599631916510856733e-03 2.055380987663892826e-04 -1.652612374238317906e-05 -2.805892722471561733e-07 4.0 0.00024149709559 1.6e-09
-3.815613946111539760e-05 5.989815387249646239e-01 -1.284037015738870996e-02 1.180566231891818274e-04 -5.598280511586867507e-05 1.367299448542581914e-06 4.0 0.00024149709559 1.6e-09
-3.040981970681581461e-05 2.015529062621105982e+00 2.352835415750600609e-02 1.404095989060939655e-04 3.545866486248728838e-05 2.175995360079260585e-07 4.0 0.00024149709559 1.6e-09
3.155570951129981535e-06 3.847216114013819244e+00 2.202430032631551293e-02 2.332943545494764676e-04 6.231648001259401862e-06 -1.343240794266326823e-07 4.0 0.00024149709559 1.6e-09
3.959797886524505262e-05 3.470096029120591563e+00 2.843336157261402812e-03 2.131414595990920990e-04 -1.413056093271058443e-05 -2.180924289301920306e-07 4.0 0.00024149709559 1.6e-09
-1.306740395101404218e-05 8.123795563500388894e-01 -1.047458746242259375e-02 1.084888478762751393e-04 -5.687584950208834336e-05 3.564345967148306574e-07 4.0 0.00024149709559 1.6e-09
3.902013406968726642e-05 1.702665561303975394e+00 2.156934698337853451e-02 1.270865290178096432e-04 4.069691179517795278e-05 4.021421280891308052e-07 4.0 0.00024149709559 1.6e-09
4.355716004955400330e-06 3.784223473424317863e+00 2.946956466361102395e-02 2.298989074052862726e-04 8.248905355924618588e-06 -8.007946495989433123e-08 4.0 0.00024149709559 1.6e-09
4.249069837912945095e-05 3.616642748260836537e+00 1.300270071677241124e-02 2.209274517124721628e-04 -1.175041620062189718e-05 -2.221837987458812865e-07 4.0 0.00024149709559 1.6e-09
-2.871632595232135492e-05 1.137772856402113897e+00 -8.995283680004278332e-03 1.094285682070167669e-04 -5.134281608410562443e-05 -7.736750203425970512e-08 4.0 0.00024149709559 1.6e-09
2.604117259069541119e-05 1.335747915181082490e+00 1.588992204763093469e-02 1.142011112822033820e-04 4.747427861379987764e-05 3.870040199631725779e-07 4.0 0.00024149709559 1.6e-09
-6.108426067228963469e-05 3.685730581755087165e+00 1.835028735202211617e-02 2.246144279496661161e-04 1.052266055387225464e-05 -1.112129274087973484e-07 4.0 0.00024149709559 1.6e-09
9.698858171662094567e-05 3.740806953197897577e+00 2.247354304816561767e-03 2.275642793351748691e-04 -9.378968461229120033e-06 -1.807493903333371221e-07 4.0 0.00024149709559 1.6e-09
3.788258807280579809e-05 1.523527206013105761e+00 -1.217829280129402447e-02 1.202974432704730925e-04 -4.394829618178025315e-05 9.278825547086848272e-09 4.0 0.00024149709559 1.6e-09
-5.177885750881459106e-06 9.643090954942475923e-01 5.548334874659347805e-03 1.074727839962505324e-04 5.457645796709144196e-05 -1.844612794035333578e-08 4.0 0.00024149709559 1.6e-09
6.188953865498264117e-05 3.543476026809419199e+00 -9.184597792620666223e-03 2.170382384459924614e-04 1.289915405096903286e-05 -1.536579020998703465e-07 4.0 0.00024149709559 1.6e-09
2.663276402848643805e-05 3.812562606460523806e+00 -2.044386911705758231e-02 2.314294844671360956e-04 -7.282623780027709651e-06 -5.434392428470790619e-08 4.0 0.00024149709559 1.6e-09
1.652606520159687227e-05 1.848945157391405969e+00 -1.557615894469750219e-02 1.331284450363402348e-04 -3.817241129273194118e-05 2.444149774145145296e-07 4.0 0.00024149709559 1.6e-09
-1.634381120269169885e-05 7.047854005084439599e-01 -2.276435672824922776e-03 1.117461897140873729e-04 5.741760996139401836e-05 -7.107193156083050796e-07 4.0 0.00024149709559 1.6e-09
-1.446588207216576100e-06 3.401434224408627749e+00 -2.745850998048596919e-02 2.095140084497974483e-04 1.513330522481986936e-05 -1.055522518070793710e-07 4.0 0.00024149709559 1.6e-09
1.078170298357958361e-04 3.862729261883727894e+00 -2.764414086628598152e-02 2.341355876910841997e-04 -5.465341506061860092e-06 8.983460313113245207e-08 4.0 0.00024149709559 1.6e-09
1.710611882430691571e-06 2.125953276991373819e+00 -8.942894390825380582e-03 1.454385191002909765e-04 -3.369295792130644731e-05 3.066080533515527086e-07 4.0 0.00024149709559 1.6e-09
3.859329623202168845e-05 5.417649433081000998e-01 -6.380242389813479617e-03 1.234814995671798250e-04 5.321653738401605676e-05 -1.439715352885383374e-06 4.0 0.00024149709559 1.6e-09
-8.574585119494398337e-05 3.264955185303483720e+00 -2.590276473274754493e-02 2.023098282492934944e-04 1.742486152373704921e-05 5.015430123046086356e-08 4.0 0.00024149709559 1.6e-09
-1.163336197546074689e-04 3.923405663750516137e+00 -1.175498633660821725e-02 2.373928680672532040e-04 -3.555581514032683572e-06 1.932730526574563225e-07 4.0 0.00024149709559 1.6e-09
4.362859045000653152e-05 2.430656582561576684e+00 9.172567906504319052e-03 1.598755476058914013e-04 -2.926956123878799506e-05 1.790201167519742726e-07 4.0 0.00024149709559 1.6e-09
5.209218542296365390e-05 4.302042863734087397e-01 -6.671036013333605033e-03 1.401957772333230798e-04 3.672491899880788244e-05 -1.992843644391826145e-06 4.0 0.00024149709559 1.6e-09
-7.112725354876818821e-05 3.083730159413427430e+00 -1.118349136241506697e-02 1.928147845577918892e-04 2.037837211131359166e-05 2.363185062752910760e-07 4.0 0.00024149709559 1.6e-09
-9.497713612491420613e-05 3.987255360177364150e+00 1.479454912975856906e-02 2.408142368836493625e-04 -1.245811935082528737e-06 2.343682593499067011e-07 4.0 0.00024149709559 1.6e-09
-8.863469093597318169e-05 2.790599270052969594e+00 3.073975469760492629e-02 1.777581100320906721e-04 -2.444010415293226715e-05 1.469291112699557636e-08 4.0 0.00024149709559 1.6e-09
-3.906008583739788099e-05 3.834871705503538619e-01 -3.200575696159233333e-03 1.509899950717941424e-04 -2.169148855226143920e-07 -2.335041148926357012e-06 4.0 0.00024149709559 1.6e-09
-6.421169344355913801e-05 2.784408726653403221e+00 -9.346132105058994541e-03 1.774412425197996772e-04 2.454697174034818662e-05 2.875261135348132838e-07 4.0 0.00024149709559 1.6e-09
4.481150974080711532e-05 3.988484672241436879e+00 2.067526933930922961e-02 2.408793382936771379e-04 1.314131335009432242e-06 2.593696166927590869e-07 4.0 0.00024149709559 1.6e-09
5.963918537808885200e-05 3.093391628291787931e+00 3.785533746489991302e-02 1.933146488812388197e-04 -2.025879080401881430e-05 2.173466265927573363e-08 4.0 0.00024149709559 1.6e-09
1.454886818513476956e-06 4.334103919978027353e-01 2.873789281998448755e-03 1.395922990901550553e-04 -3.756453009854011796e-05 -2.389775840751741740e-06 4.0 0.00024149709559 1.6e-09
6.011051212218751743e-06 2.418893198518377474e+00 -1.869593070105524113e-02 1.592949153288675886e-04 2.948309002321491826e-05 3.054867614118075345e-07 4.0 0.00024149709559 1.6e-09
-9.598393195307115789e-06 3.927876826570013691e+00 1.873292847729481764e-02 2.376278558428208411e-04 3.716461469439512482e-06 3.544837333614298294e-07 4.0 0.00024149709559 1.6e-09
1.506388424950603594e-05 3.289466634760838115e+00 4.556463156207600507e-02 2.035900444514635813e-04 -1.713946959149048913e-05 1.104984223186456256e-07 4.0 0.00024149709559 1.6e-09
-1.711131853739019989e-05 5.605008929197888845e-01 1.196450650720639469e-02 1.214914530368729555e-04 -5.436519031890246854e-05 -2.499213140972938841e-06 4.0 0.00024149709559 1.6e-09
2.515267058173013782e-05 2.088595508850205285e+00 -1.930345877573126645e-02 1.437075985351988594e-04 3.434194751052140000e-05 5.064871784505815170e-07 4.0 0.00024149709559 1.6e-09
-2.576779780951536365e-05 3.864857169122152492e+00 3.697865995626287844e-02 2.342395352315311519e-04 5.808539115082062316e-06 4.984394483338526541e-07 4.0 0.00024149709559 1.6e-09
-9.298798508139409665e-05 3.445655529811389783e+00 7.178049840809649917e-02 2.118419120791251099e-04 -1.457862313471106205e-05 1.109617022854748679e-07 4.0 0.00024149709559 1.6e-09
-9.521652896783037122e-07 7.667125200798664553e-01 2.540966624906595278e-02 1.095180909678802189e-04 -5.724287779610278483e-05 -2.606666004648642470e-06 4.0 0.00024149709559 1.6e-09
3.973869243491756181e-05 1.763376994875926806e+00 -1.329274981073276865e-02 1.295346569669657971e-04 3.967069111865115710e-05 8.708247386500835396e-07 4.0 0.00024149709559 1.6e-09
-1.054940578187382039e-04 3.800427312410267433e+00 6.734441671221497172e-02 2.307658881955515213e-04 7.904563163998440915e-06 6.372946391847755299e-07 4.0 0.00024149709559 1.6e-09
6.576421962388085177e-05 3.599479025126838927e+00 1.060813373284242439e-01 2.200084764878799666e-04 -1.209316720439179735e-05 5.032968235420224479e-08 4.0 0.00024149709559 1.6e-09
9.525282194772091373e-06 1.091387044884727597e+00 4.435079191668073184e-02 1.086378803052541172e-04 -5.217259386768643287e-05 -2.427178826630721785e-06 4.0 0.00024149709559 1.6e-09
5.125841022945614768e-05 1.384568651682284823e+00 -1.124360351722073978e-02 1.156651530341397204e-04 4.652775069733358409e-05 1.188655122780532594e-06 4.0 0.00024149709559 1.6e-09
1.026118970259248776e-04 3.699555790560199675e+00 8.809287493452047646e-02 2.253539234781286522e-04 1.020194065117849342e-05 7.403205085799846258e-07 4.0 0.00024149709559 1.6e-09
-3.429328693050950872e-05 3.725852795894065927e+00 1.296225336217801949e-01 2.267621502113771181e-04 -9.656018875439723105e-06 1.672460206430415863e-08 4.0 0.00024149709559 1.6e-09
1.943666082526872741e-05 1.477739779854556179e+00 6.380540835803150124e-02 1.186993745559967832e-04 -4.470407309714145578e-05 -2.062805265956154835e-06 4.0 0.00024149709559 1.6e-09
1.415525920029375869e-05 1.004062880070472730e+00 -1.594459013734943892e-02 1.076967471713547418e-04 5.381177854209483023e-05 1.233666245447380137e-06 4.0 0.00024149709559 1.6e-09
1.393130388782099361e-05 3.556783803950897216e+00 9.277826527642327181e-02 2.177485198456338548e-04 1.257580285569004876e-05 8.339886643201890848e-07 4.0 0.00024149709559 1.6e-09
7.023566295869967762e-05 3.795687390591568011e+00 1.396892711003344112e-01 2.305248128450137276e-04 -7.585943425454324705e-06 4.349887697146190667e-08 4.0 0.00024149709559 1.6e-09
-2.681804663582172657e-05 1.795962294917979207e+00 7.892083841161698365e-02 1.309068839060457381e-04 -3.895400308131210170e-05 -1.762341652942825122e-06 4.0 0.00024149709559 1.6e-09
4.026253033705922259e-05 7.406515578300496561e-01 -2.046109777322742754e-02 1.104037306866644197e-04 5.727835405657420926e-05 1.001000006182773668e-06 4.0 0.00024149709559 1.6e-09
9.427368159046626065e-05 3.419380798904020580e+00 9.589683220213218728e-02 2.104692133108114450e-04 1.470028839670294368e-05 9.597472899699317244e-07 4.0 0.00024149709559 1.6e-09
1.051820804288225615e-04 3.841629167403785239e+00 1.511151584550783078e-01 2.330052501751335892e-04 -5.853188261728315148e-06 9.262329353190217334e-08 4.0 0.00024149709559 1.6e-09
4.110344679817456493e-05 2.056024001567639647e+00 9.513870900829810018e-02 1.422538647973627438e-04 -3.465302359375682607e-05 -1.601655203542493765e-06 4.0 0.00024149709559 1.6e-09
2.365618366105013217e-06 5.756518211147899633e-01 -2.311247399522398105e-02 1.201141306625374801e-04 5.492827175959315463e-05 5.784650223654460247e-07 4.0 0.00024149709559 1.6e-09
-3.233223090588463103e-05 3.295046288943182855e+00 1.046165234870853195e-01 2.039001588413016800e-04 1.678979572813031721e-05 1.135165228481488488e-06 4.0 0.00024149709559 1.6e-09
1.274838862904396517e-05 3.898136656512856568e+00 1.706131041748527033e-01 2.360381581785022710e-04 -4.097759609976241350e-06 1.447180267778157186e-07 4.0 0.00024149709559 1.6e-09
-6.467607667710486674e-06 2.337753092323904713e+00 1.176466763417425981e-01 1.553982845688705076e-04 -3.045125509253074098e-05 -1.506852599763618653e-06 4.0 0.00024149709559 1.6e-09
-2.639749092944686972e-05 4.560530308036112590e-01 -2.416204556038629297e-02 1.353395337808259360e-04 4.295697295941346936e-05 -2.620578330767854751e-07 4.0 0.00024149709559 1.6e-09
-8.405762295912971426e-05 3.139476477243979602e+00 1.154361559173759377e-01 1.957213067211236975e-04 1.943988612115489517e-05 1.366322867384118846e-06 4.0 0.00024149709559 1.6e-09
-2.465369543832205096e-05 3.968746232561795928e+00 1.950029289071632532e-01 2.398193750330385350e-04 -1.912557041830583602e-06 2.103400132026577516e-07 4.0 0.00024149709559 1.6e-09
2.090946344447519844e-05 2.692414334365004880e+00 1.470179719444277555e-01 1.728049393386893863e-04 -2.564552640127392525e-05 -1.380270403214259568e-06 4.0 0.00024149709559 1.6e-09
-4.952482120353665857e-05 3.872108221352397739e-01 -2.218440803803599370e-02 1.499558009398056996e-04 1.086743283087873252e-05 -2.133569815251753098e-06 4.0 0.00024149709559 1.6e-09
3.073654601402638997e-05 2.871818238166948589e+00 1.135221037951809897e-01 1.818863677833969716e-04 2.328961650159091411e-05 1.626253000325918132e-06 4.0 0.00024149709559 1.6e-09
5.744891421514984798e-05 3.991931562294719349e+00 2.082025063822817712e-01 2.410607582338475342e-04 6.489683989799391724e-07 3.013406044350920170e-07 4.0 0.00024149709559 1.6e-09
8.523137234342202944e-05 3.025923522588191972e+00 1.702280173198336688e-01 1.898104080720064706e-04 -2.114532884379548457e-05 -1.194781274800044243e-06 4.0 0.00024149709559 1.6e-09
6.024698028853937430e-05 4.137214044069794094e-01 -1.553983541564647741e-02 1.436802234266504785e-04 -3.030645308694880961e-05 -4.124538414855852966e-06 4.0 0.00024149709559 1.6e-09
5.173930576414040717e-05 2.503591235063880482e+00 9.729605585552875135e-02 1.634317720348762016e-04 2.819102166223293572e-05 1.937831222228095247e-06 4.0 0.00024149709559 1.6e-09
3.882943324862208126e-06 3.935551505223283009e+00 2.098560659038035126e-01 2.380389553275780992e-04 3.126505742537026851e-06 4.226530898596266048e-07 4.0 0.00024149709559 1.6e-09
-6.480383817878139605e-05 3.236973637003948134e+00 1.841730485483457080e-01 2.008318359254076721e-04 -1.783049992576331332e-05 -1.029833225167796383e-06 4.0 0.00024149709559 1.6e-09
6.734739388278322556e-06 5.215313909680885374e-01 -5.811602825280304079e-03 1.257975882583733842e-04 -5.154339397246820585e-05 -4.855416019615145722e-06 4.0 0.00024149709559 1.6e-09
4.155445573691381254e-05 2.170076487397849085e+00 8.706207107085373043e-02 1.474674913613314541e-04 3.295286211995702649e-05 2.360833883585493421e-06 4.0 0.00024149709559 1.6e-09
1.358471958017140645e-05 3.870981815062022768e+00 2.205821730157717653e-01 2.345717475102244423e-04 5.226433685186052225e-06 5.368390128079252749e-07 4.0 0.00024149709559 1.6e-09
1.562421600681111630e-05 3.392674794207048095e+00 2.026763098280768838e-01 2.090413395471621763e-04 -1.525724529903994047e-05 -9.604365525035604276e-07 4.0 0.00024149709559 1.6e-09
-4.017702925616723001e-05 6.969740626972458220e-01 6.707094444924255675e-03 1.120492083956856066e-04 -5.727742379226220896e-05 -4.853349299199944646e-06 4.0 0.00024149709559 1.6e-09
-1.252474186881949290e-05 1.860932965337557476e+00 8.046295925795812765e-02 1.336234629519442814e-04 3.787403779707055788e-05 2.878314808794112414e-06 4.0 0.00024149709559 1.6e-09
-3.179619689609059646e-06 3.813778155911088596e+00 2.340597861527351220e-01 2.314863500379705456e-04 7.254235409982142275e-06 6.192755587060239884e-07 4.0 0.00024149709559 1.6e-09
9.210789190962562754e-05 3.549629876034039455e+00 2.204219053044476351e-01 2.173557714246685511e-04 -1.277716195830109957e-05 -9.224191987978660989e-07 4.0 0.00024149709559 1.6e-09
6.667560236649469797e-06 9.870959632221487645e-01 2.464491121814152072e-02 1.075361030141521487e-04 -5.405273423831278548e-05 -4.311129608550654365e-06 4.0 0.00024149709559 1.6e-09
-2.562233920772861680e-06 1.499366241398491617e+00 6.433255266173451559e-02 1.194382587336859016e-04 4.423815250072067541e-05 3.430007831808805835e-06 4.0 0.00024149709559 1.6e-09
2.917798171288261229e-05 3.729438641778610286e+00 2.315809021090340925e-01 2.269496412111816431e-04 9.535688921488120491e-06 6.697730815168430940e-07 4.0 0.00024149709559 1.6e-09
9.116490786799297849e-05 3.696316044438182402e+00 2.228869952888253292e-01 2.251750814787562352e-04 -1.023636555644870293e-05 -8.347003896506206824e-07 4.0 0.00024149709559 1.6e-09
-1.185047014954073515e-05 1.384687303055373908e+00 4.468137086228202159e-02 1.156504942752265751e-04 -4.643143293648762065e-05 -3.453421640832967525e-06 4.0 0.00024149709559 1.6e-09
-4.920877163789251951e-05 1.093068846336816335e+00 3.701264753665466090e-02 1.086913915021503127e-04 5.199975832342113491e-05 3.998791040403104087e-06 4.0 0.00024149709559 1.6e-09
-7.815221256824317906e-05 3.590090310383004635e+00 2.110980229042211942e-01 2.195150280077901397e-04 1.200675189026413425e-05 7.221998703644831476e-07 4.0 0.00024149709559 1.6e-09
1.046511405347748283e-04 3.782202264648905299e+00 2.101233464566977793e-01 2.297936270839331203e-04 -8.002140952174203667e-06 -7.030351564250197770e-07 4.0 0.00024149709559 1.6e-09
-6.537549137272971963e-06 1.733799403987322130e+00 5.742132462633706136e-02 1.283409862968295351e-04 -4.002901279826173741e-05 -2.749121283845892720e-06 4.0 0.00024149709559 1.6e-09
-5.262790494950391238e-05 7.895421555270110137e-01 1.533992305423556926e-02 1.090171141275251285e-04 5.681860399565862008e-05 4.518833199935854181e-06 4.0 0.00024149709559 1.6e-09
8.479592653983657094e-05 3.443562808005608655e+00 1.937305467258708114e-01 2.117481081251747406e-04 1.424358176321393289e-05 7.952855595128643215e-07 4.0 0.00024149709559 1.6e-09
3.778664242342280187e-05 3.828509178004061209e+00 2.007216150869013949e-01 2.322988273725082645e-04 -6.187772513161034513e-06 -5.950803587501831278e-07 4.0 0.00024149709559 1.6e-09
2.063172036823891279e-05 2.000192702115131560e+00 6.657124915318796132e-02 1.397433165644312782e-04 -3.552571525688618585e-05 -2.335197209763432105e-06 4.0 0.00024149709559 1.6e-09
1.242991453263096922e-05 6.083158833083683881e-01 2.704820698418436940e-03 1.174181306310452533e-04 5.589224243076975382e-05 4.960724172787515132e-06 4.0 0.00024149709559 1.6e-09
4.379086590078285141e-05 3.318021572360731142e+00 1.857566344090862132e-01 2.051163778036959131e-04 1.628945016182169100e-05 8.791772192314823903e-07 4.0 0.00024149709559 1.6e-09
-1.085756580568490530e-05 3.878814754064998205e+00 1.993512739055519067e-01 2.350033521616563218e-04 -4.505169837001734126e-06 -5.236020304168051226e-07 4.0 0.00024149709559 1.6e-09
-3.479597658665070745e-05 2.263321271025148462e+00 7.704918964363824396e-02 1.518603895447350372e-04 -3.150281058956179241e-05 -2.071587796110373458e-06 4.0 0.00024149709559 1.6e-09
8.445026059961566428e-07 4.830114204588521476e-01 -6.240652458795029056e-03 1.310239134749796542e-04 4.726032871637420057e-05 5.366243306144966873e-06 4.0 0.00024149709559 1.6e-09
-9.867712603091620318e-05 3.180495757206911467e+00 1.801784143027010954e-01 1.978723912363029359e-04 1.870716282915725755e-05 9.649618711029224875e-07 4.0 0.00024149709559 1.6e-09
-8.424574227335887089e-05 3.949806602525316013e+00 1.993263874938642488e-01 2.388054047518744063e-04 -2.473867971790797697e-06 -4.640811324389440545e-07 4.0 0.00024149709559 1.6e-09
2.387797468742427551e-05 2.598684292438955712e+00 8.858086298402266523e-02 1.681298959405847046e-04 -2.689600004106785169e-05 -1.807185586870563364e-06 4.0 0.00024149709559 1.6e-09
5.183689346696282555e-05 3.974976227342741919e-01 -1.473836418769139574e-02 1.473734981559769589e-04 2.143593920076115644e-05 5.081124323760729367e-06 4.0 0.00024149709559 1.6e-09
7.767797312342833676e-05 2.953003565728365309e+00 1.591602495658789862e-01 1.860450574075535085e-04 2.220578032077120977e-05 1.009810777044661586e-06 4.0 0.00024149709559 1.6e-09
1.301483478540900571e-06 3.999590223844301740e+00 1.818527806220704979e-01 2.414709999297015163e-04 5.065237860602479393e-08 -3.890875832092905841e-07 4.0 0.00024149709559 1.6e-09
-8.140100550882092703e-05 2.963725528546490295e+00 8.893702408309897556e-02 1.865965364707454586e-04 -2.209009837502363580e-05 -1.450038999313029286e-06 4.0 0.00024149709559 1.6e-09
-4.475836540847835150e-05 3.982047233185614932e-01 -2.138228420709494676e-02 1.472303380351472216e-04 -2.179312921635477877e-05 3.062787944386634143e-06 4.0 0.00024149709559 1.6e-09
8.200709014797888754e-05 2.589967912923571980e+00 1.204880771214730667e-01 1.676910695142612407e-04 2.706651542472793081e-05 1.062154752502614896e-06 4.0 0.00024149709559 1.6e-09
7.116071331924814095e-05 3.956873289150114381e+00 1.486820547518047098e-01 2.391822904663366400e-04 2.624794384387109947e-06 -2.756246756415918230e-07 4.0 0.00024149709559 1.6e-09
2.517746773549794302e-05 3.204960759953830340e+00 7.775768438999809684e-02 1.991456416044905839e-04 -1.848396844233492027e-05 -1.096336623313290343e-06 4.0 0.00024149709559 1.6e-09
5.371850897736998545e-05 4.921167755494951779e-01 -2.270556690623642265e-02 1.296610585597894681e-04 -4.865602214333305511e-05 9.745196061684887439e-07 4.0 0.00024149709559 1.6e-09
-1.126371357939725556e-05 2.236803324600886711e+00 9.432497111102441933e-02 1.505929018164210297e-04 3.199750566810088297e-05 1.235108743003157626e-06 4.0 0.00024149709559 1.6e-09
8.812682131436130493e-05 3.886294463805596511e+00 1.332615554211879216e-01 2.353976703452185799e-04 4.802782854295048522e-06 -1.627125588333105840e-07 4.0 0.00024149709559 1.6e-09
-9.466861908123292845e-05 3.360536104873166341e+00 7.740505590536148062e-02 2.073463516820897709e-04 -1.584500737111838606e-05 -9.045455134198095521e-07 4.0 0.00024149709559 1.6e-09
3.770403775084641811e-05 6.451673811332663266e-01 -2.096234812220394012e-02 1.148121829364775689e-04 -5.697570910984664304e-05 -3.117164115331731394e-07 4.0 0.00024149709559 1.6e-09
6.494983421105248128e-05 1.936342034402043222e+00 8.180634601191313915e-02 1.369014997966033916e-04 3.665615547548585490e-05 1.499730848617717308e-06 4.0 0.00024149709559 1.6e-09
-7.363559961273033981e-05 3.829274338452446802e+00 1.312976118136371384e-01 2.323277727604001032e-04 6.741713578882931995e-06 -9.755862243273045723e-08 4.0 0.00024149709559 1.6e-09
-5.186110982894176870e-05 3.505629152990128894e+00 8.215465599463983581e-02 2.150261267389580303e-04 -1.350898609652651327e-05 -8.269173830719022234e-07 4.0 0.00024149709559 1.6e-09
4.696548777646008041e-05 8.841547062323953377e-01 -1.872872338920309604e-02 1.075863759056386033e-04 -5.591413049242806819e-05 -9.248568634855979937e-07 4.0 0.00024149709559 1.6e-09
3.563273858567276512e-05 1.614275480192737922e+00 6.991304813551196817e-02 1.236336865672098772e-04 4.221898331343855562e-05 1.745760023327566078e-06 4.0 0.00024149709559 1.6e-09
9.726097428978718116e-05 3.764303908536782650e+00 1.208895015243778015e-01 2.288232289880721710e-04 8.836037213837908679e-06 -1.097840500709392955e-07 4.0 0.00024149709559 1.6e-09
1.833157474683102449e-05 3.659036206086307086e+00 7.375098115809525234e-02 2.231848254895110533e-04 -1.104314484187182107e-05 -7.558153519683961700e-07 4.0 0.00024149709559 1.6e-09
3.329693135792249404e-05 1.252434873997991360e+00 -1.878071453979078542e-02 1.119240883834612293e-04 -4.912062596311565527e-05 -9.179511201379584504e-07 4.0 0.00024149709559 1.6e-09
-4.458554472975507165e-05 1.219985620010556326e+00 4.831299088388179425e-02 1.111424851494873434e-04 4.967771422833490067e-05 1.816823081567995616e-06 4.0 0.00024149709559 1.6e-09
-2.829799541684822244e-06 3.647626736491306865e+00 8.491430304373559501e-02 2.225760698295520441e-04 1.125976388539106699e-05 -1.876062132873525898e-07 4.0 0.00024149709559 1.6e-09
-4.280658953034990102e-05 3.773062419824522618e+00 4.065644275601515423e-02 2.292938968404622884e-04 -8.646546584852623081e-06 -6.092421333263318073e-07 4.0 0.00024149709559 1.6e-09
1.872467056071330888e-05 1.643803086200351871e+00 -2.505958446642208431e-02 1.247601877291642093e-04 -4.177820296379573231e-05 -5.026966374534957737e-07 4.0 0.00024149709559 1.6e-09
-3.945883607286884264e-05 8.616126387122805541e-01 2.625619978020457893e-02 1.078027013505979142e-04 5.616578213523194839e-05 1.717212299078368002e-06 4.0 0.00024149709559 1.6e-09
7.364806645485585663e-05 3.493429749178135868e+00 4.491308142214954502e-02 2.143825411723915080e-04 1.368681022728482999e-05 -2.287264984516523268e-07 4.0 0.00024149709559 1.6e-09
5.535891337576565366e-05 3.831145800328197293e+00 8.636665278769724285e-03 2.324319914006176446e-04 -6.630887923877239660e-06 -4.208529825607613056e-07 4.0 0.00024149709559 1.6e-09
1.238874782575859743e-05 1.948293680460095656e+00 -2.893148696443896550e-02 1.374292061655667707e-04 -3.651863401017578557e-05 -1.605864564232939613e-07 4.0 0.00024149709559 1.6e-09
-4.062098567585574233e-05 6.394819480096092246e-01 1.246348274225000941e-02 1.152189934995596459e-04 5.680538788535927151e-05 1.516314905000041037e-06 4.0 0.00024149709559 1.6e-09
-3.213244895897854494e-05 3.352639344214135786e+00 2.374183829513523691e-02 2.069386185386169080e-04 1.589474529330385901e-05 -1.788540837835705435e-07 4.0 0.00024149709559 1.6e-09
2.317428958320874301e-05 3.878070546614688308e+00 -1.224448808431646439e-03 2.349623709755729243e-04 -4.859006101081429072e-06 -2.674755780313188416e-07 4.0 0.00024149709559 1.6e-09
