-1.561261529749554322e-05 2.695631196807465102e+00 -3.834443676242447633e-05 1.730275844796102407e-04 -2.444108767156715498e-05 -7.380447881297978888e-10 3.82 0.00023184513854 1.6e-09
-3.929787124312303603e-05 3.890837619448719309e-01 -1.405735903465268714e-03 1.499397464026134652e-04 6.397249692008505668e-06 1.382193913267498852e-07 3.82 0.00023184513854 1.6e-09
6.915119841766912475e-06 2.796842631451839090e+00 -3.277733649212465159e-03 1.781277379093862477e-04 2.305912272838439486e-05 -1.338853846359513780e-08 3.82 0.00023184513854 1.6e-09
-1.655071855483263504e-05 3.829897325702858346e+00 -2.925942507653020268e-03 2.323677129262427597e-04 -7.425438460045325848e-07 1.530741863272276255e-08 3.82 0.00023184513854 1.6e-09
7.474229216742092304e-05 2.622543706044246470e+00 -5.564719760551431818e-04 1.693531602837145130e-04 -2.560859432134960010e-05 3.012515997239320917e-08 3.82 0.00023184513854 1.6e-09
-1.953689894279090331e-05 3.935291093629885162e-01 -1.695248579309485693e-03 1.486632410943908669e-04 1.540308978479559704e-05 -8.097346568418616396e-08 3.82 0.00023184513854 1.6e-09
-2.663497852709430323e-05 2.871644921777175341e+00 -1.541347768971332126e-03 1.819143629818713195e-04 2.215657511795522872e-05 2.777584459353134186e-08 3.82 0.00023184513854 1.6e-09
-2.056028974188414427e-05 3.848280373666891574e+00 1.592706040492533311e-03 2.333395276437178313e-04 -1.155893405832591379e-06 2.866101128940109623e-08 3.82 0.00023184513854 1.6e-09
-1.162034594628398300e-05 2.600263100733611665e+00 3.460734780168021364e-03 1.682188385620996224e-04 -2.609190596256225479e-05 -7.027061735818139016e-10 3.82 0.00023184513854 1.6e-09
-2.343542388450756071e-05 3.950737384736181523e-01 -2.488426035055757522e-03 1.480946468867953597e-04 1.850339082225923497e-05 -2.114747131055909921e-07 3.82 0.00023184513854 1.6e-09
-7.783343941583112607e-05 2.901865389320685829e+00 2.398374633832940986e-03 1.834344296701186637e-04 2.193667830987370469e-05 8.820077912399617624e-08 3.82 0.00023184513854 1.6e-09
-6.514283327878200175e-05 3.871898613162423342e+00 9.139400846784769689e-03 2.345916682327015175e-04 -1.124061315762647635e-06 4.033173207498339383e-08 3.82 0.00023184513854 1.6e-09
-3.276465615849807347e-05 2.637262584056008663e+00 9.330455876261006115e-03 1.700356245237058289e-04 -2.574119217026121342e-05 -5.489226849837675467e-08 3.82 0.00023184513854 1.6e-09
3.316732611501285884e-05 3.901289203722547172e-01 -3.115133530149562235e-03 1.491722683973701800e-04 1.502271133568469602e-05 -2.758924181181126042e-07 3.82 0.00023184513854 1.6e-09
8.804920207202965169e-05 2.880506438267969038e+00 5.288488736735211942e-03 1.823197338106949481e-04 2.241813157304465621e-05 1.335065732180417044e-07 3.82 0.00023184513854 1.6e-09
5.560781543402204113e-05 3.894505486848158782e+00 1.474228220887620344e-02 2.357930450194747852e-04 -6.758914518712390001e-07 4.966112425998828980e-08 3.82 0.00023184513854 1.6e-09
-4.678762561410247222e-05 2.722807493261693690e+00 1.392002552931792363e-02 1.743068438505955954e-04 -2.467740111649681666e-05 -8.896317958133407882e-08 3.82 0.00023184513854 1.6e-09
6.950301099712901764e-05 3.837156531016836514e-01 -3.108043589901704311e-03 1.507346177737274617e-04 5.468236650229156478e-06 -3.334234894021732361e-07 3.82 0.00023184513854 1.6e-09
6.497252533856834246e-05 2.809394271255561293e+00 3.680723602586415989e-03 1.786811720138166079e-04 2.352335549135719164e-05 1.361075480655439042e-07 3.82 0.00023184513854 1.6e-09
-1.147976079472756028e-04 3.905889574301102396e+00 1.397389465416441247e-02 2.363985892783236967e-04 7.752773672427747791e-08 6.167223333882008365e-08 3.82 0.00023184513854 1.6e-09
-4.892953924615569563e-05 2.826156387409907822e+00 1.466588001525890098e-02 1.795335672162946079e-04 -2.328887874298346718e-05 -7.032073100572121964e-08 3.82 0.00023184513854 1.6e-09
2.338484946471786126e-05 3.843176157427266593e-01 -2.288865091159815544e-03 1.505727136403600436e-04 -7.285949434678961654e-06 -4.561748781716641450e-07 3.82 0.00023184513854 1.6e-09
-1.513708282434312864e-05 2.706526378345636807e+00 -3.687911200085477147e-03 1.734798799522349220e-04 2.495581954461217078e-05 9.194956611564154381e-08 3.82 0.00023184513854 1.6e-09
1.177013121514605400e-04 3.899286852372799927e+00 6.218943728434154355e-03 2.360463492950719885e-04 8.596987827579185474e-07 8.730027196571957232e-08 3.82 0.00023184513854 1.6e-09
7.287722212879541961e-05 2.910288495077218762e+00 1.191435220657940247e-02 1.838374941837134095e-04 -2.205493728830964487e-05 3.359729961034373398e-09 3.82 0.00023184513854 1.6e-09
4.328881335557224774e-05 3.932880619654165466e-01 -7.282304813924810657e-04 1.483585285742603345e-04 -1.837431628502494182e-05 -7.033047176539250684e-07 3.82 0.00023184513854 1.6e-09
7.437956282902505854e-05 2.607102329480892156e+00 -1.424768803571324974e-02 1.685196378921709464e-04 2.624761138782543188e-05 2.991525950058105322e-08 3.82 0.00023184513854 1.6e-09
-4.278230309455164536e-05 3.879507618102809197e+00 -4.026918243302530023e-03 2.349933250772980519e-04 1.478412303631067873e-06 1.335302176615027398e-07 3.82 0.00023184513854 1.6e-09
7.323366993776843630e-06 2.953723543808886909e+00 9.264977486718291300e-03 1.860864081857496256e-04 -2.127820410265205157e-05 1.022910631402391318e-07 3.82 0.00023184513854 1.6e-09
-2.227658681356919408e-05 4.029427761097903460e-01 1.190696862814548309e-03 1.461560758454913064e-04 -2.447258668389476260e-05 -1.115606367938862408e-06 3.82 0.00023184513854 1.6e-09
1.523033570545715462e-05 2.544097042730944835e+00 -2.462087864962794054e-02 1.654177622978610161e-04 2.700266144015946976e-05 -1.395440583922277456e-08 3.82 0.00023184513854 1.6e-09
-2.341866220441215992e-05 3.856672638701382994e+00 -1.205716027490932526e-02 2.337805269424331569e-04 1.738673720222510406e-06 1.964215200422276259e-07 3.82 0.00023184513854 1.6e-09
5.610221678254107507e-05 2.951940358656085728e+00 9.577972498691224301e-03 1.860165264105574808e-04 -2.111161798032526322e-05 1.938460550817305947e-07 3.82 0.00023184513854 1.6e-09
4.879795209542483249e-05 4.053643617047414938e-01 2.711329667686790575e-03 1.457439159581505714e-04 -2.497287538313050953e-05 -1.694812338530629221e-06 3.82 0.00023184513854 1.6e-09
3.729079785562485367e-05 2.533688159214292579e+00 -3.268413361264450173e-02 1.649297458639718958e-04 2.699278694283859946e-05 -1.785488742804511256e-08 3.82 0.00023184513854 1.6e-09
-5.807886686381423275e-06 3.837332874463965204e+00 -1.575289933231192874e-02 2.327569188220791094e-04 1.592102901397161266e-06 2.640600349061449557e-07 3.82 0.00023184513854 1.6e-09
4.469095595518552218e-05 2.907270373833640065e+00 1.317637669510954984e-02 1.837455367893993038e-04 -2.156803209823834086e-05 2.568477203824066972e-07 3.82 0.00023184513854 1.6e-09
2.854147085790100576e-05 3.995515005782085405e-01 2.907914876668983226e-03 1.472787646661312855e-04 -1.997144989870953692e-05 -2.381543163272372724e-06 3.82 0.00023184513854 1.6e-09
6.516407200257583242e-05 2.576660771317889065e+00 -3.654196208066357726e-02 1.670779440459752496e-04 2.622728437399999987e-05 2.992054119582195676e-08 3.82 0.00023184513854 1.6e-09
-2.178250094972687304e-05 3.823937249870540178e+00 -1.379914047765335404e-02 2.320507732236408525e-04 1.063266224188683926e-06 3.216192601959568435e-07 3.82 0.00023184513854 1.6e-09
-7.830418241832256816e-05 2.825916936123782364e+00 1.949218028865279395e-02 1.796104844571405244e-04 -2.259271230951236196e-05 2.706066912015167878e-07 3.82 0.00023184513854 1.6e-09
-5.758071680995427606e-05 3.914728123746467059e-01 1.099862986679851166e-03 1.493833251030978197e-04 -9.963666798680157339e-06 -3.026572044862413139e-06 3.82 0.00023184513854 1.6e-09
3.668809225390919505e-05 2.661929802515048848e+00 -3.368811549725299337e-02 1.713392182300244450e-04 2.491076625063918268e-05 1.391879656683246597e-07 3.82 0.00023184513854 1.6e-09
3.585783781467424429e-05 3.817940942807394489e+00 -3.898679745460003135e-03 2.317357745542220331e-04 2.587082954869495809e-07 3.574138163536557846e-07 3.82 0.00023184513854 1.6e-09
2.871071811534434430e-06 2.723314500604659294e+00 2.882265658394160893e-02 1.744227254746728807e-04 -2.402019751955383419e-05 2.059790096799637458e-07 3.82 0.00023184513854 1.6e-09
2.124201840929509891e-05 3.889301284889379318e-01 -2.641801634814568579e-03 1.500294929213288452e-04 2.858885953385069684e-06 -3.416491889621985543e-06 3.82 0.00023184513854 1.6e-09
-8.347129141297147275e-05 2.766658849195567704e+00 -2.254623911897030847e-02 1.766071577225664915e-04 2.342364689850817249e-05 3.079325197971936982e-07 3.82 0.00023184513854 1.6e-09
-2.364160664846083539e-05 3.821232176135542780e+00 1.564676793057977536e-02 2.319092392446114317e-04 -5.906285566652587686e-07 3.697836011577616926e-07 3.82 0.00023184513854 1.6e-09
-3.621764602803284963e-05 2.628089808898281809e+00 4.200578289398838872e-02 1.696417801699675264e-04 -2.544150986766777596e-05 4.346307111762041412e-08 3.82 0.00023184513854 1.6e-09
-6.339750331896804969e-05 3.938455890192500419e-01 -7.276035808655781367e-03 1.486627013942289186e-04 1.442682981032388932e-05 -3.444923861967439411e-06 3.82 0.00023184513854 1.6e-09
-1.064581049888198869e-05 2.860575834454202493e+00 -4.743841014418149343e-03 1.813634200193243388e-04 2.219366021112772705e-05 5.093949702487499788e-07 3.82 0.00023184513854 1.6e-09
-1.254352114040966693e-05 3.834443604593673172e+00 4.266166319849411248e-02 2.326057772771663364e-04 -1.229360652522694742e-06 3.660929290296983004e-07 3.82 0.00023184513854 1.6e-09
-5.444331765567751914e-05 2.572507783719474528e+00 5.848735602704819431e-02 1.668563312025947312e-04 -2.637822521941968304e-05 -1.917997492137947684e-07 3.82 0.00023184513854 1.6e-09
-6.632016543293930858e-05 3.994830730179639300e-01 -1.139314610102263800e-02 1.470916994078861717e-04 2.101016826878025426e-05 -3.240074197247226900e-06 3.82 0.00023184513854 1.6e-09
-9.097289547509512602e-05 2.918066252931838633e+00 1.605032377159282958e-02 1.842787262821169532e-04 2.157368984381508574e-05 7.122002912391263295e-07 3.82 0.00023184513854 1.6e-09
-9.316384384817517623e-05 3.855985006780810131e+00 7.240007648018234598e-02 2.337451850683732704e-04 -1.449416657032629629e-06 3.542199901999896354e-07 3.82 0.00023184513854 1.6e-09
-6.515276950881200623e-05 2.577399132839109708e+00 7.648685412870501188e-02 1.670696585992120006e-04 -2.647991861108295100e-05 -4.382766119074440975e-07 3.82 0.00023184513854 1.6e-09
4.466483662144036339e-05 3.978699538674242975e-01 -1.404749852719173325e-02 1.472936731965614849e-04 2.105317043580763817e-05 -3.032650639182443250e-06 3.82 0.00023184513854 1.6e-09
-7.422280052252688354e-05 2.925145084148296881e+00 3.630782173266487722e-02 1.846153121932526476e-04 2.168824583961520520e-05 9.005917392702760388e-07 3.82 0.00023184513854 1.6e-09
-9.935354844865062595e-05 3.881616553081279619e+00 1.006754819412220975e-01 2.351053190688020796e-04 -1.194253519566761812e-06 3.401475554193183236e-07 3.82 0.00023184513854 1.6e-09
5.725665150528415153e-05 2.644379432187333734e+00 9.434404209602653690e-02 1.703761355632587757e-04 -2.569937862914868334e-05 -6.397580047349758005e-07 3.82 0.00023184513854 1.6e-09
5.820388798706192481e-05 3.892785189085963271e-01 -1.500298157527386184e-02 1.492835804499857656e-04 1.425154535117511360e-05 -2.989101727012975184e-06 3.82 0.00023184513854 1.6e-09
1.786918394267672462e-05 2.876884947163860673e+00 5.250146234701452697e-02 1.821234500685772056e-04 2.252535865607978234e-05 1.066305459253980145e-06 3.82 0.00023184513854 1.6e-09
-6.735908969264155514e-05 3.901870046547714743e+00 1.236848428174811276e-01 2.361823445713965176e-04 -5.353976630731998290e-07 3.296920453923135694e-07 3.82 0.00023184513854 1.6e-09
-7.045018755036688396e-05 2.751323301741168237e+00 1.099480053950207259e-01 1.757363001693215947e-04 -2.429417131703910865e-05 -7.667839523521891298e-07 3.82 0.00023184513854 1.6e-09
-7.006815558377579639e-05 3.831613840227893197e-01 -1.455501840417654930e-02 1.508159759989072344e-04 1.879573066494832512e-06 -3.132236693751880935e-06 3.82 0.00023184513854 1.6e-09
-6.318275088321870041e-05 2.781042312109754278e+00 6.177243313180094675e-02 1.772375853892295329e-04 2.391147206148546409e-05 1.201621005083425468e-06 3.82 0.00023184513854 1.6e-09
7.383238982235662573e-05 3.904705862617237067e+00 1.384311128866331508e-01 2.363328954471788216e-04 3.105540964458249063e-07 3.271956912438304557e-07 3.82 0.00023184513854 1.6e-09
-4.922723119713888864e-05 2.856136935970562618e+00 1.207951110143758167e-01 1.810598036396993452e-04 -2.281912623107184931e-05 -8.239239376110203154e-07 3.82 0.00023184513854 1.6e-09
-3.308778885074827676e-06 3.872277487898606596e-01 -1.342220885130714948e-02 1.498102427836760881e-04 -1.152964557595431512e-05 -3.318494078707072169e-06 3.82 0.00023184513854 1.6e-09
-2.788424309156144003e-07 2.668487464207941251e+00 6.513559918889758049e-02 1.715757039481582112e-04 2.539897122991623043e-05 1.307094037034987563e-06 3.82 0.00023184513854 1.6e-09
1.406971508357071632e-05 3.888269500749050867e+00 1.460433029899630419e-01 2.354575511078465925e-04 1.077824099104759492e-06 3.305743363889657157e-07 3.82 0.00023184513854 1.6e-09
-4.332271574167388553e-06 2.922772574278201585e+00 1.266506305532608123e-01 1.844854200486120699e-04 -2.174533582885223790e-05 -8.477426939185061376e-07 3.82 0.00023184513854 1.6e-09
-6.276230749283248612e-05 3.972026638992082193e-01 -1.256398912862193018e-02 1.474456439093311101e-04 -2.062471440048371405e-05 -3.395004040636850553e-06 3.82 0.00023184513854 1.6e-09
-7.971456706306020751e-05 2.581836616867358991e+00 6.689005393633418173e-02 1.672765118364772838e-04 2.647322448763431127e-05 1.385604342521435806e-06 3.82 0.00023184513854 1.6e-09
8.767381219159169038e-05 3.863000491911819267e+00 1.505914766774787972e-01 2.341144418351801524e-04 1.508694639936372674e-06 3.284449635314609218e-07 3.82 0.00023184513854 1.6e-09
4.431422541848098988e-05 2.938197194861150940e+00 1.291150531444781868e-01 1.853011503220752018e-04 -2.131710878678146911e-05 -8.805997611380197477e-07 3.82 0.00023184513854 1.6e-09
-2.139142396190567459e-05 4.027442831124832257e-01 -1.278928637555132655e-02 1.462867090907355393e-04 -2.338384849706531270e-05 -3.283273133707864826e-06 3.82 0.00023184513854 1.6e-09
8.019550731124761717e-05 2.549455518304122315e+00 7.032231540352133770e-02 1.657031111711625626e-04 2.674345130757304354e-05 1.428338474054908872e-06 3.82 0.00023184513854 1.6e-09
-3.543814729069752381e-05 3.839033282742875475e+00 1.543419756289840516e-01 2.328443126985608742e-04 1.504177548842612083e-06 3.065385351587611557e-07 3.82 0.00023184513854 1.6e-09
-4.823197881854779997e-05 2.902830878133387138e+00 1.285994185282484659e-01 1.835133828690041903e-04 -2.159861226223535910e-05 -9.447918871144107992e-07 3.82 0.00023184513854 1.6e-09
3.928337037793381089e-05 3.992349471151874774e-01 -1.428444012176117647e-02 1.472978130714226448e-04 -1.969789760061007854e-05 -2.890935778453695102e-06 3.82 0.00023184513854 1.6e-09
5.232376928178786199e-05 2.578848404267979788e+00 7.669710368182580673e-02 1.671848540761164609e-04 2.614897909771274746e-05 1.422068859324837259e-06 3.82 0.00023184513854 1.6e-09
-2.836070060632565291e-05 3.821380994763671879e+00 1.574687238568422409e-01 2.319123173709663924e-04 1.039980793202954273e-06 2.549822929488826508e-07 3.82 0.00023184513854 1.6e-09
2.475224067488831977e-05 2.823307572571382540e+00 1.245331978748554780e-01 1.794755073332062194e-04 -2.257305602304845299e-05 -1.043626705071808324e-06 3.82 0.00023184513854 1.6e-09
2.587712669721716711e-05 3.916328471582233295e-01 -1.640323475831784866e-02 1.493030581019968365e-04 -1.004602354877603413e-05 -2.104144565642569024e-06 3.82 0.00023184513854 1.6e-09
-6.744945524992869456e-05 2.660338713847760772e+00 8.626455107181252302e-02 1.712595558502698052e-04 2.487274052435531162e-05 1.368085715481995454e-06 3.82 0.00023184513854 1.6e-09
-9.350516948292234573e-05 3.813237208401697664e+00 1.601823893405260324e-01 2.314836354006143051e-04 2.511620441073584451e-07 1.735730841988351632e-07 3.82 0.00023184513854 1.6e-09
-2.612591544822566583e-05 2.718710640528058775e+00 1.174196988092092997e-01 1.741919571008079229e-04 -2.400350873063316129e-05 -1.167902625374129968e-06 3.82 0.00023184513854 1.6e-09
5.907968100901188596e-05 3.890501905093308732e-01 -1.798025438763483502e-02 1.499676540370144706e-04 3.058432467981403236e-06 -9.569877411093201960e-07 3.82 0.00023184513854 1.6e-09
-6.643535791454603353e-05 2.766786432454253486e+00 9.822847196335435238e-02 1.766134611402549398e-04 2.335661078437248556e-05 1.289551891367816415e-06 3.82 0.00023184513854 1.6e-09
-5.265806269000955861e-05 3.817498337788685081e+00 1.632998635341109117e-01 2.317083012668610790e-04 -6.048947368896394321e-07 7.584998669728687569e-08 3.82 0.00023184513854 1.6e-09
-7.013691168110492498e-05 2.624758664927897556e+00 1.096183799606121334e-01 1.694755868369703881e-04 -2.541775346647079229e-05 -1.294297526108914211e-06 3.82 0.00023184513854 1.6e-09
4.408534118372866472e-05 3.938835375725350807e-01 -1.826765937932748121e-02 1.486178072717607001e-04 1.458967582133129630e-05 2.448009353154083072e-07 3.82 0.00023184513854 1.6e-09
-4.408567941005787867e-05 2.860375609943548003e+00 1.101054335547474172e-01 1.813493630946718706e-04 2.215915368271113823e-05 1.213836370730461450e-06 3.82 0.00023184513854 1.6e-09
-8.404078104288102073e-05 3.833956139196695645e+00 1.665864439259631402e-01 2.325769026706916835e-04 -1.198098603032183364e-06 -1.644811904059953754e-08 3.82 0.00023184513854 1.6e-09
-4.103427734187335804e-05 2.578477139894332915e+00 1.034240599541743494e-01 1.671483636159156361e-04 -2.625259976894581056e-05 -1.386378184705058401e-06 3.82 0.00023184513854 1.6e-09
2.910100717988861594e-05 3.982795001424861425e-01 -1.759764949316915822e-02 1.473380839070993179e-04 2.035958634075109446e-05 1.176988433366493990e-06 3.82 0.00023184513854 1.6e-09
6.835768805262257741e-05 2.911591458311857394e+00 1.187121373910267341e-01 1.839415037774759455e-04 2.164661274982189975e-05 1.153456600938350466e-06 3.82 0.00023184513854 1.6e-09
3.342156586600192780e-05 3.859281275427503655e+00 1.681937521664807478e-01 2.339177992851379842e-04 -1.332955130186228302e-06 -8.684266234868227437e-08 3.82 0.00023184513854 1.6e-09
7.406010087942392010e-05 2.599395812138047379e+00 9.923825251700932326e-02 1.681543205566828991e-04 -2.616571230611744833e-05 -1.410926564423226284e-06 3.82 0.00023184513854 1.6e-09
1.599824631063214667e-05 3.946334834585043527e-01 -1.681333035946253746e-02 1.480330983729078256e-04 1.887145202757284945e-05 1.719517275233193143e-06 3.82 0.00023184513854 1.6e-09
7.791322730538924378e-05 2.906591968873895482e+00 1.212155255870398241e-01 1.836574251617042303e-04 2.195337698689733813e-05 1.103126850182086951e-06 3.82 0.00023184513854 1.6e-09
1.090577128829933284e-04 3.887231109150048436e+00 1.652949986159235052e-01 2.354023706686081191e-04 -9.575079135371058705e-07 -1.295549038337227674e-07 3.82 0.00023184513854 1.6e-09
-6.110933935581142377e-05 2.683312600486680743e+00 9.539007280785982701e-02 1.723210401960156976e-04 -2.515823839130744584e-05 -1.353160684648814871e-06 3.82 0.00023184513854 1.6e-09
-7.253020711384022324e-05 3.859111966035984054e-01 -1.633849007176781803e-02 1.501067150662650459e-04 1.006807964557206823e-05 1.861921497848390387e-06 3.82 0.00023184513854 1.6e-09
7.754626447808963554e-05 2.842618934442219469e+00 1.152120431981739773e-01 1.803690659372446446e-04 2.301405274681288558e-05 1.043939499220434288e-06 3.82 0.00023184513854 1.6e-09
3.029999351048542439e-05 3.905799725132941713e+00 1.545713842215744593e-01 2.363907071363570704e-04 -1.870730745535064121e-07 -1.464254324677125564e-07 3.82 0.00023184513854 1.6e-09
2.489966334482275595e-05 2.798869205683278238e+00 8.863853894383434684e-02 1.781407518199379283e-04 -2.365623280646332488e-05 -1.219810195462209979e-06 3.82 0.00023184513854 1.6e-09
-6.049038539977353538e-05 3.832372192660363774e-01 -1.587514792069057157e-02 1.507837317416987921e-04 -3.757328366389820859e-06 1.670840510859349596e-06 3.82 0.00023184513854 1.6e-09
3.372973514308224782e-05 2.734016967438436030e+00 1.007764777179726429e-01 1.748593656453269782e-04 2.455693263906031363e-05 9.571142587237362502e-07 3.82 0.00023184513854 1.6e-09
-5.860824942392432990e-05 3.903271006560626866e+00 1.352438865853514693e-01 2.362560986206142344e-04 7.071636526140718348e-07 -1.425736524463686532e-07 3.82 0.00023184513854 1.6e-09
5.862576358091521481e-05 2.898894926763776247e+00 7.712075562237447057e-02 1.832467999300121768e-04 -2.222929488369294421e-05 -1.039179306623342388e-06 3.82 0.00023184513854 1.6e-09
7.238533526401577396e-05 3.914893427451546781e-01 -1.484713653691301094e-02 1.487362308752878076e-04 -1.678199364905645532e-05 1.356076427758510553e-06 3.82 0.00023184513854 1.6e-09
-5.401252040805273489e-05 2.620660012590690702e+00 8.230370598198155641e-02 1.691887249129489707e-04 2.605792599328785118e-05 8.385078218042686815e-07 3.82 0.00023184513854 1.6e-09
-5.834544354390928109e-06 3.882565043090139945e+00 1.115770080365794670e-01 2.351543297850835785e-04 1.413511425920925710e-06 -1.252271790368155735e-07 3.82 0.00023184513854 1.6e-09
8.563882655005848154e-05 2.952156220005837106e+00 6.300798243122521236e-02 1.860002920631153049e-04 -2.131907357559441226e-05 -8.507071374202887648e-07 3.82 0.00023184513854 1.6e-09
3.690602622709395110e-05 4.023597176461191083e-01 -1.303757320841415247e-02 1.462389764861291301e-04 -2.418569683639678529e-05 1.110958922123183046e-06 3.82 0.00023184513854 1.6e-09
-5.920924469878106926e-05 2.546219298907613116e+00 6.425981495408131239e-02 1.655204287595586198e-04 2.696248096557761048e-05 6.912943333327756733e-07 3.82 0.00023184513854 1.6e-09
2.427307588880931832e-05 3.856743491750876274e+00 8.799352866859072586e-02 2.337833811019908610e-04 1.728438620534092768e-06 -1.027191865675039430e-07 3.82 0.00023184513854 1.6e-09
7.018599365092306416e-06 2.952101567955774719e+00 4.901510286108698433e-02 1.860238881895202542e-04 -2.109958184801493465e-05 -6.773713630451483956e-07 3.82 0.00023184513854 1.6e-09
-6.166791846683858575e-05 4.053721610875397618e-01 -1.063667472115759766e-02 1.457220221967964148e-04 -2.495584746992346849e-05 9.855444514826153607e-07 3.82 0.00023184513854 1.6e-09
-3.926475989712211020e-05 2.532868831860591641e+00 4.804467469692619286e-02 1.648907589324273212e-04 2.698560937112356160e-05 5.204384973873672458e-07 3.82 0.00023184513854 1.6e-09
-8.551315371102964202e-05 3.835148189314866229e+00 6.563067721276683031e-02 2.326408593932449849e-04 1.582463830507717445e-06 -8.173759373124165712e-08 3.82 0.00023184513854 1.6e-09
5.498693006275626692e-05 2.902957606837376581e+00 3.568139135153706315e-02 1.835264385966022785e-04 -2.160633456277723821e-05 -5.189968158953432753e-07 3.82 0.00023184513854 1.6e-09
4.684843288206182990e-06 3.989112950131931679e-01 -7.987273074434465131e-03 1.474262016534338949e-04 -1.948751936551934642e-05 9.456103002431110404e-07 3.82 0.00023184513854 1.6e-09
8.134061417900454686e-05 2.580867391938099775e+00 3.392745650919459788e-02 1.672899174130816364e-04 2.614321151804907827e-05 3.426370299034375848e-07 3.82 0.00023184513854 1.6e-09
9.284700999339290037e-05 3.821739962120100031e+00 4.481740678884783835e-02 2.319347357705649096e-04 9.954966074122372911e-07 -6.759447268220565073e-08 3.82 0.00023184513854 1.6e-09
-5.034898177725287882e-05 2.815885208635660053e+00 2.296310804752178109e-02 1.791027371252126149e-04 -2.271685595639107684e-05 -3.722681191407307558e-07 3.82 0.00023184513854 1.6e-09
-5.191951806280623851e-05 3.905718429861536611e-01 -5.525162439110930038e-03 1.496008356878022203e-04 -8.739433233144626093e-06 9.282623814410058874e-07 3.82 0.00023184513854 1.6e-09
3.864645376298791383e-05 2.672939014337432084e+00 2.321485575408099161e-02 1.718903055131931496e-04 2.475576093061136016e-05 1.943253552583820590e-07 3.82 0.00023184513854 1.6e-09
4.228790014037208772e-05 3.818733326251735782e+00 2.800816463254790500e-02 2.317779001813630310e-04 1.748329320525615503e-07 -6.274289843004142847e-08 3.82 0.00023184513854 1.6e-09
7.853814499784777994e-05 2.714716809646428253e+00 1.233182441437661279e-02 1.739882116976154941e-04 -2.415726779071076163e-05 -2.510281549068174516e-07 3.82 0.00023184513854 1.6e-09
-5.700105390191285927e-05 3.885686645056829480e-01 -3.722692096437858669e-03 1.500876147395243960e-04 4.007423157791005944e-06 8.835468962349491093e-07 3.82 0.00023184513854 1.6e-09
-5.148016272234587381e-05 2.777324424065982011e+00 1.744500337896469702e-02 1.771410942866328262e-04 2.331712783745891482e-05 1.098446233894394357e-07 3.82 0.00023184513854 1.6e-09
4.641785605729290996e-05 3.827006705043895174e+00 1.852496495208356270e-02 2.322149908530096772e-04 -6.149192821698863205e-07 -6.290334270738814487e-08 3.82 0.00023184513854 1.6e-09
5.826068854738931951e-05 2.633873670727327809e+00 6.201761999643820925e-03 1.699227624738357820e-04 -2.541446832072221312e-05 -1.801138257383233569e-07 3.82 0.00023184513854 1.6e-09
-5.351236996859064688e-06 3.925809866554104133e-01 -2.837477506682817806e-03 1.489287534753959755e-04 1.399931649124476939e-05 8.119903012449685858e-07 3.82 0.00023184513854 1.6e-09
-2.847749191531511413e-05 2.859819231640553738e+00 1.599284003255462688e-02 1.813145070462861622e-04 2.229308421641830847e-05 8.700574525951038738e-08 3.82 0.00023184513854 1.6e-09
1.804028126734537579e-05 3.844788673084301944e+00 1.621850150063382234e-02 2.331547384416929227e-04 -1.099600226755825709e-06 -6.113641787192798960e-08 3.82 0.00023184513854 1.6e-09
-8.252843756723067883e-06 2.602193222879243706e+00 4.905126670212492379e-03 1.683194605738831760e-04 -2.603337946313718821e-05 -1.613463226907707187e-07 3.82 0.00023184513854 1.6e-09
3.797492267160625893e-06 3.949599004367756461e-01 -2.701964048480774358e-03 1.481493861863560947e-04 1.816993976383437300e-05 7.509323558182474138e-07 3.82 0.00023184513854 1.6e-09
4.675867860353685675e-05 2.898488447994192363e+00 1.639898026636323752e-02 1.832657269004566033e-04 2.194816139361575083e-05 9.466737936583659543e-08 3.82 0.00023184513854 1.6e-09
-7.038081545347826156e-05 3.868685963986909560e+00 1.734924808214988526e-02 2.344211607483890302e-04 -1.133427650466299847e-06 -5.590047173438518744e-08 3.82 0.00023184513854 1.6e-09
4.501624963759274665e-05 2.631565306959453565e+00 6.159097601845186197e-03 1.697539048568625871e-04 -2.580333222346339016e-05 -1.662005643228329499e-07 3.82 0.00023184513854 1.6e-09
-5.679266648527045035e-05 3.907623767573263907e-01 -2.840667040508064196e-03 1.490232820663393875e-04 1.559929164052685369e-05 7.193542160138432579e-07 3.82 0.00023184513854 1.6e-09
-5.762164206592207952e-05 2.884339916784720348e+00 1.559072482219862193e-02 1.825163960680308288e-04 2.235792602870962200e-05 9.592400202667862601e-08 3.82 0.00023184513854 1.6e-09
-3.423277152758603416e-05 3.892725382378994681e+00 1.699366353081618874e-02 2.356983332352142221e-04 -7.244869798267142126e-07 -4.900908039463479220e-08 3.82 0.00023184513854 1.6e-09
2.704358489712172149e-05 2.713912922896398072e+00 6.670370290674412610e-03 1.738595203371246553e-04 -2.479668097123157014e-05 -1.558617895169735877e-07 3.82 0.00023184513854 1.6e-09
-2.471046481596447146e-05 3.840645718092386973e-01 -2.742423961541208544e-03 1.506414595658003147e-04 6.535234311634513410e-06 6.838599432662213855e-07 3.82 0.00023184513854 1.6e-09
7.911102809391857128e-05 2.817704774696493608e+00 1.020735259307363821e-02 1.791032268880652300e-04 2.340985585622841605e-05 5.774950193026773902e-08 3.82 0.00023184513854 1.6e-09
7.720902337860186904e-05 3.906589128857612003e+00 1.046227886323473910e-02 2.364357315109885378e-04 3.416906571299895063e-09 -3.766050668491504677e-08 3.82 0.00023184513854 1.6e-09
-5.020385050058564212e-05 2.819800179766673853e+00 3.509135284459131629e-03 1.792091605295145654e-04 -2.338561987201974207e-05 -9.729986431053536851e-08 3.82 0.00023184513854 1.6e-09
-4.313837041047668410e-05 3.838771370230351643e-01 -2.020002367922352216e-03 1.506752135470466533e-04 -6.419824164134935651e-06 5.689652479076970324e-07 3.82 0.00023184513854 1.6e-09
4.433468663195478440e-05 2.714269024990230150e+00 -1.168675401049965468e-03 1.738673905637543190e-04 2.486274388291504094e-05 -3.017113469895666144e-08 3.82 0.00023184513854 1.6e-09
-1.123042319353558503e-04 3.902048059586395112e+00 -3.296322948793879368e-03 2.361930336311370395e-04 8.412169069746413305e-07 -1.144550679468691669e-08 3.82 0.00023184513854 1.6e-09
-9.585935510710067136e-06 2.910372860417848706e+00 -3.251804117043967900e-03 1.838395796533855793e-04 -2.207230523013669260e-05 1.636143495005623065e-08 3.82 0.00023184513854 1.6e-09
-3.038776106687006700e-05 3.929761409367488190e-01 -4.516566375020524904e-04 1.484155793402171784e-04 -1.827465152257265593e-05 3.043765024565703394e-07 3.82 0.00023184513854 1.6e-09
-2.726989109419593533e-06 2.608888640502933676e+00 -1.598892325559846811e-02 1.686035887249443086e-04 2.625327697677610345e-05 -1.402127936038913752e-07 3.82 0.00023184513854 1.6e-09
-5.075166641699193227e-06 3.882756747903191474e+00 -1.968148323966774360e-02 2.351655309202911723e-04 1.500463450623494863e-06 3.878715487011518199e-08 3.82 0.00023184513854 1.6e-09
-2.528808950259936857e-05 2.961243195972825148e+00 -9.662787653575137525e-03 1.864698838793498175e-04 -2.119948905578759142e-05 1.583053041646699329e-07 3.82 0.00023184513854 1.6e-09
-1.553780538487387771e-05 4.040203857712173496e-01 1.834072746878789026e-03 1.458738784115714312e-04 -2.530971425847568942e-05 -1.562575522650349265e-07 3.82 0.00023184513854 1.6e-09
-4.520192053700613534e-05 2.536999888600806052e+00 -3.074728624746780881e-02 1.650617967966369008e-04 2.713539100561821688e-05 -2.310768259916735628e-07 3.82 0.00023184513854 1.6e-09
-9.108185060366393829e-05 3.859337934621678734e+00 -3.344966585659112090e-02 2.339209296949945019e-04 1.836944817256580031e-06 1.117825388811611562e-07 3.82 0.00023184513854 1.6e-09
-8.644906357213807144e-05 2.966911647136430297e+00 -1.219664513647050232e-02 1.867840753943688140e-04 -2.091753687229784217e-05 2.961466002163921056e-07 3.82 0.00023184513854 1.6e-09
9.088233141723840811e-06 4.081631019194701393e-01 4.177616620248821369e-03 1.450705556141433628e-04 -2.672505548711302483e-05 -8.286689377017849850e-07 3.82 0.00023184513854 1.6e-09
3.556660066994793564e-05 2.517067946676886159e+00 -4.341796302915978956e-02 1.641057397394393019e-04 2.725832313851717063e-05 -2.744688550003425960e-07 3.82 0.00023184513854 1.6e-09
-6.251037994589752115e-05 3.839186632792007892e+00 -4.226621902997237251e-02 2.328536687948453928e-04 1.762390094119759571e-06 1.971486814303558626e-07 3.82 0.00023184513854 1.6e-09
-6.580481645673985798e-05 2.929673034648632601e+00 -1.022536890849916856e-02 1.848916309034571786e-04 -2.126367262786378655e-05 4.096520438869143470e-07 3.82 0.00023184513854 1.6e-09
6.443547179421899691e-05 4.030777802755998174e-01 5.527685691666993709e-03 1.464115632894435906e-04 -2.273459796021073438e-05 -1.685352808294893365e-06 3.82 0.00023184513854 1.6e-09
-5.727978741930358022e-05 2.551291054836538841e+00 -5.230273055836394402e-02 1.658166275416252447e-04 2.662092107842785663e-05 -2.542126919674861332e-07 3.82 0.00023184513854 1.6e-09
8.673181995344332530e-05 3.824908522908421205e+00 -4.494465174562595200e-02 2.321007897707974565e-04 1.287912988818016863e-06 2.797391609299364152e-07 3.82 0.00023184513854 1.6e-09
7.469420228045131388e-05 2.854603855726929318e+00 -4.432480468469151419e-03 1.810680908454697323e-04 -2.220399653662724957e-05 4.796071137072654178e-07 3.82 0.00023184513854 1.6e-09
2.929359012500394279e-05 3.939162660148515238e-01 4.854419926991399882e-03 1.487632339759023992e-04 -1.361932081360463096e-05 -2.614734905207341404e-06 3.82 0.00023184513854 1.6e-09
-2.749300125921102009e-05 2.630641153636530394e+00 -5.470088655453013426e-02 1.697737985417192017e-04 2.536733727087903055e-05 -1.565960251008804522e-07 3.82 0.00023184513854 1.6e-09
-1.829971031771798361e-05 3.817404337120854585e+00 -3.908991155466184919e-02 2.317066985990147172e-04 5.253000244980248333e-07 3.449030602933074529e-07 3.82 0.00023184513854 1.6e-09
2.733876772545411004e-05 2.753511869418101554e+00 5.237812098473828594e-03 1.759465504167543692e-04 -2.358101831048762392e-05 4.739048148297764718e-07 3.82 0.00023184513854 1.6e-09
3.050225361181415338e-05 3.889228595967136326e-01 1.731299364082966412e-03 1.500606462952017465e-04 -9.090900550799059489e-07 -3.392667004295358578e-06 3.82 0.00023184513854 1.6e-09
1.615620438952336486e-05 2.735537857440281329e+00 -4.795391774140534552e-02 1.750392364667400038e-04 2.383635914125127071e-05 2.226790798838727928e-08 3.82 0.00023184513854 1.6e-09
6.129172798440555214e-05 3.818149135817417772e+00 -2.193781791796860919e-02 2.317464823338580889e-04 -3.665216678106055420e-07 3.859055812840523435e-07 3.82 0.00023184513854 1.6e-09
5.158170489580328705e-05 2.650428465028373815e+00 1.971494541240550666e-02 1.707614116227237672e-04 -2.509354824047548029e-05 3.576271301760714932e-07 3.82 0.00023184513854 1.6e-09
5.782146082106538282e-05 3.922792446498454266e-01 -3.167664312850779727e-03 1.491186086019042831e-04 1.174246218745754683e-05 -3.800565252597792900e-06 3.82 0.00023184513854 1.6e-09
-3.866936014512879901e-06 2.837851540030137176e+00 -3.239778514559799039e-02 1.802124167326825030e-04 2.246174482606508961e-05 2.564582345588008779e-07 3.82 0.00023184513854 1.6e-09
1.098426654383920074e-04 3.828356436517693862e+00 5.609710445193915110e-03 2.322842278542870068e-04 -1.118261226685733426e-06 4.062781159651393572e-07 3.82 0.00023184513854 1.6e-09
6.744886341510695712e-05 2.577295310860473254e+00 3.867640612796698768e-02 1.671012834190539710e-04 -2.626838211780471705e-05 1.343297894969071021e-07 3.82 0.00023184513854 1.6e-09
-4.513524849464584760e-06 3.992910917108807300e-01 -8.286568083921648509e-03 1.472119204063348174e-04 2.033576912799341856e-05 -3.842733037197612738e-06 3.82 0.00023184513854 1.6e-09
-3.844869898354498971e-05 2.910466036194122363e+00 -1.143646114963625671e-02 1.838988641139122538e-04 2.160574238563955942e-05 5.035515019256480583e-07 3.82 0.00023184513854 1.6e-09
8.429591119900102329e-05 3.847436000581110349e+00 3.862797419474484073e-02 2.332921933978823867e-04 -1.502601743328998917e-06 4.123489596453989699e-07 3.82 0.00023184513854 1.6e-09
-8.280393664735907907e-05 2.559653810194444823e+00 5.998134704851778437e-02 1.662008485446232666e-04 -2.668083918055766344e-05 -1.399317006905496278e-07 3.82 0.00023184513854 1.6e-09
5.301385545287558526e-05 4.008946625495243277e-01 -1.215962765884459271e-02 1.466301827031480450e-04 2.272859687290764243e-05 -3.730582385242302523e-06 3.82 0.00023184513854 1.6e-09
-2.103833036475937716e-05 2.936325418956794664e+00 1.120375420303008213e-02 1.851987012678194466e-04 2.145752418256196127e-05 7.373808440679084250e-07 3.82 0.00023184513854 1.6e-09
3.080670054546689465e-05 3.872661610876282801e+00 7.220942887300729751e-02 2.346295047895284071e-04 -1.410672788527778468e-06 4.090575218670894619e-07 3.82 0.00023184513854 1.6e-09
-8.031645376628140747e-06 2.606536018397130228e+00 8.162381593680369252e-02 1.684975285588773402e-04 -2.618841587562746755e-05 -3.973797970471581162e-07 3.82 0.00023184513854 1.6e-09
4.118883292271860246e-05 3.936588159158218581e-01 -1.408186549752856766e-02 1.482197249461463244e-04 1.831631978832203226e-05 -3.683094997625534151e-06 3.82 0.00023184513854 1.6e-09
2.652105081479770826e-05 2.907540136382526619e+00 3.197421250284342847e-02 1.836980885758863872e-04 2.205770330405993084e-05 9.480952968849940611e-07 3.82 0.00023184513854 1.6e-09
-1.665429999288659099e-05 3.896830192577440677e+00 1.023900138233055090e-01 2.359141547791761208e-04 -8.656647046465601551e-07 4.023480854271546800e-07 3.82 0.00023184513854 1.6e-09
1.576278541169036552e-05 2.705179178354660152e+00 1.018462940513601422e-01 1.734118993849868926e-04 -2.493151950554333267e-05 -5.914462031049587736e-07 3.82 0.00023184513854 1.6e-09
4.935249537111058434e-05 3.846923834912595597e-01 -1.413971594920849541e-02 1.504135894889839509e-04 7.420749279567280502e-06 -3.797260524654259682e-06 3.82 0.00023184513854 1.6e-09
-4.948429215935769006e-05 2.825457512378916292e+00 4.710376715849350082e-02 1.794926520312108522e-04 2.330523150687574378e-05 1.128193543265353010e-06 3.82 0.00023184513854 1.6e-09
-6.275907865791264856e-05 3.907466190521728500e+00 1.252902902082052294e-01 2.364800155060374390e-04 -3.047200440175083487e-08 3.991491886092604658e-07 3.82 0.00023184513854 1.6e-09
5.666533403911485061e-05 2.818640401281308883e+00 1.180993369564370121e-01 1.791450883843907554e-04 -2.338302258377262350e-05 -7.079940784075726121e-07 3.82 0.00023184513854 1.6e-09
-1.092372651581106354e-05 3.844992928172619173e-01 -1.303632408359491415e-02 1.504809221774848558e-04 -6.609928861871542269e-06 -3.994526223612041847e-06 3.82 0.00023184513854 1.6e-09
-6.065013339256085584e-05 2.711677098595249191e+00 5.534830690876778314e-02 1.737374696799624644e-04 2.485111589245248798e-05 1.276135856072605964e-06 3.82 0.00023184513854 1.6e-09
5.921533331917551180e-05 3.897195728208679100e+00 1.398564181947758445e-01 2.359326046191466907e-04 8.116554773289379998e-07 4.024136778008163008e-07 3.82 0.00023184513854 1.6e-09
-3.455744437148149399e-05 2.904369590225397868e+00 1.289237449296443405e-01 1.835335216085311270e-04 -2.207588364066689847e-05 -7.710048907037671303e-07 3.82 0.00023184513854 1.6e-09
1.200573597705783250e-05 3.936422432726253140e-01 -1.190466985326034573e-02 1.482564089776186827e-04 -1.804763239471021192e-05 -4.114839283817687767e-06 3.82 0.00023184513854 1.6e-09
7.251516531303761138e-05 2.608275900422071469e+00 6.010087708858798811e-02 1.685814600798613656e-04 2.615818963852224453e-05 1.398639474844316175e-06 3.82 0.00023184513854 1.6e-09
-2.503513745996041324e-06 3.873220021708256411e+00 1.496176306264638545e-01 2.346568963043631922e-04 1.410986323043707495e-06 4.046057259524540575e-07 3.82 0.00023184513854 1.6e-09
3.805924602011895926e-05 2.940671639590894504e+00 1.355623388081426406e-01 1.854179972345268391e-04 -2.136695751380442897e-05 -8.268922893015168954e-07 3.82 0.00023184513854 1.6e-09
-3.770343864869791888e-05 4.022659946200915493e-01 -1.184212773528832072e-02 1.463298494852016923e-04 -2.341979761556131363e-05 -4.074924133118803068e-06 3.82 0.00023184513854 1.6e-09
-6.587789943743680842e-05 2.551515988436007021e+00 6.555356805010298382e-02 1.657917810075204145e-04 2.679410103013188680e-05 1.492560693241298450e-06 3.82 0.00023184513854 1.6e-09
-1.463840849434919780e-05 3.847307534380640881e+00 1.579944258433146898e-01 2.332817414320397377e-04 1.585497278003501398e-06 3.904694643748811021e-07 3.82 0.00023184513854 1.6e-09
4.719505139047776120e-05 2.924592044306855154e+00 1.390076783775830993e-01 1.846183197309892972e-04 -2.136689162071784182e-05 -9.103771493942955420e-07 3.82 0.00023184513854 1.6e-09
6.004639625712716188e-05 4.022273100328166429e-01 -1.340722473743618560e-02 1.465148876347250944e-04 -2.226182595285257609e-05 -3.791921700626744674e-06 3.82 0.00023184513854 1.6e-09
-5.856782732359368997e-05 2.556698030758918438e+00 7.386050971473480387e-02 1.660771864319189638e-04 2.653067032235833524e-05 1.541536837175444756e-06 3.82 0.00023184513854 1.6e-09
3.013883181031260021e-05 3.826221483345928043e+00 1.657744056593236093e-01 2.321667143982338608e-04 1.286006307334212265e-06 3.463094042656321171e-07 3.82 0.00023184513854 1.6e-09
-6.436396110998129460e-05 2.860054747144118004e+00 1.387011272500093262e-01 1.813411440966645159e-04 -2.208133103872694566e-05 -1.033909673442995482e-06 3.82 0.00023184513854 1.6e-09
2.581623110223000905e-05 3.949160155289913599e-01 -1.622062611104758620e-02 1.484464278031341123e-04 -1.471692248254120884e-05 -3.118150005936986017e-06 3.82 0.00023184513854 1.6e-09
7.806427033171030815e-05 2.620885127584501983e+00 8.565402371863517494e-02 1.692874000515442263e-04 2.544544318543562035e-05 1.533929491326639388e-06 3.82 0.00023184513854 1.6e-09
4.472229664548100288e-05 3.813328585608031673e+00 1.727921422490503733e-01 2.314871520253906228e-04 5.841654574125484626e-07 2.666896278476265963e-07 3.82 0.00023184513854 1.6e-09
-2.170331218244802934e-05 2.759668433077966387e+00 1.343160718977095547e-01 1.762576392883659544e-04 -2.340235753986479438e-05 -1.193570370721079127e-06 3.82 0.00023184513854 1.6e-09
7.322643688284278900e-05 3.892581181085555397e-01 -1.901677336781037314e-02 1.499350252722426525e-04 -2.222164796636149134e-06 -1.965416692120914639e-06 3.82 0.00023184513854 1.6e-09
3.341370931724149901e-05 2.723830129646169773e+00 1.004333165563552344e-01 1.744506081825270569e-04 2.391961198521935298e-05 1.480107870827364193e-06 3.82 0.00023184513854 1.6e-09
-1.042363699881104441e-04 3.811991329866233791e+00 1.793777185369517246e-01 2.314167453572472174e-04 -2.972145043108372479e-07 1.603331869835302654e-07 3.82 0.00023184513854 1.6e-09
7.348310527678552696e-05 2.653534390284214783e+00 1.274638428789027778e-01 1.709183810475706591e-04 -2.494235795131604481e-05 -1.367438571431152766e-06 3.82 0.00023184513854 1.6e-09
-4.453493063811205552e-05 3.918793868861064067e-01 -2.044646018061392623e-02 1.491859109716886565e-04 1.095909905589157618e-05 -5.546782762908985707e-07 3.82 0.00023184513854 1.6e-09
-6.925995052385649207e-05 2.829446234352687384e+00 1.159435075406466537e-01 1.797835757817767863e-04 2.250500110396663143e-05 1.407924693157020216e-06 3.82 0.00023184513854 1.6e-09
3.912828628106998518e-05 3.823735132364516787e+00 1.855290952614498667e-01 2.320355738587721438e-04 -1.059619587273704290e-06 4.935120733847052708e-08 3.82 0.00023184513854 1.6e-09
3.229287508345817870e-07 2.582146622339942077e+00 1.208671515866502344e-01 1.673424949369880794e-04 -2.609956254477359649e-05 -1.513878984937690481e-06 3.82 0.00023184513854 1.6e-09
1.503970436323484838e-05 3.982189326730848355e-01 -2.028957758851026444e-02 1.474343698026172374e-04 1.957441861932204366e-05 6.887963180161113719e-07 3.82 0.00023184513854 1.6e-09
-4.684274132345375778e-05 2.901966631282706821e+00 1.287470278681541735e-01 1.834596879782210161e-04 2.166938108245022193e-05 1.341639525491918314e-06 3.82 0.00023184513854 1.6e-09
-8.674159649416461062e-06 3.846269403311791457e+00 1.899307631527097362e-01 2.332267767220163007e-04 -1.397977326010006546e-06 -4.372822453583056567e-08 3.82 0.00023184513854 1.6e-09
7.075755690629107538e-05 2.574225185213645073e+00 1.160778857334828773e-01 1.669175393845178865e-04 -2.641755441844250923e-05 -1.589403996454041921e-06 3.82 0.00023184513854 1.6e-09
5.272882472278957319e-05 3.983338915022956450e-01 -1.944436752618097439e-02 1.471986506799992974e-04 2.117292311235258949e-05 1.510014447456812007e-06 3.82 0.00023184513854 1.6e-09
-4.739486460643194165e-05 2.921379194279092317e+00 1.357604521373512729e-01 1.844251462991205472e-04 2.163960541173158461e-05 1.289030904298887374e-06 3.82 0.00023184513854 1.6e-09
2.723296985591167893e-05 3.874876152916010952e+00 1.903966651828153389e-01 2.347443507245108494e-04 -1.218219016100128601e-06 -1.068356061469641650e-07 3.82 0.00023184513854 1.6e-09
3.102945281473505276e-05 2.635929328698729535e+00 1.126172317721612637e-01 1.699571169989914270e-04 -2.574298001219119542e-05 -1.571058725224017101e-06 3.82 0.00023184513854 1.6e-09
-5.424445532054701744e-05 3.901043158525651089e-01 -1.879148347158428323e-02 1.490619866156597502e-04 1.521831831312146907e-05 1.857025163776273591e-06 3.82 0.00023184513854 1.6e-09
4.647817688717652810e-05 2.880545881277286391e+00 1.343895091787471741e-01 1.823100435330168531e-04 2.241849743472756526e-05 1.240311112401423185e-06 3.82 0.00023184513854 1.6e-09
-2.468712201421323626e-05 3.899870452214662109e+00 1.839436899961380545e-01 2.360738522217328275e-04 -5.673680627155830046e-07 -1.386700617809957108e-07 3.82 0.00023184513854 1.6e-09
8.507767519134380621e-05 2.746767131878805834e+00 1.078527658452407556e-01 1.755035595304388850e-04 -2.434502499143579885e-05 -1.462319239050179052e-06 3.82 0.00023184513854 1.6e-09
-2.610809847133215044e-05 3.830664526265546987e-01 -1.840334473266442422e-02 1.508107717813831879e-04 2.628426820148785140e-06 1.766308266877837473e-06 3.82 0.00023184513854 1.6e-09
8.466559367722397529e-05 2.784840931678798537e+00 1.234518884668465155e-01 1.774274861284940883e-04 2.383970252448957747e-05 1.175808967535439017e-06 3.82 0.00023184513854 1.6e-09
6.413323806411244058e-06 3.907033633694876329e+00 1.683393759549288438e-01 2.364555020256812784e-04 3.269885571416537651e-07 -1.451513263254131626e-07 3.82 0.00023184513854 1.6e-09
8.245308822396451578e-05 2.861301826047446539e+00 9.858499713669763298e-02 1.813185345524788612e-04 -2.277952029827413704e-05 -1.290864506871156227e-06 3.82 0.00023184513854 1.6e-09
-6.391436571798878225e-05 3.870772288902779579e-01 -1.772649885783391527e-02 1.498092081434617643e-04 -1.180009788148854419e-05 1.435712085478540345e-06 3.82 0.00023184513854 1.6e-09
-1.674537620754493059e-05 2.664927380236089771e+00 1.061034595912536960e-01 1.713922683967172606e-04 2.546727648361029700e-05 1.081781147617207783e-06 3.82 0.00023184513854 1.6e-09
6.113712772595690753e-05 3.891987482800629561e+00 1.459990570343175642e-01 2.356546839137629336e-04 1.156525495606376392e-06 -1.360574633528631500e-07 3.82 0.00023184513854 1.6e-09
-5.897513814197275200e-05 2.936916014362596528e+00 8.501763819112548304e-02 1.852078867589445981e-04 -2.159229036678303953e-05 -1.100183674329581296e-06 3.82 0.00023184513854 1.6e-09
1.417873499935873443e-05 3.985494834617178128e-01 -1.634022859703568656e-02 1.470763159199829900e-04 -2.198839123222082127e-05 1.158342428245288408e-06 3.82 0.00023184513854 1.6e-09
-3.169740508538552840e-05 2.568816917047417991e+00 8.782810850139458059e-02 1.666273202402545370e-04 2.668695776938225501e-05 9.523486443079843882e-07 3.82 0.00023184513854 1.6e-09
-1.758604740976271101e-05 3.866099557040857171e+00 1.219696858575377296e-01 2.342788916384421253e-04 1.660744840179696625e-06 -1.224669108729211578e-07 3.82 0.00023184513854 1.6e-09
-2.148474862287207365e-05 2.958024851052504900e+00 6.995972689437390812e-02 1.863181165594018202e-04 -2.108825855964343787e-05 -9.233855714462029670e-07 3.82 0.00023184513854 1.6e-09
5.339686535822765642e-05 4.055563960924924993e-01 -1.427733405681494774e-02 1.455953644002831054e-04 -2.543371629743260116e-05 1.068387493742244025e-06 3.82 0.00023184513854 1.6e-09
-4.850724206300541100e-05 2.529694366187640320e+00 7.126150524706446887e-02 1.647234276569642863e-04 2.707924038450959940e-05 7.838671727632374096e-07 3.82 0.00023184513854 1.6e-09
7.629093445026834705e-05 3.841597233934339606e+00 9.839951342620062436e-02 2.329808709989423859e-04 1.685303005410102203e-06 -1.123797483679147595e-07 3.82 0.00023184513854 1.6e-09
1.036444563238937911e-05 2.926059729480521732e+00 5.467213601766483105e-02 1.847022472166377533e-04 -2.133065916544248553e-05 -7.650608093600443967e-07 3.82 0.00023184513854 1.6e-09
1.234815279146181269e-05 4.021346857742980063e-01 -1.171171879183999232e-02 1.465905435153810757e-04 -2.219785727916308120e-05 1.154771802005316331e-06 3.82 0.00023184513854 1.6e-09
-4.586979525181143536e-05 2.556086485009306131e+00 5.652767104820245747e-02 1.660544769964587765e-04 2.653957833329853935e-05 5.831421558775027353e-07 3.82 0.00023184513854 1.6e-09
1.111994477808669684e-04 3.824368329005986666e+00 7.520567895096375022e-02 2.320720605291374714e-04 1.242902393052549597e-06 -1.101259412411801783e-07 3.82 0.00023184513854 1.6e-09
5.706446392581869466e-05 2.849251840345379705e+00 3.905149196590385757e-02 1.807956354001674648e-04 -2.226903467762411426e-05 -6.153723093349065526e-07 3.82 0.00023184513854 1.6e-09
2.809165600275668605e-05 3.931738825301549500e-01 -8.851931886865144206e-03 1.489177207046071425e-04 -1.296104334671340544e-05 1.340552950507435552e-06 3.82 0.00023184513854 1.6e-09
-6.150281943041023970e-05 2.636873384150971056e+00 4.406292690216322139e-02 1.700850089226153003e-04 2.527733913742823550e-05 3.811813189290156707e-07 3.82 0.00023184513854 1.6e-09
-5.453386747908720126e-05 3.817279607243930784e+00 5.367176886869762242e-02 2.317002189564742565e-04 4.735561331655281462e-07 -1.173434848230178718e-07 3.82 0.00023184513854 1.6e-09
-3.985005631086752857e-05 2.747255362825530511e+00 2.402432556355742904e-02 1.756312523145667139e-04 -2.366358229410154765e-05 -4.744252796937076698e-07 3.82 0.00023184513854 1.6e-09
4.599210488337051900e-05 3.884251448910926996e-01 -6.103141331413416970e-03 1.501493258138514590e-04 -1.320398436217073298e-07 1.509503387290374556e-06 3.82 0.00023184513854 1.6e-09
7.808594588240439296e-05 2.743465588771348607e+00 3.534101844486473021e-02 1.754354021528379301e-04 2.375289681402812883e-05 2.251377767549452148e-07 3.82 0.00023184513854 1.6e-09
9.327525537210856830e-06 3.822154955630775675e+00 3.739294931704021524e-02 2.319585211953593224e-04 -3.814949282921178864e-07 -1.298643587675553750e-07 3.82 0.00023184513854 1.6e-09
-8.130124203488636823e-05 2.654181223232039422e+00 1.232664642017403112e-02 1.709456783767780751e-04 -2.506307522145115221e-05 -3.626046352940986367e-07 3.82 0.00023184513854 1.6e-09
6.509813085091989480e-05 3.912223179154040720e-01 -4.007254553852861167e-03 1.493260831186742424e-04 1.145026292042288421e-05 1.581854459021402109e-06 3.82 0.00023184513854 1.6e-09
2.553091947747052260e-05 2.838266219419269376e+00 3.060194460398910424e-02 1.802237832141478056e-04 2.253497798578234874e-05 1.363026390735855774e-07 3.82 0.00023184513854 1.6e-09
-1.084914051021482125e-04 3.837974467897648179e+00 2.818096222005008269e-02 2.327941784003266913e-04 -9.901611721587179171e-07 -1.387292290889777484e-07 3.82 0.00023184513854 1.6e-09
-4.648258859246379669e-05 2.604453240145712556e+00 5.706713590793109289e-03 1.684412049424720325e-04 -2.593886090480341034e-05 -2.948115143290376415e-07 3.82 0.00023184513854 1.6e-09
-6.992805957450392510e-05 3.949988873084709917e-01 -2.849655233526607323e-03 1.481912125331590318e-04 1.772235802671225129e-05 1.581276050519671601e-06 3.82 0.00023184513854 1.6e-09
1.368259261114362425e-05 2.892925935866838216e+00 2.791968234002284444e-02 1.829881851171922223e-04 2.196546497233088538e-05 9.425050668775604739e-08 3.82 0.00023184513854 1.6e-09
6.583992120099649726e-05 3.861430572584463761e+00 2.353659519984085263e-02 2.340361059465010502e-04 -1.181893202324427356e-06 -1.397434824240067312e-07 3.82 0.00023184513854 1.6e-09
-5.717878065829879467e-05 2.616582880888164375e+00 2.757613505536122417e-03 1.690155872012221697e-04 -2.595763110820631950e-05 -2.559723162752627508e-07 3.82 0.00023184513854 1.6e-09
1.905450954787465582e-05 3.926220579761361962e-01 -2.429127986785604293e-03 1.485981505431284758e-04 1.706062739462869054e-05 1.572040933239504161e-06 3.82 0.00023184513854 1.6e-09
7.472406367838808146e-05 2.894513293082449312e+00 2.445958138934448481e-02 1.830432945772775581e-04 2.216035852194289869e-05 6.089773669525117021e-08 3.82 0.00023184513854 1.6e-09
-2.780844101562488652e-05 3.887336382126999279e+00 1.874500773707591522e-02 2.354116583904397825e-04 -8.762752354854439346e-07 -1.352711373778245135e-07 3.82 0.00023184513854 1.6e-09
-5.918421075511253436e-05 2.688509623702891815e+00 1.848368030874902976e-04 1.725873215817843199e-04 -2.511641844214849290e-05 -2.128248202885867560e-07 3.82 0.00023184513854 1.6e-09
-4.301796579650204961e-05 3.855229160721678761e-01 -2.249590123402287617e-03 1.502715454133931585e-04 9.464365940798052500e-06 1.561847917064397044e-06 3.82 0.00023184513854 1.6e-09
8.216025273961235977e-05 2.840221598512098211e+00 1.689195170062672210e-02 1.802506685788864713e-04 2.308448287279844579e-05 -3.229572586642931535e-09 3.82 0.00023184513854 1.6e-09
1.092973039454740622e-04 3.905988839934970702e+00 8.664562808560798829e-03 2.364036854963325962e-04 -1.975290939567381280e-07 -1.257660612067000197e-07 3.82 0.00023184513854 1.6e-09
4.401323246936282465e-05 2.795563201723018310e+00 -5.506721305594517585e-03 1.779765339787428601e-04 -2.373245968313332358e-05 -1.303889347350846154e-07 3.82 0.00023184513854 1.6e-09
7.334880223181636694e-05 3.829375777861739882e-01 -1.748628980449928177e-03 1.509040761906620598e-04 -3.353812648519880563e-06 1.481349883746908901e-06 3.82 0.00023184513854 1.6e-09
-4.306228677246775368e-05 2.740453042568050002e+00 3.060638745786658198e-03 1.751831595250735230e-04 2.452804343421754966e-05 -1.204761403191660690e-07 3.82 0.00023184513854 1.6e-09
9.828833205845167661e-05 3.906721024705344547e+00 -9.155818526193562276e-03 2.364417474098716183e-04 6.614618536420833136e-07 -1.026529267509179042e-07 3.82 0.00023184513854 1.6e-09
8.484642545154097513e-05 2.897404943095818197e+00 -1.530642281628576476e-02 1.831696886621095777e-04 -2.229914333253489172e-05 8.156023332215584115e-09 3.82 0.00023184513854 1.6e-09
1.794212948681012787e-05 3.907625855224809985e-01 -4.220068241341389144e-04 1.489290837858915921e-04 -1.647902350738264114e-05 1.239467429971678145e-06 3.82 0.00023184513854 1.6e-09
-4.803307385391103647e-05 2.626876671175109479e+00 -1.510024775287737223e-02 1.694924438317479205e-04 2.604745192038442520e-05 -2.711664279974603025e-07 3.82 0.00023184513854 1.6e-09
1.090866927809730019e-04 3.889690524652108294e+00 -3.083936759847454717e-02 2.355338930336519200e-04 1.424190794061179196e-06 -5.387257075180335966e-08 3.82 0.00023184513854 1.6e-09
-7.141142991221990292e-05 2.963048522465214774e+00 -2.545011508737084205e-02 1.865561667871874622e-04 -2.122949499441575938e-05 1.833824950532875735e-07 3.82 0.00023184513854 1.6e-09
3.776258351071760423e-05 4.035551807460460161e-01 1.947760904825621966e-03 1.459275211446168683e-04 -2.534670149187707587e-05 7.769875948492759222e-07 3.82 0.00023184513854 1.6e-09
-5.856313724642525870e-05 2.538787895909371706e+00 -3.374043587165814762e-02 1.651410891825468691e-04 2.716104642132965698e-05 -4.090547124988731502e-07 3.82 0.00023184513854 1.6e-09
1.391697272719423712e-05 3.865565246631025076e+00 -5.020899136853426703e-02 2.342504370069216184e-04 1.892078612957737169e-06 2.383364874032073935e-08 3.82 0.00023184513854 1.6e-09
7.361431995654371219e-05 2.983189566358515066e+00 -3.130054020213184074e-02 1.876141425960666377e-04 -2.075402653809705914e-05 3.612446472692123689e-07 3.82 0.00023184513854 1.6e-09
5.132877095061939160e-05 4.111382483866264925e-01 4.933557111038195872e-03 1.443358852524678944e-04 -2.854945598225769684e-05 6.612315259826471560e-08 3.82 0.00023184513854 1.6e-09
-2.534466348015987437e-05 2.500303270346432072e+00 -5.061996716783652428e-02 1.632715864359680804e-04 2.755280694033396651e-05 -4.966927474994098794e-07 3.82 0.00023184513854 1.6e-09
-8.986088764185338150e-06 3.843601937717631589e+00 -6.415329076608328185e-02 2.330856427387956533e-04 1.958726106911323621e-06 1.228991611844390909e-07 3.82 0.00023184513854 1.6e-09
-8.444899828782149586e-05 2.959722907333246056e+00 -3.140962856715613649e-02 1.864290839688265210e-04 -2.088045089806164854e-05 5.198952580096100592e-07 3.82 0.00023184513854 1.6e-09
-7.094311332198761889e-05 4.085910276347980430e-01 7.478779235259852901e-03 1.450863011616999345e-04 -2.630716532623361009e-05 -8.938500074469619741e-07 3.82 0.00023184513854 1.6e-09
-7.214695217248878745e-05 2.517249227589784866e+00 -6.436202414921579629e-02 1.641293577784543782e-04 2.715397378185905155e-05 -5.126792334242736476e-07 3.82 0.00023184513854 1.6e-09
1.085443785249711021e-04 3.827400942681881357e+00 -7.166297408896511734e-02 2.322302581397326434e-04 1.611973756627089269e-06 2.287854592408236340e-07 3.82 0.00023184513854 1.6e-09
5.984884348009707471e-05 2.896753710023133976e+00 -2.650851395844298214e-02 1.832165443144944533e-04 -2.162853792620660344e-05 6.430657146489063995e-07 3.82 0.00023184513854 1.6e-09
-6.775942437299597217e-05 3.989786618786661521e-01 8.260955598321333831e-03 1.474950659268855157e-04 -1.890770064592212660e-05 -2.044155668909870051e-06 3.82 0.00023184513854 1.6e-09
-4.478130329254419986e-05 2.583651417243485238e+00 -7.253129694444165887e-02 1.674315289292162387e-04 2.606230924179288072e-05 -4.408761041521882262e-07 3.82 0.00023184513854 1.6e-09
3.656720079523238088e-05 3.817530080287043326e+00 -7.081738063820217088e-02 2.317115823071379515e-04 9.297094339019710670e-07 3.243448483095901863e-07 3.82 0.00023184513854 1.6e-09
-4.877336842147459101e-05 2.801944894431609434e+00 -1.706758704073696453e-02 1.783986534096253110e-04 -2.287969820115253562e-05 7.018019381137921399e-07 3.82 0.00023184513854 1.6e-09
-2.031252721508131607e-05 3.904936912307132579e-01 6.283056712425566862e-03 1.496796585377831168e-04 -7.046441634895901702e-06 -3.195581796747166051e-06 3.82 0.00023184513854 1.6e-09
-6.402371891384031708e-05 2.684334247936199347e+00 -7.160832964388111344e-02 1.724650400815172708e-04 2.454979824600600946e-05 -2.694727794670792848e-07 3.82 0.00023184513854 1.6e-09
5.303399189521089668e-05 3.814683812352612335e+00 -5.808939974810350959e-02 2.315629961851271357e-04 3.302247840504274758e-08 3.968473589756229859e-07 3.82 0.00023184513854 1.6e-09
-1.766234875931681046e-05 2.692532526112832336e+00 -2.253869034529455175e-03 1.728769877912198622e-04 -2.444037886999838601e-05 6.511981965642844839e-07 3.82 0.00023184513854 1.6e-09
5.439628217268836476e-05 3.901676227579402578e-01 1.572892749415921027e-03 1.497266781253816495e-04 6.617437155129703348e-06 -4.050659736115472274e-06 3.82 0.00023184513854 1.6e-09
-4.012766165738237744e-05 2.795100809432979450e+00 -5.991348234645349491e-02 1.780485587494407180e-04 2.299947725099024085e-05 -1.329413410138538478e-08 3.82 0.00023184513854 1.6e-09
-1.085661703735264208e-05 3.820402703947587852e+00 -3.205387012532863455e-02 2.318642419852085109e-04 -8.409124639227460112e-07 4.442547487632848831e-07 3.82 0.00023184513854 1.6e-09
-5.179288673974306341e-05 2.597546858463961605e+00 1.834998898719217980e-02 1.681197434130826608e-04 -2.589204223556022550e-05 4.648904782151677720e-07 3.82 0.00023184513854 1.6e-09
-1.981160074054131071e-05 3.973479256390960446e-01 -4.517767078450042259e-03 1.477850553465863859e-04 1.791425316641028189e-05 -4.434154722794513213e-06 3.82 0.00023184513854 1.6e-09
3.257167462039627255e-05 2.887722279046094798e+00 -3.983633910094957348e-02 1.827484116967261277e-04 2.181488087275630660e-05 2.794861491575715042e-07 3.82 0.00023184513854 1.6e-09
1.047953970002345008e-04 3.835336416478505317e+00 3.295816769843951197e-03 2.326516856834374167e-04 -1.457533129989200463e-06 4.713786349162536421e-07 3.82 0.00023184513854 1.6e-09
3.132756162597698701e-05 2.547467535003856920e+00 4.276149647654947650e-02 1.656123744101959750e-04 -2.677484539224214997e-05 1.777069519766368484e-07 3.82 0.00023184513854 1.6e-09
-4.256876262918993828e-05 4.034227742136879402e-01 -1.004301119718406347e-02 1.461260875575824984e-04 2.370835609605355775e-05 -4.469251357609494601e-06 3.82 0.00023184513854 1.6e-09
-3.611300540411470795e-05 2.940242996322513847e+00 -1.542585992339229155e-02 1.854139672057630124e-04 2.128390058429105667e-05 5.658550204262816657e-07 3.82 0.00023184513854 1.6e-09
1.122742198290087724e-04 3.858364908381277658e+00 4.202748597078898030e-02 2.338703024557714288e-04 -1.625202868300268040e-06 4.824511136733109860e-07 3.82 0.00023184513854 1.6e-09
-6.110070411356951375e-05 2.561124098897519019e+00 6.830655094141981076e-02 1.662582314129846877e-04 -2.675089765620631090e-05 -1.353370223740014586e-07 3.82 0.00023184513854 1.6e-09
-4.625472015798506593e-05 4.003833340483982095e-01 -1.358820952855384866e-02 1.466495338240771714e-04 2.286959251476685886e-05 -4.424069369229898165e-06 3.82 0.00023184513854 1.6e-09
-3.906836257113693140e-05 2.940664793151121614e+00 9.764406076886677360e-03 1.854083547910988141e-04 2.150613854705428208e-05 8.295531731678322024e-07 3.82 0.00023184513854 1.6e-09
-4.190469302763520171e-05 3.885325545086442123e+00 7.976616140847778147e-02 2.353017871168135025e-04 -1.289412759256402491e-06 4.824040720276138890e-07 3.82 0.00023184513854 1.6e-09
-5.917308159388094116e-05 2.638455924010271847e+00 9.335657998370047728e-02 1.700760929166891160e-04 -2.581409078868407983e-05 -4.080793712998979243e-07 3.82 0.00023184513854 1.6e-09
-5.808209310716800266e-05 3.899404248986352850e-01 -1.474272191167433702e-02 1.490781794561010733e-04 1.502876758308443038e-05 -4.497074156509380583e-06 3.82 0.00023184513854 1.6e-09
4.006956172216500359e-05 2.884161166521769903e+00 3.183173713581800846e-02 1.824914942967741506e-04 2.246042136525248234e-05 1.065284498996957016e-06 3.82 0.00023184513854 1.6e-09
-5.518657701834667423e-05 3.905823680128373887e+00 1.125154430186883492e-01 2.363922922216461688e-04 -5.543023713351111736e-07 4.791090021202793531e-07 3.82 0.00023184513854 1.6e-09
5.469314991140173944e-05 2.754577049155583435e+00 1.159730960147296874e-01 1.758952077208889605e-04 -2.428801782614037992e-05 -6.038738230892390152e-07 3.82 0.00023184513854 1.6e-09
-4.415535414770515297e-05 3.832364628152443164e-01 -1.398704019414240968e-02 1.507723154427913258e-04 1.498938335450984478e-06 -4.707223133587294069e-06 3.82 0.00023184513854 1.6e-09
8.527971718280325159e-05 2.779141899309979458e+00 4.715854554569803153e-02 1.771394569150524915e-04 2.395249377575354823e-05 1.268484697509124696e-06 3.82 0.00023184513854 1.6e-09
-1.165904135816116596e-04 3.906937715031753910e+00 1.367776458021398578e-01 2.364510839359763774e-04 3.633113161668195901e-07 4.799955489103886894e-07 3.82 0.00023184513854 1.6e-09
9.012612388196802209e-05 2.864263120741666224e+00 1.334943606160471918e-01 1.814708246673339687e-04 -2.272733090895143564e-05 -7.246052858892966328e-07 3.82 0.00023184513854 1.6e-09
1.592479538164927834e-05 3.882119952240649652e-01 -1.250706852032921687e-02 1.495447308877765062e-04 -1.263015107031846699e-05 -4.896334029124572833e-06 3.82 0.00023184513854 1.6e-09
5.109329522484358857e-05 2.659468152160712862e+00 5.643869102887198730e-02 1.711230269045229020e-04 2.552737014898777624e-05 1.443690099169293531e-06 3.82 0.00023184513854 1.6e-09
-2.646528602641380146e-05 3.887893905560289909e+00 1.535635397500247357e-01 2.354366051348660989e-04 1.153103848856217330e-06 4.840112175261375577e-07 3.82 0.00023184513854 1.6e-09
1.692415058711965368e-05 2.931345114215692771e+00 1.455264457906720321e-01 1.849245398272701994e-04 -2.161500552979270403e-05 -8.106136965648925633e-07 3.82 0.00023184513854 1.6e-09
-6.966860302813576526e-05 3.992318656594572301e-01 -1.175299576366448627e-02 1.469534385747322093e-04 -2.185490932640463178e-05 -4.932163153373450511e-06 3.82 0.00023184513854 1.6e-09
-4.296269207923143405e-05 2.570008271726907267e+00 6.424367872171821148e-02 1.666905034570013945e-04 2.662708138939695916e-05 1.594679157037561936e-06 3.82 0.00023184513854 1.6e-09
-3.940460327104956090e-05 3.860602060742883701e+00 1.671176426979097407e-01 2.339856848447075856e-04 1.592080825225215236e-06 4.776102867166860431e-07 3.82 0.00023184513854 1.6e-09
4.236302587076137843e-05 2.944658970030944900e+00 1.534888184924426413e-01 1.856338602751936274e-04 -2.119337991319970041e-05 -9.103944180223738196e-07 3.82 0.00023184513854 1.6e-09
-3.824936284132455112e-05 4.048837403387734457e-01 -1.280246416959140293e-02 1.457918400246507374e-04 -2.442245339457830124e-05 -4.752565862051824093e-06 3.82 0.00023184513854 1.6e-09
4.915904319026499845e-05 2.538596221543845566e+00 7.418630853917770884e-02 1.651680493052903615e-04 2.687268311645234393e-05 1.707019253299537729e-06 3.82 0.00023184513854 1.6e-09
8.200004016832282471e-05 3.835296421267428535e+00 1.796559905261575218e-01 2.326446547421166203e-04 1.551741998779732995e-06 4.433415915663314156e-07 3.82 0.00023184513854 1.6e-09
7.445353510399294918e-05 2.905386390594345780e+00 1.574041199986249140e-01 1.836451560707021190e-04 -2.152069027190345256e-05 -1.050898044160603871e-06 3.82 0.00023184513854 1.6e-09
6.859155419976883429e-05 4.005788721696804666e-01 -1.579902248900264677e-02 1.469865091619388937e-04 -2.034876102355823331e-05 -4.224265350935269461e-06 3.82 0.00023184513854 1.6e-09
-5.699099422228161890e-06 2.571824722177505684e+00 8.768960354340299412e-02 1.668390746813607655e-04 2.620691294150613099e-05 1.757325810879389309e-06 3.82 0.00023184513854 1.6e-09
-7.841535248725590968e-05 3.816568729512654912e+00 1.910694424528560642e-01 2.316557760281333996e-04 1.056089941790893483e-06 3.694985580467604838e-07 3.82 0.00023184513854 1.6e-09
-8.420374139315119663e-05 2.819922644185607119e+00 1.563066796062652086e-01 1.793071066764478634e-04 -2.255039875359459949e-05 -1.237228117372385985e-06 3.82 0.00023184513854 1.6e-09
-7.182338776745956046e-05 3.921506135234100188e-01 -1.967802980713563576e-02 1.491925789879153144e-04 -9.960779249744466571e-06 -3.159322677378412783e-06 3.82 0.00023184513854 1.6e-09
-5.711260559130164517e-05 2.659451122208401408e+00 1.047095103595086507e-01 1.712189333462695473e-04 2.482214720914958808e-05 1.736272270243826690e-06 3.82 0.00023184513854 1.6e-09
-5.253452600947815742e-05 3.807641629289001184e+00 2.009597894922788841e-01 2.311855417483610320e-04 2.038163567948340367e-07 2.569744842588282986e-07 3.82 0.00023184513854 1.6e-09
-3.729551280307822746e-05 2.707835632949175952e+00 1.504792337777079714e-01 1.736481276977004109e-04 -2.408622920697170365e-05 -1.454114871556154240e-06 3.82 0.00023184513854 1.6e-09
3.685747326426870628e-05 3.897611567069737548e-01 -2.260019333933460661e-02 1.497990926001992033e-04 4.041463615675685822e-06 -1.574634235743713055e-06 3.82 0.00023184513854 1.6e-09
4.422789173932270546e-06 2.772767985256008760e+00 1.235304043051589085e-01 1.769197121557974321e-04 2.319864439775066867e-05 1.662818757817395847e-06 3.82 0.00023184513854 1.6e-09
7.025167466388362685e-05 3.811862124610414515e+00 2.092609370144162817e-01 2.314073763126493787e-04 -7.129989959269363703e-07 1.240805857633222308e-07 3.82 0.00023184513854 1.6e-09
4.108654000483694081e-05 2.607593016748317893e+00 1.424239602837890917e-01 1.686219872081870345e-04 -2.560244845808107810e-05 -1.659718159478099575e-06 3.82 0.00023184513854 1.6e-09
1.216238725552359749e-05 3.958359526993087685e-01 -2.335475404294574953e-02 1.481338905439694587e-04 1.625150950870963101e-05 9.102513293821841162e-08 3.82 0.00023184513854 1.6e-09
2.752072236813577475e-05 2.871374688669972919e+00 1.406749897758305390e-01 1.819127173579276739e-04 2.193570236883866681e-05 1.572568185933110857e-06 3.82 0.00023184513854 1.6e-09
5.663197343168368256e-05 3.829069386711910106e+00 2.153227467609255541e-01 2.323148066746793237e-04 -1.338799794507203426e-06 -1.182544604391532840e-09 3.82 0.00023184513854 1.6e-09
1.728885258567332007e-05 2.558821399899827487e+00 1.350243017861481043e-01 1.661745660015794793e-04 -2.648054601641310055e-05 -1.798409803719624893e-06 3.82 0.00023184513854 1.6e-09
1.838320405097877081e-05 4.011347212905729820e-01 -2.247583674409385501e-02 1.466384704918811737e-04 2.224868655604058987e-05 1.368200270672325000e-06 3.82 0.00023184513854 1.6e-09
7.358075611538994140e-05 2.924650784470988807e+00 1.525533570553764817e-01 1.846107537708444979e-04 2.141100611007829972e-05 1.492601857687794960e-06 3.82 0.00023184513854 1.6e-09
-3.401533889535941936e-05 3.855857791018110436e+00 2.177641194911535960e-01 2.337329477734345271e-04 -1.459854637021292580e-06 -9.702678032373708621e-08 3.82 0.00023184513854 1.6e-09
1.837956447262207460e-05 2.581868456997890249e+00 1.295298105042881343e-01 1.672826866945013261e-04 -2.636771983075024347e-05 -1.832268717844959132e-06 3.82 0.00023184513854 1.6e-09
-2.459291753898902567e-05 3.969589101964276501e-01 -2.135905310086330319e-02 1.474353847061842676e-04 2.065269324316557865e-05 2.091325345335865215e-06 3.82 0.00023184513854 1.6e-09
-5.245458825258543295e-06 2.918918634747609264e+00 1.563609392491302763e-01 1.842865447325024904e-04 2.175083746138319307e-05 1.428697169456562381e-06 3.82 0.00023184513854 1.6e-09
5.977635689933539413e-05 3.885937674036442857e+00 2.144507733377321312e-01 2.353308046678244630e-04 -1.053892783110337006e-06 -1.548314269096811736e-07 3.82 0.00023184513854 1.6e-09
-1.423111065525097354e-05 2.672252060829285902e+00 1.248123050009130042e-01 1.717625911745056157e-04 -2.528877747156522184e-05 -1.755207168550388777e-06 3.82 0.00023184513854 1.6e-09
4.501886495943924573e-05 3.867542404120358768e-01 -2.079082024957644090e-02 1.498582980423388564e-04 1.128144678483644713e-05 2.256773553186682067e-06 3.82 0.00023184513854 1.6e-09
6.098332147428509433e-05 2.850993224618056043e+00 1.499462583630516155e-01 1.807925004407380434e-04 2.287624784137171600e-05 1.367461729267575183e-06 3.82 0.00023184513854 1.6e-09
-1.003422943318813595e-04 3.906272734413303915e+00 2.025107728064742263e-01 2.364135384710391212e-04 -2.247730910482634175e-07 -1.777545881502891950e-07 3.82 0.00023184513854 1.6e-09
3.727254678578015117e-05 2.796275648527922542e+00 1.174465809206635680e-01 1.780051528165040942e-04 -2.367882242824526667e-05 -1.590506865263641204e-06 3.82 0.00023184513854 1.6e-09
3.725159111672601527e-05 3.832545127917889594e-01 -2.046533981648615899e-02 1.507460134339241354e-04 -3.465024139163810104e-06 1.974331469537931573e-06 3.82 0.00023184513854 1.6e-09
6.102657441829878286e-05 2.735303375587651686e+00 1.340884562630551835e-01 1.749214406474902585e-04 2.451556574338568321e-05 1.288733186331659922e-06 3.82 0.00023184513854 1.6e-09
-6.777535321527574752e-05 3.903529466231478118e+00 1.814824062408315619e-01 2.362678326185255239e-04 7.177802051246864411e-07 -1.770770247167472353e-07 3.82 0.00023184513854 1.6e-09
-1.345863032885185690e-05 2.902187561730087850e+00 1.048798607886832768e-01 1.834131283520660637e-04 -2.216579549960554841e-05 -1.383778446427709440e-06 3.82 0.00023184513854 1.6e-09
-2.114252823498532648e-05 3.920832285556615782e-01 -1.963491834168672526e-02 1.485681383021601070e-04 -1.719110955172919802e-05 1.581181725841379305e-06 3.82 0.00023184513854 1.6e-09
5.881672554647866488e-05 2.615254674494688736e+00 1.142908794868754407e-01 1.689191380343773446e-04 2.609772607134582602e-05 1.177188930132891215e-06 3.82 0.00023184513854 1.6e-09
1.047535709849488209e-05 3.881129661198533753e+00 1.558856777026103591e-01 2.350762457705927848e-04 1.456811253434195679e-06 -1.674390227765871974e-07 3.82 0.00023184513854 1.6e-09
-9.167798357509877828e-06 2.956719369990623569e+00 8.877554543759411110e-02 1.862347902540214205e-04 -2.122623302872521194e-05 -1.182000196043339863e-06 3.82 0.00023184513854 1.6e-09
-1.277334816511168159e-05 4.036219262836108213e-01 -1.799131450764657192e-02 1.459353531903236447e-04 -2.478789174392147411e-05 1.383906880389503833e-06 3.82 0.00023184513854 1.6e-09
6.224164459590878396e-05 2.538358303152979722e+00 9.550311478926287734e-02 1.651344818863956362e-04 2.702996969378086744e-05 1.019808974712476160e-06 3.82 0.00023184513854 1.6e-09
-4.183882824156803662e-05 3.853733394529835543e+00 1.298325741258784527e-01 2.336221536035980014e-04 1.775893740564084520e-06 -1.607201763487726476e-07 3.82 0.00023184513854 1.6e-09
-7.691587073696609580e-05 2.953982018038214363e+00 7.150638731250011371e-02 1.861223076382755763e-04 -2.103425559219849052e-05 -1.003913859389091589e-06 3.82 0.00023184513854 1.6e-09
2.250569407738375839e-05 4.062489082885912262e-01 -1.558373498964604406e-02 1.455180518066323601e-04 -2.528802389763888195e-05 1.454435350384957535e-06 3.82 0.00023184513854 1.6e-09
-7.290368615133503954e-05 2.527748638675519910e+00 7.872216710192574129e-02 1.646411401589018301e-04 2.701860236983523672e-05 8.105558618055590321e-07 3.82 0.00023184513854 1.6e-09
-1.001878890878290428e-04 3.831270919498414251e+00 1.037487540557472804e-01 2.324345230720420105e-04 1.589300773337661977e-06 -1.621966875294325531e-07 3.82 0.00023184513854 1.6e-09
6.863954166004985276e-05 2.898857066787996484e+00 5.341888162378086169e-02 1.833192161634457156e-04 -2.162604733683373866e-05 -8.395410458362577265e-07 3.82 0.00023184513854 1.6e-09
-5.925698961557156051e-05 3.988022801280055596e-01 -1.246176523563232233e-02 1.474699845602581985e-04 -1.904912310238507009e-05 1.727115267437341699e-06 3.82 0.00023184513854 1.6e-09
-5.806702712433385762e-05 2.582848016556070103e+00 6.349912943039434654e-02 1.673909344084795821e-04 2.608076155746756093e-05 5.656538651956101664e-07 3.82 0.00023184513854 1.6e-09
3.050450854494090409e-05 3.817933192096906403e+00 7.742292566778213869e-02 2.317328519725446608e-04 9.419533097825326325e-07 -1.731438009107346896e-07 3.82 0.00023184513854 1.6e-09
2.398718820969468853e-05 2.804131974652595005e+00 3.462131867555252179e-02 1.785085982737107026e-04 -2.285378899475748392e-05 -6.745968738862135727e-07 3.82 0.00023184513854 1.6e-09
-7.297498442734470477e-05 3.902224356616518230e-01 -8.839786630341768883e-03 1.497017069662482064e-04 -7.321044899642063897e-06 2.056474347625516822e-06 3.82 0.00023184513854 1.6e-09
-4.471486212923028920e-05 2.683433227841768520e+00 5.061160460095066871e-02 1.724182913640427033e-04 2.458207144086432198e-05 3.334235373137650346e-07 3.82 0.00023184513854 1.6e-09
-7.800008221447547404e-05 3.816431126960743825e+00 5.343882259232666382e-02 2.316557127552844981e-04 6.798646808420546541e-08 -1.911535118659251621e-07 3.82 0.00023184513854 1.6e-09
6.230248238578112803e-05 2.698222456890526644e+00 1.723920723533751975e-02 1.731605611869735752e-04 -2.437606502647626062e-05 -5.155267812097577907e-07 3.82 0.00023184513854 1.6e-09
1.598883846758341937e-06 3.892313922803197768e-01 -5.370069771558507940e-03 1.499102010263766494e-04 5.970199478068428447e-06 2.268645038651541848e-06 3.82 0.00023184513854 1.6e-09
-7.798630215046761837e-05 2.792604302056579613e+00 4.137436466364804999e-02 1.779141813451118239e-04 2.310097635447882176e-05 1.646682924466749926e-07 3.82 0.00023184513854 1.6e-09
-5.756068667613501843e-05 3.827505950702922100e+00 3.576264113932516031e-02 2.322407661152304853e-04 -7.309262640199893899e-07 -2.075401445431112099e-07 3.82 0.00023184513854 1.6e-09
-3.318350781927958493e-05 2.620313743343478219e+00 4.495282003422931827e-03 1.692453989619144728e-04 -2.561406373890789869e-05 -3.879100546849320911e-07 3.82 0.00023184513854 1.6e-09
-4.018355250429207792e-05 3.938507586626058821e-01 -2.836619095537184360e-03 1.485794230094787379e-04 1.558606319246879805e-05 2.315408125534067859e-06 3.82 0.00023184513854 1.6e-09
-4.560227215618372634e-05 2.872918653314996629e+00 3.509134602063722352e-02 1.819786221083784141e-04 2.213917167920117541e-05 6.467250810559689909e-08 3.82 0.00023184513854 1.6e-09
-8.114337844356143330e-05 3.848472458908996252e+00 2.456900167944591970e-02 2.333493650713269470e-04 -1.159537023369456945e-06 -2.139631033462829222e-07 3.82 0.00023184513854 1.6e-09
7.777855271443642055e-05 2.599684487607644812e+00 -3.090582098668303267e-03 1.681883815054789242e-04 -2.610804978617052184e-05 -2.993952312178683150e-07 3.82 0.00023184513854 1.6e-09
-1.335575488185534172e-05 3.951093212492105544e-01 -1.510214362054169372e-03 1.480676521122159420e-04 1.855098429362020559e-05 2.292596700739006357e-06 3.82 0.00023184513854 1.6e-09
8.778825641949721491e-05 2.903047896948190321e+00 2.937869596030692407e-02 1.834926082387219729e-04 2.193558683508392687e-05 -4.306759905618250315e-10 3.82 0.00023184513854 1.6e-09
-2.189087532317588245e-05 3.875104655718033086e+00 1.598986551478245172e-02 2.347615950192417748e-04 -1.097274243566657541e-06 -2.109515752418462918e-07 3.82 0.00023184513854 1.6e-09
-1.323764447580925589e-05 2.645246394787592159e+00 -8.244265573548971091e-03 1.704306056668160232e-04 -2.565191152125278064e-05 -2.279764824949621716e-07 3.82 0.00023184513854 1.6e-09
3.084742836095384297e-05 3.892456504896415481e-01 -1.040955327432595452e-03 1.493653908913826207e-04 1.417603423674373769e-05 2.283699618205808610e-06 3.82 0.00023184513854 1.6e-09
-4.926765781240156303e-05 2.875362789649032358e+00 2.111808755035449875e-02 1.820497262072215460e-04 2.254517971160638362e-05 -7.596035719163144811e-08 3.82 0.00023184513854 1.6e-09
1.142412063342941662e-04 3.899961095963788704e+00 4.610246986487599209e-03 2.360828213266409560e-04 -5.700249477666116326e-07 -2.026886370764479026e-07 3.82 0.00023184513854 1.6e-09
7.989617528853403580e-05 2.743323419794227558e+00 -1.493804952295798086e-02 1.753353410652221133e-04 -2.443480756146019134e-05 -1.381008357284456982e-07 3.82 0.00023184513854 1.6e-09
3.252611346824036456e-05 3.829479408135687546e-01 -7.790200489872901955e-04 1.509002202089266501e-04 3.076391200152561797e-06 2.261087387292620161e-06 3.82 0.00023184513854 1.6e-09
-5.537191432759467052e-06 2.792235203386166376e+00 7.086871785982802943e-03 1.778024875836416640e-04 2.381649250478192202e-05 -2.013801813817477062e-07 3.82 0.00023184513854 1.6e-09
-7.778515279987582170e-06 3.910973834013152128e+00 -1.424321628766501806e-02 2.366683442517575169e-04 2.781848174717339007e-07 -1.856894242148513816e-07 3.82 0.00023184513854 1.6e-09
5.823268037348493535e-05 2.857691382664415691e+00 -2.603934312198606660e-02 1.811347816462224967e-04 -2.289153979577353141e-05 2.203467149860443012e-09 3.82 0.00023184513854 1.6e-09
3.941787327507133428e-06 3.861802563190507298e-01 3.248603072432015853e-06 1.500535955004549181e-04 -1.122079071685793086e-05 2.108772283893555781e-06 3.82 0.00023184513854 1.6e-09
8.475933435803189545e-05 2.674985862319595675e+00 -1.280729622452420405e-02 1.718905105826781701e-04 2.542652764274930366e-05 -3.793681386319277230e-07 3.82 0.00023184513854 1.6e-09
-1.072078511849711450e-04 3.901203384176737732e+00 -3.959527725630255374e-02 2.361464477751279694e-04 1.166815938541718648e-06 -1.461344952918750325e-07 3.82 0.00023184513854 1.6e-09
-4.674856518039003099e-05 2.947708048285458737e+00 -3.959370667168385372e-02 1.857560061561627665e-04 -2.153981129085314692e-05 1.935641164352632813e-07 3.82 0.00023184513854 1.6e-09
-6.419418361247017412e-05 3.992702126935271378e-01 1.940535280236048085e-03 1.468718191135003591e-04 -2.307290085967831630e-05 1.721827273580978960e-06 3.82 0.00023184513854 1.6e-09
-6.190703496769849794e-05 2.564010810818144748e+00 -3.472577681312352671e-02 1.663740939997235084e-04 2.688525580254162874e-05 -5.654885660987502272e-07 3.82 0.00023184513854 1.6e-09
1.180800030400139136e-05 3.878008666121675496e+00 -6.468141822246997741e-02 2.349106695883064445e-04 1.828879640101220245e-06 -7.294388531527622537e-08 3.82 0.00023184513854 1.6e-09
3.623987662614137721e-06 2.993716916194706368e+00 -4.979616742349635139e-02 1.881447167456070182e-04 -2.070757618001459877e-05 4.032585645947929459e-07 3.82 0.00023184513854 1.6e-09
5.093515806584560871e-05 4.121593384806762073e-01 5.103785222937605448e-03 1.440124480157686381e-04 -2.947932302721450830e-05 1.049377515120567016e-06 3.82 0.00023184513854 1.6e-09
-2.534089001768030088e-05 2.493914010363522227e+00 -5.547283775906088760e-02 1.629421105736041596e-04 2.773085902788944434e-05 -7.076510066030368054e-07 3.82 0.00023184513854 1.6e-09
1.054859117676961849e-04 3.853343091615760940e+00 -8.428297398497934523e-02 2.335998601804832359e-04 2.127658379554798406e-06 3.250573434406188601e-08 3.82 0.00023184513854 1.6e-09
-2.347816325189057695e-05 2.994695676678926333e+00 -5.312755548122981286e-02 1.882178474804093533e-04 -2.048060480483173226e-05 6.017429474026220072e-07 3.82 0.00023184513854 1.6e-09
-1.110009257617127938e-05 4.157733813442160420e-01 8.696912381511441581e-03 1.433770701955268607e-04 -3.029385275967573241e-05 7.270232167194388958e-08 3.82 0.00023184513854 1.6e-09
-1.350262042297839407e-06 2.478799254321327972e+00 -7.374757785526199483e-02 1.622270957139597381e-04 2.778534259716891193e-05 -7.733272565084035239e-07 3.82 0.00023184513854 1.6e-09
-7.108689079508365562e-05 3.833682129659725213e+00 -9.689584746190552100e-02 2.325588914263976553e-04 2.033501396309984915e-06 1.585162560467099929e-07 3.82 0.00023184513854 1.6e-09
-5.587978190912235412e-06 2.954504975273906542e+00 -4.970116547006295238e-02 1.861690589337600251e-04 -2.086850509038695240e-05 7.731219060909715594e-07 3.82 0.00023184513854 1.6e-09
2.449538420572032054e-05 4.087626508554117466e-01 1.128963645616027148e-02 1.451089833159310881e-04 -2.599274025811786326e-05 -1.201681264760452075e-06 3.82 0.00023184513854 1.6e-09
6.075432483937127101e-05 2.517839254422788997e+00 -8.796979043631017459e-02 1.641685998918623586e-04 2.706315430016043922e-05 -7.442934901457215469e-07 3.82 0.00023184513854 1.6e-09
4.837871256235564739e-05 3.820295478726492444e+00 -1.016491860666343117e-01 2.318539591965079923e-04 1.532378789146170532e-06 2.872273741648797957e-07 3.82 0.00023184513854 1.6e-09
5.144363468860011304e-05 2.877383794327589506e+00 -4.071262456821107129e-02 1.822332477000142964e-04 -2.183551742457897252e-05 8.976028499709937332e-07 3.82 0.00023184513854 1.6e-09
4.525648928867362537e-05 3.971318809412908157e-01 1.132952705229912232e-02 1.479969303104684288e-04 -1.666790535088390370e-05 -2.675320327801265400e-06 3.82 0.00023184513854 1.6e-09
3.899574948220125138e-05 2.601649905940167873e+00 -9.477665591529617350e-02 1.683328181249629449e-04 2.573633436714940499e-05 -6.047723110205313909e-07 3.82 0.00023184513854 1.6e-09
8.325576572652976530e-05 3.812802362589392757e+00 -9.564496172961384213e-02 2.314615096725421519e-04 7.224840908089981587e-07 3.998037938437199513e-07 3.82 0.00023184513854 1.6e-09
-5.007205027130466092e-05 2.771607774898511067e+00 -2.622736717859588604e-02 1.768657414004601303e-04 -2.327166166848279583e-05 9.347201033221524623e-07 3.82 0.00023184513854 1.6e-09
-2.943462979284071140e-05 3.898367456960784017e-01 7.866880732997811460e-03 1.498769776651355480e-04 -3.280506938612096655e-06 -4.075092868619733480e-06 3.82 0.00023184513854 1.6e-09
2.215955281464054296e-05 2.713336567852875802e+00 -9.020799972947454726e-02 1.739263761386206043e-04 2.409052275322307528e-05 -3.493905662050827394e-07 3.82 0.00023184513854 1.6e-09
5.716030880445000987e-05 3.811961555193317253e+00 -7.490298457804461796e-02 2.314183649037851659e-04 -2.434811428043167785e-07 4.845624809951299239e-07 3.82 0.00023184513854 1.6e-09
-2.219289735520444621e-05 2.656421397320489319e+00 -5.162110985089955924e-03 1.710683802713202609e-04 -2.494661453574712376e-05 8.308656451191402193e-07 3.82 0.00023184513854 1.6e-09
2.348452530655526090e-05 3.925778029086526288e-01 1.315625634214850946e-03 1.491098101118581553e-04 1.090869034436768765e-05 -5.032639025029454196e-06 3.82 0.00023184513854 1.6e-09
-7.986421031490311339e-05 2.827877787606970728e+00 -7.359345923480858920e-02 1.797129285066354865e-04 2.252555095496344716e-05 -1.170278027801371807e-08 3.82 0.00023184513854 1.6e-09
-1.100246981904935543e-04 3.819682152736187497e+00 -3.962469304043376994e-02 2.318246018573794673e-04 -1.121391531987831694e-06 5.413923040267259533e-07 3.82 0.00023184513854 1.6e-09
-5.751453444365227569e-05 2.562955516278501378e+00 2.198324977723428719e-02 1.664016326502544443e-04 -2.640482371697931669e-05 5.700380791295920249e-07 3.82 0.00023184513854 1.6e-09
-5.868867477597479926e-05 4.021064796687817133e-01 -6.363370066652362586e-03 1.466017202268031657e-04 2.166001882792177168e-05 -5.402194082138239218e-06 3.82 0.00023184513854 1.6e-09
8.378271232361688553e-05 2.917738589736466714e+00 -4.863539469768835000e-02 1.842823587056582435e-04 2.140362691928232060e-05 3.452831868485295439e-07 3.82 0.00023184513854 1.6e-09
-1.107670643244068089e-04 3.836833344365838450e+00 4.091227701439945422e-03 2.327291539241909801e-04 -1.681521150794841081e-06 5.748130801226064301e-07 3.82 0.00023184513854 1.6e-09
-7.340093872961443592e-05 2.521872172778967247e+00 5.207193548793780102e-02 1.643452062386207310e-04 -2.716760911470541027e-05 2.107173654612948783e-07 3.82 0.00023184513854 1.6e-09
7.150577696386992426e-05 4.078417225804721324e-01 -1.278147709567537330e-02 1.450557193501859985e-04 2.628111307319304572e-05 -5.408501959262785179e-06 3.82 0.00023184513854 1.6e-09
1.225262221753550167e-06 2.962720633129229064e+00 -1.963186129775670169e-02 1.865642345034496021e-04 2.100381845044199723e-05 6.811551333409950495e-07 3.82 0.00023184513854 1.6e-09
2.758827274306028811e-05 3.862330114804940706e+00 5.001437502131517165e-02 2.340791176287499950e-04 -1.763083228366685055e-06 5.885565506766510022e-07 3.82 0.00023184513854 1.6e-09
-2.021298605876268656e-05 2.550230975889868024e+00 8.249289153111252770e-02 1.657114230389040098e-04 -2.694655354150716223e-05 -1.580619267366124343e-07 3.82 0.00023184513854 1.6e-09
-6.795374561696147461e-05 4.020984221557275529e-01 -1.642786316706103950e-02 1.461831992037697511e-04 2.402778348527815955e-05 -5.395918628181728059e-06 3.82 0.00023184513854 1.6e-09
-8.364197487762797248e-05 2.951886265268015563e+00 9.956011632767387820e-03 1.859778561576652829e-04 2.140250498515434914e-05 9.894212031063108385e-07 3.82 0.00023184513854 1.6e-09
-1.105354551070799360e-04 3.891158394227280493e+00 9.434371458227411300e-02 2.356106765446510602e-04 -1.308859473671596042e-06 5.894391876564159960e-07 3.82 0.00023184513854 1.6e-09
-5.414507960795536382e-05 2.644511963257317966e+00 1.122649921663288614e-01 1.703708500855990917e-04 -2.576495992415991443e-05 -4.687004610930926659e-07 3.82 0.00023184513854 1.6e-09
5.080260634178216847e-05 3.893933566851913719e-01 -1.709832831347713605e-02 1.491702188321704392e-04 1.433295599744596134e-05 -5.569766577343076940e-06 3.82 0.00023184513854 1.6e-09
-5.559738444362021811e-05 2.880684424643916053e+00 3.590339059051833592e-02 1.823065784677323459e-04 2.255463602669053772e-05 1.271655469909910924e-06 3.82 0.00023184513854 1.6e-09
-6.136816025319351340e-05 3.910675491173628338e+00 1.331707853639207961e-01 2.366493370921567499e-04 -4.623245786217306637e-07 5.876499981165324542e-07 3.82 0.00023184513854 1.6e-09
-4.910847455756450758e-05 2.773144344201017741e+00 1.394997178499930990e-01 1.768298898026113774e-04 -2.404193895995175811e-05 -6.908987177904638823e-07 3.82 0.00023184513854 1.6e-09
5.573415404394295794e-06 3.833806671479176864e-01 -1.562215582775416944e-02 1.507036367591542175e-04 -8.886890946256169413e-07 -5.883198760536712694e-06 3.82 0.00023184513854 1.6e-09
-3.365056984881245627e-05 2.760858634390825905e+00 5.446022405791034471e-02 1.762094713327318836e-04 2.422074047044128859e-05 1.526694853944408698e-06 3.82 0.00023184513854 1.6e-09
3.043933447531071361e-05 3.907193790766064989e+00 1.629748124173443780e-01 2.364631155270213963e-04 5.193271149550945970e-07 5.900696299466066663e-07 3.82 0.00023184513854 1.6e-09
-1.033658733367969477e-05 2.885331913315936525e+00 1.610837104964167321e-01 1.825466470003979835e-04 -2.240980568723605889e-05 -8.388842571826105513e-07 3.82 0.00023184513854 1.6e-09
5.155472243088996632e-05 3.910021746532114650e-01 -1.371855701933748228e-02 1.488269283525673063e-04 -1.554774694685371272e-05 -6.086658009087601981e-06 3.82 0.00023184513854 1.6e-09
1.294816619722848381e-05 2.633526592130212229e+00 6.721672939241632450e-02 1.698261873623145839e-04 2.586672192800738439e-05 1.758584502801669556e-06 3.82 0.00023184513854 1.6e-09
8.367422319635888189e-05 3.883359759688965962e+00 1.853776578368649397e-01 2.351933818018216269e-04 1.322418005770800639e-06 5.908506326857500289e-07 3.82 0.00023184513854 1.6e-09
-2.290357828096370365e-06 2.947320769974405064e+00 1.764877693099093370e-01 1.857472272472499302e-04 -2.133265231687259486e-05 -9.642241469992995528e-07 3.82 0.00023184513854 1.6e-09
-5.285297233276074942e-05 4.034006960692703148e-01 -1.324804497326268447e-02 1.459731802068605895e-04 -2.421366446240055424e-05 -6.043432402898361486e-06 3.82 0.00023184513854 1.6e-09
-7.167100858419654403e-05 2.545881717252728382e+00 7.943873235684095757e-02 1.654997196344049049e-04 2.691969943029059222e-05 1.961685052058482738e-06 3.82 0.00023184513854 1.6e-09
-4.993688868595371497e-05 3.853482437378908720e+00 2.046309704370389282e-01 2.336052448994413672e-04 1.726228599367408766e-06 5.708600277029867986e-07 3.82 0.00023184513854 1.6e-09
6.574938546302743338e-05 2.952389933003208178e+00 1.867127419768068175e-01 1.860349880218633407e-04 -2.100233550726338301e-05 -1.117740105864849027e-06 3.82 0.00023184513854 1.6e-09
-6.475696971859267132e-05 4.080540248076138798e-01 -1.533663765215419889e-02 1.450848411154877747e-04 -2.582069859372074059e-05 -5.693540240787653460e-06 3.82 0.00023184513854 1.6e-09
4.127899187851493697e-05 2.522678323460661787e+00 9.466177745942960797e-02 1.643884525032971605e-04 2.702784899763223088e-05 2.107543751182577673e-06 3.82 0.00023184513854 1.6e-09
8.354530547321174913e-05 3.827237517375342346e+00 2.222409289713265235e-01 2.322151135695546108e-04 1.608077630155184764e-06 5.104061849897103569e-07 3.82 0.00023184513854 1.6e-09
6.122239792593554722e-05 2.903159968448672856e+00 1.911300903609370327e-01 1.835363111115674291e-04 -2.145359629058291598e-05 -1.323361793641904125e-06 3.82 0.00023184513854 1.6e-09
6.333904554024670172e-05 4.016381029024213012e-01 -1.974919181540076701e-02 1.467660482101381899e-04 -2.056693346496210218e-05 -4.852709284166944627e-06 3.82 0.00023184513854 1.6e-09
-2.308068356730018524e-05 2.567453070875010290e+00 1.138809100028272125e-01 1.666286181917923167e-04 2.617980641507293687e-05 2.161340724422309328e-06 3.82 0.00023184513854 1.6e-09
4.739049542684966958e-06 3.808366392930941036e+00 2.373698209316516261e-01 2.312192946443671288e-04 1.011016161134826265e-06 3.992891527626811365e-07 3.82 0.00023184513854 1.6e-09
-3.078058817455376663e-05 2.806529676688647612e+00 1.884611233530021357e-01 1.786317087933638229e-04 -2.264256852127740616e-05 -1.580363065177534187e-06 3.82 0.00023184513854 1.6e-09
8.995236490697167294e-06 3.921625435751618927e-01 -2.467546547294885081e-02 1.492171733708697891e-04 -8.748137510161113346e-06 -3.290202399219607038e-06 3.82 0.00023184513854 1.6e-09
2.377125272310107249e-05 2.667258859032453078e+00 1.361781479509237835e-01 1.716156246849633873e-04 2.461065984893398654e-05 2.109670956109872446e-06 3.82 0.00023184513854 1.6e-09
-6.850857058836608130e-05 3.800225578590631148e+00 2.488658626623492798e-01 2.307904958468559565e-04 7.344063107580512145e-08 2.439368547715380345e-07 3.82 0.00023184513854 1.6e-09
-2.028439648536680675e-06 2.685057421459362104e+00 1.792155998422063079e-01 1.725076350211472319e-04 -2.432432299897395827e-05 -1.858452801863285251e-06 3.82 0.00023184513854 1.6e-09
-4.682199321941612699e-05 3.909919382967732560e-01 -2.757824133911788989e-02 1.494936421356561445e-04 6.490194952624971859e-06 -1.126638861403115453e-06 3.82 0.00023184513854 1.6e-09
-6.983676924146318466e-05 2.789208477201746916e+00 1.585860421214541627e-01 1.777537736920130210e-04 2.289098250748924544e-05 1.980420971646670344e-06 3.82 0.00023184513854 1.6e-09
8.517953857216207939e-05 3.806370031479110683e+00 2.560869644166342551e-01 2.311132573019946735e-04 -8.946756913196313778e-07 7.084938320620960290e-08 3.82 0.00023184513854 1.6e-09
-7.794811933929980132e-05 2.581757616458749016e+00 1.666292061818508974e-01 1.673403085553388657e-04 -2.590220935341214621e-05 -2.092795851569771095e-06 3.82 0.00023184513854 1.6e-09
-5.143591986762857904e-05 3.990131912016406934e-01 -2.732478476701947351e-02 1.473400329549086406e-04 1.894456931898026502e-05 9.837333617369159089e-07 3.82 0.00023184513854 1.6e-09
-8.469627483688034909e-05 2.889990315372655605e+00 1.768881158643835216e-01 1.828620627580091287e-04 2.162596964790120815e-05 1.828216114078198856e-06 3.82 0.00023184513854 1.6e-09
5.471537252519013245e-05 3.826026187278941393e+00 2.586974154639927193e-01 2.321498235399044189e-04 -1.509251094762174159e-06 -8.533281332712203028e-08 3.82 0.00023184513854 1.6e-09
-7.001255595902877997e-06 2.537329320086968210e+00 1.545218468989507932e-01 1.651100924140900487e-04 -2.675103707982670555e-05 -2.217275810347952725e-06 3.82 0.00023184513854 1.6e-09
5.722152349844366356e-06 4.045680174074274826e-01 -2.525316452687804275e-02 1.457951722356629022e-04 2.442034073215301624e-05 2.494412517729295135e-06 3.82 0.00023184513854 1.6e-09
6.085722218328661770e-05 2.940135555800922340e+00 1.875416147148667723e-01 1.854020004386864521e-04 2.116666167269953488e-05 1.693834630821674933e-06 3.82 0.00023184513854 1.6e-09
-6.815933636115875671e-05 3.855591517299671089e+00 2.561576182627260945e-01 2.337156103806675668e-04 -1.570427943749292191e-06 -1.996765247044541038e-07 3.82 0.00023184513854 1.6e-09
-7.173391128534828767e-05 2.570583658704426178e+00 1.448139347292594359e-01 1.667190319975439246e-04 -2.650894813607036866e-05 -2.202137258176890023e-06 3.82 0.00023184513854 1.6e-09
-2.086792330992801384e-06 3.986340407752982928e-01 -2.348077510469020329e-02 1.469880285459661512e-04 2.189101787912530866e-05 3.293137576063677615e-06 3.82 0.00023184513854 1.6e-09
-2.027601238699323270e-05 2.927540990939514032e+00 1.879404625714147514e-01 1.847235873706314622e-04 2.162775517012317940e-05 1.586231717811968660e-06 3.82 0.00023184513854 1.6e-09
3.587980405726826267e-05 3.888365368850967840e+00 2.467329016872551184e-01 2.354575249196447033e-04 -1.077781704332575411e-06 -2.637904778472309857e-07 3.82 0.00023184513854 1.6e-09
7.968342144129226731e-05 2.674383110138088604e+00 1.362866482876712859e-01 1.718626601187173402e-04 -2.527087396872733127e-05 -2.056845689708219048e-06 3.82 0.00023184513854 1.6e-09
-4.965204418862997373e-05 3.866619232086220270e-01 -2.295102391270798653e-02 1.498361475637802393e-04 1.117912235311886701e-05 3.405878298877389465e-06 3.82 0.00023184513854 1.6e-09
-7.390042278454791113e-05 2.849084027856691126e+00 1.762857768568789896e-01 1.806886389502047863e-04 2.291735204797131170e-05 1.490223902580660176e-06 3.82 0.00023184513854 1.6e-09
1.923746691601851603e-05 3.909348073703780457e+00 2.276849980082840119e-01 2.365754828302325731e-04 -1.644757923558764291e-07 -2.845292431080542735e-07 3.82 0.00023184513854 1.6e-09
7.059189455846657027e-05 2.809658280817981524e+00 1.248776505486353799e-01 1.786796191931096830e-04 -2.350858050176494275e-05 -1.822049725070817402e-06 3.82 0.00023184513854 1.6e-09
-2.276926422478853820e-05 3.836973313994000989e-01 -2.298503585642571248e-02 1.505981079358226574e-04 -5.001397542815098814e-06 2.982154856985382377e-06 3.82 0.00023184513854 1.6e-09
4.292791970030418577e-05 2.721539195757225471e+00 1.546649699790318411e-01 1.742239682431094572e-04 2.470450379517568127e-05 1.382138441294202571e-06 3.82 0.00023184513854 1.6e-09
-4.365349747444469873e-05 3.904039095382730196e+00 1.994386587102551789e-01 2.362934606971874257e-04 8.499547645567145560e-07 -2.793553134414876801e-07 3.82 0.00023184513854 1.6e-09
-1.670280156318155584e-05 2.919227347269565342e+00 1.079270700268937511e-01 1.842846097517258355e-04 -2.192861091549748139e-05 -1.558221694717013698e-06 3.82 0.00023184513854 1.6e-09
-2.208110307793086915e-05 3.946116066213830598e-01 -2.236462360930571713e-02 1.479256170725346215e-04 -1.928432381932743188e-05 2.472332311048254225e-06 3.82 0.00023184513854 1.6e-09
-2.092446622223368265e-05 2.594672015414777988e+00 1.301694938379863165e-01 1.678940541031782386e-04 2.637535205454887466e-05 1.238913597474699703e-06 3.82 0.00023184513854 1.6e-09
-1.094385891703443254e-04 3.878475729154063245e+00 1.675715651199523037e-01 2.349337633170518410e-04 1.614318374290552097e-06 -2.680347560215784746e-07 3.82 0.00023184513854 1.6e-09
-4.214181841174641501e-05 2.970882853418626013e+00 8.762901561966821018e-02 1.869650482717754214e-04 -2.100501840391029234e-05 -1.315019296813104638e-06 3.82 0.00023184513854 1.6e-09
2.696772931589661983e-05 4.070527336300654442e-01 -2.055885459257745379e-02 1.451398478577588485e-04 -2.655844354374696002e-05 2.255125493790523839e-06 3.82 0.00023184513854 1.6e-09
2.632307360866241745e-05 2.518939236917370650e+00 1.077308814086449518e-01 1.641795501175153716e-04 2.728263971176274306e-05 1.038292440338243098e-06 3.82 0.00023184513854 1.6e-09
6.040480560503142795e-05 3.849415511336069073e+00 1.358111707960955594e-01 2.333921195455276290e-04 1.886843499828671192e-06 -2.627797141768042007e-07 3.82 0.00023184513854 1.6e-09
8.936632473704786460e-05 2.961641276923083765e+00 6.630927088504504074e-02 1.865182793440201296e-04 -2.090285789231437834e-05 -1.101597123965298662e-06 3.82 0.00023184513854 1.6e-09
2.682500150358096960e-05 4.085122297142061987e-01 -1.750294426565405029e-02 1.450162021578907238e-04 -2.630422786204023166e-05 2.386339416973286350e-06 3.82 0.00023184513854 1.6e-09
2.926507413426666286e-05 2.515791466849226943e+00 8.740229642594704584e-02 1.640581310586497390e-04 2.715083964383603938e-05 7.721832023824218677e-07 3.82 0.00023184513854 1.6e-09
