-6.010251433563520030e-05 2.926548945508462118e+00 -3.324402111782697854e-05 1.846974073464328946e-04 -2.246943095520564872e-05 -6.419865370267428870e-10 3.98 0.00024042122418 1.6e-09
2.947488277487230168e-05 3.931555254727345794e-01 -7.037798920297713094e-04 1.485685991255797595e-04 -1.786691679348662828e-05 1.819042612958551148e-07 3.98 0.00024042122418 1.6e-09
-1.893309661384198414e-05 2.628471069545098793e+00 -1.421174989606165985e-02 1.696103829556997009e-04 2.650404762075410009e-05 -1.042660578106690390e-07 3.98 0.00024042122418 1.6e-09
-1.181050828161218344e-05 3.951427876119408822e+00 -1.594668516401383240e-02 2.388897149642573900e-04 2.200990867965356024e-06 4.340622295394424446e-08 3.98 0.00024042122418 1.6e-09
-6.256509382372409393e-05 3.144432052603839622e+00 -7.042782105238203604e-03 1.959873150002218217e-04 -1.925617180395023699e-05 1.274832938388590874e-07 3.98 0.00024042122418 1.6e-09
-2.608328340951382803e-05 4.599363252820014569e-01 2.322040876780544043e-03 1.347728306963759881e-04 -4.362944255858568329e-05 -1.461574339467886648e-07 3.98 0.00024042122418 1.6e-09
1.992065348874869196e-05 2.327659854446338716e+00 -2.706949041447102855e-02 1.549114619980613162e-04 3.063404612971137051e-05 -1.520637141356977213e-07 3.98 0.00024042122418 1.6e-09
8.617974670942800321e-05 3.893555728836486374e+00 -2.261656231530213140e-02 2.357889954270407217e-04 4.076599242348956893e-06 1.546751453684766667e-07 3.98 0.00024042122418 1.6e-09
-6.429836525124264898e-05 3.283430859759941534e+00 -1.433311469738260272e-03 2.032871551047005069e-04 -1.692656639453419290e-05 2.363059715914021882e-07 3.98 0.00024042122418 1.6e-09
5.327809519674888788e-05 5.647321072485431692e-01 8.162445111272904896e-03 1.211453397616334935e-04 -5.445140988261647924e-05 -7.829179078500314472e-07 3.98 0.00024042122418 1.6e-09
2.661311769936351788e-05 2.078334295134784515e+00 -2.953177570479307429e-02 1.432634212956870033e-04 3.433508977054822267e-05 -1.928104329931866255e-08 3.98 0.00024042122418 1.6e-09
-3.911857752409258191e-06 3.843207114653465872e+00 -8.368882654761655715e-03 2.330871326660513077e-04 5.629127954044790677e-06 3.006929664017841894e-07 3.98 0.00024042122418 1.6e-09
7.009061286750267977e-05 3.393322606543359043e+00 2.188790212391477502e-02 2.090871380183910943e-04 -1.508211925001066937e-05 2.446119309663665796e-07 3.98 0.00024042122418 1.6e-09
3.026110809956584564e-05 7.022246847183145624e-01 1.648299889547613292e-02 1.118662876177891258e-04 -5.732014843661725940e-05 -1.420388611188024658e-06 3.98 0.00024042122418 1.6e-09
4.339469696093241954e-05 1.850754933955461867e+00 -2.420846632925462844e-02 1.332209138178380248e-04 3.802340643549815679e-05 2.716526342399131883e-07 3.98 0.00024042122418 1.6e-09
1.062983268156176230e-04 3.799761512748326631e+00 1.952397726489788279e-02 2.307478724503726124e-04 7.094379078299886000e-06 4.427159540016784724e-07 3.98 0.00024042122418 1.6e-09
-8.479608257986822901e-06 3.504038006943816619e+00 5.437765538705026380e-02 2.149480751251680655e-04 -1.329357106553953166e-05 1.791284678166630981e-07 3.98 0.00024042122418 1.6e-09
-7.472048706115965653e-06 8.986604276288880921e-01 2.750525970071238807e-02 1.075320682483793869e-04 -5.555110476129006703e-05 -1.796964050231125797e-06 3.98 0.00024042122418 1.6e-09
-3.835484296614814369e-06 1.597083453139723330e+00 -1.691913958647711658e-02 1.230133879030888776e-04 4.246857460961115456e-05 6.128176364793731135e-07 3.98 0.00024042122418 1.6e-09
2.831637729258370889e-05 3.744991660201561601e+00 4.823226447237953518e-02 2.277994718092858054e-04 8.728907912388867200e-06 5.528780280418831901e-07 3.98 0.00024042122418 1.6e-09
2.179471331765258025e-05 3.616882136942615844e+00 8.451077996581621288e-02 2.209461894054763240e-04 -1.140804198082406153e-05 9.789162097635861129e-08 3.98 0.00024042122418 1.6e-09
2.291914669674183618e-05 1.170337683345623825e+00 4.075443062524672366e-02 1.100798778446181512e-04 -5.055198551244778290e-05 -1.834018151992637934e-06 3.98 0.00024042122418 1.6e-09
-9.555530434237629483e-06 1.300712185197993476e+00 -1.403780288482920149e-02 1.132435541337006900e-04 4.802241100853912848e-05 8.367557334670970760e-07 3.98 0.00024042122418 1.6e-09
7.146406562619729889e-05 3.659011797158594259e+00 6.472343439893196715e-02 2.231982031828488281e-04 1.053501215799590818e-05 6.246042494318147255e-07 3.98 0.00024042122418 1.6e-09
-6.061163778699798490e-05 3.704996818589423757e+00 1.020887177578377603e-01 2.256581011460835335e-04 -9.574298639552774340e-06 5.739445920587006249e-08 3.98 0.00024042122418 1.6e-09
-4.995758220657086642e-05 1.457639542623814455e+00 5.265393617617290800e-02 1.180539736795491136e-04 -4.496651491389745247e-05 -1.669512969505560928e-06 3.98 0.00024042122418 1.6e-09
-2.808561060516211142e-05 1.021208038677596353e+00 -1.586239200692204920e-02 1.078792444485313648e-04 5.337285630366580917e-05 8.401240198486747110e-07 3.98 0.00024042122418 1.6e-09
1.062911439680229035e-04 3.551309712009979247e+00 6.897439984725475814e-02 2.174698626517727700e-04 1.228444795866314397e-05 6.848862982028636016e-07 3.98 0.00024042122418 1.6e-09
1.010949188384106627e-04 3.753026438972134393e+00 1.094519755284196483e-01 2.282465820523953050e-04 -8.072939736101794269e-06 6.682471743501089298e-08 3.98 0.00024042122418 1.6e-09
-1.494919942990026251e-05 1.682765882565390392e+00 6.174412277235594160e-02 1.263441027376129000e-04 -4.078690695640053748e-05 -1.503057483551074648e-06 3.98 0.00024042122418 1.6e-09
4.747491372535279919e-05 8.265621663739146641e-01 -1.849312283113484917e-02 1.083789613822163603e-04 5.639466405061371396e-05 6.903956733994025725e-07 3.98 0.00024042122418 1.6e-09
-6.985199566645010469e-05 3.454288032862406599e+00 7.101667972213837610e-02 2.123338937324520468e-04 1.372953063926862324e-05 7.614116486987199491e-07 3.98 0.00024042122418 1.6e-09
5.379359226932974914e-05 3.777521874789957934e+00 1.165996583058161729e-01 2.295761538594865380e-04 -6.940598348894795892e-06 9.519560328773328392e-08 3.98 0.00024042122418 1.6e-09
2.360817496545114595e-05 1.841722913544215690e+00 7.079437509735038436e-02 1.328813979223729261e-04 -3.796279033124691255e-05 -1.429891111329992080e-06 3.98 0.00024042122418 1.6e-09
1.652533750271537594e-05 7.069024213912400434e-01 -2.057560267497120926e-02 1.118085906419363855e-04 5.704438807793182811e-05 5.234162396166826284e-07 3.98 0.00024042122418 1.6e-09
-9.738143839468453567e-05 3.379801384854660196e+00 7.648378387880624962e-02 2.084026568584542403e-04 1.484977760254017024e-05 8.616080076960813733e-07 3.98 0.00024042122418 1.6e-09
-5.558118936180203151e-07 3.797175102431496363e+00 1.282705830265112867e-01 2.306388228341051290e-04 -6.058991492700259905e-06 1.204433987343728302e-07 3.98 0.00024042122418 1.6e-09
3.643338773969454045e-06 1.968588209236735720e+00 8.175400427785106672e-02 1.383866771481579122e-04 -3.581858522751196733e-05 -1.440602347733182362e-06 3.98 0.00024042122418 1.6e-09
5.148326997960389400e-05 6.244512671508988255e-01 -2.220853536553239055e-02 1.163802188669652352e-04 5.611432394891879524e-05 4.009524477357580531e-07 3.98 0.00024042122418 1.6e-09
2.979861039306492458e-05 3.319176446780964795e+00 8.631245916832011589e-02 2.052047861105839722e-04 1.584765639032311289e-05 9.860734521642193762e-07 3.98 0.00024042122418 1.6e-09
-2.968266520216719857e-05 3.823674455241300230e+00 1.450369519955731490e-01 2.320601121524833426e-04 -5.212924176499029590e-06 1.382638048411116081e-07 3.98 0.00024042122418 1.6e-09
-3.167915059395686654e-05 2.102709915872835289e+00 9.570972520865489441e-02 1.444179575922763443e-04 -3.369982048063390443e-05 -1.489100047492956154e-06 3.98 0.00024042122418 1.6e-09
-4.237108639294555020e-06 5.508867994196239293e-01 -2.352295183832307096e-02 1.226558011837539943e-04 5.331492277306910900e-05 2.654426410363495964e-07 3.98 0.00024042122418 1.6e-09
1.824502531154473603e-05 3.254833471120873511e+00 9.972584057502771604e-02 2.018073172766573131e-04 1.704090296736281390e-05 1.139762885922794982e-06 3.98 0.00024042122418 1.6e-09
4.280160403180775200e-06 3.865740078680655500e+00 1.665339518184741630e-01 2.343085865767556672e-04 -4.149801215617000315e-06 1.554494924868582749e-07 3.98 0.00024042122418 1.6e-09
-2.563431577209483844e-05 2.285530316735314926e+00 1.142615187228681745e-01 1.529300860043079110e-04 -3.101706571690045916e-05 -1.521140693123028412e-06 3.98 0.00024042122418 1.6e-09
-5.695160844935438755e-05 4.732259770894253759e-01 -2.437899569204292349e-02 1.325995253918582834e-04 4.565941820319346776e-05 -1.065936833923780301e-07 3.98 0.00024042122418 1.6e-09
-4.559702297680977637e-05 3.158721946034913408e+00 1.141099217479870365e-01 1.967466029542117630e-04 1.881856373737075794e-05 1.332491860429419936e-06 3.98 0.00024042122418 1.6e-09
3.938646613969156921e-05 3.925704746985960725e+00 1.911080041639380833e-01 2.375130550497418791e-04 -2.601203170078846099e-06 1.865324363257702337e-07 3.98 0.00024042122418 1.6e-09
-4.496804320280814590e-05 2.551391665506346662e+00 1.387282277434178090e-01 1.657971602405321318e-04 -2.737052294201647599e-05 -1.482727063014989548e-06 3.98 0.00024042122418 1.6e-09
-7.065590856174578348e-05 4.040343679100311669e-01 -2.387731118121794172e-02 1.458676080154887235e-04 2.534768569378939329e-05 -1.203724266357794921e-06 3.98 0.00024042122418 1.6e-09
-1.558780428551775508e-05 2.981452750348042358e+00 1.211115936030020268e-01 1.875206600524897634e-04 2.161572291842612609e-05 1.559659556834973218e-06 3.98 0.00024042122418 1.6e-09
-1.061541749661647124e-04 3.973597373284473377e+00 2.104893437288765934e-01 2.400742923435063151e-04 -4.986273543725988838e-07 2.450125192957715443e-07 3.98 0.00024042122418 1.6e-09
7.520887131145091611e-05 2.864367511263536947e+00 1.635110684472806941e-01 1.815105109614739665e-04 -2.322647269490301985e-05 -1.353106849913979866e-06 3.98 0.00024042122418 1.6e-09
-2.460069149665345401e-05 3.878146732432243837e-01 -2.028145539338226458e-02 1.498745868544486173e-04 -1.061658283585464334e-05 -3.082217225360297766e-06 3.98 0.00024042122418 1.6e-09
-2.979815534059069006e-05 2.690430579132805367e+00 1.115084464986853818e-01 1.727100513703806782e-04 2.555465676438252237e-05 1.807162915659652401e-06 3.98 0.00024042122418 1.6e-09
-3.178389213422856967e-05 3.952517808606937244e+00 2.146421600049335521e-01 2.389458495165160893e-04 1.731307213744005006e-06 3.323250112797268801e-07 3.98 0.00024042122418 1.6e-09
8.581044966572505864e-05 3.096819139952257771e+00 1.774860500152287968e-01 1.935049819730556538e-04 -1.985034992483410528e-05 -1.190075895530583726e-06 3.98 0.00024042122418 1.6e-09
6.822737584600558605e-05 4.419676186868316536e-01 -1.396876316210071689e-02 1.379967293161901882e-04 -3.932143586868157292e-05 -4.312892733360138540e-06 3.98 0.00024042122418 1.6e-09
-7.059267778443892988e-05 2.386704848226347764e+00 9.921991910833577455e-02 1.577535865151563806e-04 2.965331959550684710e-05 2.110213938394038125e-06 3.98 0.00024042122418 1.6e-09
1.114400254434557227e-04 3.894016652214007834e+00 2.181154879440936889e-01 2.358145428210253682e-04 3.623048191022546200e-06 4.260989979404375981e-07 3.98 0.00024042122418 1.6e-09
4.055614289106875133e-05 3.237490321579884700e+00 1.889751172043519223e-01 2.008769214325675410e-04 -1.747557574436140452e-05 -1.094340556229930478e-06 3.98 0.00024042122418 1.6e-09
-4.531997052791177772e-06 5.326424885798017872e-01 -7.182599919264020388e-03 1.245799799140328797e-04 -5.215517119210381881e-05 -4.735920254886026785e-06 3.98 0.00024042122418 1.6e-09
4.915878696066458152e-05 2.143914319893116982e+00 9.448596613047127724e-02 1.462794885269239108e-04 3.315483054553656226e-05 2.472457126699435924e-06 3.98 0.00024042122418 1.6e-09
-9.552955983394291581e-05 3.843948608173514359e+00 2.292929424840951802e-01 2.331304741805937286e-04 5.134437649288600231e-06 4.939153756215827634e-07 3.98 0.00024042122418 1.6e-09
5.085421157540427552e-05 3.342939288679035226e+00 2.030675804016902619e-01 2.064327843637149746e-04 -1.566900789176023850e-05 -1.079342303262517763e-06 3.98 0.00024042122418 1.6e-09
-2.990500731630804708e-06 6.477352838549422787e-01 -5.116533746046749050e-04 1.147353996249428701e-04 -5.666444463536681966e-05 -4.769575483190402991e-06 3.98 0.00024042122418 1.6e-09
5.504839259065045110e-05 1.933693539681567541e+00 9.353808472998045853e-02 1.368051783956018277e-04 3.646569096440621281e-05 2.874584731562546515e-06 3.98 0.00024042122418 1.6e-09
-2.723699925011697175e-05 3.805679339444035136e+00 2.422360230982878171e-01 2.310695110245701057e-04 6.515204991571683606e-06 5.284781967546701441e-07 3.98 0.00024042122418 1.6e-09
3.387498593939477750e-05 3.451502713650976162e+00 2.157542879625177212e-01 2.121655699483195501e-04 -1.394443164737196010e-05 -1.088196762791047375e-06 3.98 0.00024042122418 1.6e-09
-1.639033431601108002e-05 8.146267297567617582e-01 7.613524489332130357e-03 1.084891714511597449e-04 -5.655678095337492406e-05 -4.495177410734644139e-06 3.98 0.00024042122418 1.6e-09
-2.128148473117208328e-05 1.700277093942422990e+00 8.844561015463341114e-02 1.270010464546495203e-04 4.045351581623746109e-05 3.294923218372166524e-06 3.98 0.00024042122418 1.6e-09
-5.326509417350603536e-05 3.762911320133827786e+00 2.465892575305500545e-01 2.287597232735075832e-04 8.091677637918208329e-06 5.325419510600022383e-07 3.98 0.00024042122418 1.6e-09
-4.420325390940674134e-05 3.575024056670784489e+00 2.197382747326905861e-01 2.187138863960826638e-04 -1.201776830126598830e-05 -1.061320309787548562e-06 3.98 0.00024042122418 1.6e-09
1.621623038432141423e-05 1.074008361224596975e+00 1.847206075543701004e-02 1.084149556829281757e-04 -5.236270111483190635e-05 -3.891897330265265531e-06 3.98 0.00024042122418 1.6e-09
4.399087695008975892e-06 1.403427394216871127e+00 7.168520858677801533e-02 1.162664875445143373e-04 4.588774842459118471e-05 3.701366823318763776e-06 3.98 0.00024042122418 1.6e-09
-6.695872263633121800e-05 3.688368722041594605e+00 2.317396826778117536e-01 2.247590624687708185e-04 9.966876005210586277e-06 5.123724357561694136e-07 3.98 0.00024042122418 1.6e-09
7.227067305348280402e-05 3.686433210316077513e+00 2.067407030458792705e-01 2.246553852691095666e-04 -1.001456271121977260e-05 -9.672663239870097551e-07 3.98 0.00024042122418 1.6e-09
-1.782360439390632363e-05 1.392533658248569228e+00 2.765730192583690933e-02 1.159192581186789636e-04 -4.621110170640372434e-05 -3.111963070654193715e-06 3.98 0.00024042122418 1.6e-09
4.517562689286730887e-05 1.084609514959932408e+00 4.738207256488979890e-02 1.086024029495025287e-04 5.201369279283859126e-05 4.073373910306985335e-06 3.98 0.00024042122418 1.6e-09
3.101589149939950349e-06 3.575489088908566426e+00 2.026570207386100830e-01 2.187469323160628890e-04 1.191820780871025410e-05 4.905690659286233177e-07 3.98 0.00024042122418 1.6e-09
3.713977668060432989e-05 3.749841562098182202e+00 1.819199963241331097e-01 2.280664847777777026e-04 -8.281857999813425287e-06 -8.358920113406229096e-07 3.98 0.00024042122418 1.6e-09
4.706118705410296276e-05 1.656535862541991033e+00 3.040770232982109578e-02 1.252950043840134827e-04 -4.129873285613523009e-05 -2.451065246621014121e-06 3.98 0.00024042122418 1.6e-09
2.972991616052149692e-05 8.503459156744308522e-01 2.849130062067865149e-02 1.080240628212458397e-04 5.594863645660451477e-05 4.317074264382821153e-06 3.98 0.00024042122418 1.6e-09
9.048500674904564321e-05 3.464497263673051997e+00 1.757417110629523327e-01 2.128702962881242570e-04 1.355843809157042404e-05 4.770487074094741711e-07 3.98 0.00024042122418 1.6e-09
5.452394660233177701e-05 3.777527985586075943e+00 1.594691292126033666e-01 2.295716663746893440e-04 -7.006205634189254099e-06 -7.208338359954457903e-07 3.98 0.00024042122418 1.6e-09
-2.204392243840324809e-05 1.834547248823691135e+00 3.002576007693261162e-02 1.325690864006010266e-04 -3.811830950908324243e-05 -2.014488968296914850e-06 3.98 0.00024042122418 1.6e-09
-3.662202583161750777e-05 7.139759195981691953e-01 1.746495082658976877e-02 1.115138082366725367e-04 5.690221934305121415e-05 4.387107043816695749e-06 3.98 0.00024042122418 1.6e-09
-1.316795210566529544e-06 3.380864343868511313e+00 1.564130922551389413e-01 2.084591480396722136e-04 1.478694449684460819e-05 4.683174075032875663e-07 3.98 0.00024042122418 1.6e-09
3.290476224163405770e-05 3.794755770052395505e+00 1.436960355385619170e-01 2.305087860330835750e-04 -6.087019071158995449e-06 -6.355087561792826675e-07 3.98 0.00024042122418 1.6e-09
3.430511676895270650e-06 1.961425072825335958e+00 2.964392047751774478e-02 1.380704634246782548e-04 -3.595907009226270864e-05 -1.738777547447723357e-06 3.98 0.00024042122418 1.6e-09
1.916297217473392802e-05 6.305046755803760394e-01 1.085701190140475614e-02 1.159931532324521165e-04 5.607216413126990995e-05 4.386508583266182391e-06 3.98 0.00024042122418 1.6e-09
-6.799723980746981379e-05 3.319064329361315568e+00 1.435256089126277779e-01 2.052034909061406281e-04 1.577305943622332748e-05 4.681505577505873692e-07 3.98 0.00024042122418 1.6e-09
-9.285862928464230987e-05 3.815750712496388530e+00 1.338496183637927772e-01 2.316386905513253712e-04 -5.300092295966732237e-06 -5.713953667583055775e-07 3.98 0.00024042122418 1.6e-09
-3.556488243940987429e-05 2.079326483746957166e+00 3.062202754360749540e-02 1.433585278222862633e-04 -3.407447727587580271e-05 -1.555211953418203253e-06 3.98 0.00024042122418 1.6e-09
2.923893611552905714e-05 5.642089857979010192e-01 5.918143034321384985e-03 1.213801419575921589e-04 5.384028933106195676e-05 4.445852630695398354e-06 3.98 0.00024042122418 1.6e-09
4.889505983377358836e-05 3.262374416879073813e+00 1.356559223440208517e-01 2.022141956528165246e-04 1.679619342354021536e-05 4.834710881030309206e-07 3.98 0.00024042122418 1.6e-09
2.298949667022926287e-05 3.849607392486065649e+00 1.290312835162502059e-01 2.334496816000595088e-04 -4.414427995034323095e-06 -5.208045608392857483e-07 3.98 0.00024042122418 1.6e-09
4.190819312018094500e-05 2.229448010417994119e+00 3.374662377766991794e-02 1.502924873366829207e-04 -3.184876881292584921e-05 -1.421099630357885788e-06 3.98 0.00024042122418 1.6e-09
-1.009453470586524975e-05 4.955954340810747039e-01 1.096773774136223980e-03 1.293551528767092275e-04 4.849275360164444877e-05 4.672441459891165145e-06 3.98 0.00024042122418 1.6e-09
2.094208663390710357e-05 3.187338616596718133e+00 1.309258015555189725e-01 1.982578684368610207e-04 1.824342890641659297e-05 5.126210206151231494e-07 3.98 0.00024042122418 1.6e-09
-6.491107809420093534e-05 3.903049903524263620e+00 1.271699367113219292e-01 2.363051481990718515e-04 -3.124256471835649733e-06 -4.806147547364903305e-07 3.98 0.00024042122418 1.6e-09
-7.595955427326741584e-05 2.453818815440581780e+00 3.855787210373363971e-02 1.610223195260364662e-04 -2.872281560512397286e-05 -1.295739476039630752e-06 3.98 0.00024042122418 1.6e-09
-9.598356228501156689e-06 4.245015972801284843e-01 -4.465063781152174213e-03 1.414257108377952644e-04 3.427158191143708419e-05 4.996349157484378585e-06 3.98 0.00024042122418 1.6e-09
-4.456318753355261114e-05 3.053690324229370034e+00 1.217633786840821158e-01 1.912634938607557316e-04 2.057198119653055995e-05 5.161023421606298933e-07 3.98 0.00024042122418 1.6e-09
2.503371323168761367e-05 3.965162039986732889e+00 1.186487929883071474e-01 2.396255794657409450e-04 -1.246433191357609958e-06 -4.475490946357730865e-07 3.98 0.00024042122418 1.6e-09
6.507762504386830748e-06 2.761089796188212375e+00 3.885809120877101175e-02 1.762690518816962886e-04 -2.467965716076619194e-05 -1.110697115352155672e-06 3.98 0.00024042122418 1.6e-09
2.057047841279436345e-05 3.844556850959668370e-01 -1.074176320205106130e-02 1.507236271778336070e-04 2.908145025601511458e-06 4.700878813919297854e-06 3.98 0.00024042122418 1.6e-09
1.600298550149122464e-05 2.804563432015217295e+00 9.415905688416464914e-02 1.784638302311097337e-04 2.414495471152682633e-05 4.243861849444710961e-07 3.98 0.00024042122418 1.6e-09
2.238139814423376306e-05 3.977456193802925366e+00 8.762315752247468170e-02 2.402822805751984381e-04 1.018762915804230398e-06 -3.999537215767959557e-07 3.98 0.00024042122418 1.6e-09
-8.355329937152349310e-05 3.043199456111108869e+00 2.366432923779228370e-02 1.907107775817684463e-04 -2.083874317074279936e-05 -8.125706376271724805e-07 3.98 0.00024042122418 1.6e-09
-2.758322631250764058e-05 4.182870644277250083e-01 -1.512599299482586535e-02 1.427117890376214371e-04 -3.211207403658790930e-05 3.381573032740303360e-06 3.98 0.00024042122418 1.6e-09
8.042538384747466914e-05 2.479893160394454732e+00 6.079340775082226617e-02 1.622760571541593242e-04 2.848969253901156824e-05 3.295531745629933215e-07 3.98 0.00024042122418 1.6e-09
-4.813329737773699968e-05 3.923368528525248866e+00 5.396667861309815267e-02 2.373863262621053521e-04 3.142225620091327450e-06 -3.083845776497608192e-07 3.98 0.00024042122418 1.6e-09
-1.276407404616084011e-05 3.215199257497595831e+00 8.931381270824805679e-03 1.996968905400619339e-04 -1.807941507802561165e-05 -5.296010705198951062e-07 3.98 0.00024042122418 1.6e-09
6.357785209344356541e-07 5.054866443602052950e-01 -1.538768565868972940e-02 1.278971621653984857e-04 -4.997785816351945276e-05 1.965668189760575653e-06 3.98 0.00024042122418 1.6e-09
-6.247348034073693581e-05 2.204184945739299462e+00 4.081029840908574624e-02 1.490789076581108060e-04 3.238773048691141146e-05 3.420577329638949186e-07 3.98 0.00024042122418 1.6e-09
5.147696268294560748e-05 3.863623884843868872e+00 4.052188441971836530e-02 2.341876696932858109e-04 4.783833423178109488e-06 -1.991715105143728549e-07 3.98 0.00024042122418 1.6e-09
2.371268043401829925e-05 3.323787675771991079e+00 9.559231922676235393e-03 2.054219699963479029e-04 -1.615080914787762339e-05 -3.753787053815210874e-07 3.98 0.00024042122418 1.6e-09
1.524555584535896156e-05 6.130077098842895422e-01 -1.315082084114680208e-02 1.170776167265607343e-04 -5.613682140118913074e-05 8.679268302665950495e-07 3.98 0.00024042122418 1.6e-09
-1.756911154190344735e-05 1.989236490833742987e+00 3.241785001507858921e-02 1.392674813338238659e-04 3.568197888318763521e-05 4.606179765940789136e-07 3.98 0.00024042122418 1.6e-09
8.479273947855114392e-05 3.819254169634962004e+00 4.257159353183317257e-02 2.318068524429153917e-04 6.114288311683552737e-06 -1.028020935153741159e-07 3.98 0.00024042122418 1.6e-09
-6.722060681908195896e-05 3.416922005913575866e+00 1.977971752888590257e-02 2.103438998507653956e-04 -1.456583540529481400e-05 -3.228148660126817106e-07 3.98 0.00024042122418 1.6e-09
-3.959284968078822896e-05 7.458029325276847032e-01 -1.030147901280864531e-02 1.102525348788540183e-04 -5.721199687408544095e-05 1.003047742306358198e-07 3.98 0.00024042122418 1.6e-09
1.125707369703835107e-05 1.788289458968479018e+00 2.998602019998351451e-02 1.306086347575157488e-04 3.903165840138693096e-05 6.359949240554937215e-07 3.98 0.00024042122418 1.6e-09
-9.104188186430485833e-05 3.781759702873157991e+00 4.993514370765252119e-02 2.297855743272082785e-04 7.449686333679428300e-06 -4.149302172944604329e-08 3.98 0.00024042122418 1.6e-09
8.437720589540523991e-05 3.518660607762299719e+00 3.052750884325197353e-02 2.157297735576314238e-04 -1.296182590714024514e-05 -3.207696286393511692e-07 3.98 0.00024042122418 1.6e-09
-1.271331241768984094e-05 9.363110325819460344e-01 -7.921632538044960647e-03 1.074626343843277114e-04 -5.494835495813167728e-05 -3.302893367964327888e-07 3.98 0.00024042122418 1.6e-09
1.370688800051523626e-06 1.552644003282829921e+00 2.749277415749853265e-02 1.213791474712417928e-04 4.324966544007406146e-05 7.651996626204310282e-07 3.98 0.00024042122418 1.6e-09
1.043043866142811534e-04 3.731984467341519007e+00 5.031165600103652824e-02 2.271045813079590437e-04 8.983427028457396560e-06 -3.578471053248019422e-08 3.98 0.00024042122418 1.6e-09
-1.488653677958508823e-05 3.628313086131073284e+00 3.128133341595264877e-02 2.215587017795817210e-04 -1.115762070203727584e-05 -3.136454654176425844e-07 3.98 0.00024042122418 1.6e-09
4.931174928981490286e-05 1.204701650061879015e+00 -7.562543621840198821e-03 1.108265510842544415e-04 -4.992754709688121737e-05 -3.913047200628673006e-07 3.98 0.00024042122418 1.6e-09
1.378070971935581508e-05 1.266045370101962941e+00 1.993589924649408207e-02 1.123186609304615419e-04 4.870025684277587305e-05 6.863234064257041359e-07 3.98 0.00024042122418 1.6e-09
-1.243551647171993642e-05 3.649215296332177338e+00 3.315971104039862338e-02 2.226738798846588133e-04 1.077555831354442162e-05 -8.458085731502096860e-08 3.98 0.00024042122418 1.6e-09
-4.640589440037520071e-06 3.717578645753265576e+00 1.472332259573001442e-02 2.263312243827565956e-04 -9.348932229019571005e-06 -2.486215525221695843e-07 3.98 0.00024042122418 1.6e-09
4.174240081695213271e-05 1.495353360152035016e+00 -1.095028012293063069e-02 1.193362616462893485e-04 -4.433815605007274715e-05 -1.614150303502765748e-07 3.98 0.00024042122418 1.6e-09
1.935072796208791066e-05 9.882021777753318137e-01 9.453622944879315482e-03 1.076256911688702929e-04 5.401155586945850361e-05 3.014611013054291995e-07 3.98 0.00024042122418 1.6e-09
1.362757068660874516e-05 3.540860044801231510e+00 4.843480501936522561e-03 2.169106140859423427e-04 1.256385028553497931e-05 -1.341834428660401480e-07 3.98 0.00024042122418 1.6e-09
-4.310575487009498188e-05 3.768652115690573012e+00 -9.208016403463109567e-03 2.290823450080778519e-04 -7.795331635693769341e-06 -1.211951323006355213e-07 3.98 0.00024042122418 1.6e-09
-6.374738530041261281e-05 1.730902342754998546e+00 -1.421294592025615193e-02 1.282594280343770461e-04 -4.002657874855723605e-05 1.245344367517823076e-07 3.98 0.00024042122418 1.6e-09
-5.140189041403618874e-05 7.902171080224065225e-01 6.671783418890776373e-04 1.090545212378648849e-04 5.686175616376629659e-05 -3.436501598952351880e-07 3.98 0.00024042122418 1.6e-09
-8.522755438714617771e-05 3.439238536286541859e+00 -1.927506920658857148e-02 2.115309887387188041e-04 1.410774614721731588e-05 -1.258460010485368716e-07 3.98 0.00024042122418 1.6e-09
9.187741173299112719e-05 3.798112990633288888e+00 -2.422281093969372995e-02 2.306764631521462179e-04 -6.575711766700664918e-06 2.850614193704648267e-08 3.98 0.00024042122418 1.6e-09
-3.832108267926728306e-05 1.908747381598722370e+00 -1.122470790770513371e-02 1.357436778103562544e-04 -3.695057578278867951e-05 2.878584648568234552e-07 3.98 0.00024042122418 1.6e-09
-3.903635490379893239e-05 6.634945562291365562e-01 -5.867957586428140457e-03 1.138826883734178158e-04 5.691424944950401911e-05 -1.112534596921618929e-06 3.98 0.00024042122418 1.6e-09
5.530617089643126541e-05 3.356000091832602727e+00 -3.195470078678695758e-02 2.071370572262163658e-04 1.541003797043064949e-05 -3.884081793836574527e-08 3.98 0.00024042122418 1.6e-09
1.773331190615592680e-05 3.826647065790504065e+00 -2.408002939269794293e-02 2.322132166006926168e-04 -5.513131944543481365e-06 1.681032428759847295e-07 3.98 0.00024042122418 1.6e-09
-8.376952782941419985e-06 2.068869667075119434e+00 -2.439756786026305848e-04 1.428623135815866975e-04 -3.436485710396753712e-05 2.935452402834869153e-07 3.98 0.00024042122418 1.6e-09
1.198187971875425988e-05 5.696562407891078150e-01 -1.047957929273075038e-02 1.207698360179932046e-04 5.443870917273817571e-05 -1.879198589966234209e-06 3.98 0.00024042122418 1.6e-09
2.968871579618799912e-05 3.278715569164908583e+00 -3.130674493649607953e-02 2.030587732710502661e-04 1.676344819472156577e-05 1.242373230167059876e-07 3.98 0.00024042122418 1.6e-09
4.505253694979169913e-05 3.867379232635876019e+00 -8.358094674991841874e-03 2.343951034652124528e-04 -4.362163389577666727e-06 2.789587369670033308e-07 3.98 0.00024042122418 1.6e-09
1.047674786440249903e-05 2.258783249362011691e+00 1.832393638637324490e-02 1.516579835942984047e-04 -3.153095738072311132e-05 1.692623325481381387e-07 3.98 0.00024042122418 1.6e-09
-5.271228922099883437e-05 4.841696697117215953e-01 -1.259092440824339382e-02 1.309221040477854744e-04 4.735908051025822826e-05 -2.603907615880704153e-06 3.98 0.00024042122418 1.6e-09
2.944190979012177058e-05 3.179763955446171408e+00 -1.766746426836570891e-02 1.978483878979463552e-04 1.855690128028612745e-05 3.470969026423063706e-07 3.98 0.00024042122418 1.6e-09
7.591771062065480718e-05 3.924704833254532677e+00 2.081356920421115198e-02 2.374615306451876846e-04 -2.828919569937911828e-06 3.497158334158919158e-07 3.98 0.00024042122418 1.6e-09
1.482751940440615526e-05 2.518269187633933814e+00 4.354266591530039920e-02 1.641650357892274008e-04 -2.793142796430777804e-05 -2.248905416480737368e-08 3.98 0.00024042122418 1.6e-09
-5.929815818149662205e-05 4.104592307709316046e-01 -1.112681443952330887e-02 1.444248730349704461e-04 2.886424776931469528e-05 -3.327823879777243830e-06 3.98 0.00024042122418 1.6e-09
-8.181999620637551355e-05 3.012031691371273467e+00 7.071538878770837824e-04 1.891020449583423533e-04 2.125423517341785929e-05 5.694121767253668488e-07 3.98 0.00024042122418 1.6e-09
1.024687703203906139e-04 3.975145409922476336e+00 5.193067632304346204e-02 2.401606296301413775e-04 -7.937749246744055295e-07 3.830289535615864139e-07 3.98 0.00024042122418 1.6e-09
6.308615943439649701e-05 2.827972510730449862e+00 6.893754357189418869e-02 1.796581003603748704e-04 -2.381118818341885948e-05 -1.690263655194009952e-07 3.98 0.00024042122418 1.6e-09
1.881968876582074549e-05 3.851203055796203478e-01 -5.929074831172064658e-03 1.505990446905864223e-04 -5.496886130432728090e-06 -3.960497873590913730e-06 3.98 0.00024042122418 1.6e-09
-1.808793110362834675e-05 2.736314672310232510e+00 4.981362686191720228e-03 1.750176846333194054e-04 2.503769126689661686e-05 6.962056322739912256e-07 3.98 0.00024042122418 1.6e-09
5.775495174802447673e-05 3.964719301176815591e+00 6.419012258969747364e-02 2.396021468507545933e-04 1.437264156993532995e-06 4.218236600096996290e-07 3.98 0.00024042122418 1.6e-09
-6.962733868960513221e-05 3.074805184335131614e+00 8.229446466209508482e-02 1.923593943126053192e-04 -2.029421957463910296e-05 -1.687235445303916328e-07 3.98 0.00024042122418 1.6e-09
1.139707180958432337e-05 4.306777706702407116e-01 1.426740890160690511e-03 1.402053154754758109e-04 -3.626711691733148536e-05 -4.153201275426581852e-06 3.98 0.00024042122418 1.6e-09
2.056578569302192818e-05 2.429398434345621638e+00 1.341519583593680706e-04 1.598183164695428393e-04 2.917440226732846202e-05 8.196908110116089905e-07 3.98 0.00024042122418 1.6e-09
5.989222636453031220e-05 3.910405769918327223e+00 7.035157710652001350e-02 2.366932193502253802e-04 3.409544400749369039e-06 5.119608470364515220e-07 3.98 0.00024042122418 1.6e-09
1.367774952551453473e-05 3.229751290115052242e+00 9.525343305346273270e-02 2.004658828760732875e-04 -1.776641977932347650e-05 -1.210123018085668041e-07 3.98 0.00024042122418 1.6e-09
-5.093897304589623714e-05 5.201793108225878370e-01 1.008108361267070693e-02 1.260535099307189552e-04 -5.120843470260190574e-05 -4.242496013875288565e-06 3.98 0.00024042122418 1.6e-09
-3.786232642676956410e-05 2.172492127858262734e+00 2.696183106202602051e-04 1.475965262290561809e-04 3.287664834227693473e-05 1.070871509821334048e-06 3.98 0.00024042122418 1.6e-09
5.527190503941706664e-05 3.858620682030940330e+00 8.888380222966631161e-02 2.339163663505434629e-04 4.998972855670916390e-06 6.326307464813826153e-07 3.98 0.00024042122418 1.6e-09
3.863070415645097682e-05 3.343252714160376282e+00 1.193290930467962446e-01 2.064449021413459107e-04 -1.583862513252577153e-05 -1.354703909031372002e-07 3.98 0.00024042122418 1.6e-09
-4.327905558277670675e-05 6.388424759945203757e-01 2.032352959664803643e-02 1.152777650616470650e-04 -5.654065996821072763e-05 -4.357678238722294484e-06 3.98 0.00024042122418 1.6e-09
-1.714735956267763312e-05 1.949112510461617154e+00 5.864796039817696260e-03 1.374756771762354634e-04 3.637749359662625329e-05 1.462699014886378486e-06 3.98 0.00024042122418 1.6e-09
1.042805480100722959e-04 3.816618226288951199e+00 1.179588904662364490e-01 2.316556860871736903e-04 6.440332813699411522e-06 7.548037787006788912e-07 3.98 0.00024042122418 1.6e-09
-7.983069413578816836e-05 3.453742212131333922e+00 1.510311181283215398e-01 2.122825601011578888e-04 -1.404524768803423198e-05 -2.023641373327557208e-07 3.98 0.00024042122418 1.6e-09
-3.090730940368614413e-05 8.085688227269685058e-01 3.383406908551948172e-02 1.085959846749061874e-04 -5.659031885063361842e-05 -4.287151085203402809e-06 3.98 0.00024042122418 1.6e-09
3.506682496403801290e-05 1.708614227752623060e+00 1.164671570093946985e-02 1.273364337240344185e-04 4.045417250081096068e-05 1.945750185289903060e-06 3.98 0.00024042122418 1.6e-09
6.055451227677392833e-05 3.769568380547263509e+00 1.480771380059094366e-01 2.291180505249541994e-04 8.024246110316813141e-06 8.629769718258818327e-07 3.98 0.00024042122418 1.6e-09
-7.533080058408039197e-05 3.572972802993509056e+00 1.822693602567318494e-01 2.186056317412026699e-04 -1.212803137769005611e-05 -2.723970874157055049e-07 3.98 0.00024042122418 1.6e-09
1.055696243870654936e-06 1.062734212541631473e+00 5.228185707816667555e-02 1.082701893063612957e-04 -5.250427552856426277e-05 -3.910493936770707764e-06 3.98 0.00024042122418 1.6e-09
4.904693990746533921e-05 1.414898693564259347e+00 1.080669972865445569e-02 1.166403531010869112e-04 4.580242647487707352e-05 2.432694101065734953e-06 3.98 0.00024042122418 1.6e-09
-1.911322744481939198e-05 3.693325760125973467e+00 1.676374688514565559e-01 2.250272425140039810e-04 9.854215746214946229e-06 9.534930036007695375e-07 3.98 0.00024042122418 1.6e-09
-6.682197051862721763e-05 3.678112991945893473e+00 2.035942244609486584e-01 2.242134235883194390e-04 -1.016233119215289088e-05 -3.028921329643024741e-07 3.98 0.00024042122418 1.6e-09
4.414700820638898089e-05 1.368708003795197747e+00 7.197040567008530787e-02 1.151905119428317141e-04 -4.656935286657918499e-05 -3.395674194665633786e-06 3.98 0.00024042122418 1.6e-09
-2.335986673005081263e-05 1.105375804959130459e+00 3.008508494226764998e-03 1.089211305570876386e-04 5.174638463700105778e-05 2.842491659122296120e-06 3.98 0.00024042122418 1.6e-09
5.089996824914140203e-05 3.583653679408018711e+00 1.742647629221965588e-01 2.191836977782338669e-04 1.173272069244762686e-05 1.036052025745683817e-06 3.98 0.00024042122418 1.6e-09
4.275761789355791770e-05 3.739817540962186992e+00 2.133942963314029440e-01 2.275305428678843110e-04 -8.468833691586500489e-06 -2.970662233742150893e-07 3.98 0.00024042122418 1.6e-09
1.006380573446086972e-05 1.626904586200290659e+00 8.631410503431494186e-02 1.241584711455538041e-04 -4.171125694481887716e-05 -2.995691344611151117e-06 3.98 0.00024042122418 1.6e-09
2.027090777059513741e-05 8.728907023287881817e-01 -4.441381286717761834e-03 1.077877954710986625e-04 5.575402312216150204e-05 3.155228833055832355e-06 3.98 0.00024042122418 1.6e-09
6.260986464617658001e-05 3.475389501683970650e+00 1.771043951167940167e-01 2.134474726538257102e-04 1.333606159331204525e-05 1.113130844651048641e-06 3.98 0.00024042122418 1.6e-09
-8.701268870270151637e-05 3.768584649987484880e+00 2.192774122446244922e-01 2.290917800139545557e-04 -7.180914549615229975e-06 -2.909663897538372419e-07 3.98 0.00024042122418 1.6e-09
2.535977675579878290e-05 1.806795973752785223e+00 9.537479536405525649e-02 1.314028273035631122e-04 -3.847856131046390891e-05 -2.769513656470274707e-06 3.98 0.00024042122418 1.6e-09
3.086061022384913879e-05 7.320908472817536650e-01 -8.618014283066764702e-03 1.108142469908154817e-04 5.697856126095563519e-05 3.436168212230388425e-06 3.98 0.00024042122418 1.6e-09
-6.220656552446862425e-05 3.391459581695567493e+00 1.817202827157749778e-01 2.090169373669773520e-04 1.456965047914726691e-05 1.178165548763484335e-06 3.98 0.00024042122418 1.6e-09
4.318946795106413131e-05 3.787337870068573586e+00 2.255529783036221980e-01 2.301091656919367220e-04 -6.239718480448173461e-06 -3.015728729613072826e-07 3.98 0.00024042122418 1.6e-09
4.017448045488366723e-05 1.939585429495572777e+00 1.017898982299985933e-01 1.371080578008317910e-04 -3.620607742832995443e-05 -2.651459434470104515e-06 3.98 0.00024042122418 1.6e-09
3.127636782175278882e-05 6.426400838510031299e-01 -1.076165489596765321e-02 1.151807536021145681e-04 5.638182917153476529e-05 3.757820115004352964e-06 3.98 0.00024042122418 1.6e-09
4.612890365333856859e-05 3.327215734755804455e+00 1.882358785795366640e-01 2.056305125008036716e-04 1.558241961366838436e-05 1.232327600228725366e-06 3.98 0.00024042122418 1.6e-09
4.731726589458538982e-05 3.810381652627185645e+00 2.325913549463116958e-01 2.313477308858368441e-04 -5.406780083388351387e-06 -3.229004293970513865e-07 3.98 0.00024042122418 1.6e-09
5.934518700005027314e-05 2.066696738962691349e+00 1.077655261036939982e-01 1.427789294050507305e-04 -3.417296906914015002e-05 -2.563621407624471809e-06 3.98 0.00024042122418 1.6e-09
3.800791500949210884e-05 5.698241617252886027e-01 -1.249844873107173668e-02 1.208075151991559444e-04 5.419470665731954362e-05 4.124432012086169013e-06 3.98 0.00024042122418 1.6e-09
3.067993883365133245e-05 3.266252650264936719e+00 1.949901477170755681e-01 2.024132928399674459e-04 1.668746314469397412e-05 1.285818637361181189e-06 3.98 0.00024042122418 1.6e-09
9.746443305589663091e-06 3.847457637166612265e+00 2.398657418631596761e-01 2.333303745580464072e-04 -4.430276413731040733e-06 -3.396878134058139622e-07 3.98 0.00024042122418 1.6e-09
-2.593975933213917565e-05 2.230786844553799497e+00 1.155046573182432756e-01 1.503502052744799182e-04 -3.173010719755395048e-05 -2.442386108039628978e-06 3.98 0.00024042122418 1.6e-09
2.675500090290975632e-05 4.945040276395138434e-01 -1.516713200981252910e-02 1.294607688565587930e-04 4.842884190860425166e-05 4.433702992285450372e-06 3.98 0.00024042122418 1.6e-09
4.337405781371825818e-05 3.183750231925983165e+00 1.987166577054028660e-01 1.980638700978951594e-04 1.825709759788100801e-05 1.351742735901936168e-06 3.98 0.00024042122418 1.6e-09
-1.036750378232196125e-04 3.904793142703066877e+00 2.455316215841994443e-01 2.363937153878667278e-04 -3.024458012975539446e-06 -3.323042649280369716e-07 3.98 0.00024042122418 1.6e-09
-4.946788388630477061e-05 2.473698455318329881e+00 1.264296594643994631e-01 1.619856152776834725e-04 -2.836784434263199989e-05 -2.234320722773260967e-06 3.98 0.00024042122418 1.6e-09
6.332344317573411041e-05 4.197291422448790055e-01 -1.942086811152868991e-02 1.423835848790221082e-04 3.253843393007486171e-05 4.237860414764640661e-06 3.98 0.00024042122418 1.6e-09
-8.498990954924032259e-05 3.035479616816587622e+00 1.910201609032428638e-01 1.903146624835176366e-04 2.077261925134278367e-05 1.429710483562348629e-06 3.98 0.00024042122418 1.6e-09
5.213531761682386144e-05 3.965395839633513386e+00 2.418104115929322062e-01 2.396339716597790047e-04 -1.043886882741299232e-06 -2.830410905590774880e-07 3.98 0.00024042122418 1.6e-09
-5.366523859208081388e-05 2.790817206979404830e+00 1.358510542719081338e-01 1.777702417041358461e-04 -2.419815031775906849e-05 -1.913966005185443510e-06 3.98 0.00024042122418 1.6e-09
-5.978275234683719144e-05 3.845590013396888995e-01 -2.374770491221217528e-02 1.506803975541507737e-04 -9.489990505308645416e-07 2.647199813365592864e-06 3.98 0.00024042122418 1.6e-09
-9.183263082282314745e-06 2.768309278005405716e+00 1.631184945134309949e-01 1.766290854403385936e-04 2.451114737663567848e-05 1.519421883652022124e-06 3.98 0.00024042122418 1.6e-09
4.527204089632356202e-05 3.965815005782914682e+00 2.198060032634681082e-01 2.396566840998133748e-04 1.232424052272563610e-06 -1.922691623479379916e-07 3.98 0.00024042122418 1.6e-09
3.689453435632098085e-07 3.056799992009874511e+00 1.330843234277234444e-01 1.914191651090940314e-04 -2.051779776011116186e-05 -1.554581705546832115e-06 3.98 0.00024042122418 1.6e-09
-2.522595887893554247e-05 4.245382280134380459e-01 -2.471705026973853442e-02 1.414131633264216514e-04 -3.421823976807382049e-05 4.966319833393010841e-07 3.98 0.00024042122418 1.6e-09
-5.040916357577946577e-05 2.450093963821644572e+00 1.325112913024626693e-01 1.608257285023193071e-04 2.877237541015593237e-05 1.671684040577256066e-06 3.98 0.00024042122418 1.6e-09
-8.315773604136287211e-06 3.908761633823948145e+00 1.980914620479948818e-01 2.366041645522880146e-04 3.264270870027303074e-06 -9.038065143212296205e-08 3.98 0.00024042122418 1.6e-09
8.757091479680379560e-05 3.213420662915862369e+00 1.279432437274292123e-01 1.996100187476090642e-04 -1.794915631473251383e-05 -1.299244408981178754e-06 3.98 0.00024042122418 1.6e-09
5.803704056544235600e-05 5.091735961141368172e-01 -2.287386250975824431e-02 1.274433053145255937e-04 -5.022514034706539133e-05 -8.246364462552130154e-07 3.98 0.00024042122418 1.6e-09
4.918065545591316485e-06 2.193252995838579800e+00 1.145413530056201556e-01 1.485743013193372699e-04 3.241137983365869203e-05 1.872779574115145138e-06 3.98 0.00024042122418 1.6e-09
-3.423528019508731310e-05 3.853786760274044543e+00 1.892104858837564685e-01 2.336612781726413591e-04 4.811788965806699700e-06 -2.008850413514682267e-08 3.98 0.00024042122418 1.6e-09
-1.295171181312942705e-05 3.316555192778550598e+00 1.281079912293694445e-01 2.050451938309303637e-04 -1.612597924291276963e-05 -1.174588559991144855e-06 3.98 0.00024042122418 1.6e-09
-1.789737287461984390e-05 6.112409948759551792e-01 -2.072499366906379453e-02 1.172338019436185743e-04 -5.598887108395248055e-05 -1.476610777895996108e-06 3.98 0.00024042122418 1.6e-09
-2.628385021882887561e-05 1.990659007697914706e+00 1.056255458839220618e-01 1.393300746993497968e-04 3.553958832131877204e-05 2.092571688902791312e-06 3.98 0.00024042122418 1.6e-09
9.762827591254478608e-05 3.814783117762971187e+00 1.870179692434864593e-01 2.315662343739908081e-04 6.096611281508428930e-06 7.791758205206564527e-09 3.98 0.00024042122418 1.6e-09
-8.980602913598145613e-05 3.412524939827794590e+00 1.292896041682692343e-01 2.101111038700938629e-04 -1.455219157443499156e-05 -1.118000214905089288e-06 3.98 0.00024042122418 1.6e-09
4.868911815126785694e-05 7.443601399380681549e-01 -1.918438909579982254e-02 1.102914531875820437e-04 -5.718693877028599925e-05 -1.748797558141391741e-06 3.98 0.00024042122418 1.6e-09
5.405939534970888131e-05 1.789158428281273139e+00 9.853274819002551255e-02 1.306355126779250547e-04 3.891449230507837702e-05 2.310419762182063216e-06 3.98 0.00024042122418 1.6e-09
1.477663056370247843e-05 3.781007911036097902e+00 1.819765823017520934e-01 2.297405743194878337e-04 7.477600295585315967e-06 -8.526211143112914095e-09 3.98 0.00024042122418 1.6e-09
6.667888602238873207e-05 3.525191155129479448e+00 1.247041375693437870e-01 2.160717170316105444e-04 -1.284622872238079270e-05 -1.068504411457027882e-06 3.98 0.00024042122418 1.6e-09
3.642524216193665303e-05 9.520787880436005768e-01 -1.838273309842432257e-02 1.074554017609693081e-04 -5.468216682379820672e-05 -1.719533617494219675e-06 3.98 0.00024042122418 1.6e-09
5.669266108385693278e-05 1.534514344583994827e+00 8.525500190545015622e-02 1.207063591595062597e-04 4.349655888340252068e-05 2.474431118722973949e-06 3.98 0.00024042122418 1.6e-09
9.979565539146302664e-05 3.729299111103938635e+00 1.615691127944215988e-01 2.269521287773317800e-04 9.168061472532899284e-06 -7.693429104882363025e-08 3.98 0.00024042122418 1.6e-09
-9.687808104337123586e-05 3.648708793775588433e+00 1.042572808970006343e-01 2.226394922606393764e-04 -1.085927441962548725e-05 -9.739599950909617590e-07 3.98 0.00024042122418 1.6e-09
-2.026970387635989939e-05 1.256986575796511518e+00 -2.032019352211179852e-02 1.120594620936605015e-04 -4.892547703892680328e-05 -1.360764062560903982e-06 3.98 0.00024042122418 1.6e-09
-1.641635003016285761e-05 1.214481894297820386e+00 6.212314708583664691e-02 1.110368887479022703e-04 4.962747416860374553e-05 2.508161268452692181e-06 3.98 0.00024042122418 1.6e-09
-9.075446411984568348e-05 3.633459273343939699e+00 1.192932824827043908e-01 2.218261766895433134e-04 1.116145580501700448e-05 -1.829799910299884952e-07 3.98 0.00024042122418 1.6e-09
-6.258579370832140936e-05 3.740752922703111327e+00 6.421729240219226087e-02 2.275675604063137462e-04 -8.918559137277842837e-06 -8.081618177821180680e-07 3.98 0.00024042122418 1.6e-09
4.976395050009335100e-05 1.570963535606473727e+00 -2.777212801443279186e-02 1.220277219682455792e-04 -4.297596621080376300e-05 -7.968855707172546964e-07 3.98 0.00024042122418 1.6e-09
2.610201675466056767e-05 9.222402423595307264e-01 3.894597728459267549e-02 1.074835281311353557e-04 5.506118608186817616e-05 2.369712040161047218e-06 3.98 0.00024042122418 1.6e-09
-6.060346510579077048e-05 3.511240961724445775e+00 7.252169932763044558e-02 2.153354901116912327e-04 1.307998784111869003e-05 -2.657901782768997393e-07 3.98 0.00024042122418 1.6e-09
-9.895614447815794543e-05 3.785396022795525006e+00 2.359951257009749656e-02 2.299808448913983434e-04 -7.332582037660622022e-06 -6.091193070178817837e-07 3.98 0.00024042122418 1.6e-09
5.454856947156404827e-05 1.804635749829481384e+00 -3.481228231092398095e-02 1.312839711703332767e-04 -3.877147789845717481e-05 -3.188475577039359474e-07 3.98 0.00024042122418 1.6e-09
-4.796810867188692449e-05 7.352740053581348079e-01 2.325624563511231868e-02 1.106482436593145150e-04 5.710870611010924905e-05 1.998800726488147329e-06 3.98 0.00024042122418 1.6e-09
1.045839043635607212e-04 3.405391102466038156e+00 3.753521635316556249e-02 2.097429625500499316e-04 1.462661714509097357e-05 -2.880368568871232358e-07 3.98 0.00024042122418 1.6e-09
5.114842271770243413e-05 3.809617515752450778e+00 -2.192831621658408031e-03 2.312961935412656176e-04 -6.144556035917329352e-06 -4.247234975231383881e-07 3.98 0.00024042122418 1.6e-09
-4.078968468810908478e-06 1.973293140891716035e+00 -3.542317285809588184e-02 1.385735319749650720e-04 -3.588797037981374490e-05 -4.356183502712957882e-08 3.98 0.00024042122418 1.6e-09
3.210063379205039120e-05 6.232535278308065640e-01 1.314763657593906107e-02 1.164361578779587070e-04 5.617649400154936913e-05 1.491919451670559775e-06 3.98 0.00024042122418 1.6e-09
-6.855640643528276704e-05 3.323080317243166881e+00 1.674945178288217429e-02 2.054034936034224569e-04 1.592298842261570866e-05 -2.451457436464223103e-07 3.98 0.00024042122418 1.6e-09
-1.323771550864543767e-05 3.835775327793830236e+00 -1.186738119431089353e-02 2.327052984512813097e-04 -5.120457024990111527e-06 -2.716019146231644999e-07 3.98 0.00024042122418 1.6e-09
-2.094903859172612026e-05 2.126585314314662689e+00 -2.936338853439289520e-02 1.455039753787818173e-04 -3.345222393518173577e-05 5.325897564047259690e-08 3.98 0.00024042122418 1.6e-09
4.433461580805847621e-05 5.405466885963923218e-01 6.131721394596520089e-03 1.237774227947891327e-04 5.272810495427141648e-05 1.060008305614786220e-06 3.98 0.00024042122418 1.6e-09
-7.412068204651453725e-05 3.246510958974669236e+00 9.244371931461546274e-03 2.013682575738669667e-04 1.726473874919191555e-05 -1.470016616617972935e-07 3.98 0.00024042122418 1.6e-09
2.219381817258921080e-05 3.875814193789681283e+00 -7.717422205567628715e-03 2.348491962393270622e-04 -3.984424304035292887e-06 -1.591995429421575289e-07 3.98 0.00024042122418 1.6e-09
-3.187345695312949426e-05 2.314349369679527868e+00 -1.821957725362517710e-02 1.543007456067195234e-04 -3.070087317031014549e-05 1.549490201115324278e-08 3.98 0.00024042122418 1.6e-09
-4.961319332508772365e-05 4.640583218396124865e-01 1.394332575873922413e-03 1.341332914379200867e-04 4.421551177806808087e-05 8.913890718190092939e-07 3.98 0.00024042122418 1.6e-09
-7.738440866455543240e-05 3.144622935533019081e+00 1.224348813328909880e-02 1.960125589488709861e-04 1.909633216231087550e-05 -2.740316802443611427e-08 3.98 0.00024042122418 1.6e-09
7.966028695300907667e-05 3.932301632399805236e+00 4.889406072200797211e-03 2.378699779956438697e-04 -2.438140408204846915e-06 -9.789367551453643907e-08 3.98 0.00024042122418 1.6e-09
-6.228027662152509059e-05 2.574493682226223878e+00 -5.430446178289314099e-03 1.669433603535247610e-04 -2.714563806578102292e-05 -8.492080858002382486e-08 3.98 0.00024042122418 1.6e-09
2.321410123597032255e-05 4.004190450337611340e-01 -1.188402933965444557e-03 1.467903748094807025e-04 2.345330752743025914e-05 9.997227794971249903e-07 3.98 0.00024042122418 1.6e-09
6.358832956643653425e-05 2.968026687517744122e+00 1.336651193832260123e-02 1.868321837237691655e-04 2.187434796048297168e-05 1.537184440469909094e-08 3.98 0.00024042122418 1.6e-09
6.890125720893481122e-05 3.978033964121910682e+00 8.966535395789905494e-03 2.403160816567277334e-04 -3.829457233765122540e-07 -8.090590310103611705e-08 3.98 0.00024042122418 1.6e-09
3.702056485447219108e-05 2.879378200428555523e+00 -1.255916162647029675e-03 1.822809410157735191e-04 -2.311806435098657343e-05 -1.080719157747150734e-07 3.98 0.00024042122418 1.6e-09
2.635460033632629700e-05 3.878393689024803859e-01 -1.986348733839130281e-03 1.499035512275439207e-04 -1.187811351440110264e-05 9.924763404187959212e-07 3.98 0.00024042122418 1.6e-09
4.786738188179152345e-05 2.682746833410008414e+00 -2.229036471632971604e-03 1.723228269878041724e-04 2.577738859844681436e-05 -9.505614388976863495e-08 3.98 0.00024042122418 1.6e-09
-2.221096868711026087e-05 3.960421557602106901e+00 -9.538687814271556986e-03 2.393713545673883036e-04 1.845654850393642340e-06 -4.602888437199996701e-08 3.98 0.00024042122418 1.6e-09
-1.203842994746166865e-05 3.115317014591306943e+00 -1.078084255489874729e-02 1.944657527178281469e-04 -1.972604597294373786e-05 3.303900516965622646e-08 3.98 0.00024042122418 1.6e-09
6.228342406551077464e-05 4.454721829090108609e-01 -4.379679106528998659e-04 1.373247886151068397e-04 -4.059709915731782526e-05 5.894668843712838392e-07 3.98 0.00024042122418 1.6e-09
6.057491778467066984e-05 2.374116157032749364e+00 -1.890618547913851255e-02 1.571411874020497892e-04 2.997477085565712602e-05 -1.823417076766118523e-07 3.98 0.00024042122418 1.6e-09
-9.907723628289131070e-05 3.902981736578659877e+00 -2.275181933269192908e-02 2.362940002547542098e-04 3.802142759911871394e-06 5.556191072200928539e-08 3.98 0.00024042122418 1.6e-09
1.229042118843481619e-05 3.263259782078657079e+00 -1.062164467941935711e-02 2.022241998905207282e-04 -1.727541144340496383e-05 1.750197633273450696e-07 3.98 0.00024042122418 1.6e-09
2.687687397455275077e-05 5.451782782954085471e-01 4.129134660904341253e-03 1.231416194973901867e-04 -5.335362300155239437e-05 -1.391876056533297589e-07 3.98 0.00024042122418 1.6e-09
3.762161446994265852e-05 2.117310404291417036e+00 -2.471371930605302525e-02 1.450469380629686590e-04 3.372835218919131655e-05 -9.984864085556970330e-08 3.98 0.00024042122418 1.6e-09
2.001464329320580868e-05 3.850165086603467124e+00 -1.447456787005296786e-02 2.334617647690594069e-04 5.373053381394660222e-06 1.963589461432846567e-07 3.98 0.00024042122418 1.6e-09
-7.279958691851485229e-05 3.373386992064089540e+00 8.060054514934616304e-03 2.080353001103899858e-04 -1.538931346455676229e-05 2.134745785126375765e-07 3.98 0.00024042122418 1.6e-09
-2.704039362011834708e-05 6.738022962858889464e-01 1.114674362055299330e-02 1.132377212427504871e-04 -5.718422940915202112e-05 -8.889046493110983686e-07 3.98 0.00024042122418 1.6e-09
-2.767090115289580891e-05 1.892746556474695030e+00 -2.163965120825539490e-02 1.350227819971671576e-04 3.731669613029236680e-05 1.462883720454634004e-07 3.98 0.00024042122418 1.6e-09
-1.088951572074427085e-04 3.806815152345863318e+00 9.247882095350715842e-03 2.311291666166179117e-04 6.821044920902073888e-06 3.367158472752580567e-07 3.98 0.00024042122418 1.6e-09
6.703006005435779499e-05 3.480447681994877307e+00 3.744969276447466383e-02 2.136985963122641202e-04 -1.365865656368192703e-05 1.674310202186678075e-07 3.98 0.00024042122418 1.6e-09
4.393534321148338844e-05 8.523820358128424424e-01 2.038214491538588996e-02 1.079185221554876362e-04 -5.624578165345846557e-05 -1.400054483531680572e-06 3.98 0.00024042122418 1.6e-09
5.389219775621128682e-05 1.652345748811912429e+00 -1.506220325083780162e-02 1.251276063445339319e-04 4.146353457228362812e-05 4.623445282315851178e-07 3.98 0.00024042122418 1.6e-09
7.028637899741134638e-05 3.757401482604568521e+00 3.632161585484037364e-02 2.284677764178729667e-04 8.368785321930486695e-06 4.462556932892007326e-07 3.98 0.00024042122418 1.6e-09
8.114147921024276425e-05 3.592598174021173207e+00 6.638963007118335591e-02 2.196535459628040383e-04 -1.182316485518743720e-05 9.165890218725045246e-08 3.98 0.00024042122418 1.6e-09
3.964434968239772481e-06 1.105692129205276153e+00 3.157899827602721199e-02 1.089003875023409425e-04 -5.182450900155934314e-05 -1.556888575700377483e-06 3.98 0.00024042122418 1.6e-09
-2.030593615711119470e-05 1.367817285515348757e+00 -1.157812463150015118e-02 1.151814936959931924e-04 4.673445163513515041e-05 6.861123604301912309e-07 3.98 0.00024042122418 1.6e-09
-1.110111792408528304e-04 3.680604815223131432e+00 5.293108456363304626e-02 2.243511898828431396e-04 1.013797741887614144e-05 5.120109380484004203e-07 3.98 0.00024042122418 1.6e-09
6.439640263888344121e-05 3.688164689826741505e+00 8.371663558702177599e-02 2.247556991353221844e-04 -9.977314125503643731e-06 4.744319224272006875e-08 3.98 0.00024042122418 1.6e-09
1.081967694158506517e-05 1.394830673446336711e+00 4.199373818000500663e-02 1.160105238434455590e-04 -4.618658168007162395e-05 -1.444133912750915306e-06 3.98 0.00024042122418 1.6e-09
-2.517838870121690627e-05 1.079778410671564881e+00 -1.322415112010777091e-02 1.085484113786648890e-04 5.228437390581545138e-05 6.822961697670975892e-07 3.98 0.00024042122418 1.6e-09
-9.395900594510496278e-05 3.576567505322694629e+00 5.558943281050105628e-02 2.188100385350882611e-04 1.191341406812679399e-05 5.570660955472807661e-07 3.98 0.00024042122418 1.6e-09
-8.327170462212170018e-05 3.744842524829896213e+00 8.890969353896518990e-02 2.278044047700259985e-04 -8.381746620796529313e-06 5.917308975060694330e-08 3.98 0.00024042122418 1.6e-09
4.232103389680943518e-05 1.635984541675258974e+00 4.973926769540904652e-02 1.245146089451375270e-04 -4.166105749603540506e-05 -1.265193027273244343e-06 3.98 0.00024042122418 1.6e-09
2.820083273766182063e-06 8.649877994905844636e-01 -1.637101791631873082e-02 1.078673010273850554e-04 5.592929031493441817e-05 4.795328288256482188e-07 3.98 0.00024042122418 1.6e-09
3.476417718022704781e-05 3.475897047038763787e+00 5.407254705976273501e-02 2.134763927614734779e-04 1.341635655753507394e-05 6.177746566524216294e-07 3.98 0.00024042122418 1.6e-09
-1.080444910147871360e-04 3.773269800783443984e+00 9.250277060656569850e-02 2.293451858538093327e-04 -7.172107922949879745e-06 1.006001048096619141e-07 3.98 0.00024042122418 1.6e-09
-4.346194411644960009e-05 1.807895083915991519e+00 5.758555406988774550e-02 1.314541586001299152e-04 -3.856818531766667622e-05 -1.161069184081088381e-06 3.98 0.00024042122418 1.6e-09
-3.308515158900466046e-05 7.311254764588261956e-01 -1.906586093516490082e-02 1.108443799278901174e-04 5.706888058173564539e-05 2.130393897698880064e-07 3.98 0.00024042122418 1.6e-09
-5.956416328528388841e-05 3.396725257528676600e+00 5.586390675748409418e-02 2.092953493563009084e-04 1.460152842985799989e-05 7.088631897602919925e-07 3.98 0.00024042122418 1.6e-09
-4.953617329202261943e-05 3.793193473469878008e+00 1.011726387032822888e-01 2.304239613473362089e-04 -6.255283842173860819e-06 1.438327258881966805e-07 3.98 0.00024042122418 1.6e-09
4.540285871052508737e-05 1.939315661668139068e+00 6.789315440800693102e-02 1.370965146994207419e-04 -3.632619111566183392e-05 -1.152885398040155057e-06 3.98 0.00024042122418 1.6e-09
1.204158087533234038e-05 6.425629238312331459e-01 -2.124180145674657572e-02 1.151770455445254521e-04 5.648146846321750792e-05 -2.450810928227187529e-08 3.98 0.00024042122418 1.6e-09
-1.178655333329906696e-05 3.334121535026779881e+00 6.289971052310414090e-02 2.059928568784028164e-04 1.561171543887549776e-05 8.315508966969034240e-07 3.98 0.00024042122418 1.6e-09
-3.060751750439334219e-05 3.817593938460209557e+00 1.162067362072372739e-01 2.317345467351535841e-04 -5.422109565936386461e-06 1.788338801301811951e-07 3.98 0.00024042122418 1.6e-09
5.064322847953473314e-05 2.068961751131700666e+00 8.160594779996931114e-02 1.428802211195732410e-04 -3.424729778374746168e-05 -1.205454235086863488e-06 3.98 0.00024042122418 1.6e-09
3.914177362070849289e-05 5.682310307968310159e-01 -2.294519370268295611e-02 1.209461623974415675e-04 5.423134563057883440e-05 -2.518788278535320552e-07 3.98 0.00024042122418 1.6e-09
1.256156113547652833e-05 3.272351777016611507e+00 7.494476409560989205e-02 2.027314792407288553e-04 1.673496760426580114e-05 9.880274248944075660e-07 3.98 0.00024042122418 1.6e-09
4.756008493608041151e-05 3.855671331102612953e+00 1.373944090885673153e-01 2.337707553205706896e-04 -4.432933974732967408e-06 2.075953913912918357e-07 3.98 0.00024042122418 1.6e-09
-6.104154288057538741e-05 2.237620909381876189e+00 9.992528510011905452e-02 1.506698410128808952e-04 -3.172269516062072329e-05 -1.269080791460113951e-06 3.98 0.00024042122418 1.6e-09
-5.898812961186633618e-05 4.912281471504499342e-01 -2.394055528485755299e-02 1.299075914473714539e-04 4.816329130667855359e-05 -6.333937114759634808e-07 3.98 0.00024042122418 1.6e-09
1.233954430455286430e-05 3.186614479908612907e+00 9.036496881172584317e-02 1.982115245112570762e-04 1.834109976491064684e-05 1.185570985437560089e-06 3.98 0.00024042122418 1.6e-09
3.676507232775374904e-05 3.912362140376639097e+00 1.637373261697195881e-01 2.368002357606576152e-04 -3.009428575339864705e-06 2.404120522945614769e-07 3.98 0.00024042122418 1.6e-09
-7.180641706336121947e-08 2.483720521466181275e+00 1.243918762115728827e-01 1.624738965071309570e-04 -2.830080218493997155e-05 -1.288533857638253222e-06 3.98 0.00024042122418 1.6e-09
-6.172642753635446198e-05 4.169983890116106262e-01 -2.340022247353464729e-02 1.429654334676521777e-04 3.157996272650520235e-05 -1.559812135197792945e-06 3.98 0.00024042122418 1.6e-09
6.317854917696952202e-06 3.032881704600558059e+00 1.027319120342955194e-01 1.901816278779271552e-04 2.087521598741355803e-05 1.420981539025192540e-06 3.98 0.00024042122418 1.6e-09
-9.678172450453678883e-05 3.968179960889262503e+00 1.889606779037051043e-01 2.397850188566299167e-04 -1.012044341520005410e-06 2.907984127219571440e-07 3.98 0.00024042122418 1.6e-09
-2.018366710433042806e-06 2.795749279491470674e+00 1.518499019171138664e-01 1.780210555442911398e-04 -2.415553073791319407e-05 -1.223077577282699856e-06 3.98 0.00024042122418 1.6e-09
4.285986251439507437e-05 3.846394700195558958e-01 -1.977391460934724288e-02 1.506856350479806304e-04 -1.989831157036005080e-06 -3.261053819836532576e-06 3.98 0.00024042122418 1.6e-09
-4.190671989721650697e-05 2.764373065676146268e+00 9.981686368028130918e-02 1.764326981386948792e-04 2.459154099696024483e-05 1.665545274533572408e-06 3.98 0.00024042122418 1.6e-09
9.404906440071168566e-06 3.963916203058406751e+00 1.995911537721665185e-01 2.395563759496425462e-04 1.226089884514613748e-06 3.665621928486714055e-07 3.98 0.00024042122418 1.6e-09
-4.639933814667551032e-05 3.053225274154223179e+00 1.698823043760352980e-01 1.912371847587410200e-04 -2.053344192210985596e-05 -1.093912840497183999e-06 3.98 0.00024042122418 1.6e-09
2.310734508032762205e-05 4.248947988237168349e-01 -1.313778072834729388e-02 1.413635564921340935e-04 -3.426443637207265459e-05 -4.550156046614744411e-06 3.98 0.00024042122418 1.6e-09
5.004882709957361693e-05 2.452716903257210035e+00 8.889948228004843078e-02 1.609548741099080900e-04 2.875093479293727868e-05 1.949856154534400434e-06 3.98 0.00024042122418 1.6e-09
-5.637739938026650098e-05 3.908439701002787814e+00 2.041983868509640032e-01 2.365867309257664195e-04 3.232523772664097774e-06 4.610633178820576430e-07 3.98 0.00024042122418 1.6e-09
2.985701088830848630e-05 3.210208331475511656e+00 1.825668953957840512e-01 1.994422151629792633e-04 -1.796208862445328774e-05 -9.959918771397864227e-07 3.98 0.00024042122418 1.6e-09
-9.065221678389954606e-06 5.097525742479953603e-01 -5.703461051725544802e-03 1.273772375097839997e-04 -5.015954897901787630e-05 -4.996519577622259742e-06 3.98 0.00024042122418 1.6e-09
1.524734852572332490e-05 2.195888020810016883e+00 8.409408482038122079e-02 1.486922141221629990e-04 3.239857795115032746e-05 2.303042992784707742e-06 3.98 0.00024042122418 1.6e-09
3.627334389892205153e-05 3.855077571025352867e+00 2.162907868014457557e-01 2.337277984929729481e-04 4.801164581808199062e-06 5.409723359311402544e-07 3.98 0.00024042122418 1.6e-09
-7.203297246919843403e-05 3.320000822368764037e+00 1.983935756208409784e-01 2.052233078825264770e-04 -1.605727381836350682e-05 -9.788771376118496223e-07 3.98 0.00024042122418 1.6e-09
4.122239709554056497e-05 6.185683618657766836e-01 1.644155753641060374e-03 1.166693072395632083e-04 -5.608574823688960477e-05 -5.054420615304893930e-06 3.98 0.00024042122418 1.6e-09
-4.036165047518486682e-05 1.981890972322891908e+00 8.420473210420517662e-02 1.389294963253467723e-04 3.570677775263447155e-05 2.711551824976437298e-06 3.98 0.00024042122418 1.6e-09
1.643899881501259210e-05 3.814692596462244012e+00 2.324615871676726231e-01 2.315556113573786091e-04 6.188323326931809745e-06 5.920436591616159886e-07 3.98 0.00024042122418 1.6e-09
6.510438299643378100e-05 3.425929909364819892e+00 2.147279061082096596e-01 2.108132633734750632e-04 -1.435072550915429614e-05 -9.993626357489492843e-07 3.98 0.00024042122418 1.6e-09
-1.083528070743073642e-05 7.704924943908670887e-01 1.028301606894908848e-02 1.094876625805463140e-04 -5.692560063499376241e-05 -4.825502941459120000e-06 3.98 0.00024042122418 1.6e-09
8.653249801954458038e-06 1.757573110292347529e+00 8.218736107313603934e-02 1.293205832518993484e-04 3.946260834868885712e-05 3.153193308041307695e-06 3.98 0.00024042122418 1.6e-09
-4.983512283776630531e-05 3.774365729780338796e+00 2.433222155854638802e-01 2.293776748743576338e-04 7.705764899668880556e-06 6.149983874945433758e-07 3.98 0.00024042122418 1.6e-09
6.733226311673304386e-06 3.546232141839578134e+00 2.250380613160254395e-01 2.171842915047210909e-04 -1.247705517325360279e-05 -9.974612508808787105e-07 3.98 0.00024042122418 1.6e-09
3.644945138808269668e-05 1.006998758561716834e+00 2.215429454692901048e-02 1.077010525639660965e-04 -5.358673478685691395e-05 -4.268817970313517672e-06 3.98 0.00024042122418 1.6e-09
-3.774330082580128881e-05 1.475951715763081484e+00 6.995704027661114877e-02 1.186532011868091324e-04 4.453737834826172097e-05 3.595161567430812743e-06 3.98 0.00024042122418 1.6e-09
-1.238009503439524320e-05 3.708672593156021158e+00 2.376646673295439161e-01 2.258463220983459121e-04 9.509169055585848249e-06 6.144069998262156040e-07 3.98 0.00024042122418 1.6e-09
-1.046871241840015922e-04 3.663048344328675654e+00 2.206681554004368273e-01 2.234053654495930113e-04 -1.045931024755070903e-05 -9.330473868746619454e-07 3.98 0.00024042122418 1.6e-09
-1.228940122434189788e-05 1.319111620830804021e+00 3.443481287135170127e-02 1.137289077096687744e-04 -4.759366744420518672e-05 -3.495208308995376446e-06 3.98 0.00024042122418 1.6e-09
-4.905452591882293102e-05 1.154824992891703150e+00 4.794977904167857519e-02 1.097853492929896262e-04 5.068153533915631696e-05 4.013815254726918667e-06 3.98 0.00024042122418 1.6e-09
-1.038206827740238209e-04 3.602524952279938741e+00 2.153354012172910004e-01 2.201836312696327474e-04 1.146958720506464081e-05 6.076848830924902050e-07 3.98 0.00024042122418 1.6e-09
-4.874892129202862276e-05 3.736935325731558066e+00 2.021121861027639355e-01 2.273708852964853849e-04 -8.657145711725988544e-06 -8.219813087497727986e-07 3.98 0.00024042122418 1.6e-09
4.528878173099097897e-05 1.599385053507500487e+00 4.062110776616174174e-02 1.231033488970651867e-04 -4.231402156243875307e-05 -2.802280287272380814e-06 3.98 0.00024042122418 1.6e-09
-2.685860691589766477e-05 8.980621105895225664e-01 2.855781945643116188e-02 1.076018859175519667e-04 5.528695923287346942e-05 4.340072848276640047e-06 3.98 0.00024042122418 1.6e-09
-7.583456385310113814e-05 3.488636112824043067e+00 1.914612127304925471e-01 2.141459636722000391e-04 1.318950506651990633e-05 6.057796412662210096e-07 3.98 0.00024042122418 1.6e-09
-7.942200703216941555e-05 3.769966552959795436e+00 1.824346568779297018e-01 2.291624951076919178e-04 -7.287645189499895794e-06 -7.185848956044439172e-07 3.98 0.00024042122418 1.6e-09
5.898494873612017257e-05 1.792981066686139435e+00 4.195118017909453545e-02 1.308196700982162367e-04 -3.882488718504101450e-05 -2.335626903031592211e-06 3.98 0.00024042122418 1.6e-09
-4.018221555334444299e-05 7.437970399310003256e-01 1.693265307940696254e-02 1.104059440193676792e-04 5.686190966721897558e-05 4.507451355973249622e-06 3.98 0.00024042122418 1.6e-09
-1.881624179530504159e-05 3.399497385768231794e+00 1.738547732475784480e-01 2.094415303728408226e-04 1.448033549190829564e-05 6.026454191646828641e-07 3.98 0.00024042122418 1.6e-09
-4.253621961593615516e-05 3.787801867326582972e+00 1.678330523472239821e-01 2.301340113506675602e-04 -6.317411596602468271e-06 -6.447608821591521250e-07 3.98 0.00024042122418 1.6e-09
-4.445407122159806862e-05 1.926226256772427314e+00 4.189566334607187914e-02 1.365255404274820332e-04 -3.651618925350712643e-05 -2.042219632860101575e-06 3.98 0.00024042122418 1.6e-09
-1.335335983820677019e-06 6.523735220934734347e-01 1.030741901175187721e-02 1.146031677623582184e-04 5.643675346976742655e-05 4.590657031644286748e-06 3.98 0.00024042122418 1.6e-09
-3.653080390684809736e-05 3.334834516010618533e+00 1.620938792639268766e-01 2.060351531247456595e-04 1.547939660778877789e-05 5.998966555099115124e-07 3.98 0.00024042122418 1.6e-09
-4.082836500240898326e-05 3.806609586157970071e+00 1.581273077348105127e-01 2.311485428828511442e-04 -5.540514217427359406e-06 -5.932590311900680907e-07 3.98 0.00024042122418 1.6e-09
-4.758657824716633756e-05 2.040382039882485898e+00 4.227445810890785582e-02 1.415968256574757567e-04 -3.465890598042964009e-05 -1.844122106227764607e-06 3.98 0.00024042122418 1.6e-09
-1.684751133909676653e-05 5.848708356422236410e-01 5.713517973075911069e-03 1.194879456098135587e-04 5.473947598648101634e-05 4.703990680202398790e-06 3.98 0.00024042122418 1.6e-09
-3.847794032504222813e-05 3.279948861102062629e+00 1.546313475385224789e-01 2.031413405557258708e-04 1.644602371266767478e-05 6.056547423232181606e-07 3.98 0.00024042122418 1.6e-09
2.262811870255022466e-05 3.835942765537575738e+00 1.525117213319082676e-01 2.327189420571069414e-04 -4.722021679078370277e-06 -5.537483978031544178e-07 3.98 0.00024042122418 1.6e-09
-5.364026017023804983e-05 2.175618634840441601e+00 4.427281986881421993e-02 1.477825800270215052e-04 -3.260891625156024984e-05 -1.691485309947458224e-06 3.98 0.00024042122418 1.6e-09
1.436991816596263345e-05 5.182503981492067036e-01 1.324755790503834210e-03 1.263902292651034173e-04 5.074842084999531104e-05 4.946512328882434506e-06 3.98 0.00024042122418 1.6e-09
8.539680856349448615e-05 3.214276306855110121e+00 1.499250537080976109e-01 1.996766890541260713e-04 1.770890314557267204e-05 6.250008658389577712e-07 3.98 0.00024042122418 1.6e-09
6.224334476958987808e-05 3.883689680628873653e+00 1.497903498028130276e-01 2.352699320853572206e-04 -3.587629965812533643e-06 -5.197535159053224964e-07 3.98 0.00024042122418 1.6e-09
-3.267186340826119356e-05 2.374263843254630579e+00 4.834049454150717712e-02 1.571725042926638263e-04 -2.979702243422715070e-05 -1.545948449303578496e-06 3.98 0.00024042122418 1.6e-09
5.646596504823675982e-05 4.456799333677098351e-01 -3.983705959581078371e-03 1.373166096625682165e-04 4.018472690502899444e-05 5.309713272201686203e-06 3.98 0.00024042122418 1.6e-09
-3.147025811642610262e-05 3.104269255667555072e+00 1.427907432231534379e-01 1.938996299159890342e-04 1.972936538453617540e-05 6.384455434171016101e-07 3.98 0.00024042122418 1.6e-09
-2.287268518870362734e-05 3.947721098558481856e+00 1.437522530612625193e-01 2.386921989104303201e-04 -1.876067626646761120e-06 -4.867436715262125003e-07 3.98 0.00024042122418 1.6e-09
-2.944275299746239110e-05 2.663240797279620597e+00 5.098375500330291910e-02 1.713533020023134674e-04 -2.594632828009943930e-05 -1.352922342639409654e-06 3.98 0.00024042122418 1.6e-09
-2.016738607549155505e-05 3.900533779618589048e-01 -1.055691967245347106e-02 1.492731154155573252e-04 1.418742704285159967e-05 5.235616873174797967e-06 3.98 0.00024042122418 1.6e-09
1.652841081114165054e-05 2.893029623514942195e+00 1.195595310193297567e-01 1.829728526017620279e-04 2.292885916503897365e-05 5.807885141885385863e-07 3.98 0.00024042122418 1.6e-09
-2.694448270707739865e-05 3.982645781358004733e+00 1.182578879440508990e-01 2.405598209795878047e-04 3.368783540223360415e-07 -4.424091457854487529e-07 3.98 0.00024042122418 1.6e-09
8.916120725726226490e-05 2.970756850048863917e+00 4.047671431041069412e-02 1.869639365529061968e-04 -2.188192222073458870e-05 -1.053403302511849791e-06 3.98 0.00024042122418 1.6e-09
-2.111236361261070081e-05 4.006297035450516741e-01 -1.632734646732886263e-02 1.466935909808258403e-04 -2.317898314337922837e-05 3.957849516091679543e-06 3.98 0.00024042122418 1.6e-09
-5.503336013761326662e-05 2.574537336955738276e+00 8.316506356351859031e-02 1.669301376849889823e-04 2.720872435356979545e-05 4.887632119233730010e-07 3.98 0.00024042122418 1.6e-09
-2.441881716612991082e-05 3.941685564889065851e+00 8.052080342637100985e-02 2.383667247908288636e-04 2.556100584247108707e-06 -3.586640505036703386e-07 3.98 0.00024042122418 1.6e-09
1.197203358599859940e-05 3.172758318124402788e+00 2.265544662181901217e-02 1.974682435501920181e-04 -1.879784740917438308e-05 -7.297646792688898387e-07 3.98 0.00024042122418 1.6e-09
4.926163844825825187e-05 4.763759178020713358e-01 -1.798583551063962643e-02 1.320730690699886277e-04 -4.628536743988661737e-05 2.376613328449782859e-06 3.98 0.00024042122418 1.6e-09
2.012492853510102739e-05 2.278617592210576248e+00 5.769138953571513462e-02 1.525834836191907276e-04 3.128790453427735463e-05 4.821740095916563979e-07 3.98 0.00024042122418 1.6e-09
-3.839768868023978699e-05 3.878992694112282535e+00 5.977189029303811574e-02 2.350109884316383378e-04 4.336273020939129417e-06 -2.537385247027215488e-07 3.98 0.00024042122418 1.6e-09
-7.404907536821914789e-05 3.292638337627942668e+00 1.782378622357337281e-02 2.037790007979530275e-04 -1.668028173428803547e-05 -5.291655311413915648e-07 3.98 0.00024042122418 1.6e-09
-3.311307303852341685e-05 5.777553994529496251e-01 -1.657683261991270418e-02 1.199687907975167039e-04 -5.491344117553938642e-05 1.160689862854317247e-06 3.98 0.00024042122418 1.6e-09
-2.690689518924543379e-05 2.051939400786381373e+00 4.541522484827041628e-02 1.420800402775851900e-04 3.467681372610382400e-05 5.743392912451347914e-07 3.98 0.00024042122418 1.6e-09
-6.752475294187944429e-06 3.830621769870607984e+00 5.625188879987544355e-02 2.324183622661774203e-04 5.712119591978880757e-06 -1.596736910620506907e-07 3.98 0.00024042122418 1.6e-09
-8.995687678892221831e-05 3.385450892042312532e+00 2.394777755653249018e-02 2.086813029786328268e-04 -1.506454072909026086e-05 -4.436717236581489990e-07 3.98 0.00024042122418 1.6e-09
-2.870070508759983724e-05 6.976948380760330526e-01 -1.430594882054137332e-02 1.121159270889357377e-04 -5.723124441902338621e-05 3.198012591823873752e-07 3.98 0.00024042122418 1.6e-09
5.678319981979872990e-07 1.855729499372938740e+00 4.065104921322856141e-02 1.334491689821654483e-04 3.786761805544114465e-05 7.296083550271729178e-07 3.98 0.00024042122418 1.6e-09
-9.538075641500872522e-05 3.793611458936568148e+00 6.040721070696090933e-02 2.304257080793381410e-04 6.995005329523330099e-06 -9.677251351314780207e-08 3.98 0.00024042122418 1.6e-09
-6.903886628901671600e-05 3.482426167367377534e+00 3.261149812399141701e-02 2.138104638966170168e-04 -1.351125344767809046e-05 -4.214479182099187691e-07 3.98 0.00024042122418 1.6e-09
3.548565000561767292e-05 8.633253407898386911e-01 -1.247625867870994637e-02 1.078255516503190311e-04 -5.607227045761466557e-05 -1.937007159826775912e-07 3.98 0.00024042122418 1.6e-09
-3.826222490301519111e-06 1.638026365118951277e+00 3.751211349266424244e-02 1.245799049166280005e-04 4.168424822408614517e-05 8.726282333186907948e-07 3.98 0.00024042122418 1.6e-09
-3.133671877266916374e-05 3.751556304040424727e+00 6.102236730237511203e-02 2.281567736162337114e-04 8.442533615380796075e-06 -8.463970572020848826e-08 3.98 0.00024042122418 1.6e-09
-2.834549782670096494e-05 3.592221883238028379e+00 3.416905901339097051e-02 2.196367177556316722e-04 -1.177315704032367777e-05 -4.099157616119215184e-07 3.98 0.00024042122418 1.6e-09
4.605670915223895987e-05 1.107985383840389693e+00 -1.238620512652895134e-02 1.089445421407283528e-04 -5.180764192158740554e-05 -3.533310840508781618e-07 3.98 0.00024042122418 1.6e-09
1.897771928353933740e-05 1.365371836761377855e+00 3.006148359772067499e-02 1.151036221768885268e-04 4.677670448662560510e-05 8.600800419464966904e-07 3.98 0.00024042122418 1.6e-09
1.068648331754653322e-05 3.681515432289360845e+00 4.564800070247759800e-02 2.243982282914800958e-04 1.016998388231958195e-05 -1.337996819834699451e-07 3.98 0.00024042122418 1.6e-09
-1.002292593981337021e-04 3.693727540171342305e+00 1.881576712886728550e-02 2.250518320495890966e-04 -9.912317532712488133e-06 -3.530447115769977647e-07 3.98 0.00024042122418 1.6e-09
5.658040065007004964e-05 1.405742537159421435e+00 -1.621258899942625009e-02 1.163478277786306777e-04 -4.603910090342735502e-05 -1.745366099842456218e-07 3.98 0.00024042122418 1.6e-09
1.774505160434339132e-05 1.070584515996136465e+00 1.807841582225069854e-02 1.084061642983250587e-04 5.249279342191491809e-05 5.593333078819359971e-07 3.98 0.00024042122418 1.6e-09
-4.868083510637034221e-05 3.577090139014654113e+00 1.463673768854522814e-02 2.188324972116957470e-04 1.202211078814418641e-05 -2.055828451651440704e-07 3.98 0.00024042122418 1.6e-09
-3.372254224678062598e-05 3.757984947072467108e+00 -9.221165838604827858e-03 2.285038555619482909e-04 -8.235932990735641998e-06 -2.269218167582140712e-07 3.98 0.00024042122418 1.6e-09
-2.131657931168594018e-05 1.668107289965738094e+00 -2.200471690852812828e-02 1.257486299766064606e-04 -4.116285262230819515e-05 1.467162432582031276e-07 3.98 0.00024042122418 1.6e-09
-3.971258675237752185e-05 8.401420178846947806e-01 7.200596179876908587e-03 1.081270925490963061e-04 5.634190142100056840e-05 -3.212707194933248446e-08 3.98 0.00024042122418 1.6e-09
1.060074591117084929e-05 3.468349551622199378e+00 -1.573664163154848278e-02 2.130687363306032209e-04 1.368323413780659324e-05 -2.309700822692000037e-07 3.98 0.00024042122418 1.6e-09
9.117806990806840220e-05 3.792474189017903452e+00 -3.169256928451824606e-02 2.303690754838403319e-04 -6.892701773740994228e-06 -6.580742332889868548e-08 3.98 0.00024042122418 1.6e-09
1.732906598480484910e-05 1.865278603416365311e+00 -2.262680634454748707e-02 1.338628948739541808e-04 -3.769921072054316640e-05 3.775258089996128105e-07 3.98 0.00024042122418 1.6e-09
-7.987388636150902975e-06 6.924999363482542414e-01 -7.875183402102233464e-04 1.123952791820686278e-04 5.714727338330452669e-05 -8.038641741046772847e-07 3.98 0.00024042122418 1.6e-09
8.303019464777991888e-05 3.377425870440526445e+00 -3.485665317877101321e-02 2.082663607446938025e-04 1.507664900391212805e-05 -1.755496888438543371e-07 3.98 0.00024042122418 1.6e-09
4.810487785065073804e-05 3.820214274305729241e+00 -3.862327728375464231e-02 2.318663093602094387e-04 -5.775193936905085427e-06 9.092878216346053377e-08 3.98 0.00024042122418 1.6e-09
-4.325544057167631429e-05 2.030262610379967025e+00 -1.479069357314152788e-02 1.411164700644040090e-04 -3.497546711655059566e-05 4.395500738794011883e-07 3.98 0.00024042122418 1.6e-09
-3.299504758239102181e-05 5.905356621276640627e-01 -6.481579870348353617e-03 1.189105934396900057e-04 5.532727126998942293e-05 -1.603352524929753038e-06 3.98 0.00024042122418 1.6e-09
1.304651195548395715e-05 3.297989799584479798e+00 -3.984323057209201990e-02 2.040747821889167708e-04 1.642402411635713580e-05 -3.774592110969459546e-08 3.98 0.00024042122418 1.6e-09
-2.016368623066312429e-05 3.857083813843568798e+00 -2.868446387481831880e-02 2.338438086350854502e-04 -4.646252952846391213e-06 2.199258542498987340e-07 3.98 0.00024042122418 1.6e-09
5.481840341614403951e-05 2.211019992827271352e+00 1.142886719854418988e-03 1.494124693246093663e-04 -3.223048737579641980e-05 3.473389746263254062e-07 3.98 0.00024042122418 1.6e-09
-4.718473476658150930e-05 5.031290362378373349e-01 -9.699901559090520764e-03 1.282537661861978136e-04 4.964951769705243444e-05 -2.330670316127742606e-06 3.98 0.00024042122418 1.6e-09
-3.465488037746075573e-05 3.206018370728600964e+00 -3.040813013191387762e-02 1.992279753855707687e-04 1.809176578894794012e-05 1.670892125329072811e-07 3.98 0.00024042122418 1.6e-09
9.056711466770525122e-05 3.910584596023819692e+00 -3.557210237096553214e-03 2.367062301185535189e-04 -3.223571995762247163e-06 3.056875143013338384e-07 3.98 0.00024042122418 1.6e-09
-6.744239187490974207e-05 2.452286387655489897e+00 2.402443908945182949e-02 1.609394274153498562e-04 -2.882190262112430145e-05 1.548238514029198081e-07 3.98 0.00024042122418 1.6e-09
3.747152361242118371e-05 4.247399804144859070e-01 -9.504052950842332634e-03 1.413643331098284549e-04 3.457687135193420537e-05 -2.963594510182326467e-06 3.98 0.00024042122418 1.6e-09
-3.377789813171826688e-05 3.059323746039542602e+00 -1.229468156955432906e-02 1.915556784295776715e-04 2.053653658358045987e-05 3.860203550420348329e-07 3.98 0.00024042122418 1.6e-09
2.205488287032753437e-05 3.966835082443901594e+00 2.774723491241277637e-02 2.397160790430962125e-04 -1.292826406397911094e-06 3.441485437185122974e-07 3.98 0.00024042122418 1.6e-09
5.990246547562594944e-05 2.756896405003264050e+00 4.890954051608933928e-02 1.760565649872238448e-04 -2.476125560603700316e-05 -2.966568336601052402e-08 3.98 0.00024042122418 1.6e-09
5.378659102135941947e-05 3.844076204754482973e-01 -5.529871839295572716e-03 1.507783204874319611e-04 3.289272767655353200e-06 -3.477320963227685485e-06 3.98 0.00024042122418 1.6e-09
-6.726999039893817687e-05 2.808612783660208390e+00 -4.396833237359720585e-03 1.786745367385898027e-04 2.407941488715304584e-05 5.076341204127034791e-07 3.98 0.00024042122418 1.6e-09
-1.120780662245387854e-06 3.973596665262939975e+00 4.290479274564873435e-02 2.400776986233510359e-04 9.285459139561811735e-07 3.698759264246266880e-07 3.98 0.00024042122418 1.6e-09
-4.784742295913717389e-05 3.026815465982025444e+00 6.280083098764414895e-02 1.898678239633865374e-04 -2.102802146178720438e-05 -6.923733222231558911e-08 3.98 0.00024042122418 1.6e-09
-3.558122618818506788e-05 4.146174547426826340e-01 9.118008037336121537e-04 1.435744826837467500e-04 -3.049835381268863846e-05 -3.646780281313293250e-06 3.98 0.00024042122418 1.6e-09
4.155640097213001073e-05 2.498400784767468963e+00 -9.561999222215246050e-03 1.631847542653015585e-04 2.823214845160273252e-05 5.767501145225378176e-07 3.98 0.00024042122418 1.6e-09
-6.176929463410754163e-06 3.924813490814448080e+00 4.575706683138233699e-02 2.374648417137433572e-04 2.993787451361553830e-06 4.460448821265359394e-07 3.98 0.00024042122418 1.6e-09
2.330458790106593609e-05 3.200377424844634611e+00 7.224227973328317676e-02 1.989219062829347814e-04 -1.828359963930534671e-05 -1.282296431399583834e-08 3.98 0.00024042122418 1.6e-09
-1.049069164499552117e-05 4.968084411939751588e-01 8.918261693559035100e-03 1.291079082625323456e-04 -4.890734296809504317e-05 -3.724575309647042533e-06 3.98 0.00024042122418 1.6e-09
-5.536505639326959370e-05 2.227411325363268801e+00 -1.141373883849290324e-02 1.501616778671399709e-04 3.207092127336673334e-05 7.594651357012066349e-07 3.98 0.00024042122418 1.6e-09
1.760906513996327504e-05 3.870557536576157531e+00 5.994060950820051525e-02 2.345566933472311864e-04 4.667258720298845453e-06 5.670647768380689669e-07 3.98 0.00024042122418 1.6e-09
5.449640966514672339e-05 3.320327176097648270e+00 9.332979131390006788e-02 2.052347026435777822e-04 -1.624646712516857001e-05 -5.491334037635511772e-09 3.98 0.00024042122418 1.6e-09
5.432933721077610171e-05 6.090660053104792748e-01 1.861671296758107830e-02 1.173500265979060265e-04 -5.593500503595114721e-05 -3.907295311082606344e-06 3.98 0.00024042122418 1.6e-09
1.047761529363537271e-05 1.998497197345901588e+00 -6.668490865175341099e-03 1.396638432095508421e-04 3.558809056205655057e-05 1.099265176199914698e-06 3.98 0.00024042122418 1.6e-09
8.484132838986702617e-05 3.826729168770666600e+00 8.755790528680276741e-02 2.322001919630937018e-04 6.124806827532918073e-06 6.996975013048770019e-07 3.98 0.00024042122418 1.6e-09
5.228197130561809919e-05 3.430063275457905014e+00 1.248873108634353801e-01 2.110291510775321052e-04 -1.445133121170377242e-05 -6.415662663083481843e-08 3.98 0.00024042122418 1.6e-09
-5.336294397454305224e-05 7.652929539016624094e-01 3.122436749600370626e-02 1.096222432852597510e-04 -5.698614688068390498e-05 -3.973545688649542852e-06 3.98 0.00024042122418 1.6e-09
-4.396588096650631827e-05 1.764586800540042244e+00 5.047673641610955254e-04 1.296064602186255163e-04 3.949792192875017048e-05 1.554037199732115367e-06 3.98 0.00024042122418 1.6e-09
-9.067593817709163225e-05 3.782254025539876441e+00 1.201434327954906539e-01 2.298010401233502981e-04 7.674088982707915393e-06 8.220095687224057154e-07 3.98 0.00024042122418 1.6e-09
-5.969331029758336287e-06 3.547917125472442201e+00 1.591177699357910202e-01 2.172739654577336482e-04 -1.256490822736483324e-05 -1.452773602199978492e-07 3.98 0.00024042122418 1.6e-09
3.519050447316831058e-05 1.000148993970406908e+00 4.857966846057418242e-02 1.076509802069578251e-04 -5.369154500213813708e-05 -3.741715970672872613e-06 3.98 0.00024042122418 1.6e-09
4.405415595393842500e-06 1.482688685252653293e+00 3.289247118224082785e-03 1.188901711570520680e-04 4.455273679991340191e-05 2.032048105732019104e-06 3.98 0.00024042122418 1.6e-09
1.106594148471455531e-04 3.713955518074759432e+00 1.455673650036637401e-01 2.261317923366616342e-04 9.436315586190558032e-06 9.245880878297256208e-07 3.98 0.00024042122418 1.6e-09
1.870680559979626334e-05 3.658810614591748944e+00 1.859894344176988290e-01 2.231807375198401630e-04 -1.059098388277853645e-05 -1.987334023921801582e-07 3.98 0.00024042122418 1.6e-09
1.383336376591498462e-05 1.302103836673657256e+00 6.863022483616651459e-02 1.132593617796126908e-04 -4.786645665861199907e-05 -3.305174094551519216e-06 3.98 0.00024042122418 1.6e-09
3.957373825386434715e-05 1.169508196520569365e+00 -1.356127504088009555e-03 1.100871647772278916e-04 5.052546246005738557e-05 2.430147937708274094e-06 3.98 0.00024042122418 1.6e-09
8.732813358057135613e-05 3.609750360453655382e+00 1.573868347606425799e-01 2.205712993138711324e-04 1.132965606624648130e-05 1.014159411213334993e-06 3.98 0.00024042122418 1.6e-09
-6.280269000426855165e-05 3.730095046860288477e+00 2.005696055828709023e-01 2.270059250245040020e-04 -8.811470764906509563e-06 -2.098562434392119193e-07 3.98 0.00024042122418 1.6e-09
-3.034735348541595237e-05 1.575840206683859268e+00 8.465522146931464542e-02 1.222329237141563574e-04 -4.265542169696126957e-05 -2.920670372241331902e-06 3.98 0.00024042122418 1.6e-09
3.693716263845041184e-05 9.160821280729236626e-01 -7.708689495903732480e-03 1.075356211451128358e-04 5.512898962821537874e-05 2.715066494149406725e-06 3.98 0.00024042122418 1.6e-09
8.167222706442402592e-05 3.498521875570427042e+00 1.627338990065063939e-01 2.146711015924493155e-04 1.300896760300208094e-05 1.099353117247046779e-06 3.98 0.00024042122418 1.6e-09
-5.024215466529402465e-05 3.763861053335301410e+00 2.091788078056457389e-01 2.288346967824173256e-04 -7.444458680327027220e-06 -2.085921122968067259e-07 3.98 0.00024042122418 1.6e-09
-6.109181339713981921e-05 1.770872702423574196e+00 9.530619496768258370e-02 1.299086902569564954e-04 -3.910992558782241848e-05 -2.695628731394582047e-06 3.98 0.00024042122418 1.6e-09
9.420960347295411565e-06 7.582347253991958969e-01 -1.161650446806770064e-02 1.099453282120654548e-04 5.691648215301915861e-05 2.953727211573280701e-06 3.98 0.00024042122418 1.6e-09
-4.065570429584541536e-05 3.409201304175715652e+00 1.688247169145331572e-01 2.099526858245832797e-04 1.431333158322442618e-05 1.176324386207303283e-06 3.98 0.00024042122418 1.6e-09
-1.131938937415594642e-04 3.783304835398473287e+00 2.175860822683180484e-01 2.298912335877220799e-04 -6.436039435942445161e-06 -2.192280237205204902e-07 3.98 0.00024042122418 1.6e-09
-2.827978586597857942e-05 1.910460318824124482e+00 1.030837480330102918e-01 1.358369624517615903e-04 -3.668975072829571847e-05 -2.588974334485869507e-06 3.98 0.00024042122418 1.6e-09
-2.215380405180795588e-05 6.608283639483498728e-01 -1.356530151445423452e-02 1.140884130032088716e-04 5.667335702132623055e-05 3.231532192145678010e-06 3.98 0.00024042122418 1.6e-09
8.141016161857688761e-05 3.341819788496000143e+00 1.769106177669330093e-01 2.064005766165162017e-04 1.534661472483394819e-05 1.244004124324244636e-06 3.98 0.00024042122418 1.6e-09
-3.040837596897233555e-05 3.804421083753008581e+00 2.268909797280387330e-01 2.310282532382861736e-04 -5.603468085809727039e-06 -2.415848250599068845e-07 3.98 0.00024042122418 1.6e-09
-4.028760276730741015e-05 2.035289297260315600e+00 1.101838368595020046e-01 1.413623846456125814e-04 -3.465473527532636662e-05 -2.525725132618643135e-06 3.98 0.00024042122418 1.6e-09
-3.212826192832175256e-06 5.863700785775812774e-01 -1.492810776035294676e-02 1.193228260606688228e-04 5.492386512451932052e-05 3.559079367336377275e-06 3.98 0.00024042122418 1.6e-09
-5.859006514064972357e-05 3.281802084852037282e+00 1.857113931905431392e-01 2.032333141904736433e-04 1.640979688084209359e-05 1.310093528262574907e-06 3.98 0.00024042122418 1.6e-09
2.939976563933684352e-05 3.837447108726415035e+00 2.367149298909793920e-01 2.327953504459332552e-04 -4.688577225048895995e-06 -2.628058713844265511e-07 3.98 0.00024042122418 1.6e-09
2.254177195798023875e-05 2.187173047836787454e+00 1.187486982677527086e-01 1.483119601778274755e-04 -3.236193283961774994e-05 -2.439699330699317198e-06 3.98 0.00024042122418 1.6e-09
-2.245582569451222839e-05 5.122457677639439266e-01 -1.691465426464033167e-02 1.270916477174637504e-04 5.033893834646029812e-05 3.845138011866640665e-06 3.98 0.00024042122418 1.6e-09
6.502568702369075355e-05 3.206934851733566294e+00 1.925828084098900606e-01 1.992841233605148758e-04 1.782612157965091001e-05 1.388184071218461051e-06 3.98 0.00024042122418 1.6e-09
-1.046814790888604576e-04 3.889951851706341834e+00 2.458576086434093311e-01 2.356005552081163871e-04 -3.402155597112615130e-06 -2.637929912645264891e-07 3.98 0.00024042122418 1.6e-09
-2.464427148130309537e-05 2.409181391727241106e+00 1.307612414356585373e-01 1.588508946405586147e-04 -2.923516368302233004e-05 -2.274071441322006371e-06 3.98 0.00024042122418 1.6e-09
-6.853157826736039945e-05 4.352775808905419153e-01 -2.024428832302632361e-02 1.392226784621102128e-04 3.765863682072366080e-05 3.731172481683559796e-06 3.98 0.00024042122418 1.6e-09
-2.309696823519946543e-05 3.078845828365653681e+00 1.908845852685702449e-01 1.925704490428645861e-04 2.008004823301993150e-05 1.485858082337106642e-06 3.98 0.00024042122418 1.6e-09
1.332320577390952307e-05 3.953504277037427350e+00 2.488103864310972635e-01 2.389977069509072270e-04 -1.551781236763716907e-06 -2.243136534591707287e-07 3.98 0.00024042122418 1.6e-09
-5.007207992042971462e-05 2.715087156768849930e+00 1.440587315725146700e-01 1.739489580299582029e-04 -2.517810368372074318e-05 -1.994035843440232234e-06 3.98 0.00024042122418 1.6e-09
8.608148934599993733e-06 3.862389613440021519e-01 -2.389604883872670227e-02 1.502361525016607572e-04 8.000119721015037938e-06 2.376290825851177989e-06 3.98 0.00024042122418 1.6e-09
2.011788951563837007e-05 2.840539108819576164e+00 1.700984063565118276e-01 1.802947030306521184e-04 2.353135645787764857e-05 1.599274274364275141e-06 3.98 0.00024042122418 1.6e-09
-1.470563301844259800e-05 3.972210428234144608e+00 2.348715140806757473e-01 2.399986005245092178e-04 7.014724336954348338e-07 -1.403687310897667069e-07 3.98 0.00024042122418 1.6e-09
-7.462957392733005177e-05 3.004052353346688076e+00 1.475500142937990755e-01 1.886860556522572461e-04 -2.127600456552461539e-05 -1.649837594308913620e-06 3.98 0.00024042122418 1.6e-09
-3.968356914048974779e-06 4.093388440159019259e-01 -2.469067467597686749e-02 1.446953376022861023e-04 -2.793860892792148919e-05 1.572193993966498240e-07 3.98 0.00024042122418 1.6e-09
1.860477357788633900e-05 2.521621878899167335e+00 1.402349744505914098e-01 1.643256300521725942e-04 2.778341755861571014e-05 1.769629633787789124e-06 3.98 0.00024042122418 1.6e-09
3.859472273137058322e-05 3.922480074781120596e+00 2.148280261113900969e-01 2.373379125754168802e-04 2.819843419904677501e-06 -3.625213823551983730e-08 3.98 0.00024042122418 1.6e-09
8.466626963801233583e-05 3.181902652653646690e+00 1.443933606334386610e-01 1.979546039472481107e-04 -1.847402151242081843e-05 -1.380542762228609176e-06 3.98 0.00024042122418 1.6e-09
-1.664655810159939900e-05 4.869812986532363608e-01 -2.245293900091448192e-02 1.305159411583630151e-04 -4.764450910226293036e-05 -1.283858483393680545e-06 3.98 0.00024042122418 1.6e-09
4.421109184943921504e-05 2.248459442129188801e+00 1.209141312995750395e-01 1.511626877873321201e-04 3.158738656577710405e-05 1.994849849094989485e-06 3.98 0.00024042122418 1.6e-09
-6.349272891281126203e-05 3.864682675930513511e+00 2.059293112593602593e-01 2.342445516306543383e-04 4.474834681010138814e-06 4.135934438106073760e-08 3.98 0.00024042122418 1.6e-09
1.275901928396730391e-05 3.293187399581682939e+00 1.452603383051009334e-01 2.038123530641869287e-04 -1.651601248947884786e-05 -1.244279113890109688e-06 3.98 0.00024042122418 1.6e-09
-3.805281202171210611e-05 5.853686615574569263e-01 -1.972491645462218224e-02 1.193189710048907085e-04 -5.513272508698290763e-05 -1.964586219638297652e-06 3.98 0.00024042122418 1.6e-09
-1.270649745257711985e-06 2.036648218927702647e+00 1.115370471972724764e-01 1.413889642957136413e-04 3.479183325088923260e-05 2.241770228340275445e-06 3.98 0.00024042122418 1.6e-09
9.885417587395468116e-05 3.822653263849888461e+00 2.047442069956875998e-01 2.319892728931078956e-04 5.797073043337075586e-06 7.585662816609854474e-08 3.98 0.00024042122418 1.6e-09
8.851904229520094890e-05 3.389573596219399576e+00 1.477065560150883083e-01 2.088973513714168146e-04 -1.491599548068112345e-05 -1.186642537637588839e-06 3.98 0.00024042122418 1.6e-09
4.064099091162269112e-05 7.099851159302421610e-01 -1.752665618670929543e-02 1.115719298134625591e-04 -5.722659074551346463e-05 -2.225259188478490052e-06 3.98 0.00024042122418 1.6e-09
-3.267883289257125161e-05 1.837218195010513089e+00 1.050285152115753157e-01 1.326504280567203852e-04 3.807864358351908908e-05 2.491543047301077196e-06 3.98 0.00024042122418 1.6e-09
-2.243955763371161970e-06 3.788984323784486019e+00 2.021973586964854463e-01 2.301710133200255456e-04 7.155477602636488718e-06 6.727815974376972769e-08 3.98 0.00024042122418 1.6e-09
3.171783834191320471e-06 3.499780424625115849e+00 1.456133858656027957e-01 2.147243338543385830e-04 -1.322211575037725976e-05 -1.142694769263108827e-06 3.98 0.00024042122418 1.6e-09
-5.255388301412460499e-05 9.007787289462905189e-01 -1.564271818831119293e-02 1.075333680424925482e-04 -5.550208080495709758e-05 -2.179690810857664884e-06 3.98 0.00024042122418 1.6e-09
3.931231574066786983e-06 1.593616908045016656e+00 9.314308169074500543e-02 1.228730031837148892e-04 4.239322437059008571e-05 2.707888951760409631e-06 3.98 0.00024042122418 1.6e-09
-2.628389365271432775e-05 3.742693677505648520e+00 1.863147321127087697e-01 2.276713289918887270e-04 8.799665497775890113e-06 1.093671423097660582e-08 3.98 0.00024042122418 1.6e-09
1.019503045289809826e-04 3.625012130786546827e+00 1.296138438340364019e-01 2.213748802256992258e-04 -1.127129247610713972e-05 -1.058074231031283990e-06 3.98 0.00024042122418 1.6e-09
-4.891426901030799330e-05 1.192052880818818217e+00 -1.529409206650235616e-02 1.105276633674019514e-04 -5.018143826820581783e-05 -1.807225847973738158e-06 3.98 0.00024042122418 1.6e-09
4.667147704765403876e-05 1.279651353815337789e+00 7.037970103089746798e-02 1.126528873923342072e-04 4.832753966531022876e-05 2.825575494175714378e-06 3.98 0.00024042122418 1.6e-09
-6.432648841274386320e-05 3.655143032566623429e+00 1.479273832281993717e-01 2.229822015323733233e-04 1.076050050603798400e-05 -8.593976534830278858e-08 3.98 0.00024042122418 1.6e-09
1.722097461985927204e-05 3.726458617612282254e+00 9.309665549402039442e-02 2.267988031503749883e-04 -9.277279091222882909e-06 -9.021601344768575623e-07 3.98 0.00024042122418 1.6e-09
3.014359027570965107e-05 1.514931666713810188e+00 -2.032375406544226562e-02 1.200016394211350911e-04 -4.400923271957142893e-05 -1.206186319317474742e-06 3.98 0.00024042122418 1.6e-09
1.903023480511085996e-05 9.716023478286159865e-01 4.508996815001180269e-02 1.075313774091629063e-04 5.419691978644983871e-05 2.807625918624177538e-06 3.98 0.00024042122418 1.6e-09
2.379894971512592345e-05 3.533777632134784241e+00 1.008467231769293870e-01 2.165301862354978776e-04 1.272018869327537396e-05 -1.712875933246259570e-07 3.98 0.00024042122418 1.6e-09
1.050488836790289867e-04 3.777764417740094416e+00 5.147296478492029148e-02 2.295675465737069684e-04 -7.626951010211596398e-06 -7.070354247380123233e-07 3.98 0.00024042122418 1.6e-09
5.057220157900052429e-05 1.762878358923065214e+00 -2.728718812292286675e-02 1.295501295898852684e-04 -3.950077514946424015e-05 -6.662420544696167201e-07 3.98 0.00024042122418 1.6e-09
3.266513634667323656e-05 7.662888751308456481e-01 2.740549369724907050e-02 1.096738740265099722e-04 5.692227799023691728e-05 2.566937390258102206e-06 3.98 0.00024042122418 1.6e-09
4.025586257746320540e-05 3.423965699082891501e+00 6.353662699976833639e-02 2.107239111928097442e-04 1.433049689036905204e-05 -2.071134057915113899e-07 3.98 0.00024042122418 1.6e-09
6.064062564374533653e-06 3.802648801144941970e+00 2.227682773553313691e-02 2.309209160851165830e-04 -6.383757624005893013e-06 -5.245716331747034431e-07 3.98 0.00024042122418 1.6e-09
2.918776477445633201e-05 1.936045688173050339e+00 -2.949016893732020472e-02 1.369324505878863753e-04 -3.649948972167283849e-05 -3.290260282520107446e-07 3.98 0.00024042122418 1.6e-09
-1.069759105979751682e-06 6.461176401262591629e-01 1.629650364374002694e-02 1.149335349418706994e-04 5.657229780187209028e-05 2.147902263103284722e-06 3.98 0.00024042122418 1.6e-09
6.773997493106461343e-05 3.340124648437185595e+00 3.960149857233553894e-02 2.063043291094834354e-04 1.560599874413957309e-05 -1.865829437706637178e-07 3.98 0.00024042122418 1.6e-09
3.115580688205948809e-05 3.825658499616721109e+00 8.112725250212848155e-03 2.321635003405549775e-04 -5.390951137347351083e-06 -3.716433166578198385e-07 3.98 0.00024042122418 1.6e-09
8.637985185106927821e-06 2.081581748252880004e+00 -2.573632443440407661e-02 1.434465482464674117e-04 -3.413663446640595380e-05 -1.712876729771582974e-07 3.98 0.00024042122418 1.6e-09
-2.518904800794921129e-05 5.628416642374926004e-01 8.672132580851511785e-03 1.214745592328036973e-04 5.400545965029324603e-05 1.746017470840282883e-06 3.98 0.00024042122418 1.6e-09
8.432700370070829942e-05 3.268054882511579606e+00 2.802798846603429123e-02 2.025064371569548164e-04 1.683736120707610541e-05 -1.144622212486391668e-07 3.98 0.00024042122418 1.6e-09
-5.561160305273321131e-05 3.860075955589120866e+00 7.054516962515095663e-03 2.340080522615598933e-04 -4.353456690978944066e-06 -2.539634961536035570e-07 3.98 0.00024042122418 1.6e-09
3.819871138105967979e-05 2.248826417780854570e+00 -1.707680914312875720e-02 1.511971914054396709e-04 -3.163266767561136395e-05 -1.494885078814747704e-07 3.98 0.00024042122418 1.6e-09
-2.276931626586401074e-05 4.876912846489988018e-01 3.150456674994030117e-03 1.304750807833637361e-04 4.773924704930746887e-05 1.559375130165863921e-06 3.98 0.00024042122418 1.6e-09
