-8.728439720128894938e-05 2.940815465194190459e+00 -3.295622952966332966e-05 1.854268609390598266e-04 -2.235249702160519315e-05 -6.364704139654527179e-10 3.99 0.00024095905774 1.6e-09
-7.637104990249873665e-06 3.945809338109497744e-01 -6.723757311598700746e-04 1.481937236822735262e-04 -1.934984821570526155e-05 1.804026214666344268e-07 3.99 0.00024095905774 1.6e-09
2.627864125535580688e-05 2.616651450975056026e+00 -1.470081560174970291e-02 1.690188236278816628e-04 2.672668086272787964e-05 -1.069893624444612250e-07 3.99 0.00024095905774 1.6e-09
1.965794173366177408e-05 3.957620573329255542e+00 -1.636246673746320074e-02 2.392225903308370101e-04 2.376851797789501211e-06 4.594746168843165847e-08 3.99 0.00024095905774 1.6e-09
1.558384309933501206e-05 3.174195339433683039e+00 -7.132129301593143761e-03 1.975376830454690245e-04 -1.891510425045476979e-05 1.306546375901216152e-07 3.99 0.00024095905774 1.6e-09
-5.865589930549110524e-05 4.738492841112200149e-01 2.555166032306297602e-03 1.324530658713629031e-04 -4.616481704379306913e-05 -1.540764504971961380e-07 3.99 0.00024095905774 1.6e-09
1.046582073432573908e-05 2.287703564418194890e+00 -2.634481480374537693e-02 1.529994995309919459e-04 3.128522203880029242e-05 -1.350127517132055162e-07 3.99 0.00024095905774 1.6e-09
1.657495795860740550e-05 3.894815845692764622e+00 -2.039770926626087444e-02 2.358543269720232640e-04 4.442604398859422183e-06 1.638286122462668351e-07 3.99 0.00024095905774 1.6e-09
7.125993352892785585e-05 3.327801887953696802e+00 9.173125794424722909e-04 2.056174377987324135e-04 -1.636639426879063546e-05 2.277736776068139318e-07 3.99 0.00024095905774 1.6e-09
-8.244799389637524044e-06 6.059648951683958007e-01 9.046321279220458783e-03 1.175336581492414465e-04 -5.614664978068788155e-05 -7.755436480464201250e-07 3.99 0.00024095905774 1.6e-09
2.286535801039143892e-05 2.003536556389046375e+00 -2.617035632618334301e-02 1.398769120946178647e-04 3.560127142873970041e-05 3.709604654829088362e-08 3.99 0.00024095905774 1.6e-09
-5.921303644251278892e-05 3.839248403894880202e+00 -1.845947692570694496e-03 2.328670188951263676e-04 6.240207374318285178e-06 3.095749632243539236e-07 3.99 0.00024095905774 1.6e-09
8.815378838303215110e-05 3.459102003845924145e+00 2.729800451251172821e-02 2.125600275786986948e-04 -1.420670681128317678e-05 2.143428018773157996e-07 3.99 0.00024095905774 1.6e-09
1.641480219867092006e-05 7.991930914743566872e-01 1.871673008445613046e-02 1.087551991147488704e-04 -5.695846675479462418e-05 -1.295778368971948532e-06 3.99 0.00024095905774 1.6e-09
1.115286841548883274e-05 1.719635299722604538e+00 -1.946693273229871401e-02 1.277714943395007240e-04 4.035679714562581899e-05 3.351230631030932199e-07 3.99 0.00024095905774 1.6e-09
6.605162289812123444e-05 3.782040965802493382e+00 2.631745094744718239e-02 2.297849075738462839e-04 8.059534312225332401e-06 4.340767884242440501e-07 3.99 0.00024095905774 1.6e-09
3.577234792166249092e-06 3.591714152142116312e+00 5.849544380851934289e-02 2.196012058058211566e-04 -1.203926292051398493e-05 1.426840704358548302e-07 3.99 0.00024095905774 1.6e-09
1.149254599599895313e-05 1.085472590172401830e+00 3.134944690610441675e-02 1.085712106169261766e-04 -5.228258795015779668e-05 -1.465705407644041953e-06 3.99 0.00024095905774 1.6e-09
3.442840671250030376e-05 1.389832044772236763e+00 -1.511415208454014621e-02 1.158437577488863107e-04 4.637513060893069621e-05 5.504899104553069891e-07 3.99 0.00024095905774 1.6e-09
4.855781869044267145e-05 3.694941409750968297e+00 4.492649284522527708e-02 2.251126352001147518e-04 1.008949809753255069e-05 5.102152571184150726e-07 3.99 0.00024095905774 1.6e-09
1.199690667217895003e-05 3.704421048726908250e+00 7.827748200515546873e-02 2.256198673972220105e-04 -9.895539531543254632e-06 9.602207575162158633e-08 3.99 0.00024095905774 1.6e-09
-3.596976415212816487e-05 1.423524445061113308e+00 4.356924891827206048e-02 1.169105555160661347e-04 -4.570631181518437617e-05 -1.336009797355647391e-06 3.99 0.00024095905774 1.6e-09
-1.462227541767382893e-05 1.053489534836622665e+00 -1.665212666894563126e-02 1.081884950638286512e-04 5.284830010984492685e-05 4.791694717265343665e-07 3.99 0.00024095905774 1.6e-09
5.922386056185305889e-05 3.572930993570181624e+00 4.743241509468013040e-02 2.186116574205208656e-04 1.216780664691363299e-05 5.645185994210523244e-07 3.99 0.00024095905774 1.6e-09
1.064611700935573041e-04 3.770473760222294857e+00 8.421606416101526382e-02 2.291739844388866331e-04 -8.047881908989330747e-06 1.153405792316519257e-07 3.99 0.00024095905774 1.6e-09
-5.947368763829648074e-05 1.708359100029438693e+00 5.295126599292510061e-02 1.273413472845636276e-04 -4.044820798873811961e-05 -1.136484762492258953e-06 3.99 0.00024095905774 1.6e-09
1.325699035008815095e-05 8.070118212248142964e-01 -1.966197608900543264e-02 1.086803791022929568e-04 5.672715407624122764e-05 1.402300935628024116e-07 3.99 0.00024095905774 1.6e-09
6.339031731068386021e-05 3.453107500224811055e+00 4.646765870760931338e-02 2.122611931656242764e-04 1.400552120033008601e-05 6.481519060518266861e-07 3.99 0.00024095905774 1.6e-09
-4.464789677886338900e-05 3.808667619768011825e+00 9.025422828937973430e-02 2.312392763980697147e-04 -6.548738266973185143e-06 1.696837815958824628e-07 3.99 0.00024095905774 1.6e-09
-2.149759928281226262e-05 1.927370049490450210e+00 6.395855737853339829e-02 1.365444430758593129e-04 -3.667300241949139833e-05 -1.028629981450237402e-06 3.99 0.00024095905774 1.6e-09
-2.825900829264977167e-05 6.506994412926363491e-01 -2.198097071054740115e-02 1.145842591124943588e-04 5.681177167835211369e-05 -3.200041645261598970e-07 3.99 0.00024095905774 1.6e-09
8.067275437661480786e-05 3.351880819957441027e+00 5.126098004353905890e-02 2.069121297271277085e-04 1.563141762542014004e-05 7.838600093576353218e-07 3.99 0.00024095905774 1.6e-09
-9.157484430121321341e-05 3.847414421936425022e+00 1.048733452832691510e-01 2.333234698677243341e-04 -5.208844639174825735e-06 2.266647564119315908e-07 3.99 0.00024095905774 1.6e-09
-6.454348443715066748e-05 2.134535564866347102e+00 8.042620592093661924e-02 1.458566093357577752e-04 -3.337948599719251560e-05 -1.019020915663995122e-06 3.99 0.00024095905774 1.6e-09
4.438513617539206453e-05 5.361956736903960019e-01 -2.332810806175121543e-02 1.241562442567817066e-04 5.257456722252294083e-05 -8.853683128301633970e-07 3.99 0.00024095905774 1.6e-09
8.750653818586506686e-05 3.250131331021997916e+00 6.346570036114401736e-02 2.015421121283552416e-04 1.742636401361936270e-05 9.782447255776524793e-07 3.99 0.00024095905774 1.6e-09
2.967070102899269410e-05 3.903018096825344507e+00 1.293169145765057371e-01 2.363008983330510109e-04 -3.671342433828768359e-06 2.791695213931174014e-07 3.99 0.00024095905774 1.6e-09
4.390491999552905019e-06 2.392276253888931947e+00 1.044179678162824865e-01 1.580252482194956904e-04 -2.965315346387696748e-05 -1.042758934307553321e-06 3.99 0.00024095905774 1.6e-09
-5.782017711706393390e-05 4.397898232454708900e-01 -2.286406696306502589e-02 1.383204836052723003e-04 3.910907426942713015e-05 -1.826253585447798228e-06 3.99 0.00024095905774 1.6e-09
-1.700300649054483628e-05 3.101712212664444301e+00 7.877375110267020863e-02 1.937552686669095111e-04 1.995311969654938800e-05 1.226230175261967904e-06 3.99 0.00024095905774 1.6e-09
-8.755519580596761550e-05 3.968068231937820656e+00 1.589425599721260296e-01 2.397820116609564504e-04 -1.609760394645847941e-06 3.349661790604652855e-07 3.99 0.00024095905774 1.6e-09
1.232576426973669811e-05 2.724645200334381734e+00 1.346909512435170431e-01 1.744268339300194810e-04 -2.518772358855567210e-05 -1.024889345436075346e-06 3.99 0.00024095905774 1.6e-09
-6.359375123873106607e-05 3.855330402157417513e-01 -1.890293904666772232e-02 1.504214423139207078e-04 6.962703578687746191e-06 -3.484559765043768003e-06 3.99 0.00024095905774 1.6e-09
-6.720897174080213443e-05 2.839682734670464725e+00 8.229292815556665808e-02 1.802501161459037302e-04 2.368199257645111765e-05 1.480798504242763823e-06 3.99 0.00024095905774 1.6e-09
2.205941021242923761e-05 3.981936730697911209e+00 1.768140397403290265e-01 2.405240617799727016e-04 7.906611982125762245e-07 4.065400871810814405e-07 3.99 0.00024095905774 1.6e-09
2.074892572982514491e-05 3.026753511494750803e+00 1.579477139146652220e-01 1.898584809921831460e-04 -2.105794741361047311e-05 -9.301212745906914315e-07 3.99 0.00024095905774 1.6e-09
-1.236292795582221712e-05 4.150117843896408143e-01 -1.110742209837867547e-02 1.434367084313835296e-04 -3.063802693356211114e-05 -4.866966120946794025e-06 3.99 0.00024095905774 1.6e-09
8.014911809128029278e-05 2.498081172162859964e+00 7.244837564938660934e-02 1.631663219043865451e-04 2.822593203922449433e-05 1.758022946806027190e-06 3.99 0.00024095905774 1.6e-09
1.148376546965096233e-04 3.927657082634880226e+00 1.831457300568443136e-01 2.376163194183722417e-04 3.056753805247915675e-06 5.091839978435648810e-07 3.99 0.00024095905774 1.6e-09
4.107741890414790117e-08 3.217151530777883295e+00 1.730608548427063076e-01 1.997972058822773027e-04 -1.803859348122683874e-05 -8.245404149190952975e-07 3.99 0.00024095905774 1.6e-09
-1.834356943160076297e-05 5.097011512834137559e-01 -1.493481208686128336e-03 1.273331508654492383e-04 -5.029067131479277817e-05 -5.268859559159154963e-06 3.99 0.00024095905774 1.6e-09
3.762328076967805100e-05 2.197379241280605910e+00 6.697200508663331275e-02 1.487492640604311765e-04 3.249621589008447765e-05 2.132286339434316989e-06 3.99 0.00024095905774 1.6e-09
-9.409890380242696181e-05 3.867969962032192122e+00 1.973622573746466602e-01 2.344142730773381492e-04 4.943724881577644850e-06 6.147031272186001780e-07 3.99 0.00024095905774 1.6e-09
-7.414600087700700846e-05 3.353315738976699656e+00 1.930009832959548588e-01 2.069698725008464095e-04 -1.574106339355363474e-05 -7.941459991874078851e-07 3.99 0.00024095905774 1.6e-09
-5.041703985593369342e-06 6.500863855312559725e-01 9.652774644299073545e-03 1.145399953401898894e-04 -5.677791474816544791e-05 -5.220766980579867876e-06 3.99 0.00024095905774 1.6e-09
3.705582485903932504e-05 1.931939565065937447e+00 6.595032248571609801e-02 1.367100385608679969e-04 3.664548984285636668e-05 2.603774654317913616e-06 3.99 0.00024095905774 1.6e-09
9.766436091318405558e-06 3.818686508636025323e+00 2.169591129620192516e-01 2.317594725348308730e-04 6.667930725768383081e-06 6.999261236004560047e-07 3.99 0.00024095905774 1.6e-09
-1.039582944825591160e-04 3.487164557000824061e+00 2.151058518493142724e-01 2.140469669349616140e-04 -1.359904964765895938e-05 -8.016696687425441983e-07 3.99 0.00024095905774 1.6e-09
-4.717021902087340895e-06 8.675872158647898180e-01 2.475269627382623017e-02 1.077277604079411566e-04 -5.591603643083579013e-05 -4.800037276827766235e-06 3.99 0.00024095905774 1.6e-09
-4.698478636333790610e-05 1.636762421856819305e+00 5.998516605902326493e-02 1.244971246293597269e-04 4.170850843246624146e-05 3.129194860794790527e-06 3.99 0.00024095905774 1.6e-09
-8.573765563269679715e-05 3.758075376029752057e+00 2.283870663826838565e-01 2.284918579359375619e-04 8.597861440903089772e-06 7.607028009288256993e-07 3.99 0.00024095905774 1.6e-09
6.137973609021464300e-05 3.626612148953078041e+00 2.289799805002342425e-01 2.214559692365490520e-04 -1.133941846012402919e-05 -7.773732089493083332e-07 3.99 0.00024095905774 1.6e-09
4.333719052653800953e-05 1.194281808534002121e+00 4.452580615403006065e-02 1.105596502743523194e-04 -5.003314694482752201e-05 -4.039026015503903104e-06 3.99 0.00024095905774 1.6e-09
3.422523476163261071e-05 1.279327681473431566e+00 4.198288433010215204e-02 1.126448004193018437e-04 4.835737165118119589e-05 3.658429628875792149e-06 3.99 0.00024095905774 1.6e-09
-1.667754660973695506e-06 3.653753638813471039e+00 2.212335880309468372e-01 2.229086018449946184e-04 1.076654469565944330e-05 8.094329463819544813e-07 3.99 0.00024095905774 1.6e-09
-1.317804449656439364e-05 3.730650088104301432e+00 2.266077525410125915e-01 2.270239689752752052e-04 -9.163083737101352755e-06 -6.962808820283472365e-07 3.99 0.00024095905774 1.6e-09
7.710479048043020309e-06 1.539762420890279371e+00 6.090750504384668390e-02 1.208885885065816545e-04 -4.343236262227519802e-05 -3.275077949866766003e-06 3.99 0.00024095905774 1.6e-09
3.170385736903924692e-05 9.500585546223530020e-01 2.114626097904589302e-02 1.074789138320151759e-04 5.455233437189229134e-05 4.154913015059774385e-06 3.99 0.00024095905774 1.6e-09
-6.037360430125173161e-05 3.520468455980017008e+00 2.064243182121002496e-01 2.158249073896186692e-04 1.288226017665603703e-05 8.669154799797382820e-07 3.99 0.00024095905774 1.6e-09
6.393837833746551975e-06 3.782624094178432372e+00 2.178825418758774390e-01 2.298310023884205726e-04 -7.394880330869569668e-06 -6.062179101453133463e-07 3.99 0.00024095905774 1.6e-09
-6.424345228184962143e-06 1.801696180161838079e+00 7.037934064378827126e-02 1.311611011868566638e-04 -3.872659127071544831e-05 -2.765723878370845481e-06 3.99 0.00024095905774 1.6e-09
4.487115455376124601e-06 7.376570942220076477e-01 7.622618047827274534e-03 1.105543736141776127e-04 5.703269721594476027e-05 4.551288015555918085e-06 3.99 0.00024095905774 1.6e-09
4.592604623226380627e-05 3.403813522045361140e+00 1.967174904599655050e-01 2.096564128963820559e-04 1.463934001045766190e-05 9.260889146822906846e-07 3.99 0.00024095905774 1.6e-09
-1.516352447217404113e-06 3.815458282775635368e+00 2.130547093789300073e-01 2.316075607066252207e-04 -6.000727356102915897e-06 -5.459952294094474648e-07 3.99 0.00024095905774 1.6e-09
2.006827209458379754e-05 2.003813095330300165e+00 7.728501047682206915e-02 1.399245030807520621e-04 -3.533945143366126052e-05 -2.464087669444840845e-06 3.99 0.00024095905774 1.6e-09
1.110980273390907005e-05 6.056007750559402325e-01 -3.773815118904559509e-04 1.176852015115146643e-04 5.567424951066944562e-05 4.917632988210861185e-06 3.99 0.00024095905774 1.6e-09
-7.937027027745991196e-05 3.307288493764797721e+00 1.928201748748435973e-01 2.045617960653178542e-04 1.624205113328210218e-05 9.849326480275484127e-07 3.99 0.00024095905774 1.6e-09
6.033328317057237852e-05 3.856514043168380645e+00 2.128016602549540059e-01 2.338117517934006464e-04 -4.683041502565965267e-06 -5.084078615287213612e-07 3.99 0.00024095905774 1.6e-09
4.298934270795358654e-05 2.212618044608451573e+00 8.504950074370509761e-02 1.494853603300078386e-04 -3.214033723343005160e-05 -2.244390469616854817e-06 3.99 0.00024095905774 1.6e-09
-5.336616653690917856e-05 5.026143678912970980e-01 -6.765641964658099250e-03 1.282928331902716973e-04 4.948349942241665766e-05 5.306331005010984372e-06 3.99 0.00024095905774 1.6e-09
-5.436125698094497721e-06 3.201593053530845445e+00 1.900579951489952402e-01 1.989909487044145512e-04 1.815107940520849578e-05 1.048646446630120232e-06 3.99 0.00024095905774 1.6e-09
-4.944397130674251618e-05 3.918617695980897597e+00 2.135020919273675488e-01 2.371348311248293967e-04 -3.025460418688926911e-06 -4.710512427014204446e-07 3.99 0.00024095905774 1.6e-09
7.889476781902193901e-05 2.491305440265541016e+00 9.478989261604298111e-02 1.628406900004027678e-04 -2.825016580399303506e-05 -2.003714723874500658e-06 3.99 0.00024095905774 1.6e-09
-2.558581036918610555e-05 4.162677870759401988e-01 -1.377878675565849531e-02 1.430933522493720391e-04 3.134940285864515965e-05 5.323774146982544438e-06 3.99 0.00024095905774 1.6e-09
2.447509857899385702e-05 3.029577851431272784e+00 1.765067651767166790e-01 1.900038515071578106e-04 2.099825300165503796e-05 1.096710421504981373e-06 3.99 0.00024095905774 1.6e-09
7.210367667692954769e-05 3.981707929658997003e+00 2.030083022039166074e-01 2.405106145712696745e-04 -8.138798295895669543e-07 -4.124299930409621120e-07 3.99 0.00024095905774 1.6e-09
6.940311031650592960e-05 2.838618984194384076e+00 9.938448188138565564e-02 1.801939302918347647e-04 -2.368877302517500714e-05 -1.670754454823469668e-06 3.99 0.00024095905774 1.6e-09
7.185696107038393166e-05 3.854353682510918144e-01 -2.066161051211818506e-02 1.504360135204702736e-04 -6.397364433375445646e-06 3.850791439328286689e-06 3.99 0.00024095905774 1.6e-09
-5.531593716637755011e-05 2.726514678535943759e+00 1.414443576544899273e-01 1.745163244849277180e-04 2.518427595696920478e-05 1.123167064008256092e-06 3.99 0.00024095905774 1.6e-09
-4.494425565874592517e-05 3.971626528475978191e+00 1.712643562680830622e-01 2.399707952130938546e-04 1.647392244816168255e-06 -3.178015453546483471e-07 3.99 0.00024095905774 1.6e-09
-7.136369608483976684e-05 3.110809212345099439e+00 8.899241639013845406e-02 1.942242172406522546e-04 -1.985465072932809157e-05 -1.290944478980208320e-06 3.99 0.00024095905774 1.6e-09
2.149541726362783829e-05 4.426616474191766848e-01 -2.344512378606028111e-02 1.378007396687963072e-04 -3.975714433481526428e-05 1.669826249814586837e-06 3.99 0.00024095905774 1.6e-09
-3.729599944126035761e-05 2.381862617151813133e+00 1.088268845598062140e-01 1.575132168928924481e-04 2.983783907787528847e-05 1.228665900895463068e-06 3.99 0.00024095905774 1.6e-09
8.856211908078812783e-05 3.906471590460529164e+00 1.464206715678967874e-01 2.364817624371605810e-04 3.798758337964067820e-06 -2.068541701493916130e-07 3.99 0.00024095905774 1.6e-09
-4.300538955102553026e-05 3.271552781892113515e+00 8.213057980581148221e-02 2.026591413049450116e-04 -1.717543065763593672e-05 -1.031879957568390503e-06 3.99 0.00024095905774 1.6e-09
2.990661221318453739e-05 5.519020028026815350e-01 -2.251240590657734714e-02 1.224188382869557533e-04 -5.370889240167972181e-05 1.910279479212178940e-07 3.99 0.00024095905774 1.6e-09
3.466756216319598393e-05 2.101471602957813989e+00 9.151758070672513790e-02 1.443204157256308413e-04 3.393586281550961748e-05 1.419673883761116658e-06 3.99 0.00024095905774 1.6e-09
-8.037430208582816739e-05 3.849002528508814525e+00 1.387244526294612035e-01 2.333990462367621600e-04 5.535320131337856497e-06 -1.251990479501186238e-07 3.99 0.00024095905774 1.6e-09
9.772084357461415340e-05 3.392329975184575019e+00 8.424203172321993727e-02 2.090347985642105580e-04 -1.512953153553463056e-05 -9.129699179188453719e-07 3.99 0.00024095905774 1.6e-09
2.322829224618385872e-06 6.994960261314837613e-01 -2.069438715201699086e-02 1.119890291021208203e-04 -5.732440168726042140e-05 -6.409548817610660940e-07 3.99 0.00024095905774 1.6e-09
2.840929680741868162e-06 1.852973973773363703e+00 8.228866310193143352e-02 1.333096861478871181e-04 3.795714338418873437e-05 1.651298870773928816e-06 3.99 0.00024095905774 1.6e-09
-3.195672500993929489e-05 3.803712905776667874e+00 1.362726107860445790e-01 2.309575306327453764e-04 7.166646679498847082e-06 -9.448194943928675693e-08 3.99 0.00024095905774 1.6e-09
-1.068508064379742147e-04 3.519270390419845906e+00 8.554773382279556859e-02 2.157550815836865670e-04 -1.311588622027586895e-05 -8.560494569003000744e-07 3.99 0.00024095905774 1.6e-09
1.585858468539851578e-05 9.248035745518995432e-01 -1.949638717089056256e-02 1.074393930305275968e-04 -5.520456399246824214e-05 -9.908704309902857032e-07 3.99 0.00024095905774 1.6e-09
1.176218378583408579e-05 1.566141361001079257e+00 7.065227275910462845e-02 1.218463535509176261e-04 4.302646022831695441e-05 1.833244684597422893e-06 3.99 0.00024095905774 1.6e-09
-9.685609097727174578e-05 3.745038600277242224e+00 1.217494397469017775e-01 2.277930747834434953e-04 9.058133442438587427e-06 -1.324942986552900104e-07 3.99 0.00024095905774 1.6e-09
-6.109739639334390432e-06 3.655868299183263392e+00 7.190491475650873099e-02 2.230194224206138152e-04 -1.091819119684983892e-05 -7.807500776721717448e-07 3.99 0.00024095905774 1.6e-09
8.588394110235436863e-06 1.260250980058350123e+00 -2.130592981029306998e-02 1.121346369569178815e-04 -4.891476656246419364e-05 -8.680038755150275489e-07 3.99 0.00024095905774 1.6e-09
3.488784171456726756e-06 1.211638227605410068e+00 4.993024245660530880e-02 1.109632021462304065e-04 4.978176045735314498e-05 1.837927680201339992e-06 3.99 0.00024095905774 1.6e-09
-1.574848195005192146e-05 3.638926472163137582e+00 8.374137561430208820e-02 2.221154698985761556e-04 1.123965821090643194e-05 -2.247583974894905637e-07 3.99 0.00024095905774 1.6e-09
9.588642649209188338e-06 3.757743715605455392e+00 3.624162856919727060e-02 2.284758044576268255e-04 -8.764783374544604454e-06 -6.314015032578366722e-07 3.99 0.00024095905774 1.6e-09
-9.525964594330464013e-07 1.610664988440458689e+00 -2.886054929847699582e-02 1.235041084485971369e-04 -4.230923800013854953e-05 -4.287690645922799931e-07 3.99 0.00024095905774 1.6e-09
4.953505118881465410e-05 8.887655142060635338e-01 2.889739735669941828e-02 1.076021081821286783e-04 5.569797301686107223e-05 1.642879804529256660e-06 3.99 0.00024095905774 1.6e-09
-4.239717763651906112e-05 3.501582755526736257e+00 4.130555418826173386e-02 2.148189080761685969e-04 1.340681521168780380e-05 -2.866223322142501520e-07 3.99 0.00024095905774 1.6e-09
4.054558427023280035e-05 3.809330315634917419e+00 9.001930513077556571e-04 2.312628503873801248e-04 -6.966855838474352268e-06 -4.401967071147699503e-07 3.99 0.00024095905774 1.6e-09
-1.782726794333464816e-05 1.879858598887631072e+00 -3.440879283267314626e-02 1.344639046923731839e-04 -3.757093458658994958e-05 -5.326632801950118063e-08 3.99 0.00024095905774 1.6e-09
2.666566799718651261e-05 6.832653003063451358e-01 1.503889938639827936e-02 1.127954056085992318e-04 5.717869427386748215e-05 1.274372796692379792e-06 3.99 0.00024095905774 1.6e-09
6.817654350494559081e-05 3.378686147170191667e+00 1.424210121914022686e-02 2.083227137853116070e-04 1.527739627691481939e-05 -2.662307457063151238e-07 3.99 0.00024095905774 1.6e-09
9.664452517884933422e-06 3.845542224987149815e+00 -1.533510168323585707e-02 2.332195492736044960e-04 -5.475933645301469534e-06 -2.698927115541286139e-07 3.99 0.00024095905774 1.6e-09
2.688469331817321313e-05 2.099806160073132588e+00 -3.117296879557628075e-02 1.442537987540782902e-04 -3.399182338117931896e-05 9.531573436332752262e-08 3.99 0.00024095905774 1.6e-09
3.762562818833235919e-05 5.540604793091726821e-01 6.549865592774913557e-03 1.222662060879883340e-04 5.377161889513439779e-05 9.231735713831224889e-07 3.99 0.00024095905774 1.6e-09
1.669274790911323762e-05 3.269452440927803405e+00 5.274427301220756606e-03 2.025621219314440434e-04 1.710045499129929814e-05 -1.692504246851998511e-07 3.99 0.00024095905774 1.6e-09
-7.045439991182499595e-05 3.892713207464259639e+00 -1.223381212405747105e-02 2.357511836155158039e-04 -3.968404058656069464e-06 -1.497429542826736730e-07 3.99 0.00024095905774 1.6e-09
-8.027991280528056189e-06 2.339605102222332977e+00 -2.029332894652652319e-02 1.554958154510441607e-04 -3.043968633861595676e-05 5.712635154008079440e-08 3.99 0.00024095905774 1.6e-09
-5.738998578381696416e-05 4.559619109784426860e-01 1.538082032212898225e-03 1.354499890837528855e-04 4.289395401471288145e-05 8.521059074604916857e-07 3.99 0.00024095905774 1.6e-09
6.026358773931976662e-06 3.135897263348594421e+00 9.126039344026205813e-03 1.955467240084156398e-04 1.939812861322126212e-05 -5.036382596518933244e-08 3.99 0.00024095905774 1.6e-09
-4.632563489174015473e-05 3.954857635109931824e+00 8.988170731200467983e-04 2.390782547787962764e-04 -2.083332703749523116e-06 -9.361286856292568589e-08 3.99 0.00024095905774 1.6e-09
1.194620206174933514e-05 2.647071895140431064e+00 -7.679718370790527930e-03 1.705444113210176230e-04 -2.625943765138205081e-05 -5.269016822008097537e-08 3.99 0.00024095905774 1.6e-09
-7.320902184199527710e-05 3.909748918869142553e-01 -8.596642922231241719e-04 1.490702063284016915e-04 1.616713578827162778e-05 1.045702865705415725e-06 3.99 0.00024095905774 1.6e-09
3.909230150025772758e-06 2.913249505212260448e+00 7.015253465053765403e-03 1.840104952952212542e-04 2.274245158220153737e-05 -4.813792397954838246e-08 3.99 0.00024095905774 1.6e-09
-7.330702623122322922e-05 3.990549723618424416e+00 -4.664679711590073025e-04 2.409881845000969264e-04 2.445279155459792666e-07 -8.180337478246297862e-08 3.99 0.00024095905774 1.6e-09
1.588436062453388932e-05 2.969712960789164136e+00 -7.742824108566654512e-03 1.869122254563483220e-04 -2.196395628248462199e-05 -4.423002690462584873e-08 3.99 0.00024095905774 1.6e-09
5.089448032558020404e-05 3.994156632907647775e-01 -1.374985587671974678e-03 1.470073990350403048e-04 -2.298842209151057513e-05 9.975780138396186116e-07 3.99 0.00024095905774 1.6e-09
-4.624973691246892296e-05 2.581908702023370417e+00 -1.156728938651919482e-02 1.672919854055272175e-04 2.720324608086086514e-05 -1.856206809608649859e-07 3.99 0.00024095905774 1.6e-09
8.780799813406538461e-05 3.952133126753138548e+00 -2.158877129752950763e-02 2.389281148172494988e-04 2.603811743730218094e-06 -2.773210479924617055e-08 3.99 0.00024095905774 1.6e-09
4.493154736078307590e-05 3.193606733736119807e+00 -1.749336094420004400e-02 1.985539449709546977e-04 -1.861209831635357389e-05 1.174192821568296371e-07 3.99 0.00024095905774 1.6e-09
4.382660636512362946e-05 4.856749439597006779e-01 9.981894269100424939e-04 1.306266803151574047e-04 -4.791830776601956938e-05 4.801849639409945830e-07 3.99 0.00024095905774 1.6e-09
1.145374075522384355e-05 2.255573177855144440e+00 -2.388768825787822986e-02 1.514774199702311310e-04 3.175263833981889380e-05 -2.180181126731981984e-07 3.99 0.00024095905774 1.6e-09
-4.174827399870587963e-05 3.888431325419184681e+00 -2.612824440808355492e-02 2.355114883774739212e-04 4.646307061156729026e-06 9.489273018983425943e-08 3.99 0.00024095905774 1.6e-09
2.214788091222557372e-05 3.342265990793717556e+00 -9.388274749228861515e-03 2.063811597392970951e-04 -1.612126862512273267e-05 2.180597892633682561e-07 3.99 0.00024095905774 1.6e-09
-5.032444425827053291e-05 6.231979675580973099e-01 6.747050560563714466e-03 1.162688860263469420e-04 -5.658339621069567813e-05 -2.860698698533691454e-07 3.99 0.00024095905774 1.6e-09
4.291625086654545331e-05 1.974072898450500713e+00 -2.379737001100389396e-02 1.385675993720906726e-04 3.606888001367962427e-05 -5.126196606573369586e-08 3.99 0.00024095905774 1.6e-09
-2.846940617407493898e-05 3.833136013424466526e+00 -8.089731577403391771e-03 2.325384506783842757e-04 6.422696394515249065e-06 2.377067641539197995e-07 3.99 0.00024095905774 1.6e-09
5.787421042859979919e-05 3.472000489099417386e+00 1.633897193697330177e-02 2.132441580157169866e-04 -1.398914638901561258e-05 2.039728492446073434e-07 3.99 0.00024095905774 1.6e-09
-5.802477156870042242e-06 8.230746309488846668e-01 1.538126187038228732e-02 1.083085814587406875e-04 -5.670625923625418978e-05 -8.900319017714943871e-07 3.99 0.00024095905774 1.6e-09
-6.945364019050158383e-06 1.689223292030744172e+00 -1.752297546498454706e-02 1.265583687097708891e-04 4.088765500432020187e-05 2.198718662355310258e-07 3.99 0.00024095905774 1.6e-09
4.851857056475040628e-05 3.774725622741588182e+00 1.778522954357804331e-02 2.293920730474954903e-04 8.247339467688448816e-06 3.511470931737603463e-07 3.99 0.00024095905774 1.6e-09
-1.055949559489761523e-04 3.603030994085492988e+00 4.488572982509800302e-02 2.202049072894618703e-04 -1.183020886408086010e-05 1.359489384149672728e-07 3.99 0.00024095905774 1.6e-09
4.688131237616071219e-05 1.115088114289005894e+00 2.617617332749070866e-02 1.090352690538674851e-04 -5.172514300644929678e-05 -1.112173059727407667e-06 3.99 0.00024095905774 1.6e-09
2.350785442778326981e-05 1.358547858849010970e+00 -1.395008410305062681e-02 1.148898413042988677e-04 4.697118851126813388e-05 3.703076572545052462e-07 3.99 0.00024095905774 1.6e-09
7.577155737356054438e-05 3.685083529612128928e+00 3.216803571089909414e-02 2.245861952376393227e-04 1.027511887484453733e-05 4.105564350674499517e-07 3.99 0.00024095905774 1.6e-09
-1.968929024246341222e-05 3.711909711350835472e+00 6.020482185152505050e-02 2.260219903559760159e-04 -9.719623777177232579e-06 9.974918579586713935e-08 3.99 0.00024095905774 1.6e-09
1.444674415586872491e-05 1.450436431069033416e+00 3.573076821898239080e-02 1.177954733309861067e-04 -4.521301494697436529e-05 -1.012658219916131580e-06 3.99 0.00024095905774 1.6e-09
-2.518703247128583397e-05 1.028671669045996051e+00 -1.586733442546864672e-02 1.079226083785814140e-04 5.331491658865358726e-05 2.031794809636816825e-07 3.99 0.00024095905774 1.6e-09
9.438202266573696847e-05 3.562727991039742026e+00 3.069265202080755789e-02 2.180697846319711464e-04 1.233496128473162578e-05 4.507833258855048214e-07 3.99 0.00024095905774 1.6e-09
-5.781723525476834902e-05 3.775056314271520996e+00 6.234890058186273037e-02 2.294215486621794620e-04 -7.897762359370982162e-06 1.330724484355621284e-07 3.99 0.00024095905774 1.6e-09
-1.061931268318640196e-05 1.729312800124627625e+00 4.309819803180355013e-02 1.281842140697591974e-04 -4.009656276865055220e-05 -8.296580072972752149e-07 3.99 0.00024095905774 1.6e-09
-7.742106727940163696e-06 7.908515613541341471e-01 -1.894513765474534900e-02 1.090212662705117958e-04 5.688946298770754972e-05 -2.405325629077557069e-07 3.99 0.00024095905774 1.6e-09
8.158225459854705761e-05 3.444529350543953594e+00 2.728747285917734050e-02 2.118069811525023815e-04 1.415520672236233787e-05 5.289935958112190098e-07 3.99 0.00024095905774 1.6e-09
-5.805551230391318485e-05 3.813196943564522101e+00 6.662431686457920277e-02 2.314827794365728240e-04 -6.423135085036394114e-06 2.012888309566130062e-07 3.99 0.00024095905774 1.6e-09
3.751345736984789851e-05 1.947060355922823671e+00 5.352111207276924465e-02 1.374051420233191067e-04 -3.637271065832210315e-05 -7.377173986297293466e-07 3.99 0.00024095905774 1.6e-09
1.739955543935794687e-05 6.386391838489573480e-01 -2.130693445936258576e-02 1.153302792875543416e-04 5.662548670650487234e-05 -8.091175396382732085e-07 3.99 0.00024095905774 1.6e-09
7.573533766418067976e-05 3.343567007212141284e+00 3.111136564217354197e-02 2.064719880978550652e-04 1.579773635947892750e-05 6.692366200049908741e-07 3.99 0.00024095905774 1.6e-09
6.228140902958370412e-06 3.853846096605767713e+00 8.136755227814918001e-02 2.336677668626292357e-04 -5.070215603313008452e-06 2.703021524039048579e-07 3.99 0.00024095905774 1.6e-09
-5.297012844103059372e-05 2.159430562881933469e+00 7.055334652196024181e-02 1.470050263821096514e-04 -3.302668027332298891e-05 -7.507989537922129618e-07 3.99 0.00024095905774 1.6e-09
-2.720386093092133135e-05 5.248865863321018344e-01 -2.246902700643481354e-02 1.254510575865987946e-04 5.174310859009791466e-05 -1.490244002695648990e-06 3.99 0.00024095905774 1.6e-09
6.229052446169033256e-05 3.238287325933883132e+00 4.386428208213857816e-02 2.009168953762083829e-04 1.766382930752907868e-05 8.759646449295152437e-07 3.99 0.00024095905774 1.6e-09
-7.519823476719940836e-05 3.911878668447780871e+00 1.075691143984732201e-01 2.367752186731079370e-04 -3.462277848038737338e-06 3.300673431364913527e-07 3.99 0.00024095905774 1.6e-09
-1.776287149526258302e-05 2.427532919051839322e+00 9.580874116142501506e-02 1.597308441217003988e-04 -2.918554119295475505e-05 -8.072820027115940957e-07 3.99 0.00024095905774 1.6e-09
3.334207987128644452e-06 4.305317582655466269e-01 -2.128886347755619413e-02 1.401265427547331857e-04 3.649462952017314528e-05 -2.530621045021164353e-06 3.99 0.00024095905774 1.6e-09
-3.708958223563028379e-05 3.079262017588778821e+00 6.055701242765318404e-02 1.925851357766026077e-04 2.032090181233209104e-05 1.133943612894278408e-06 3.99 0.00024095905774 1.6e-09
-8.104482668278069368e-06 3.974848938026227518e+00 1.392045137483494677e-01 2.401453546931381811e-04 -1.347842440018389338e-06 3.852147106171779894e-07 3.99 0.00024095905774 1.6e-09
-6.899376885276591270e-06 2.764607582349637660e+00 1.267588783506208572e-01 1.764421547784021335e-04 -2.467596075054201963e-05 -8.274491231555397166e-07 3.99 0.00024095905774 1.6e-09
-5.829072004824914694e-05 3.843689149750305623e-01 -1.615297208275095694e-02 1.507371749529183807e-04 2.260936098543913844e-06 -4.109629958577011596e-06 3.99 0.00024095905774 1.6e-09
-4.367983474784078242e-05 2.802216829913954932e+00 6.455544597498807935e-02 1.783464000106542826e-04 2.419315330366764958e-05 1.379410360251448266e-06 3.99 0.00024095905774 1.6e-09
1.392815595845352136e-05 3.978765560171703797e+00 1.571091479138128633e-01 2.403546806283605260e-04 1.066276117572358095e-06 4.524397054177522378e-07 3.99 0.00024095905774 1.6e-09
-4.926620069755597854e-05 3.053765889967611002e+00 1.488804341766707118e-01 1.912600657717901495e-04 -2.066682318445246244e-05 -7.609155255024673359e-07 3.99 0.00024095905774 1.6e-09
-6.081967569573868158e-05 4.231531005814099244e-01 -7.530785695957831205e-03 1.417048018029608693e-04 -3.378365426584413716e-05 -5.147696129674320922e-06 3.99 0.00024095905774 1.6e-09
-5.178059167604154452e-05 2.461574371275908835e+00 5.657713236288925557e-02 1.613791451070215738e-04 2.875138848431181386e-05 1.644769112443028816e-06 3.99 0.00024095905774 1.6e-09
-1.165168494911946395e-05 3.921482294920360268e+00 1.651442788022879915e-01 2.372855268679375184e-04 3.295720811764933701e-06 5.542887467170393033e-07 3.99 0.00024095905774 1.6e-09
-4.558058444756375748e-05 3.234815003253071808e+00 1.648261277561862137e-01 2.007254662461832226e-04 -1.775698276908597729e-05 -6.782174014874806328e-07 3.99 0.00024095905774 1.6e-09
4.420193360877055285e-06 5.231859531506048988e-01 2.675425922869741069e-03 1.256389268002211957e-04 -5.151955062122196330e-05 -5.357975383585420415e-06 3.99 0.00024095905774 1.6e-09
-2.391484948353001240e-05 2.166827954490424091e+00 5.331494450328210649e-02 1.473243772588991429e-04 3.297922847933950328e-05 2.017564029908684054e-06 3.99 0.00024095905774 1.6e-09
-2.446849213511857654e-05 3.863249830782441219e+00 1.821846485778651492e-01 2.341603820940957510e-04 5.139240391710098579e-06 6.633982463854153051e-07 3.99 0.00024095905774 1.6e-09
9.785526181531099897e-05 3.369346349467115864e+00 1.870693857547802708e-01 2.078148743690949899e-04 -1.551007640091016051e-05 -6.654023432689865803e-07 3.99 0.00024095905774 1.6e-09
7.944866809882237472e-06 6.706340300774116248e-01 1.480207699303413837e-02 1.133722149997580802e-04 -5.700192849610007242e-05 -5.231458361994953545e-06 3.99 0.00024095905774 1.6e-09
6.563470242742547214e-05 1.900299896019608692e+00 5.372822618713937737e-02 1.353318201523445394e-04 3.718723128951727773e-05 2.497335064718975048e-06 3.99 0.00024095905774 1.6e-09
-8.947995869415021784e-05 3.813795353839730673e+00 2.044532130322421204e-01 2.314948218589014668e-04 6.886105169757444420e-06 7.568581080966216651e-07 3.99 0.00024095905774 1.6e-09
-7.193008494722674044e-05 3.504448216747918288e+00 2.118015188797001125e-01 2.149627111412408850e-04 -1.334485890536043901e-05 -6.842556475808976299e-07 3.99 0.00024095905774 1.6e-09
2.974893305396124967e-05 9.010512287654737218e-01 3.158765727991112715e-02 1.074904045892837497e-04 -5.540850680956623333e-05 -4.756185210696375237e-06 3.99 0.00024095905774 1.6e-09
-5.429204271017846025e-05 1.597074432606480965e+00 4.851273765323460552e-02 1.229887789545209035e-04 4.244190854738356272e-05 3.032809611364104976e-06 3.99 0.00024095905774 1.6e-09
4.465373235228461783e-06 3.748799225741494823e+00 2.181688983404157789e-01 2.279937547165744572e-04 8.836927128135526314e-06 8.296219868893788684e-07 3.99 0.00024095905774 1.6e-09
-6.822846172669168221e-05 3.641506477802061603e+00 2.282109698695388156e-01 2.222509771963140555e-04 -1.106983394661845050e-05 -6.689223034965474161e-07 3.99 0.00024095905774 1.6e-09
-5.034362350396510136e-06 1.236501167659981748e+00 5.299507504738730501e-02 1.115388973347109598e-04 -4.918993002954231725e-05 -3.986218230382031666e-06 3.99 0.00024095905774 1.6e-09
-1.074530156722639722e-05 1.236553647366593012e+00 3.192607270534755792e-02 1.115614662697243125e-04 4.920667837897235009e-05 3.565238306952534306e-06 3.99 0.00024095905774 1.6e-09
-1.049491914605982446e-04 3.638691009926468212e+00 2.143816294510290099e-01 2.221057858039158627e-04 1.102401770180445215e-05 8.944923320112373745e-07 3.99 0.00024095905774 1.6e-09
-6.624288245134782793e-05 3.737990433131908929e+00 2.293958860065246075e-01 2.274197205506885860e-04 -8.941316830379023221e-06 -6.016828557315276753e-07 3.99 0.00024095905774 1.6e-09
1.201208607942536274e-05 1.573224778860910389e+00 7.031664528369138689e-02 1.221128917331455895e-04 -4.279585965571146994e-05 -3.275611233260336860e-06 3.99 0.00024095905774 1.6e-09
-3.171611654798495985e-05 9.204213513707562022e-01 1.382367631054360127e-02 1.074881543982785165e-04 5.506625569343616189e-05 4.045186597181031499e-06 3.99 0.00024095905774 1.6e-09
8.118485633531675788e-05 3.506007503056579822e+00 2.044274958230943018e-01 2.150595579716558332e-04 1.308141224295284342e-05 9.666867758700214051e-07 3.99 0.00024095905774 1.6e-09
8.742393860605063608e-05 3.785713008702451532e+00 2.252935157014433476e-01 2.299989124274017026e-04 -7.236153319612993539e-06 -5.305872332029973849e-07 3.99 0.00024095905774 1.6e-09
-2.339282575839278478e-05 1.824985531549437656e+00 8.091292347157987008e-02 1.321412872743729173e-04 -3.830170432880638978e-05 -2.823464112746169527e-06 3.99 0.00024095905774 1.6e-09
-4.584574446008651892e-05 7.205692066249004268e-01 2.436951832500300168e-03 1.111784875333937677e-04 5.708505388929711790e-05 4.430487438199862229e-06 3.99 0.00024095905774 1.6e-09
-4.536451795612664610e-05 3.392535905738648161e+00 1.989908110299369315e-01 2.090604352839156360e-04 1.481338197587157728e-05 1.037110659855375384e-06 3.99 0.00024095905774 1.6e-09
9.379256949715643625e-05 3.818629269731493192e+00 2.243740647863818605e-01 2.317781496776962380e-04 -5.867344920406275993e-06 -4.867576911038884728e-07 3.99 0.00024095905774 1.6e-09
1.962964448897193355e-05 2.025019509640647364e+00 8.908725763087518845e-02 1.408744574224519465e-04 -3.498169595393769770e-05 -2.553564867473033309e-06 3.99 0.00024095905774 1.6e-09
-2.843247889318391254e-05 5.933368580310892648e-01 -4.445980444826018452e-03 1.186559162112183386e-04 5.531237219709931447e-05 4.798471951322154043e-06 3.99 0.00024095905774 1.6e-09
6.502623111813215714e-05 3.296616890960313739e+00 1.980204473071985882e-01 2.039988906707444272e-04 1.641455081840087235e-05 1.106085784087509918e-06 3.99 0.00024095905774 1.6e-09
1.687734412914867425e-05 3.862117686639545244e+00 2.268919410603230657e-01 2.341113145918278030e-04 -4.515555296773023502e-06 -4.591584580487260549e-07 3.99 0.00024095905774 1.6e-09
5.049214411787559620e-05 2.240498743029574857e+00 9.833210627718361185e-02 1.507927934005430341e-04 -3.171821400865282336e-05 -2.339098138455855341e-06 3.99 0.00024095905774 1.6e-09
-4.146306592571660625e-06 4.912896022441605171e-01 -1.033357341709331342e-02 1.298567559992568196e-04 4.819497029279685345e-05 5.134891262590441703e-06 3.99 0.00024095905774 1.6e-09
5.647684310252076021e-05 3.185943848170152304e+00 1.963019463088904182e-01 1.981680540511896349e-04 1.841703725470247984e-05 1.180905078030266172e-06 3.99 0.00024095905774 1.6e-09
3.767535273487277174e-05 3.926707539872937858e+00 2.289269986530966805e-01 2.375668901503804708e-04 -2.793527832279649382e-06 -4.229090270343734811e-07 3.99 0.00024095905774 1.6e-09
3.848766125881782286e-05 2.531306711332262260e+00 1.096860608616840038e-01 1.648034244951460526e-04 -2.769658223603378011e-05 -2.079843164355959942e-06 3.99 0.00024095905774 1.6e-09
-4.820394776950197139e-05 4.082777356257959456e-01 -1.698451313237211990e-02 1.448586941026472536e-04 2.774509770745700642e-05 4.883325347508033470e-06 3.99 0.00024095905774 1.6e-09
-6.054196120478987705e-06 2.999482501926021616e+00 1.811635780972796206e-01 1.884456101535309197e-04 2.142959809408078646e-05 1.245537189505136028e-06 3.99 0.00024095905774 1.6e-09
7.596004765834780633e-05 3.984603660308845274e+00 2.178510512290232626e-01 2.406650777320602503e-04 -5.167027501902795833e-07 -3.560410505553574706e-07 3.99 0.00024095905774 1.6e-09
3.542530000546056506e-05 2.878310535662984115e+00 1.150440206513327485e-01 1.822179846815979857e-04 -2.314388644048732979e-05 -1.722866114266660537e-06 3.99 0.00024095905774 1.6e-09
2.101701286057266560e-05 3.880666016619674918e-01 -2.281596240242221574e-02 1.497628254256408767e-04 -1.145562451539640904e-05 3.014128152219130942e-06 3.99 0.00024095905774 1.6e-09
3.605647133279777804e-05 2.682247821356803730e+00 1.456817795171638230e-01 1.722945878164274241e-04 2.574308864384804055e-05 1.315836501699815361e-06 3.99 0.00024095905774 1.6e-09
2.880632447919317029e-05 3.963155769710412279e+00 1.880017414894940009e-01 2.395169527440383413e-04 1.926205476475877339e-06 -2.512668887397484821e-07 3.99 0.00024095905774 1.6e-09
-8.659583163511403846e-05 3.132891915758383217e+00 1.066618760049657944e-01 1.953784617390878406e-04 -1.947823656655195716e-05 -1.351373061502186667e-06 3.99 0.00024095905774 1.6e-09
4.300706027418962777e-05 4.535600172315369938e-01 -2.416581426153929096e-02 1.358274429066862199e-04 -4.224376533780232427e-05 8.432527895301437233e-07 3.99 0.00024095905774 1.6e-09
5.141469080692271190e-05 2.345129112085564405e+00 1.156261258779942153e-01 1.557491590722495699e-04 3.032504100520914150e-05 1.473616733212937721e-06 3.99 0.00024095905774 1.6e-09
-5.996296300403456748e-05 3.897375306661627459e+00 1.675184281686571686e-01 2.359941928769705298e-04 4.022305617193291178e-06 -1.423217191093579707e-07 3.99 0.00024095905774 1.6e-09
-4.387307673558792738e-05 3.284665423750264601e+00 1.025846902098109109e-01 2.033513185899614038e-04 -1.691930555997278292e-05 -1.118554844329577412e-06 3.99 0.00024095905774 1.6e-09
5.357960404153282608e-06 5.660901228416689301e-01 -2.247220886786137350e-02 1.210121844654727221e-04 -5.445819261514221916e-05 -4.761565706285238002e-07 3.99 0.00024095905774 1.6e-09
4.431323975151094238e-05 2.073350395807069813e+00 9.997801587929022737e-02 1.430374005666452757e-04 3.434919826525822104e-05 1.703093502306974888e-06 3.99 0.00024095905774 1.6e-09
-2.410028368488819196e-05 3.842721865422294769e+00 1.618437141739794138e-01 2.330611882707617839e-04 5.710268645123869953e-06 -7.125458177174813007e-08 3.99 0.00024095905774 1.6e-09
-1.020303102405586634e-04 3.405176190667694947e+00 1.051943046614973454e-01 2.097145449997506563e-04 -1.489183601604872353e-05 -1.013625115121068185e-06 3.99 0.00024095905774 1.6e-09
-3.232496873199187205e-05 7.200317690883518695e-01 -2.028871302677966171e-02 1.111339170699918128e-04 -5.733639998584527523e-05 -1.156442130310945578e-06 3.99 0.00024095905774 1.6e-09
-1.820239534814937940e-05 1.823593499998860779e+00 9.048776336302405410e-02 1.320615705698517499e-04 3.843922758994464795e-05 1.959413660688842592e-06 3.99 0.00024095905774 1.6e-09
9.773481117016522761e-06 3.798086173918982400e+00 1.582732905480315755e-01 2.306528152795916400e-04 7.367484375328481860e-06 -5.428662746010032810e-08 3.99 0.00024095905774 1.6e-09
-3.287602861359656056e-05 3.535832642676782989e+00 1.045512609135608867e-01 2.166325982840268892e-04 -1.285793793766028086e-05 -9.534131390328032205e-07 3.99 0.00024095905774 1.6e-09
3.396105718616720801e-05 9.606840103196643277e-01 -1.866973180424750037e-02 1.074567143091434602e-04 -5.459983046980010281e-05 -1.360308000087707860e-06 3.99 0.00024095905774 1.6e-09
7.918135013725925345e-06 1.525457845065258944e+00 7.620135746849689140e-02 1.203703790668438604e-04 4.375725223109417348e-05 2.156371721741318605e-06 3.99 0.00024095905774 1.6e-09
-2.334344418269968517e-05 3.734803497735698752e+00 1.392531618734054177e-01 2.272422872396268631e-04 9.318777550776252038e-06 -1.049147483652026451e-07 3.99 0.00024095905774 1.6e-09
-4.694359799721880812e-05 3.672757324155447201e+00 8.653012030442379376e-02 2.239202258258113766e-04 -1.061563020164016656e-05 -8.592506339635848277e-07 3.99 0.00024095905774 1.6e-09
1.022750081684266682e-05 1.309990930580636537e+00 -2.028301743402733531e-02 1.134598866579682099e-04 -4.795338537500983727e-05 -1.101974392529745692e-06 3.99 0.00024095905774 1.6e-09
-2.102814088448020497e-05 1.163089570982404286e+00 5.226045302203684295e-02 1.099204346903149979e-04 5.070643815489003396e-05 2.197994832846997222e-06 3.99 0.00024095905774 1.6e-09
-8.409587255662555902e-05 3.620686576847868210e+00 9.723474535662450513e-02 2.211430386546297156e-04 1.154885777387923090e-05 -1.970358307485966912e-07 3.99 0.00024095905774 1.6e-09
-8.819710989079306224e-05 3.767220578676842013e+00 4.783351571785078582e-02 2.289860960517586482e-04 -8.485357429761678866e-06 -6.903911061795755561e-07 3.99 0.00024095905774 1.6e-09
5.945245736117224945e-05 1.652993334928642088e+00 -2.753645966830935848e-02 1.251276113031189339e-04 -4.154975527049910782e-05 -5.964533964605891548e-07 3.99 0.00024095905774 1.6e-09
4.985879939279734828e-05 8.535600107564480510e-01 3.018404635327302105e-02 1.079237646963368275e-04 5.616927353057604819e-05 2.075035757622193602e-06 3.99 0.00024095905774 1.6e-09
-1.054455666572359768e-04 3.482580672357154405e+00 5.517473291378350436e-02 2.138128756280206853e-04 1.368589489835400856e-05 -2.481887935819518854e-07 3.99 0.00024095905774 1.6e-09
3.757569463563235180e-05 3.813552821994515618e+00 1.353402831652804859e-02 2.314923518980273450e-04 -6.752374289622633743e-06 -4.961972915535288606e-07 3.99 0.00024095905774 1.6e-09
3.271237660832938257e-06 1.909833754058464006e+00 -3.200383693599282570e-02 1.357625025442788880e-04 -3.706284881482819717e-05 -2.176191160797464665e-07 3.99 0.00024095905774 1.6e-09
-2.611912244973126128e-05 6.634302117230496121e-01 1.620366679705282503e-02 1.138404861042687839e-04 5.698849719710128380e-05 1.795077376790092072e-06 3.99 0.00024095905774 1.6e-09
-4.981996054654625210e-05 3.363341941528347867e+00 2.956181312925808963e-02 2.075136306214617784e-04 1.551097608718241319e-05 -2.224568354560077063e-07 3.99 0.00024095905774 1.6e-09
-3.737579258002125403e-05 3.848965075051212548e+00 -1.470521991926011188e-03 2.334048236664726904e-04 -5.300593389219416438e-06 -3.328162537411632505e-07 3.99 0.00024095905774 1.6e-09
-4.962900108855479903e-05 2.124358733516054087e+00 -2.833860917359055237e-02 1.453837700282999265e-04 -3.359922429380714790e-05 -6.980342628570441485e-08 3.99 0.00024095905774 1.6e-09
2.639536136327235780e-05 5.419690215973536063e-01 7.599303075358762594e-03 1.235512063627898765e-04 5.299455610383614482e-05 1.563658135838882186e-06 3.99 0.00024095905774 1.6e-09
9.709111543064874569e-05 3.255873321064285619e+00 2.101229729101868060e-02 2.018487434709612506e-04 1.731340897716917616e-05 -1.317450202032944049e-07 3.99 0.00024095905774 1.6e-09
-4.148786339332852273e-05 3.897452795843553197e+00 1.061212918454486689e-03 2.360055240090759999e-04 -3.797062206570048459e-06 -2.217387185079860210e-07 3.99 0.00024095905774 1.6e-09
-8.571136244215267236e-06 2.366357677612256794e+00 -1.827215438942375939e-02 1.567808702800654332e-04 -3.005573386875718192e-05 -9.308410103178365140e-08 3.99 0.00024095905774 1.6e-09
4.304521737338883915e-07 4.476888570197796735e-01 2.211379194349881103e-03 1.369273918522925966e-04 4.108483586586072020e-05 1.638355404702651806e-06 3.99 0.00024095905774 1.6e-09
9.312711898455183020e-05 3.118776547223958140e+00 2.292963624676919512e-02 1.946527475349712534e-04 1.966692413380268303e-05 -3.585646056439838947e-08 3.99 0.00024095905774 1.6e-09
3.894276331572001960e-05 3.960182874011536569e+00 1.051993556370402379e-02 2.393633061295094154e-04 -1.878355154648308896e-06 -1.725968109594119509e-07 3.99 0.00024095905774 1.6e-09
6.082787657067355584e-05 2.679147842026141646e+00 -8.360576849739984745e-03 1.721476735910142824e-04 -2.583626079371359121e-05 -1.663146396722568089e-07 3.99 0.00024095905774 1.6e-09
2.013126974964646245e-05 3.880304559906733175e-01 -1.044189757401466469e-03 1.498198564916955293e-04 1.258112105503320576e-05 1.903423618624920344e-06 3.99 0.00024095905774 1.6e-09
-1.895923479977129996e-05 2.885425518017712854e+00 1.551776738957499902e-02 1.825843731216803207e-04 2.313194109272830853e-05 -7.457799375845714587e-08 3.99 0.00024095905774 1.6e-09
-7.060653741125115556e-05 3.990461665316423989e+00 1.801308840629491526e-03 2.409830598302627669e-04 4.806838517872846000e-07 -1.595790177099058946e-07 3.99 0.00024095905774 1.6e-09
-6.473206239807150820e-06 2.997294779227605233e+00 -1.325038034153874431e-02 1.883341467932357594e-04 -2.158229551260703108e-05 -1.049008937902387030e-07 3.99 0.00024095905774 1.6e-09
-6.577673776236613371e-05 4.050742612479664162e-01 -2.642949558051329011e-03 1.456701290105933116e-04 -2.636840308213275101e-05 1.730730457730698534e-06 3.99 0.00024095905774 1.6e-09
2.474020541859524378e-05 2.547550528186421026e+00 -6.470693295637543543e-03 1.655930416312721178e-04 2.766617074294535174e-05 -2.311316880677966903e-07 3.99 0.00024095905774 1.6e-09
9.094129449870949904e-05 3.946290638886515545e+00 -2.307728973536785078e-02 2.386146337162193686e-04 2.827359620402167304e-06 -9.643582839711930280e-08 3.99 0.00024095905774 1.6e-09
6.400012781199830038e-05 3.211638657700366828e+00 -2.482671962422446088e-02 1.994993964351048045e-04 -1.832449983627150317e-05 8.324226787306043101e-08 3.99 0.00024095905774 1.6e-09
-5.751764259111126764e-05 4.978576478414169504e-01 -1.032154133967357794e-03 1.288850530507454069e-04 -4.939892797792223080e-05 1.012418581940385080e-06 3.99 0.00024095905774 1.6e-09
-6.683637830703913240e-05 2.224620113195794335e+00 -1.931134740120528034e-02 1.500188756488105674e-04 3.221079164582413517e-05 -2.606351522375341108e-07 3.99 0.00024095905774 1.6e-09
-4.673035050473747928e-06 3.881997927202874177e+00 -2.784350645058569079e-02 2.351663149465840351e-04 4.833261293501095422e-06 2.953461346100416514e-08 3.99 0.00024095905774 1.6e-09
-5.506659957580161633e-05 3.355365979719262537e+00 -1.658898051439171642e-02 2.070737473886734390e-04 -1.589197104715730604e-05 1.860392133734119279e-07 3.99 0.00024095905774 1.6e-09
-1.560592453760282098e-05 6.399042020036275202e-01 3.983347533914464653e-03 1.151507009189337678e-04 -5.691021527876900929e-05 1.178443396960633188e-07 3.99 0.00024095905774 1.6e-09
1.465292350016543998e-05 1.946459512258993829e+00 -1.947861427444235252e-02 1.373503195080121476e-04 3.651308265896907330e-05 -9.733378547406713940e-08 3.99 0.00024095905774 1.6e-09
2.568296700680290884e-05 3.827134591618706505e+00 -1.069952472792174564e-02 2.322161290296738412e-04 6.589131159381359006e-06 1.670411690105384110e-07 3.99 0.00024095905774 1.6e-09
-7.951094454374676795e-05 3.483357601197448972e+00 8.003795890882202391e-03 2.138475073139235370e-04 -1.378548188926367059e-05 1.726954127100731042e-07 3.99 0.00024095905774 1.6e-09
3.107755118670441985e-05 8.452451289789809641e-01 1.149827817355426191e-02 1.079817543409605676e-04 -5.643823533094366706e-05 -5.508344946993303723e-07 3.99 0.00024095905774 1.6e-09
1.728352111277515809e-05 1.661595026148174670e+00 -1.395532819477967972e-02 1.254742974837390703e-04 4.137040492350876409e-05 1.460796172810564197e-07 3.99 0.00024095905774 1.6e-09
4.072048658802001546e-06 3.767814377941077986e+00 1.222729201554329306e-02 2.290211129367710884e-04 8.417877727946125322e-06 2.671032140133576715e-07 3.99 0.00024095905774 1.6e-09
-3.760689867557979262e-05 3.612736909707277011e+00 3.323290376953476344e-02 2.207225066241430469e-04 -1.165522090615320883e-05 1.110596516267639826e-07 3.99 0.00024095905774 1.6e-09
5.034394801829125861e-05 1.141590223641087309e+00 2.034482754821393541e-02 1.095061472683972296e-04 -5.121652189103911840e-05 -8.076962302923053483e-07 3.99 0.00024095905774 1.6e-09
-5.505740482183391700e-06 1.330931167506101520e+00 -1.150317371941542155e-02 1.140795578286757378e-04 4.750266770063433895e-05 2.332505048974117168e-07 3.99 0.00024095905774 1.6e-09
-2.894982902410384501e-05 3.676179061606315024e+00 2.182881130237080552e-02 2.241104449254512662e-04 1.044767961747541165e-05 3.084692643609380888e-07 3.99 0.00024095905774 1.6e-09
7.197710269435104828e-05 3.718356130218358757e+00 4.359547290942546172e-02 2.263679336201399614e-04 -9.571526275233882195e-06 8.808490947863163537e-08 3.99 0.00024095905774 1.6e-09
-4.661143763216934555e-05 1.474328902373377659e+00 2.724974463525711016e-02 1.186042719264693160e-04 -4.476723337535017295e-05 -7.229763880907937853e-07 3.99 0.00024095905774 1.6e-09
-1.400181879516598036e-05 1.007004992411757449e+00 -1.412174769309619202e-02 1.077369960823572348e-04 5.371516356588500814e-05 -2.150193049984005197e-08 3.99 0.00024095905774 1.6e-09
-9.954609857458786271e-05 3.553641290430551436e+00 1.605003878860034386e-02 2.175863747245850477e-04 1.249856170203589498e-05 3.343075976061862744e-07 3.99 0.00024095905774 1.6e-09
-6.524916876916908896e-05 3.779302506298475084e+00 4.169150650368791400e-02 2.296503966219199571e-04 -7.769907448417010253e-06 1.372123966045165406e-07 3.99 0.00024095905774 1.6e-09
-5.126465707271157113e-05 1.748706964142968889e+00 3.268413897598335810e-02 1.289733301767164797e-04 -3.976549365392889488e-05 -5.470287812339891664e-07 3.99 0.00024095905774 1.6e-09
-4.569000486055331653e-06 7.762232929790651159e-01 -1.752020364993386176e-02 1.093748770930912443e-04 5.701587277597394465e-05 -5.590314273470652240e-07 3.99 0.00024095905774 1.6e-09
-8.564420538058329009e-05 3.436566054558644279e+00 9.996732257190948587e-03 2.113843913733208036e-04 1.430694726889434664e-05 4.069264547537627674e-07 3.99 0.00024095905774 1.6e-09
-2.922611640869420175e-05 3.817677372230457777e+00 4.401822640530032860e-02 2.317233151962584474e-04 -6.304768010623079100e-06 2.200698461661583853e-07 3.99 0.00024095905774 1.6e-09
-1.509919869928799273e-05 1.966413876562127960e+00 4.250632008802547601e-02 1.382577580988292917e-04 -3.607004662063396726e-05 -4.664803521908707073e-07 3.99 0.00024095905774 1.6e-09
-4.896834837152059183e-05 6.270575310096591082e-01 -2.004806925648812410e-02 1.160863229372686685e-04 5.642723291753387279e-05 -1.223520529830025849e-06 3.99 0.00024095905774 1.6e-09
7.357201661800989885e-05 3.335259718776542925e+00 1.276354964594881777e-02 2.060321779084391017e-04 1.596206146907052303e-05 5.509208943666031384e-07 3.99 0.00024095905774 1.6e-09
-1.028785104224931715e-04 3.860234357370187830e+00 5.872594049438317754e-02 2.340099024119844683e-04 -4.918163762132947992e-06 3.007045457786947614e-07 3.99 0.00024095905774 1.6e-09
1.256492628827410096e-05 2.184531496388338212e+00 5.995641293729997434e-02 1.481682191594214948e-04 -3.267490473708428153e-05 -5.008461675644551400e-07 3.99 0.00024095905774 1.6e-09
3.496020326699759821e-05 5.140173843294619793e-01 -2.106956501732573997e-02 1.267860334499076001e-04 5.079534728416346009e-05 -1.996430058675061161e-06 3.99 0.00024095905774 1.6e-09
5.407417964117200519e-05 3.225872308882124173e+00 2.603882971408226499e-02 2.002623345249413727e-04 1.790305826320706532e-05 7.675280601331955024e-07 3.99 0.00024095905774 1.6e-09
2.246779487695203358e-05 3.920324880099409270e+00 8.643437818220241209e-02 2.372272270144683238e-04 -3.264500294631179568e-06 3.660212782536063446e-07 3.99 0.00024095905774 1.6e-09
-3.346067131306289992e-06 2.462493085403758997e+00 8.612906728709487925e-02 1.614305344081623668e-04 -2.872521199488670623e-05 -5.896994721315874520e-07 3.99 0.00024095905774 1.6e-09
-6.886864825678304348e-05 4.221542236228744693e-01 -1.923363595073139184e-02 1.418369552554569048e-04 3.375365115273816117e-05 -3.085178856355119491e-06 3.99 0.00024095905774 1.6e-09
8.237849046278158385e-05 3.055893063485394023e+00 4.380616917201489435e-02 1.913708733954908644e-04 2.068045519383423007e-05 1.028509924481727098e-06 3.99 0.00024095905774 1.6e-09
-1.087151386250773377e-04 3.980245288677552118e+00 1.192945444314432168e-01 2.404346930781271524e-04 -1.082529211391261449e-06 4.182508982546998474e-07 3.99 0.00024095905774 1.6e-09
-1.505997849589796106e-05 2.801811852536812530e+00 1.169881069024865106e-01 1.783259018121163407e-04 -2.419696094195665281e-05 -6.444451598968922106e-07 3.99 0.00024095905774 1.6e-09
3.211493344025263515e-05 3.843919023542651248e-01 -1.319382707303349417e-02 1.507437529171060521e-04 -2.232072749403318465e-06 -4.502716485269312938e-06 3.99 0.00024095905774 1.6e-09
6.736879236450152243e-05 2.765765184030974488e+00 4.776870089296658684e-02 1.765016977611795338e-04 2.468153292838076327e-05 1.255148938585757083e-06 3.99 0.00024095905774 1.6e-09
1.059936024916456306e-04 3.974936459939265365e+00 1.362883185651101725e-01 2.401500541246015931e-04 1.320113869552637421e-06 4.810271274256405882e-07 3.99 0.00024095905774 1.6e-09
-8.448196738668279694e-05 3.078036901664580327e+00 1.373847566323153635e-01 1.925219564722817703e-04 -2.031128227069907248e-05 -5.983450786674974258e-07 3.99 0.00024095905774 1.6e-09
5.793167993303897413e-05 4.314599806300574159e-01 -4.086420476104610927e-03 1.400042693367457196e-04 -3.655010067839282192e-05 -5.221110924449587408e-06 3.99 0.00024095905774 1.6e-09
-5.419784517728060889e-05 2.427723562717802430e+00 4.127176393876227922e-02 1.597312283733116683e-04 2.923521151618768969e-05 1.502664125576746234e-06 3.99 0.00024095905774 1.6e-09
-8.504115257402588364e-05 3.915788560039187516e+00 1.454817776403838081e-01 2.369804458757164187e-04 3.515324090030473673e-06 5.831307389775409099e-07 3.99 0.00024095905774 1.6e-09
4.850251192515079999e-05 3.251224475639329814e+00 1.539443194208021670e-01 2.015876885138995461e-04 -1.750589740783626376e-05 -5.331179787473348625e-07 3.99 0.00024095905774 1.6e-09
-2.297147272366511784e-05 5.364649870595408210e-01 6.539369375471719426e-03 1.240902286986857346e-04 -5.254334464872243175e-05 -5.298756613712242097e-06 3.99 0.00024095905774 1.6e-09
-1.774060193116486770e-05 2.138151348583587907e+00 3.983381930521968234e-02 1.459959367149377672e-04 3.343341433279954557e-05 1.869781226772792579e-06 3.99 0.00024095905774 1.6e-09
-2.963255674945272341e-05 3.858957925874548778e+00 1.649001116558171665e-01 2.339292788708523165e-04 5.328920419811987363e-06 6.971109538307006592e-07 3.99 0.00024095905774 1.6e-09
-9.959335751383921866e-05 3.384714090294713706e+00 1.782964466112112456e-01 2.086270075531406149e-04 -1.526994403775477717e-05 -5.345646496345045656e-07 3.99 0.00024095905774 1.6e-09
-4.120393528364096560e-05 6.910539513203024509e-01 1.952118489988032696e-02 1.123513932664947364e-04 -5.712463819421678332e-05 -5.128791634712625614e-06 3.99 0.00024095905774 1.6e-09
-1.943702578406644119e-05 1.869815414884798299e+00 4.154153184897882434e-02 1.340155917097663862e-04 3.772218021028583747e-05 2.353080543753871826e-06 3.99 0.00024095905774 1.6e-09
-2.756281863560283306e-05 3.809012679617841179e+00 1.896299582155548946e-01 2.312364433359792083e-04 7.085681061064331724e-06 7.994035780848331890e-07 3.99 0.00024095905774 1.6e-09
8.782437508468572782e-06 3.520742242123503729e+00 2.055398021677158349e-01 2.158265227056926840e-04 -1.310885200634657003e-05 -5.640073744654351641e-07 3.99 0.00024095905774 1.6e-09
4.733714603087861691e-05 9.336751766791769880e-01 3.774017950354816020e-02 1.074075250892616733e-04 -5.487717273929752608e-05 -4.628811654502121739e-06 3.99 0.00024095905774 1.6e-09
2.166251712035234111e-05 1.559166661509974849e+00 3.727063241921850512e-02 1.215873988071665982e-04 4.314361069534519482e-05 2.890872749574961588e-06 3.99 0.00024095905774 1.6e-09
-6.521140378226109534e-05 3.739578379534713282e+00 2.056658973866082873e-01 2.274988026106500565e-04 9.072690346485913048e-06 8.836915708934916701e-07 3.99 0.00024095905774 1.6e-09
-3.243031773263412753e-05 3.654787537470937320e+00 2.244606493870164865e-01 2.229601305337787661e-04 -1.083265777247353735e-05 -5.587033512307409065e-07 3.99 0.00024095905774 1.6e-09
-3.409102799661560123e-05 1.275311657182435887e+00 6.031605428887357179e-02 1.125229472312499302e-04 -4.842248916865748965e-05 -3.878672718286327790e-06 3.99 0.00024095905774 1.6e-09
8.330034365573432741e-06 1.197680935283155002e+00 2.245975808819954123e-02 1.106640433200091429e-04 4.997784307992119617e-05 3.411991235328506669e-06 3.99 0.00024095905774 1.6e-09
-6.384440390776592415e-06 3.624698751750195846e+00 2.052408757506662129e-01 2.213611974320969810e-04 1.124922872771476063e-05 9.624353508290523445e-07 3.99 0.00024095905774 1.6e-09
6.139475103306448985e-05 3.744346867211103103e+00 2.290641881137066571e-01 2.277623700020223532e-04 -8.753363002826877967e-06 -5.058609062444282536e-07 3.99 0.00024095905774 1.6e-09
4.369032460191108868e-09 1.602965572709944109e+00 7.823845016905939254e-02 1.232261089929862830e-04 -4.223614382588623914e-05 -3.231683862048902624e-06 3.99 0.00024095905774 1.6e-09
6.066084749237896702e-06 8.945316046410732858e-01 7.047626155308867740e-03 1.075932396779091772e-04 5.548492909967310516e-05 3.858593043580485295e-06 3.99 0.00024095905774 1.6e-09
8.638426520608711732e-05 3.493164415003449985e+00 1.996178340857445721e-01 2.143797228772640446e-04 1.326980070484550702e-05 1.046668591627280584e-06 3.99 0.00024095905774 1.6e-09
-8.015829359752740758e-05 3.788704184827644816e+00 2.290527068147091283e-01 2.301617206066544738e-04 -7.079129570045276476e-06 -4.515993184776014413e-07 3.99 0.00024095905774 1.6e-09
6.410324189250050215e-05 1.846015888738856914e+00 8.974468436550271655e-02 1.330316475237950887e-04 -3.793147252797814443e-05 -2.834751341849305050e-06 3.99 0.00024095905774 1.6e-09
-4.090833407865073846e-05 7.054338344478234823e-01 -2.423683583433914289e-03 1.117978930183601200e-04 5.709167872927873260e-05 4.217477977379049690e-06 3.99 0.00024095905774 1.6e-09
-4.763495295551952021e-05 3.382509857166899891e+00 1.978692407041608425e-01 2.085309853010970974e-04 1.496934608659972863e-05 1.127404167000909685e-06 3.99 0.00024095905774 1.6e-09
-1.800790419542624060e-05 3.821932562624500207e+00 2.316137752958379314e-01 2.319559499160478639e-04 -5.732326394544587950e-06 -4.209221450499836114e-07 3.99 0.00024095905774 1.6e-09
-1.544371222684327226e-05 2.044947564567119791e+00 9.914120408922445782e-02 1.417722965008356539e-04 -3.464949594862929821e-05 -2.594763666742354326e-06 3.99 0.00024095905774 1.6e-09
4.162708334225271553e-05 5.821561458562973801e-01 -8.306620178857446885e-03 1.196094209210269148e-04 5.490633954434207773e-05 4.562728334152411753e-06 3.99 0.00024095905774 1.6e-09
1.000762324939419133e-04 3.286720495085044380e+00 1.994482573241792012e-01 2.034764915309279266e-04 1.658566175182277068e-05 1.207437189483946119e-06 3.99 0.00024095905774 1.6e-09
2.738619203392430337e-05 3.867638920427651783e+00 2.367752303240159006e-01 2.344064402396910476e-04 -4.361135025272587008e-06 -4.002411207492528160e-07 3.99 0.00024095905774 1.6e-09
8.678062430189531517e-06 2.266976759250704188e+00 1.099692392834851346e-01 1.520414995989368225e-04 -3.132017260408318513e-05 -2.387015194384015972e-06 3.99 0.00024095905774 1.6e-09
5.971566648722409352e-05 4.810523871012573061e-01 -1.367155532202516365e-02 1.313584691182294361e-04 4.685427955970708502e-05 4.807141322087316255e-06 3.99 0.00024095905774 1.6e-09
-7.683745665319424516e-05 3.170821294672380830e+00 1.986990842383361822e-01 1.973728268930097869e-04 1.868363364602904265e-05 1.296042886292521442e-06 3.99 0.00024095905774 1.6e-09
3.086781184852131922e-05 3.933918271620809648e+00 2.403699651638783741e-01 2.379521912788222504e-04 -2.573016714336186568e-06 -3.629385638970657223e-07 3.99 0.00024095905774 1.6e-09
-3.981695805206978534e-05 2.567932359725681124e+00 1.231236371177494016e-01 1.666100447256346057e-04 -2.719082684599679394e-05 -2.115627637748723660e-06 3.99 0.00024095905774 1.6e-09
7.168147860701937983e-05 4.019337415825578463e-01 -1.973118279485530993e-02 1.463318631955383550e-04 2.417974420459793048e-05 4.256187889389835495e-06 3.99 0.00024095905774 1.6e-09
-5.478601764733261081e-05 2.970705016871677095e+00 1.826370741461726677e-01 1.869599150660486474e-04 2.183259506923944921e-05 1.382577546072292331e-06 3.99 0.00024095905774 1.6e-09
-6.760249320225602079e-05 3.985663051648250743e+00 2.296792889711740671e-01 2.407214089757511613e-04 -2.450092366454445350e-07 -2.880039385545847929e-07 3.99 0.00024095905774 1.6e-09
3.378327238376452183e-06 2.911317356143107382e+00 1.296781623703289754e-01 1.839073418700446156e-04 -2.268139236222361526e-05 -1.748072998949502895e-06 3.99 0.00024095905774 1.6e-09
4.774206820009019937e-05 3.915283274769559840e-01 -2.422855751294911153e-02 1.488909043212899904e-04 -1.575437122757106137e-05 2.087494416844085264e-06 3.99 0.00024095905774 1.6e-09
-1.456317907124602724e-05 2.643508300559747504e+00 1.479500053621044253e-01 1.703578391902629027e-04 2.624080893928838412e-05 1.498507962147458280e-06 3.99 0.00024095905774 1.6e-09
-6.478539834214301380e-05 3.955135844075555518e+00 2.028844206969610542e-01 2.390872331020849669e-04 2.172841618594639747e-06 -1.762334980292129691e-07 3.99 0.00024095905774 1.6e-09
1.059026077298200305e-05 3.150633013564773766e+00 1.238126127060045489e-01 1.963067952450971100e-04 -1.917124049187258450e-05 -1.394806719389287545e-06 3.99 0.00024095905774 1.6e-09
5.946889886354587182e-05 4.635093468744420075e-01 -2.417930583831972083e-02 1.341273225034079835e-04 -4.418214239993822727e-05 6.560844696259950123e-09 3.99 0.00024095905774 1.6e-09
-2.036268534996695247e-05 2.314219091691063213e+00 1.206185287076824708e-01 1.542706076703623242e-04 3.074820595283623772e-05 1.703522857150543256e-06 3.99 0.00024095905774 1.6e-09
-8.637694599482403457e-05 3.889718944276037149e+00 1.866463883234140975e-01 2.355836951430164295e-04 4.205486081456264063e-06 -7.086306486195036002e-08 3.99 0.00024095905774 1.6e-09
1.543607657626828165e-06 3.295995895924916930e+00 1.223260288202162593e-01 2.039491015761176428e-04 -1.670111325184897431e-05 -1.188076685613304714e-06 3.99 0.00024095905774 1.6e-09
-9.820984965937605397e-06 5.791132859141085998e-01 -2.173265007811783778e-02 1.198100397797035720e-04 -5.503893996779740173e-05 -1.143050869310388749e-06 3.99 0.00024095905774 1.6e-09
1.973322089671886734e-05 2.048687496516810036e+00 1.065336019158461128e-01 1.419179237210832153e-04 3.471808963831914889e-05 1.969001722696898702e-06 3.99 0.00024095905774 1.6e-09
5.602135005557083849e-05 3.837425579524467611e+00 1.829130931182633424e-01 2.327758331696934001e-04 5.865929709527570356e-06 -9.096830961764601285e-09 3.99 0.00024095905774 1.6e-09
3.318381815558138026e-05 3.417370866533611995e+00 1.255147524411347471e-01 2.103581541452543755e-04 -1.469107382848228041e-05 -1.095567128860066369e-06 3.99 0.00024095905774 1.6e-09
2.040070606013813216e-05 7.402145673641233881e-01 -1.899433728581740796e-02 1.103922105959597886e-04 -5.729875707860307530e-05 -1.673846734874789881e-06 3.99 0.00024095905774 1.6e-09
5.985440046022810203e-05 1.795657530087934495e+00 9.666596791740045269e-02 1.308895247145335145e-04 3.889489127163499039e-05 2.251918446083744227e-06 3.99 0.00024095905774 1.6e-09
-9.464982647426563355e-05 3.792678481339003316e+00 1.784131333911009865e-01 2.303595047838687517e-04 7.568447076888137252e-06 -2.743366596128982876e-09 3.99 0.00024095905774 1.6e-09
8.179450691369268586e-05 3.551730500885212916e+00 1.233371089260987680e-01 2.174751448895273108e-04 -1.261252177007538840e-05 -1.031317535615373411e-06 3.99 0.00024095905774 1.6e-09
4.001955485851998084e-05 9.965899425983855142e-01 -1.657286260299605657e-02 1.076199338016800246e-04 -5.396159150704498504e-05 -1.731652709434668038e-06 3.99 0.00024095905774 1.6e-09
5.913454703001842376e-05 1.485744327062624048e+00 7.973905805744607722e-02 1.189776106167639758e-04 4.447080589057688651e-05 2.472224084061668587e-06 3.99 0.00024095905774 1.6e-09
6.439277281643682421e-05 3.724034178380337679e+00 1.555896714533590020e-01 2.266637715142837150e-04 9.567058990512769979e-06 -6.080816883550334479e-08 3.99 0.00024095905774 1.6e-09
-4.260496315492025418e-05 3.687575812517535745e+00 1.018469837234290271e-01 2.247113600714016200e-04 -1.033663725362715144e-05 -9.199073771525422140e-07 3.99 0.00024095905774 1.6e-09
-2.517760736189255679e-05 1.356244202817009636e+00 -1.754091885253995786e-02 1.147945955172556380e-04 -4.706001193404996683e-05 -1.345861970341041307e-06 3.99 0.00024095905774 1.6e-09
-1.093336749345097552e-05 1.118778344967622518e+00 5.319312270171772106e-02 1.091031738511412624e-04 5.153753986389180905e-05 2.567148035478783918e-06 3.99 0.00024095905774 1.6e-09
3.727854855239662627e-05 3.602901740917034079e+00 1.112758212341214414e-01 2.201967876425725600e-04 1.182083274299374493e-05 -1.468491285698913717e-07 3.99 0.00024095905774 1.6e-09
1.461330068472901824e-05 3.774389403382183872e+00 6.181679087439980597e-02 2.293727513661924209e-04 -8.249610760092168020e-06 -7.376666835369408543e-07 3.99 0.00024095905774 1.6e-09
6.810578848186638621e-06 1.689223197797238285e+00 -2.396031657994823066e-02 1.265532109290574026e-04 -4.089376679266537693e-05 -7.911150081912339432e-07 3.99 0.00024095905774 1.6e-09
8.272217741331063732e-06 8.242331369000817087e-01 3.064390692992494114e-02 1.083413823378859725e-04 5.650562151408535698e-05 2.521286653142072070e-06 3.99 0.00024095905774 1.6e-09
2.132349383349171706e-05 3.465642517220117291e+00 7.059816962594772649e-02 2.129178524351509169e-04 1.391517022980127505e-05 -1.864529379798912216e-07 3.99 0.00024095905774 1.6e-09
1.090994668702364068e-05 3.816413035795674702e+00 2.927699426601493987e-02 2.316486519563960844e-04 -6.569860939238663663e-06 -5.460234411597560818e-07 3.99 0.00024095905774 1.6e-09
-2.326111402938222945e-05 1.934276549175655502e+00 -2.727418016994424474e-02 1.368326479021965815e-04 -3.664490445322329777e-05 -4.126255037594905591e-07 3.99 0.00024095905774 1.6e-09
-3.369863741619651392e-06 6.478096545406668572e-01 1.677816006663354273e-02 1.147621069666064945e-04 5.674732769402585601e-05 2.329370606195921666e-06 3.99 0.00024095905774 1.6e-09
-3.426579323282215794e-05 3.350396656338258339e+00 4.655169971007164231e-02 2.068321225238413884e-04 1.569689893178899853e-05 -1.574728759547108657e-07 3.99 0.00024095905774 1.6e-09
-3.009139310469841083e-05 3.851457979826185429e+00 1.534779266058829139e-02 2.335398906568310307e-04 -5.159576963213034805e-06 -3.919991326240265273e-07 3.99 0.00024095905774 1.6e-09
3.304909852076574553e-05 2.144076784873599983e+00 -2.338469775789910055e-02 1.462937150067560900e-04 -3.329410620592247120e-05 -2.610117258046300973e-07 3.99 0.00024095905774 1.6e-09
-2.052410558281626178e-05 5.325927427265436664e-01 8.142010275942981878e-03 1.246026815705969959e-04 5.230726883244632051e-05 2.212600487032510362e-06 3.99 0.00024095905774 1.6e-09
-7.206301404467027063e-05 3.244648221066879223e+00 3.820055222840676445e-02 2.012580133297409602e-04 1.750289601079108842e-05 -7.502041869002284413e-08 3.99 0.00024095905774 1.6e-09
2.674180892222033221e-05 3.901311981714588484e+00 1.696003359032118712e-02 2.362124636416956954e-04 -3.658393928051425050e-06 -2.901252734757649829e-07 3.99 0.00024095905774 1.6e-09
-5.515302066144499955e-05 2.388410922061820152e+00 -1.427042403046800169e-02 1.578446811612144304e-04 -2.973812393250072176e-05 -2.630829509752819457e-07 3.99 0.00024095905774 1.6e-09
2.695371464455035895e-05 4.412862341063948923e-01 2.371857386714745081e-03 1.381135929369165633e-04 3.951104615905899186e-05 2.410980552500739247e-06 3.99 0.00024095905774 1.6e-09
6.986123542403606087e-05 3.104332602200634561e+00 3.789211424398671035e-02 1.938984710081444532e-04 1.989880645093161963e-05 -1.561428108257605780e-09 3.99 0.00024095905774 1.6e-09
-5.850007414109674399e-05 3.964605946678745774e+00 2.256508375849328174e-02 2.395999982219303344e-04 -1.695519759471662783e-06 -2.461934506325911289e-07 3.99 0.00024095905774 1.6e-09
-3.305731454230247449e-05 2.706097397266439941e+00 -6.948544898644909429e-03 1.734999958660739315e-04 -2.547426101671267936e-05 -2.949534161789051452e-07 3.99 0.00024095905774 1.6e-09
-6.907010644023474681e-05 3.861515520164111592e-01 -1.772619193572955425e-03 1.502968542032255810e-04 9.536871785513146690e-06 2.692642978110673436e-06 3.99 0.00024095905774 1.6e-09
-1.076292439743019384e-05 2.861362352747612192e+00 2.544589812199404485e-02 1.813540198892106114e-04 2.346458257327326382e-05 -7.312326543877784424e-08 3.99 0.00024095905774 1.6e-09
-5.046716709249132895e-05 3.989942583703661949e+00 7.253807214206375864e-03 2.409548168264150569e-04 6.787391403541735445e-07 -2.296939590858167746e-07 3.99 0.00024095905774 1.6e-09
-4.576603924591980937e-05 3.019930161578666450e+00 -1.589463593852372125e-02 1.895034911437193815e-04 -2.126550487167898958e-05 -1.826291715366025705e-07 3.99 0.00024095905774 1.6e-09
-2.811193417234700740e-05 4.104969969258843721e-01 -4.366808112761783219e-03 1.444195117312032978e-04 -2.912053466783459573e-05 2.345452438771105210e-06 3.99 0.00024095905774 1.6e-09
1.887480959357427782e-05 2.518398832127709763e+00 6.417453868833859938e-04 1.641567273025880196e-04 2.806415912772784803e-05 -2.374707739922748181e-07 3.99 0.00024095905774 1.6e-09
-1.138108862486631573e-04 3.941036572779005098e+00 -2.039662081070367505e-02 2.383326380392672612e-04 3.026054941471918529e-06 -1.580763772820191796e-07 3.99 0.00024095905774 1.6e-09
-4.879731376424055554e-07 3.226073782895613640e+00 -2.863228389758054951e-02 2.002576636701432732e-04 -1.808508089246347737e-05 2.737800168084153840e-08 3.99 0.00024095905774 1.6e-09
6.368979732774148904e-05 5.083794681001509996e-01 -3.429272215218809490e-03 1.274524432549364568e-04 -5.054424538549479712e-05 1.432057302729036738e-06 3.99 0.00024095905774 1.6e-09
-5.502274267203799266e-06 2.199050127219153161e+00 -1.277736661063335818e-02 1.488227566974876885e-04 3.258244599119382615e-05 -2.598502856485521792e-07 3.99 0.00024095905774 1.6e-09
8.714034397420645443e-05 3.876431674720705711e+00 -2.552239233728255396e-02 2.348679217209505808e-04 4.981084889712501429e-06 -3.085418032560361804e-08 3.99 0.00024095905774 1.6e-09
5.415870657969882229e-05 3.365456445201129299e+00 -2.054005635469199897e-02 2.076070141837079255e-04 -1.572088777837908879e-05 1.328350546533313571e-07 3.99 0.00024095905774 1.6e-09
1.572027586507139226e-05 6.536317683728267713e-01 8.661809680409250124e-04 1.143106098922718394e-04 -5.710776591765240822e-05 4.336712272940817881e-07 3.99 0.00024095905774 1.6e-09
-2.455041662519571807e-05 1.924409633057479141e+00 -1.349305839288755457e-02 1.363858128515596784e-04 3.687049182212830242e-05 -9.996877756739911330e-08 3.99 0.00024095905774 1.6e-09
4.994761300144282055e-05 3.822101753084850007e+00 -9.814945089812739110e-03 2.319460240458375239e-04 6.720495109070480141e-06 9.941900183896911623e-08 3.99 0.00024095905774 1.6e-09
2.856049174636508803e-05 3.491749694593063502e+00 2.366747391825886615e-03 2.142929370050864911e-04 -1.364288022224396741e-05 1.227570042812543321e-07 3.99 0.00024095905774 1.6e-09
-2.944702206633961837e-05 8.625552266582712235e-01 7.229563545744903744e-03 1.077897414181779040e-04 -5.619365269863122218e-05 -2.809755977205727627e-07 3.99 0.00024095905774 1.6e-09
-1.111067193411008488e-06 1.640433436858188765e+00 -9.026285680387883398e-03 1.246545362391989625e-04 4.174532155749955471e-05 1.168256781956697194e-07 3.99 0.00024095905774 1.6e-09
9.552518849478430654e-05 3.762365271183142568e+00 9.695108115210508692e-03 2.287290712109214894e-04 8.539534526924269888e-06 1.851114016754803414e-07 3.99 0.00024095905774 1.6e-09
-8.396449159765923854e-05 3.619813013617860342e+00 2.386558658202123095e-02 2.211003986602140330e-04 -1.151815050682737578e-05 7.000132233063073081e-08 3.99 0.00024095905774 1.6e-09
1.865198059182396898e-06 1.161572288814298082e+00 1.413620294066965030e-02 1.098950951509165147e-04 -5.082519177755274336e-05 -5.584058091506804111e-07 3.99 0.00024095905774 1.6e-09
-3.571547465563100878e-05 1.310359676790666672e+00 -7.943527558903106661e-03 1.134962923093843653e-04 4.790236403340120488e-05 1.486768450939791479e-07 3.99 0.00024095905774 1.6e-09
-3.340341763525148062e-05 3.669511845106334214e+00 1.434621165639683206e-02 2.237544051022063909e-04 1.057318465773362834e-05 2.084166583988269021e-07 3.99 0.00024095905774 1.6e-09
6.185732946728425248e-06 3.723302706894856762e+00 2.915707883794100078e-02 2.266336426947006375e-04 -9.450674928776999943e-06 6.163178312102336529e-08 3.99 0.00024095905774 1.6e-09
5.457606023852750495e-05 1.492635084018297142e+00 1.853247753851173379e-02 1.192312205397210042e-04 -4.443920871750000847e-05 -4.766391031102483133e-07 3.99 0.00024095905774 1.6e-09
-2.519952949631993551e-05 9.905769734741698418e-01 -1.152844798617301200e-02 1.076245267312737354e-04 5.401872384122276331e-05 -1.786972650815787064e-07 3.99 0.00024095905774 1.6e-09
9.161421498653074178e-06 3.546776187334208075e+00 4.168545406075261153e-03 2.172218418202510664e-04 1.261026884442163887e-05 2.198555752726173426e-07 3.99 0.00024095905774 1.6e-09
9.465984365215875595e-05 3.782990546590771608e+00 2.311473007430474291e-02 2.298484386499799448e-04 -7.677015398480697649e-06 1.270555621705091838e-07 3.99 0.00024095905774 1.6e-09
5.574092831969497798e-05 1.764799298525703275e+00 2.212483667263830805e-02 1.296294688284397223e-04 -3.950300968082309642e-05 -2.993455260616125549e-07 3.99 0.00024095905774 1.6e-09
4.421875094901574877e-05 7.643094789456879035e-01 -1.546078497715654837e-02 1.096977557462866135e-04 5.710091382071081191e-05 -7.935108423755865320e-07 3.99 0.00024095905774 1.6e-09
1.046346148163422612e-04 3.430043044486259962e+00 -4.667804313852854520e-03 2.110393072771461613e-04 1.441461307477005270e-05 2.862647415070132919e-07 3.99 0.00024095905774 1.6e-09
-3.324921303909307330e-05 3.821845070695788493e+00 2.330062966983205419e-02 2.319468074406362079e-04 -6.199157420380061138e-06 2.244509854787883391e-07 3.99 0.00024095905774 1.6e-09
-2.948410150853859551e-05 1.983857482893145008e+00 3.126866854894591596e-02 1.390292104546420081e-04 -3.580083487955035661e-05 -2.251766349507355891e-07 3.99 0.00024095905774 1.6e-09
-3.957887352884750847e-05 6.169076413676337634e-01 -1.826359235103015149e-02 1.167964326907626796e-04 5.620896743877503332e-05 -1.534841417895631571e-06 3.99 0.00024095905774 1.6e-09
-7.186610615387146583e-05 3.327675906025635122e+00 -3.059585548491860520e-03 2.056299179153095501e-04 1.612046818507331596e-05 4.323794275569984872e-07 3.99 0.00024095905774 1.6e-09
3.076118119108660191e-06 3.866110592232537169e+00 3.772149161129727257e-02 2.343242505356200021e-04 -4.790544966827037017e-06 3.157510487283388506e-07 3.99 0.00024095905774 1.6e-09
3.449728839995375824e-05 2.207837220380342025e+00 4.890087059743544740e-02 1.492540913364424557e-04 -3.234654739839103150e-05 -2.781878549990151979e-07 3.99 0.00024095905774 1.6e-09
-1.158668612628346151e-05 5.043087672710958591e-01 -1.921379628495826705e-02 1.280373852042874746e-04 4.986393769532431499e-05 -2.368357502397453539e-06 3.99 0.00024095905774 1.6e-09
-7.891621803890174077e-05 3.213936518141144560e+00 1.060181641768402627e-02 1.996330348447278562e-04 1.813367157437178746e-05 6.552026048006911529e-07 3.99 0.00024095905774 1.6e-09
-2.437160653120481237e-05 3.927708299708259965e+00 6.650127717632217661e-02 2.376225264616891534e-04 -3.073730181179505344e-06 3.847969228047890413e-07 3.99 0.00024095905774 1.6e-09
-7.402815158812260524e-05 2.494280274320932911e+00 7.552535904997084715e-02 1.629843279502125560e-04 -2.830218672520204347e-05 -3.971461899890037414e-07 3.99 0.00024095905774 1.6e-09
-6.485359889620350099e-05 4.152629575706006104e-01 -1.688071573293958155e-02 1.433153264043149865e-04 3.109668261684679110e-05 -3.444604051406940884e-06 3.99 0.00024095905774 1.6e-09
-8.471118080578342693e-05 3.033674916043628933e+00 2.898651141983657475e-02 1.902171074542036145e-04 2.102876286513812780e-05 9.114244145341311569e-07 3.99 0.00024095905774 1.6e-09
-8.929551828687822283e-05 3.984047956474477736e+00 9.964992975491679394e-02 2.406386782317101558e-04 -8.526633812242878086e-07 4.323848285286437461e-07 3.99 0.00024095905774 1.6e-09
-7.255449361601260406e-05 2.833593565896906696e+00 1.055003150953227053e-01 1.799412197911752812e-04 -2.378148673106769012e-05 -4.807414982662797192e-07 3.99 0.00024095905774 1.6e-09
-6.957066666909677145e-05 3.852903561803532329e-01 -1.028855943790979097e-02 1.505218742649437830e-04 -6.074409109931237902e-06 -4.648373992262479345e-06 3.99 0.00024095905774 1.6e-09
-4.450708039360270357e-05 2.733395746806105642e+00 3.247714131395901260e-02 1.748672560196273915e-04 2.512794374783742165e-05 1.111217333313590795e-06 3.99 0.00024095905774 1.6e-09
4.966196017762529300e-05 3.971133313410751597e+00 1.149667007850485589e-01 2.399466857853964027e-04 1.549248946059860051e-06 4.910268015331420846e-07 3.99 0.00024095905774 1.6e-09
4.225092054885361969e-05 3.098428014294729582e+00 1.237750318864777876e-01 1.935829469839489168e-04 -2.001945432403530120e-05 -4.472714636661468055e-07 3.99 0.00024095905774 1.6e-09
2.188410577653832165e-06 4.392479718231130370e-01 -1.014317741451871077e-03 1.384919770168341617e-04 -3.875154986610164834e-05 -5.103520030523786915e-06 3.99 0.00024095905774 1.6e-09
1.152183745313484063e-05 2.398604904271308236e+00 2.701453087573832054e-02 1.583206823195286114e-04 2.965141065031866552e-05 1.335864948109176301e-06 3.99 0.00024095905774 1.6e-09
-8.460211149863026210e-06 3.911039652838275149e+00 1.247289806348370611e-01 2.367259957637188978e-04 3.697617032384315709e-06 5.943212052743489103e-07 3.99 0.00024095905774 1.6e-09
4.964376944523050456e-05 3.265693802716070238e+00 1.406832617639534322e-01 2.023487357490319656e-04 -1.728318339382183051e-05 -3.938461182761868413e-07 3.99 0.00024095905774 1.6e-09
1.491790124365066476e-05 5.486326674708100759e-01 9.845284473458415855e-03 1.227578863637253403e-04 -5.337123557948194848e-05 -5.105474495958862462e-06 3.99 0.00024095905774 1.6e-09
-7.120014218369540959e-05 2.112810531760278998e+00 2.698071866085479872e-02 1.448277136700738170e-04 3.384358635572013005e-05 1.692992196575050449e-06 3.99 0.00024095905774 1.6e-09
-1.007334042746705564e-04 3.855363407550456145e+00 1.460098921358749524e-01 2.337354237143059892e-04 5.502936088989536829e-06 7.140846668611425417e-07 3.99 0.00024095905774 1.6e-09
1.029977029546975606e-04 3.398704507764310989e+00 1.668605867903514839e-01 2.093649038646577310e-04 -1.507924435907377663e-05 -4.061729792155310772e-07 3.99 0.00024095905774 1.6e-09
-3.516027475478497930e-05 7.101639121864996573e-01 2.350284674385548500e-02 1.115029217795671356e-04 -5.718322258719127767e-05 -4.925511442730757665e-06 3.99 0.00024095905774 1.6e-09
5.503921384932194407e-05 1.842032428478101336e+00 2.985359387665102379e-02 1.328314523566562319e-04 3.820343384645459768e-05 2.174453827784344044e-06 3.99 0.00024095905774 1.6e-09
-1.036713851154061491e-04 3.804622102914280379e+00 1.729254089743315070e-01 2.309990529423443446e-04 7.276021614251742571e-06 8.252176210922533491e-07 3.99 0.00024095905774 1.6e-09
-3.631085728760797789e-05 3.535457434156302980e+00 1.964055749204501877e-01 2.166076145775789675e-04 -1.288976535076244963e-05 -4.453052778497914971e-07 3.99 0.00024095905774 1.6e-09
2.162616365834031732e-05 9.638755311728285369e-01 4.280860735765927572e-02 1.074499868971875007e-04 -5.436035000689581589e-05 -4.430003823081604783e-06 3.99 0.00024095905774 1.6e-09
-3.087780970677331954e-05 1.524619865977568933e+00 2.669616942173007670e-02 1.203406163316407291e-04 4.379939398548972563e-05 2.705910597929596647e-06 3.99 0.00024095905774 1.6e-09
-2.822470108517573961e-05 3.730961739028539448e+00 1.911907821094221138e-01 2.270369435232721662e-04 9.280072628880437928e-06 9.196481461752252864e-07 3.99 0.00024095905774 1.6e-09
9.027771288076993493e-05 3.666251980048554238e+00 2.176645580266047264e-01 2.235725661008448374e-04 -1.062990168502571988e-05 -4.505702582172088675e-07 3.99 0.00024095905774 1.6e-09
-1.485077223274307176e-05 1.309477899135558454e+00 6.604692234128106687e-02 1.134486913150808528e-04 -4.775924107867759777e-05 -3.722633218146397525e-06 3.99 0.00024095905774 1.6e-09
5.336565472604424220e-05 1.163791813729757596e+00 1.387089692293404057e-02 1.099551551970482060e-04 5.064989816208200304e-05 3.200332128220481572e-06 3.99 0.00024095905774 1.6e-09
6.339728113346716277e-05 3.612331002115379608e+00 1.938390853625331645e-01 2.207034441625635988e-04 1.145030408658413857e-05 1.009239713786239031e-06 3.99 0.00024095905774 1.6e-09
-1.130497115500950982e-04 3.749852382278237251e+00 2.252930332472433128e-01 2.280599768177187458e-04 -8.572883738637420028e-06 -4.113440364564968186e-07 3.99 0.00024095905774 1.6e-09
-3.329326147081683495e-05 1.628634545573261150e+00 8.424133134231136244e-02 1.242049850574897252e-04 -4.175947018194676671e-05 -3.142704380513951856e-06 3.99 0.00024095905774 1.6e-09
4.263529927847715061e-05 8.725194919032810414e-01 9.605861058218745190e-04 1.077557677832916298e-04 5.582286886338055058e-05 3.597758715162323218e-06 3.99 0.00024095905774 1.6e-09
-7.000241906431325109e-05 3.482194349809863532e+00 1.918398623499442124e-01 2.137986216629909030e-04 1.344631164460883607e-05 1.102864107606035966e-06 3.99 0.00024095905774 1.6e-09
3.776223619965933428e-05 3.791643238873254163e+00 2.287162281856295054e-01 2.303208296466250043e-04 -6.958376602512480964e-06 -3.708213216115689669e-07 3.99 0.00024095905774 1.6e-09
2.512011798858787039e-05 1.864671747528969803e+00 9.646640176052265203e-02 1.338294148671479551e-04 -3.760214599926958945e-05 -2.796813508128317373e-06 3.99 0.00024095905774 1.6e-09
-1.619839617786074365e-05 6.922832604033561932e-01 -6.851212565970990313e-03 1.123884225222573707e-04 5.706684899645922057e-05 3.913846928547196509e-06 3.99 0.00024095905774 1.6e-09
2.430257675288758083e-05 3.373886319279987944e+00 1.931420792668747943e-01 2.080759061892136766e-04 1.510641062322172867e-05 1.193222771482352845e-06 3.99 0.00024095905774 1.6e-09
4.570209899457876687e-05 3.825360526238903880e+00 2.343167828687328647e-01 2.321399937798364387e-04 -5.620831486231721649e-06 -3.496003192438426797e-07 3.99 0.00024095905774 1.6e-09
-4.479127866402391573e-05 2.063327617191321295e+00 1.070468275037443906e-01 1.426040876423726941e-04 -3.435089580220894933e-05 -2.585153489118351243e-06 3.99 0.00024095905774 1.6e-09
3.197842708475110042e-05 5.720638896248964045e-01 -1.185999644518021326e-02 1.205140954671742780e-04 5.450385254255468975e-05 4.211395572233539328e-06 3.99 0.00024095905774 1.6e-09
-6.395157445488456509e-05 3.277781354311982476e+00 1.969145330603060962e-01 2.030036702661112708e-04 1.675867938670534522e-05 1.285422140330446888e-06 3.99 0.00024095905774 1.6e-09
-8.239628249970062262e-05 3.873054661132113718e+00 2.420303949644805885e-01 2.346961243618313566e-04 -4.211417860245116108e-06 -3.327780108071097172e-07 3.99 0.00024095905774 1.6e-09
-6.419218220052543054e-05 2.291663824699103014e+00 1.195494879429157276e-01 1.532115675478984288e-04 -3.095379663510587718e-05 -2.386885714838716802e-06 3.99 0.00024095905774 1.6e-09
3.473297794563809035e-05 4.719261154515591583e-01 -1.666386232874325982e-02 1.327626976761160172e-04 4.552010777590485705e-05 4.330379716158370363e-06 3.99 0.00024095905774 1.6e-09
-7.437602785296527593e-05 3.156588007006130070e+00 1.971917280004452655e-01 1.966260585880198904e-04 1.892624178448987823e-05 1.390376901490967634e-06 3.99 0.00024095905774 1.6e-09
-7.782347586374467976e-05 3.940308696888921602e+00 2.475067626351331596e-01 2.382938681145149425e-04 -2.365921769171314277e-06 -2.928954391941886105e-07 3.99 0.00024095905774 1.6e-09
-4.038597622715370126e-05 2.600894344399857339e+00 1.346717880235573095e-01 1.682423342753328163e-04 -2.674431238220782221e-05 -2.111640174029417107e-06 3.99 0.00024095905774 1.6e-09
-2.870344501304399916e-05 3.969708010393920850e-01 -2.191689119264033855e-02 1.475140747818679378e-04 2.083546928283564712e-05 3.474728793067004226e-06 3.99 0.00024095905774 1.6e-09
-6.372997139862330901e-05 2.943855736831217484e+00 1.809976773045518794e-01 1.855778375075030481e-04 2.220049473654177736e-05 1.502699248640232448e-06 3.99 0.00024095905774 1.6e-09
-1.186055214864590571e-04 3.985497669335110515e+00 2.381815478450969858e-01 2.407123023665716358e-04 -1.165921345353868338e-08 -2.109567389377633613e-07 3.99 0.00024095905774 1.6e-09
-3.135200315365594629e-05 2.938663178966756995e+00 1.428203375849634860e-01 1.853112403924557126e-04 -2.229053106738188863e-05 -1.746509102555627261e-06 3.99 0.00024095905774 1.6e-09
-3.922495367076664059e-06 3.953987295754236575e-01 -2.489240963697304798e-02 1.479398711994746026e-04 -1.933514501560036519e-05 1.114900397565891881e-06 3.99 0.00024095905774 1.6e-09
2.999681485682222440e-05 2.610053234152268864e+00 1.480267039350331992e-01 1.686928942321895889e-04 2.666770173432016512e-05 1.662461200696837737e-06 3.99 0.00024095905774 1.6e-09
8.018130269868477223e-07 3.947938234152438941e+00 2.151743224956860490e-01 2.387016677373810306e-04 2.373527590587979506e-06 -9.504153103430121234e-08 3.99 0.00024095905774 1.6e-09
-8.172945587116356165e-05 3.165249740625178720e+00 1.397344332231266195e-01 1.970736242535114880e-04 -1.890175526819596019e-05 -1.417995262682120063e-06 3.99 0.00024095905774 1.6e-09
3.430684120734148895e-05 4.725771771280380396e-01 -2.350137286330123559e-02 1.326595265241898669e-04 -4.571428504821925737e-05 -8.202332479007731704e-07 3.99 0.00024095905774 1.6e-09
-2.943152469756176272e-06 2.287994310238436579e+00 1.234821348315127965e-01 1.530227327963587763e-04 3.110683059536849509e-05 1.909526349132768038e-06 3.99 0.00024095905774 1.6e-09
6.157796961739380511e-05 3.883367764163137004e+00 2.030502059904910617e-01 2.352431211399135273e-04 4.352853309706039446e-06 6.299001092699912100e-09 3.99 0.00024095905774 1.6e-09
-4.925746494883923525e-05 3.306213637385218451e+00 1.407308949582779523e-01 2.044883753267356041e-04 -1.650255177396827772e-05 -1.236569098816699928e-06 3.99 0.00024095905774 1.6e-09
-5.040093409324554089e-05 5.913692654621391931e-01 -2.026646124735038967e-02 1.187540076651047791e-04 -5.549732796154290644e-05 -1.798094140639162286e-06 3.99 0.00024095905774 1.6e-09
-5.428449743529445003e-05 2.026450793329630073e+00 1.108817106388816781e-01 1.409128103533723313e-04 3.505988589531221775e-05 2.209374616820042037e-06 3.99 0.00024095905774 1.6e-09
1.214575788389022108e-05 3.832908773782201184e+00 2.012989527761641084e-01 2.325318204468429105e-04 6.017039625694574013e-06 6.079409243617222898e-08 3.99 0.00024095905774 1.6e-09
-9.193979161013092255e-05 3.429273328837941115e+00 1.447261749219548033e-01 2.109873084710049967e-04 -1.448454907917773867e-05 -1.155343699382285020e-06 3.99 0.00024095905774 1.6e-09
5.018025295649271110e-05 7.605032471745754030e-01 -1.673871348013187405e-02 1.097463415326455782e-04 -5.720238066198351427e-05 -2.182661078929627902e-06 3.99 0.00024095905774 1.6e-09
3.552269033323086981e-05 1.768446848538189675e+00 1.005718106686807889e-01 1.297585317531691667e-04 3.935150719604307536e-05 2.521189874051575418e-06 3.99 0.00024095905774 1.6e-09
2.995086314368601078e-05 3.787312601231114684e+00 1.961819565488852057e-01 2.300689634959052318e-04 7.749217252616771878e-06 6.007293169818900821e-08 3.99 0.00024095905774 1.6e-09
-2.500846283407914252e-06 3.566989337803858628e+00 1.415404563024782458e-01 2.182849854523082555e-04 -1.236319455244183122e-05 -1.087062934055709512e-06 3.99 0.00024095905774 1.6e-09
2.165649474735982784e-05 1.032492592309005586e+00 -1.311854018406646838e-02 1.079151152280581193e-04 -5.329595858936638300e-05 -2.095321252381897603e-06 3.99 0.00024095905774 1.6e-09
2.081018435439920412e-05 1.446858100622318677e+00 8.117267320745162607e-02 1.176595649009478300e-04 4.518202370197374896e-05 2.772781917509405929e-06 3.99 0.00024095905774 1.6e-09
5.082888487509398335e-05 3.712709656507251044e+00 1.704652189684039421e-01 2.260562127776877543e-04 9.810352064621238408e-06 -4.831692502900941445e-11 3.99 0.00024095905774 1.6e-09
-1.008696807637995930e-04 3.700312926160612470e+00 1.176551526601977427e-01 2.253924191914553779e-04 -1.007451490920964959e-05 -9.612105537058383354e-07 3.99 0.00024095905774 1.6e-09
-4.523863935383712174e-05 1.398674657505674768e+00 -1.302205887569065496e-02 1.160961574478455813e-04 -4.624426117626483264e-05 -1.594236088999102001e-06 3.99 0.00024095905774 1.6e-09
-1.484840129008946301e-05 1.078802779021110769e+00 5.277167011086261739e-02 1.084876311073213709e-04 5.227670671721759612e-05 2.931144386217608325e-06 3.99 0.00024095905774 1.6e-09
5.829675076779785041e-05 3.585839314207515560e+00 1.255282651842864194e-01 2.192898108296352662e-04 1.207331525825859848e-05 -7.526427724623613435e-08 3.99 0.00024095905774 1.6e-09
8.668678970006200553e-06 3.779651695932892075e+00 7.786162388020789749e-02 2.296577449448610874e-04 -8.035940962952748317e-06 -7.720945824670687094e-07 3.99 0.00024095905774 1.6e-09
-3.452349135489414457e-05 1.720009134470592338e+00 -1.819270057932380336e-02 1.277873726608783403e-04 -4.033604733623870353e-05 -1.006922235062748334e-06 3.99 0.00024095905774 1.6e-09
1.926558943040711434e-05 7.999493616873103452e-01 3.028421861516117364e-02 1.088066241432669918e-04 5.672579135580968132e-05 2.960431711365138122e-06 3.99 0.00024095905774 1.6e-09
6.831405694369237973e-05 3.450671286528972370e+00 8.702202852901370911e-02 2.121272659771240572e-04 1.411532623865946245e-05 -1.032519074336523185e-07 3.99 0.00024095905774 1.6e-09
1.593076308749937636e-05 3.818281267969276804e+00 4.759162647333635421e-02 2.317514256639645635e-04 -6.417279851311401734e-06 -5.877137028143682287e-07 3.99 0.00024095905774 1.6e-09
-5.946652650767711337e-05 1.954309518513825950e+00 -2.036001465423380868e-02 1.377166768418765664e-04 -3.629978483722952738e-05 -6.315721833903985586e-07 3.99 0.00024095905774 1.6e-09
-5.615066242940738481e-06 6.353570038507598827e-01 1.674256316134909578e-02 1.155575729247581098e-04 5.649991801848660265e-05 2.853981124188907661e-06 3.99 0.00024095905774 1.6e-09
-2.195443654448354551e-05 3.339453647228071809e+00 6.467862361364626334e-02 2.062563060754595587e-04 1.585143523959998393e-05 -7.250596741475943702e-08 3.99 0.00024095905774 1.6e-09
1.163749321652749900e-04 3.853382065518481170e+00 3.466972523155166519e-02 2.336439653337579292e-04 -5.050123000096730041e-06 -4.449926427028624519e-07 3.99 0.00024095905774 1.6e-09
-3.326066290159025902e-05 2.160481854678184988e+00 -1.637400856919206393e-02 1.470557957874328516e-04 -3.303113604316282174e-05 -4.731057763233582781e-07 3.99 0.00024095905774 1.6e-09
-5.796034727799104631e-05 5.250686151188379558e-01 8.158302047791502615e-03 1.254838845770533343e-04 5.169064224038945235e-05 2.845178559100050822e-06 3.99 0.00024095905774 1.6e-09
7.219814706456209575e-05 3.235183100101128417e+00 5.645883678172743114e-02 2.007613930345579002e-04 1.764527873558808556e-05 9.729080382228140959e-10 3.99 0.00024095905774 1.6e-09
-7.701949820754008520e-05 3.904758960414374869e+00 3.523852821659149287e-02 2.363972445731200096e-04 -3.528095479838360553e-06 -3.523943034805974808e-07 3.99 0.00024095905774 1.6e-09
-5.866548896994447165e-06 2.407734324221032285e+00 -8.207003605745444297e-03 1.587782730853029502e-04 -2.946770337128262567e-05 -4.496731771819534365e-07 3.99 0.00024095905774 1.6e-09
2.012989402113501915e-06 4.359777547635510508e-01 2.017776883601909727e-03 1.391219220750719750e-04 3.808390617416188608e-05 3.143454596958381036e-06 3.99 0.00024095905774 1.6e-09
-5.635625079395144331e-05 3.091433651287908368e+00 5.380926401519957325e-02 1.932244769276466050e-04 2.011219185841215290e-05 5.387963799369102114e-08 3.99 0.00024095905774 1.6e-09
-4.579688582825848996e-05 3.968605248136400476e+00 3.703472787538536481e-02 2.398138042981999161e-04 -1.537135276123973570e-06 -3.121367151397798481e-07 3.99 0.00024095905774 1.6e-09
7.879795274182267533e-05 2.730388950018664218e+00 -3.225921758305830972e-03 1.747200257631872998e-04 -2.516254031654354209e-05 -4.368648373716903713e-07 3.99 0.00024095905774 1.6e-09
2.793739970953056711e-05 3.849486110331614697e-01 -2.993838709807019986e-03 1.506049911660894806e-04 6.698165308992202143e-06 3.386133273747615382e-06 3.99 0.00024095905774 1.6e-09
-6.261386112740212426e-05 2.839044917681976976e+00 3.662571474941112709e-02 1.802148676381744069e-04 2.377411067266744471e-05 -4.208979731969812666e-08 3.99 0.00024095905774 1.6e-09
