6.350634992710050468e-06 2.098983420950982115e+00 -5.661155353770955581e-05 1.445184619897735864e-04 -3.055811849304649848e-05 -1.031894975195095691e-09 3.42 0.00021069094756 1.6e-09
1.432484064574319221e-05 5.319393036405499764e-01 -4.467040616364384258e-03 1.258175021403377112e-04 4.811321295789409481e-05 -4.186270632674345833e-07 3.42 0.00021069094756 1.6e-09
4.559393631995290185e-05 3.020974766728567573e+00 3.271729927624006384e-03 1.898167614386189034e-04 1.475525553934748486e-05 1.455402304469854591e-07 3.42 0.00021069094756 1.6e-09
5.263162994772593232e-05 3.209015210782832028e+00 1.418799947102086789e-02 1.995841747417038731e-04 -1.063292026501106861e-05 5.265435573657719754e-08 3.42 0.00021069094756 1.6e-09
-1.569592927405789897e-05 8.145754642122227107e-01 5.797935282133871542e-03 1.092247496270006745e-04 -5.408906019850848071e-05 -5.310384512175291932e-07 3.42 0.00021069094756 1.6e-09
-2.232159300902793539e-05 1.658245108086847885e+00 -1.583849496624306370e-03 1.257253191085294837e-04 3.853689561130846201e-05 3.462240379266916503e-07 3.42 0.00021069094756 1.6e-09
3.421980283426374198e-05 3.410848554137161592e+00 2.518223817570132070e-02 2.101833770953156566e-04 3.793537094253404584e-06 1.758512091762815535e-07 3.42 0.00021069094756 1.6e-09
7.173421013614813462e-06 2.527415920432458663e+00 2.847634018630909244e-02 1.648693219950387017e-04 -2.358763122829548692e-05 -1.684248770335075694e-07 3.42 0.00021069094756 1.6e-09
-2.091762011885266379e-05 4.088260975673084219e-01 -6.114303257679747083e-03 1.464124957900587542e-04 1.411457474544161726e-05 -8.768089679426579239e-07 3.42 0.00021069094756 1.6e-09
2.228366528434800735e-05 2.745144420737976709e+00 1.685130664209663273e-02 1.757051859661761732e-04 2.007534742605669760e-05 3.586348886201925202e-07 3.42 0.00021069094756 1.6e-09
-5.437466957321089356e-05 3.378226508206545020e+00 3.826712283033107537e-02 2.084452054667667296e-04 -6.066856524721039061e-06 5.519740148848000299e-08 3.42 0.00021069094756 1.6e-09
4.764134832477901393e-05 1.375156363751187882e+00 1.870958250190238314e-02 1.158124306968355316e-04 -4.408215411981696800e-05 -7.100917696523622097e-07 3.42 0.00021069094756 1.6e-09
-1.422702722717586446e-05 1.063405296142651890e+00 -6.190361035483267493e-03 1.088520432180711513e-04 5.020596342739826862e-05 3.117842549285943083e-07 3.42 0.00021069094756 1.6e-09
-5.783187252901015251e-05 3.300476537089344298e+00 2.470426027060342727e-02 2.043631179822213723e-04 8.422828250620023718e-06 2.391369209079283232e-07 3.42 0.00021069094756 1.6e-09
-4.161972525759185268e-05 2.902990422227769152e+00 3.436318818264640085e-02 1.837382974813487127e-04 -1.716798636019718023e-05 -8.727611216665368217e-08 3.42 0.00021069094756 1.6e-09
-6.171218566733578919e-05 4.530286569995130019e-01 -9.275617343400112489e-04 1.374429631049155513e-04 -3.531612684876774189e-05 -1.396252877539572408e-06 3.42 0.00021069094756 1.6e-09
2.270769661641463606e-05 2.309409675091666614e+00 1.749808914986825288e-04 1.543281847025288964e-04 2.706578421662993378e-05 3.872060403210753223e-07 3.42 0.00021069094756 1.6e-09
5.449318465118580240e-05 3.419728305120844247e+00 3.144844307526655641e-02 2.106686908245910097e-04 -1.823988705748012708e-06 2.021722354238665870e-07 3.42 0.00021069094756 1.6e-09
-6.208476520292767085e-05 1.891109532834126084e+00 3.045853544411815383e-02 1.352888643876872508e-04 -3.420501139256172782e-05 -3.896030108838000084e-07 3.42 0.00021069094756 1.6e-09
-5.287153882066887822e-05 6.460429769802955580e-01 -1.472034342871446008e-02 1.157726586738076373e-04 5.365309997868797647e-05 -6.506403455505780751e-07 3.42 0.00021069094756 1.6e-09
3.229440019449543464e-05 3.115747582706752894e+00 1.787676416840654203e-02 1.947331021386189539e-04 1.265314469831545558e-05 4.477314964830992859e-07 3.42 0.00021069094756 1.6e-09
9.446125153017841548e-05 3.113171598140577423e+00 4.812721791356409928e-02 1.945985803841988535e-04 -1.271890676005479060e-05 9.346020329142585413e-08 3.42 0.00021069094756 1.6e-09
2.488485541219182247e-05 6.427790574252084665e-01 1.144772780114356597e-02 1.159891490649913248e-04 -5.354440325636620720e-05 -2.128117971480058542e-06 3.42 0.00021069094756 1.6e-09
2.410185039480033925e-05 1.897305015352883650e+00 -4.271868571783052175e-03 1.355565423060332787e-04 3.409125148203975126e-05 7.376941534562511344e-07 3.42 0.00021069094756 1.6e-09
-6.818501945531886489e-06 3.419381100670506157e+00 5.587376947862408155e-02 2.106505363626996947e-04 1.759308135592129612e-06 4.077266040723026545e-07 3.42 0.00021069094756 1.6e-09
-7.631136835816463085e-05 2.302900493027147277e+00 6.264135256761080295e-02 1.540182545042462518e-04 -2.715283443094578095e-05 -4.565331825119692400e-07 3.42 0.00021069094756 1.6e-09
3.553893004071464600e-05 4.544371252113323933e-01 -1.644252249720423026e-02 1.370939018640212855e-04 3.587665343457757162e-05 -1.785642089576476226e-06 3.42 0.00021069094756 1.6e-09
-8.864031809389018182e-05 2.908285481947282314e+00 4.211653943012638734e-02 1.840016203777274496e-04 1.713124109263707462e-05 8.181762601248625268e-07 3.42 0.00021069094756 1.6e-09
-8.149135577559151931e-05 3.304981503850481950e+00 9.145091019213588690e-02 2.045937321808729897e-04 -8.392487353338664820e-06 1.096605488212429313e-07 3.42 0.00021069094756 1.6e-09
-4.090888691048540402e-05 1.072470159417840740e+00 3.564454347027868480e-02 1.089440539993005610e-04 -4.999738467611809670e-05 -2.230395678681441030e-06 3.42 0.00021069094756 1.6e-09
1.512442281505763366e-05 1.365889227014850604e+00 -2.661589827980496026e-03 1.155440208460432926e-04 4.422910148882545401e-05 1.309282844806368088e-06 3.42 0.00021069094756 1.6e-09
-8.638503132197568714e-05 3.373796845307675873e+00 8.835751680850137402e-02 2.082131774133539259e-04 6.115438976783185156e-06 5.584333860370007341e-07 3.42 0.00021069094756 1.6e-09
5.952809624499849904e-05 2.745263402362652094e+00 9.727059569338396272e-02 1.757123541048567252e-04 -2.002060895519083291e-05 -5.088551403549692912e-07 3.42 0.00021069094756 1.6e-09
3.393232645028519977e-05 4.096829503757851709e-01 -1.064260343939070486e-02 1.462405785994536772e-04 -1.425187201919589936e-05 -3.156288675940374562e-06 3.42 0.00021069094756 1.6e-09
6.039381037005147452e-05 2.523946670981077389e+00 4.675523184650406949e-02 1.646976457642208500e-04 2.362012381989749528e-05 1.109071781099322573e-06 3.42 0.00021069094756 1.6e-09
7.636913283379703548e-05 3.410839183819564635e+00 1.107415524864589912e-01 2.101810678357669913e-04 -3.757428941888518576e-06 1.696344613568921444e-07 3.42 0.00021069094756 1.6e-09
-5.122305254821492559e-05 1.666350113396715127e+00 6.191688955352139118e-02 1.260351440764321358e-04 -3.832919074924573605e-05 -1.634600119604056141e-06 3.42 0.00021069094756 1.6e-09
4.523537564341741660e-06 8.074307717931608064e-01 -1.429391948531391274e-02 1.093903481920444054e-04 5.408223194917961851e-05 1.277221656322815926e-06 3.42 0.00021069094756 1.6e-09
-4.829466661846596901e-05 3.201343779862595884e+00 8.972174858415543630e-02 1.991886214414640885e-04 1.066135601046056780e-05 7.325694275426640858e-07 3.42 0.00021069094756 1.6e-09
-1.647308649569269139e-05 3.015107432092711370e+00 1.123914658165562214e-01 1.895189624613427310e-04 -1.474891174205141317e-05 -3.596097949356392334e-07 3.42 0.00021069094756 1.6e-09
3.367766238083644227e-05 5.319428001487755964e-01 5.671962674754014826e-04 1.258655229090857304e-04 -4.784624432181249897e-05 -3.796193499412804043e-06 3.42 0.00021069094756 1.6e-09
-2.633495943666317268e-05 2.100214146070775278e+00 3.865656082315882536e-02 1.445794457360300757e-04 3.046779129704798865e-05 1.501837648427424629e-06 3.42 0.00021069094756 1.6e-09
-6.602136668564092745e-05 3.414738816916115915e+00 1.259753723506867873e-01 2.104152959931316540e-04 -5.299568321470423237e-08 3.169659188180319961e-07 3.42 0.00021069094756 1.6e-09
3.076311203331785440e-05 2.088716249121708390e+00 8.849856142394663117e-02 1.440542715217908503e-04 -3.063592361506259218e-05 -1.386545102309566301e-06 3.42 0.00021069094756 1.6e-09
6.122111868229463923e-05 5.358264272997959043e-01 -2.050752722005962786e-02 1.253606199658268642e-04 4.835979375166903635e-05 7.620730157652887875e-07 3.42 0.00021069094756 1.6e-09
-3.198056666261323114e-05 3.022207469801446500e+00 1.039476323161909466e-01 1.898800433695761779e-04 1.465308971969579608e-05 1.022816008575139415e-06 3.42 0.00021069094756 1.6e-09
-1.368066150654580014e-05 3.202155666346444995e+00 1.425855916025495773e-01 1.992260489306764523e-04 -1.069320415610953639e-05 -2.931506306314971124e-07 3.42 0.00021069094756 1.6e-09
-3.850488031572694004e-05 8.089729610073097543e-01 1.935860238832923588e-02 1.093371071318950303e-04 -5.398718724945700498e-05 -3.783136309450610660e-06 3.42 0.00021069094756 1.6e-09
-9.663510006098041498e-06 1.666630018426951576e+00 3.658889250017562100e-02 1.260454190282467291e-04 3.832313114996383299e-05 2.188643023582102637e-06 3.42 0.00021069094756 1.6e-09
-4.186989167628231889e-05 3.409335525473324413e+00 1.542320658761782703e-01 2.101008049217139282e-04 3.739553879868609669e-06 4.465981580608841234e-07 3.42 0.00021069094756 1.6e-09
-6.771171029997106506e-05 2.523577982934439135e+00 1.221368001736349573e-01 1.646777236914651618e-04 -2.357099454577541562e-05 -1.274707933883415266e-06 3.42 0.00021069094756 1.6e-09
1.686684936548678841e-05 4.093059465516587503e-01 -2.134674226743146774e-02 1.462566326659106987e-04 1.423258625979555042e-05 -5.565478304288037133e-07 3.42 0.00021069094756 1.6e-09
7.007130692894197941e-05 2.744279664470526292e+00 1.127138574282095240e-01 1.756584482316174358e-04 2.002264298966591817e-05 1.341845845184195127e-06 3.42 0.00021069094756 1.6e-09
3.408866819827943901e-05 3.376239375294738387e+00 1.664745383814684454e-01 2.083374143462570199e-04 -6.045772824492464412e-06 -2.201574300308406040e-07 3.42 0.00021069094756 1.6e-09
3.876519459663889128e-05 1.380850962428157525e+00 5.111313772915883347e-02 1.159792298834161177e-04 -4.386530475663660101e-05 -2.849984029584436016e-06 3.42 0.00021069094756 1.6e-09
-5.095481268762779242e-05 1.058801225752480590e+00 1.352269372846324688e-02 1.087953789644614463e-04 5.020959111019531699e-05 2.905666036469114817e-06 3.42 0.00021069094756 1.6e-09
3.867427117140572005e-05 3.294537556412167500e+00 1.528245885562649620e-01 2.040515693638521961e-04 8.440429601333723170e-06 5.966235432985671423e-07 3.42 0.00021069094756 1.6e-09
5.683040104835126300e-05 2.901937883415410369e+00 1.370449055980285102e-01 1.836840306670678826e-04 -1.708955236567649867e-05 -9.788692577236190106e-07 3.42 0.00021069094756 1.6e-09
5.488255598992847499e-05 4.549745692236039085e-01 -1.584878537671878529e-02 1.370779775110993973e-04 -3.567284044814741023e-05 -2.608874124225469442e-06 3.42 0.00021069094756 1.6e-09
-5.306994791438244115e-05 2.302047823272502569e+00 9.089984103483986222e-02 1.539805466340115063e-04 2.707930328094351351e-05 1.681650080869323360e-06 3.42 0.00021069094756 1.6e-09
1.118833959889719589e-05 3.412957199728743340e+00 1.638385128078440611e-01 2.103134097013081480e-04 -1.799047941747871437e-06 -5.335995645325579567e-08 3.42 0.00021069094756 1.6e-09
4.832463977398657564e-05 1.889211765356490602e+00 7.451348827997308910e-02 1.352099204683561711e-04 -3.413118855813912988e-05 -2.094187982601151590e-06 3.42 0.00021069094756 1.6e-09
-5.368906988716784420e-05 6.470369808636735609e-01 -6.896031039258036441e-03 1.157312352819641255e-04 5.355424929046081507e-05 3.265609051859167994e-06 3.42 0.00021069094756 1.6e-09
5.596949062131281499e-05 3.109654679460701399e+00 1.467699813043169266e-01 1.944208448113877009e-04 1.260651919372967312e-05 7.989209734140132327e-07 3.42 0.00021069094756 1.6e-09
2.551281663137529721e-05 3.103849526866427233e+00 1.477233890554466300e-01 1.941189196540056322e-04 -1.274185988187545639e-05 -7.834853722462021735e-07 3.42 0.00021069094756 1.6e-09
-2.891957827121439305e-05 6.385205495048738022e-01 -6.184109331648169131e-03 1.162904911781755652e-04 -5.334248379579122133e-05 -3.341972860859719124e-06 3.42 0.00021069094756 1.6e-09
1.775391611728764592e-05 1.903286504623300512e+00 7.978811846996070045e-02 1.358187643652967579e-04 3.385520679247882512e-05 2.212711976819051042e-06 3.42 0.00021069094756 1.6e-09
-6.487150224845659248e-05 3.412905605594212410e+00 1.744585214617090374e-01 2.103109514983953843e-04 1.681932987650523272e-06 5.523741513008390892e-08 3.42 0.00021069094756 1.6e-09
-5.841721110417740593e-05 2.288975605445186190e+00 9.644999589231960380e-02 1.533602066205573696e-04 -2.728017077528473150e-05 -1.802030884904425439e-06 3.42 0.00021069094756 1.6e-09
2.206149342139654290e-05 4.586583219190440985e-01 -1.587994734455304077e-02 1.363474097400847306e-04 3.685616060917647186e-05 3.363335746932495098e-06 3.42 0.00021069094756 1.6e-09
-3.340564381966680530e-05 2.911580055758691721e+00 1.495223744366819263e-01 1.841712559397435561e-04 1.696420856909287313e-05 9.944745585544688270e-07 3.42 0.00021069094756 1.6e-09
-4.543676614119065353e-05 3.297211779511325602e+00 1.610047653623772335e-01 2.041860328052320548e-04 -8.483280916739541468e-06 -6.849571844952295811e-07 3.42 0.00021069094756 1.6e-09
1.311968830355789186e-05 1.058218577750216660e+00 1.109550651289392328e-02 1.087651599670543120e-04 -5.026777081219626226e-05 -2.993702426641265707e-06 3.42 0.00021069094756 1.6e-09
-4.182208736663576334e-05 1.381720714337100198e+00 5.735088050555768591e-02 1.160145252277182556e-04 4.381297035742504748e-05 2.876804721058140134e-06 3.42 0.00021069094756 1.6e-09
5.072007803299281652e-05 3.375267151343078087e+00 1.653383853495699052e-01 2.082881445467990589e-04 6.020980761890141439e-06 1.200581226416387283e-07 3.42 0.00021069094756 1.6e-09
2.031809974484901526e-05 2.740488124921101054e+00 1.034648106124276684e-01 1.754683141578005441e-04 -2.008389202934560627e-05 -1.381451450624427704e-06 3.42 0.00021069094756 1.6e-09
6.589913968633915621e-05 4.088580273650815888e-01 -2.077893958452664211e-02 1.463894455588291412e-04 -1.339278595289176961e-05 1.687159170138933555e-06 3.42 0.00021069094756 1.6e-09
8.076818205332943939e-05 2.528762065265674597e+00 1.157169831649345754e-01 1.649307318772768357e-04 2.351581989435800078e-05 1.093591653437727253e-06 3.42 0.00021069094756 1.6e-09
-1.041877018286997540e-04 3.411762319685630374e+00 1.369119943202645184e-01 2.102269784977716760e-04 -3.754153061332619961e-06 -4.824441125131626933e-07 3.42 0.00021069094756 1.6e-09
2.873685374271002559e-05 1.666498425693921259e+00 2.626556316134073810e-02 1.260327076375913620e-04 -3.837077037315383249e-05 -1.931097466942204663e-06 3.42 0.00021069094756 1.6e-09
5.175735381605829909e-05 8.089591925904278114e-01 1.826633938972126864e-02 1.093629273060406305e-04 5.396170820665429811e-05 3.428002462474063881e-06 3.42 0.00021069094756 1.6e-09
4.260438599645993414e-05 3.200656775241287111e+00 1.268791074252937079e-01 1.991525748202624814e-04 1.066314337782753566e-05 2.364762980954448125e-07 3.42 0.00021069094756 1.6e-09
9.735676161310448634e-06 3.015902803631975715e+00 9.025583319117638781e-02 1.895593634036822877e-04 -1.473596452590317089e-05 -9.266436410028751116e-07 3.42 0.00021069094756 1.6e-09
5.642845758679965109e-05 5.313822100225955580e-01 -1.873710992048771562e-02 1.259230645906130302e-04 -4.786782886657865867e-05 -4.293329148321620426e-07 3.42 0.00021069094756 1.6e-09
5.397456530255615126e-05 2.098688686078314269e+00 8.208269822237006241e-02 1.445151920053832804e-04 3.044455197648586586e-05 1.307453017697648427e-06 3.42 0.00021069094756 1.6e-09
-1.366752852058594194e-05 3.412853985053702743e+00 1.191018163176263411e-01 2.103182511303165487e-04 -5.903860787678327281e-08 -2.782326953994847256e-07 3.42 0.00021069094756 1.6e-09
-5.580364263170210543e-05 2.084007386504813653e+00 3.802359882623951304e-02 1.438455204626812019e-04 -3.072994069346404576e-05 -1.424680416368182560e-06 3.42 0.00021069094756 1.6e-09
-5.348658002283933111e-05 5.390050261222774086e-01 -1.768929974544674374e-04 1.250209838287106028e-04 4.853682705423377106e-05 3.803085918913957880e-06 3.42 0.00021069094756 1.6e-09
2.240393018695142631e-05 3.022904913602239674e+00 1.151127262803133267e-01 1.899213386632041018e-04 1.458991442023424364e-05 3.971010647095378185e-07 3.42 0.00021069094756 1.6e-09
-9.126893003797112327e-05 3.195823852828674649e+00 9.456144973212410321e-02 1.989003810064542068e-04 -1.079306627110318152e-05 -7.336376503060669337e-07 3.42 0.00021069094756 1.6e-09
-1.323252350192395747e-06 7.946182482301336059e-01 -1.314132118224367422e-02 1.096610441422481716e-04 -5.420291933882393387e-05 -1.411734997997677728e-06 3.42 0.00021069094756 1.6e-09
4.476456116489405357e-05 1.682434827943900091e+00 6.725333874368123743e-02 1.266708288876438574e-04 3.799485096037593800e-05 1.719319306289592243e-06 3.42 0.00021069094756 1.6e-09
3.458104111092827359e-05 3.410423129236554551e+00 1.176977353929924697e-01 2.101619330264669554e-04 3.600453137919474832e-06 -1.957516476990264680e-07 3.42 0.00021069094756 1.6e-09
7.753358074178619426e-05 2.506221566366464870e+00 4.823780139576282211e-02 1.638282431187274924e-04 -2.389902257298204020e-05 -1.191782585670737864e-06 3.42 0.00021069094756 1.6e-09
-2.918660962679325163e-05 4.116527289283832269e-01 -9.842095521538314629e-03 1.457281867993440031e-04 1.654179810791035689e-05 4.026479243599743896e-06 3.42 0.00021069094756 1.6e-09
-6.121118257060528833e-05 2.761558712282982775e+00 9.882552386295152813e-02 1.765280985522832652e-04 1.980307683363863352e-05 4.267436757908684807e-07 3.42 0.00021069094756 1.6e-09
-8.247656234207763554e-05 3.376292239313749555e+00 8.267891281291378514e-02 2.083389784359743549e-04 -6.214734915725495259e-06 -6.114177115444675506e-07 3.42 0.00021069094756 1.6e-09
-3.275160575839728544e-05 1.357888527189525352e+00 -8.384616230604029913e-03 1.152869272295723997e-04 -4.443936547149712692e-05 -1.179966936611159947e-06 3.42 0.00021069094756 1.6e-09
-3.330717106641103466e-05 1.080643223505299400e+00 3.556879481351527678e-02 1.090599978949330682e-04 4.983718705431405881e-05 1.941600822939736454e-06 3.42 0.00021069094756 1.6e-09
-1.817832473757302831e-05 3.307054707483053413e+00 7.562377349219538691e-02 2.047035595723662891e-04 8.321856412637618200e-06 -1.918960243091141070e-07 3.42 0.00021069094756 1.6e-09
1.056494147775372450e-05 2.902192659194930968e+00 2.612392114904265109e-02 1.836911586489154433e-04 -1.723669147310049406e-05 -7.285602207252393613e-07 3.42 0.00021069094756 1.6e-09
2.057852955088658201e-05 4.517594440950660206e-01 -1.460393712500781573e-02 1.376213879477144965e-04 -3.497126495697731212e-05 2.400908940858885469e-06 3.42 0.00021069094756 1.6e-09
-5.668860924168806056e-05 2.313172539113481641e+00 5.053751075069133625e-02 1.545037784998977469e-04 2.701156291700354729e-05 2.941877704911767505e-07 3.42 0.00021069094756 1.6e-09
-2.302913324527070546e-06 3.420986420577736276e+00 3.931066369420282980e-02 2.107333232936115842e-04 -1.832719847742166817e-06 -3.654589767463223008e-07 3.42 0.00021069094756 1.6e-09
6.538440872634288740e-05 1.891259033844154613e+00 -9.008795893212779779e-03 1.352895382729125962e-04 -3.422957846194119648e-05 -5.240016364836618339e-07 3.42 0.00021069094756 1.6e-09
3.338339190088262468e-05 6.464768476628921512e-01 8.747925801248496516e-03 1.157671219561214623e-04 5.361300754383161078e-05 1.732101558774877432e-06 3.42 0.00021069094756 1.6e-09
-2.645852569291122920e-05 3.114762894261922987e+00 3.994352070500150481e-02 1.946838970932532179e-04 1.264628210030083245e-05 -5.966468745658630887e-08 3.42 0.00021069094756 1.6e-09
2.117792660227825442e-05 3.110446312992585227e+00 1.636664884135548975e-02 1.944595195081436057e-04 -1.274491912785543485e-05 -3.623829114896448300e-07 3.42 0.00021069094756 1.6e-09
5.073340770442256726e-06 6.395010402644876191e-01 -1.142714108735908354e-02 1.162126969155114972e-04 -5.348330979293929683e-05 4.966772942125805492e-07 3.42 0.00021069094756 1.6e-09
-2.222255000743790764e-05 1.901237096775506119e+00 2.918659823422023111e-02 1.357336045558038247e-04 3.398939607738878500e-05 4.551528519776127258e-07 3.42 0.00021069094756 1.6e-09
4.217458132242036975e-05 3.416296905972258546e+00 3.659041752475729325e-02 2.104923632922485010e-04 1.682859527782388717e-06 -1.525560767491585987e-07 3.42 0.00021069094756 1.6e-09
1.421320184289039790e-05 2.288884698033721854e+00 6.865193245814023987e-03 1.533582623859133483e-04 -2.737428460900296649e-05 -4.273707232923620213e-07 3.42 0.00021069094756 1.6e-09
-1.720185472218460011e-05 4.587220473483901717e-01 -1.814804771030437570e-03 1.363786878783909543e-04 3.697621739080187244e-05 1.691279403576106858e-06 3.42 0.00021069094756 1.6e-09
-7.860144671731655495e-06 2.915533231607529530e+00 4.135069450831749954e-02 1.843791597728039596e-04 1.694755154296650603e-05 1.342504164570004285e-07 3.42 0.00021069094756 1.6e-09
3.743694971907666862e-06 3.295384356624195377e+00 3.237464152380650773e-02 2.040946560813322076e-04 -8.594123655167186895e-06 -2.700677455787958851e-07 3.42 0.00021069094756 1.6e-09
4.728179533369526169e-05 1.043427105095404706e+00 -5.530861824482785627e-03 1.086120357634622426e-04 -5.061206873338403825e-05 -4.506308556083944743e-07 3.42 0.00021069094756 1.6e-09
5.033046448455934989e-05 1.396292527837887487e+00 2.130553968511271490e-02 1.164749548088425148e-04 4.362754706705550950e-05 7.014819349451797995e-07 3.42 0.00021069094756 1.6e-09
-7.930976535582927301e-05 3.380455943271281516e+00 3.731428206353896299e-02 2.085651290695458154e-04 5.894354106318014300e-06 -9.674923118321684540e-08 3.42 0.00021069094756 1.6e-09
4.527125825971159748e-05 2.727486529061469156e+00 1.274761837039824035e-02 1.748173067680150331e-04 -2.035915143879439245e-05 -3.710833915598440745e-07 3.42 0.00021069094756 1.6e-09
3.682033666190717014e-05 4.068004154398304761e-01 -5.321562546715172433e-03 1.469012225270170040e-04 -1.148814817920325797e-05 1.560757017909928095e-06 3.42 0.00021069094756 1.6e-09
-7.671777538461337271e-05 2.548862149962238810e+00 2.118205584128625071e-02 1.659177248568068379e-04 2.329379789362518268e-05 5.678152483883129826e-08 3.42 0.00021069094756 1.6e-09
-5.616869132464428127e-05 3.414371487750467615e+00 1.318180543448964175e-02 2.103630148326627724e-04 -3.933033667446454677e-06 -1.666657975861800420e-07 3.42 0.00021069094756 1.6e-09
3.652782967504600965e-06 1.647880340113166087e+00 -6.258989511269765632e-03 1.253099948510155487e-04 -3.878130297277926374e-05 -1.703550789945749272e-07 3.42 0.00021069094756 1.6e-09
-4.757203658356867147e-05 8.235040292749087332e-01 2.615570856173196797e-03 1.090616582955157869e-04 5.400270268517765921e-05 1.520264965617850336e-07 3.42 0.00021069094756 1.6e-09
2.358361771275849483e-05 3.213052321643481868e+00 1.659814203166389002e-03 1.997949598130724369e-04 1.053605333542023807e-05 -4.890229175238138973e-08 3.42 0.00021069094756 1.6e-09
-3.050032760723295683e-05 3.016728929109416590e+00 -3.337168401404400769e-03 1.895966740833199163e-04 -1.485195802977308058e-05 -4.016121833054754166e-08 3.42 0.00021069094756 1.6e-09
3.271207770345082553e-05 5.278420877777425524e-01 -1.753608350954966076e-03 1.263212658950476643e-04 -4.769560344749396998e-05 3.815427577851854165e-07 3.42 0.00021069094756 1.6e-09
8.751606517233163625e-06 2.108377809414677451e+00 -5.729511278591600809e-03 1.449482806741063477e-04 3.039350669246319972e-05 2.178933961180106467e-08 3.42 0.00021069094756 1.6e-09
-8.086142510786602027e-05 3.420314449402501733e+00 4.704681336262790236e-04 2.107071466953284924e-04 -7.460309850767832359e-08 7.483244228499567661e-08 3.42 0.00021069094756 1.6e-09
-2.935993868528421379e-05 2.090281802377722098e+00 6.078100487657516274e-03 1.441218295718606798e-04 -3.070687988655573320e-05 7.804032187800151646e-09 3.42 0.00021069094756 1.6e-09
-4.136341352004542569e-05 5.359972672392481208e-01 -7.048998587907259229e-03 1.253338546406440764e-04 4.848711838466746461e-05 -8.207723946824541932e-07 3.42 0.00021069094756 1.6e-09
4.761726674835365899e-05 3.025609975578555044e+00 1.172816114306631137e-03 1.900558361707285326e-04 1.466435926540346518e-05 2.215780649518192289e-07 3.42 0.00021069094756 1.6e-09
-7.347844388149128638e-05 3.205809040596165005e+00 1.963130963780325422e-02 1.994168509504112396e-04 -1.070674433095733357e-05 1.119508406635707556e-07 3.42 0.00021069094756 1.6e-09
-3.723010267819702084e-05 8.070130166659919002e-01 9.863200546327818841e-03 1.093750467482785903e-04 -5.415122017222042501e-05 -8.253371940580065000e-07 3.42 0.00021069094756 1.6e-09
5.043384334596266125e-05 1.667844667617776055e+00 -5.792057587721393883e-03 1.260991734152669148e-04 3.835228839720506469e-05 3.955710262454218712e-07 3.42 0.00021069094756 1.6e-09
2.280290465828884204e-05 3.411870824519835921e+00 2.935885404656011360e-02 2.102373686932281014e-04 3.719606422763443644e-06 2.596145035676598383e-07 3.42 0.00021069094756 1.6e-09
3.672068323688549202e-05 2.520293490589452290e+00 3.773187474085207271e-02 1.645186225157303696e-04 -2.370491536240229265e-05 -1.761514461426855621e-07 3.42 0.00021069094756 1.6e-09
-4.941859842028534380e-05 4.096539336574729351e-01 -7.615740536752646853e-03 1.462144620131423500e-04 1.493495633128492773e-05 -1.480997232212895383e-06 3.42 0.00021069094756 1.6e-09
3.917531085375479556e-05 2.751129044901422294e+00 1.870959558710569987e-02 1.760069205249216234e-04 1.997172867218178637e-05 4.779197492558044498e-07 3.42 0.00021069094756 1.6e-09
1.031901679854743871e-04 3.376415921779311269e+00 4.932738102816271175e-02 2.083491130042278085e-04 -6.149786716492462903e-06 1.067742018018653802e-07 3.42 0.00021069094756 1.6e-09
-4.019196502861746383e-05 1.365835798329494644e+00 2.640241798868755638e-02 1.155337665700834722e-04 -4.425131721464464811e-05 -9.402420275524766062e-07 3.42 0.00021069094756 1.6e-09
-8.988241637252619031e-06 1.072116318078614849e+00 -8.852968332936283699e-03 1.089621310531412306e-04 5.003574055278118453e-05 4.438293763295185647e-07 3.42 0.00021069094756 1.6e-09
-4.211583010553044873e-05 3.302734342492493091e+00 3.529295679167785554e-02 2.044816544383783901e-04 8.348356957522095874e-06 3.424411132136110174e-07 3.42 0.00021069094756 1.6e-09
-2.258496048995592062e-05 2.898014017199451509e+00 4.917696603404479727e-02 1.834835193642395134e-04 -1.725547627215562844e-05 -1.246051370795752419e-07 3.42 0.00021069094756 1.6e-09
-5.151906083552367703e-05 4.510865994056489914e-01 -1.250798701721275068e-03 1.377974478092815680e-04 -3.473447948631913531e-05 -2.053784944272311086e-06 3.42 0.00021069094756 1.6e-09
-4.981478323630916458e-05 2.316312023039523993e+00 5.836105140760126930e-03 1.546562979014485498e-04 2.695173449553704017e-05 5.690877914087993322e-07 3.42 0.00021069094756 1.6e-09
1.192724551566083727e-05 3.418879648601655497e+00 4.801213707367629757e-02 2.106238622111418447e-04 -1.890000543896634847e-06 2.406357054553350547e-07 3.42 0.00021069094756 1.6e-09
4.091323056446924969e-05 1.882497873600105898e+00 4.126062504104842377e-02 1.349178494919837511e-04 -3.435517823034032277e-05 -6.028001355335343385e-07 3.42 0.00021069094756 1.6e-09
4.563519323160810217e-05 6.513630461607575750e-01 -1.674480793735366388e-02 1.154523763271962579e-04 5.372905952078609992e-05 -4.258982961785198515e-07 3.42 0.00021069094756 1.6e-09
-3.052345977852482210e-05 3.118715629314196214e+00 3.194665798232526610e-02 1.948876889891389954e-04 1.257353218823126822e-05 5.573424712984414214e-07 3.42 0.00021069094756 1.6e-09
-5.370268658114563749e-05 3.108325313494931574e+00 6.515985535123304528e-02 1.943481363987666880e-04 -1.279672039667140797e-05 3.613721328623599727e-08 3.42 0.00021069094756 1.6e-09
-5.428490772557687102e-05 6.369602749427756283e-01 1.184297647754365551e-02 1.163809965151395650e-04 -5.336469084551401405e-05 -2.639518018660835012e-06 3.42 0.00021069094756 1.6e-09
-4.031752775069230956e-06 1.906807263410621234e+00 2.340813014381316198e-03 1.359668235793694215e-04 3.391484151264567281e-05 9.627873479828498815e-07 3.42 0.00021069094756 1.6e-09
-2.697418971020316356e-05 3.418857427001158911e+00 7.361698490160513420e-02 2.106235845274915196e-04 1.672818464803073797e-06 4.333967775827156921e-07 3.42 0.00021069094756 1.6e-09
1.939995522882784890e-05 2.292493383695863862e+00 7.398795048609607683e-02 1.535235219129909071e-04 -2.731454546066657015e-05 -6.380680504643127725e-07 3.42 0.00021069094756 1.6e-09
3.174706074794450919e-06 4.574298482352946449e-01 -1.843054462878755684e-02 1.365580217226280394e-04 3.664087260854251348e-05 -1.544992063925787250e-06 3.42 0.00021069094756 1.6e-09
2.513886905872813427e-05 2.914214295886567108e+00 5.610152631266406009e-02 1.843062730864861436e-04 1.699873037893998153e-05 9.282599652805095791e-07 3.42 0.00021069094756 1.6e-09
3.295500194179586427e-05 3.300552551473879603e+00 1.080512697835597086e-01 2.043611503719728933e-04 -8.502241632514707963e-06 5.547579198252682182e-08 3.42 0.00021069094756 1.6e-09
3.557156916655685748e-05 1.059749412857637907e+00 3.738736340747787074e-02 1.087822958887680122e-04 -5.022614400603871181e-05 -2.586805409533958541e-06 3.42 0.00021069094756 1.6e-09
4.001436317530367322e-05 1.379555421027178763e+00 2.280719114193731356e-03 1.159567445064432160e-04 4.394892901321681205e-05 1.595699502817822508e-06 3.42 0.00021069094756 1.6e-09
2.019289535690209001e-05 3.375924781421220544e+00 1.055216506634791829e-01 2.083252608845262302e-04 6.005571387695984326e-06 5.870974604601960250e-07 3.42 0.00021069094756 1.6e-09
4.728331085764598120e-05 2.737135051107682404e+00 1.093423237964086386e-01 1.753021471422589719e-04 -2.014758354078234761e-05 -6.478729819866409221e-07 3.42 0.00021069094756 1.6e-09
-5.215394435404846496e-06 4.087441730466815359e-01 -1.290682367375484835e-02 1.464506208040880226e-04 -1.319104277299244324e-05 -3.126264834524401647e-06 3.42 0.00021069094756 1.6e-09
-4.045812343951281386e-05 2.532778162151491763e+00 5.991113715466762218e-02 1.651300765462258326e-04 2.347554230482748691e-05 1.246447701146997240e-06 3.42 0.00021069094756 1.6e-09
1.790123988472108599e-05 3.409653335398959761e+00 1.276550023745007256e-01 2.101174544066015200e-04 -3.837697592441799958e-06 1.245627846085640681e-07 3.42 0.00021069094756 1.6e-09
-1.092892326341076935e-05 1.656395808982460194e+00 6.600368935058170683e-02 1.256464794481698146e-04 -3.850655305456124751e-05 -1.887705995580065934e-06 3.42 0.00021069094756 1.6e-09
-4.854131848009987860e-05 8.154291436828582373e-01 -1.194057311401091129e-02 1.092281912128176930e-04 5.400798983350824870e-05 1.729600413355618569e-06 3.42 0.00021069094756 1.6e-09
-9.048164762228882096e-05 3.204233592046753287e+00 1.068245687145615297e-01 1.993390442482779307e-04 1.057872277202279033e-05 7.674492752291126420e-07 3.42 0.00021069094756 1.6e-09
7.493982808045145387e-05 3.010425675105405929e+00 1.248564639651693897e-01 1.892765888628668834e-04 -1.483592438622880294e-05 -4.837687261040283325e-07 3.42 0.00021069094756 1.6e-09
-3.813689189323208874e-05 5.284214144472378916e-01 -2.023846352627831600e-03 1.262917420057419523e-04 -4.748564191851304496e-05 -3.900465054076586010e-06 3.42 0.00021069094756 1.6e-09
7.032637156343395535e-05 2.107836490073806246e+00 5.074413433969830745e-02 1.449293322145945597e-04 3.031341987885556729e-05 1.666682749801565978e-06 3.42 0.00021069094756 1.6e-09
-8.833096817212183582e-05 3.413715645942965615e+00 1.417308929595406108e-01 2.103615100639456164e-04 -1.228958106801319240e-07 2.660187721083107264e-07 3.42 0.00021069094756 1.6e-09
7.250443399587012104e-06 2.079859996729864768e+00 9.225269776613567729e-02 1.436525792209135009e-04 -3.076923128797784087e-05 -1.585715496743474919e-06 3.42 0.00021069094756 1.6e-09
4.744608298600583643e-05 5.400251633382109340e-01 -1.949666391989009553e-02 1.248839251591889535e-04 4.870718585045430893e-05 1.408727185145615970e-06 3.42 0.00021069094756 1.6e-09
6.098011701577539469e-05 3.025564653419946737e+00 1.192125880528217552e-01 1.900549524310678716e-04 1.454857587942382923e-05 1.040666891508167159e-06 3.42 0.00021069094756 1.6e-09
1.803154003402918391e-05 3.196881115175274513e+00 1.522081689396049264e-01 1.989515461867644901e-04 -1.078676614558543118e-05 -4.100912161452596971e-07 3.42 0.00021069094756 1.6e-09
1.865493108074392869e-05 7.994213721774123815e-01 1.563405808290658366e-02 1.095383332462268448e-04 -5.407126578959982007e-05 -3.879108973992793016e-06 3.42 0.00021069094756 1.6e-09
4.028555415917676942e-05 1.678568930462517539e+00 4.685270322871464693e-02 1.265137656560273759e-04 3.807376230651198130e-05 2.355069562921164454e-06 3.42 0.00021069094756 1.6e-09
7.805356708911623199e-05 3.409468945475500945e+00 1.660481090142865435e-01 2.101088505410453377e-04 3.633400978586947846e-06 3.816354835363388742e-07 3.42 0.00021069094756 1.6e-09
-8.036037598144733394e-05 2.512842516569011586e+00 1.230418297960118867e-01 1.641512158787777659e-04 -2.373090605043870781e-05 -1.419560823618101973e-06 3.42 0.00021069094756 1.6e-09
6.950933486606251997e-05 4.105550332029752614e-01 -2.173758374431564167e-02 1.459679151907480486e-04 1.547507085536800375e-05 2.461325813399659774e-07 3.42 0.00021069094756 1.6e-09
-4.951188483345209427e-05 2.752815298537677258e+00 1.239883756670490111e-01 1.760876649030050330e-04 1.987875325885785104e-05 1.329201695575676438e-06 3.42 0.00021069094756 1.6e-09
8.192032233897270825e-05 3.373736406268960764e+00 1.710294485387425234e-01 2.082047784983106034e-04 -6.149293570287267738e-06 -3.214745116384331752e-07 3.42 0.00021069094756 1.6e-09
5.402374393602129367e-05 1.367487559381462603e+00 4.573972610672114025e-02 1.155728098790457142e-04 -4.413854738702966839e-05 -2.907334528985628702e-06 3.42 0.00021069094756 1.6e-09
2.238351384596965897e-05 1.071705426847508358e+00 2.017746340713036032e-02 1.089561413849417910e-04 4.994192474750502690e-05 3.100910989676227250e-06 3.42 0.00021069094756 1.6e-09
-1.000878656275026261e-04 3.298403361559908653e+00 1.586676915803377219e-01 2.042531439691741449e-04 8.353131160332618053e-06 5.200979660364841826e-07 3.42 0.00021069094756 1.6e-09
3.136713740316904254e-05 2.896791781301268465e+00 1.338224716845310414e-01 1.834197313176424439e-04 -1.719331369456904532e-05 -1.067710369631924469e-06 3.42 0.00021069094756 1.6e-09
-5.968279863244930507e-05 4.523656190251005293e-01 -1.784231601425873698e-02 1.375505499643066894e-04 -3.494984722371537124e-05 -1.975317954308507688e-06 3.42 0.00021069094756 1.6e-09
5.103036854907047772e-05 2.310591380598602917e+00 9.738780732145602137e-02 1.543874350460024212e-04 2.693159759448573374e-05 1.635393412772510854e-06 3.42 0.00021069094756 1.6e-09
2.939299310172777824e-05 3.413040912012906603e+00 1.625849737312373977e-01 2.103171153685771174e-04 -1.871218901402567476e-06 -1.393365844133545915e-07 3.42 0.00021069094756 1.6e-09
3.489694767600459106e-06 1.880982761848648988e+00 6.720058637512185684e-02 1.348569190807062733e-04 -3.428636086318531141e-05 -2.092259777023162917e-06 3.42 0.00021069094756 1.6e-09
-5.091386756466562748e-05 6.525510375973984090e-01 -3.132076123933955677e-03 1.153926765301087852e-04 5.364262077957836217e-05 3.550869955055976729e-06 3.42 0.00021069094756 1.6e-09
7.255044295510711160e-05 3.113068567944393905e+00 1.477115086718757131e-01 1.945986005156557391e-04 1.252735085442747840e-05 7.097669382442478718e-07 3.42 0.00021069094756 1.6e-09
6.914323665148470262e-05 3.099930499570394460e+00 1.406273961017629193e-01 1.939157217255868624e-04 -1.282954439188382502e-05 -8.400429796205013475e-07 3.42 0.00021069094756 1.6e-09
1.675942642910180071e-05 6.325453357009265254e-01 -9.589714046682301304e-03 1.166904963868420537e-04 -5.321729424750153620e-05 -2.902574610236499193e-06 3.42 0.00021069094756 1.6e-09
-4.130673763652855973e-05 1.912385440618753041e+00 8.360323772726357960e-02 1.362127532224249459e-04 3.369116745968061643e-05 2.127559029011084802e-06 3.42 0.00021069094756 1.6e-09
-1.032247580946561553e-04 3.412722838842194406e+00 1.690411163296331454e-01 2.103025001282910963e-04 1.600098715821207798e-06 -2.644580960717605938e-08 3.42 0.00021069094756 1.6e-09
-2.809049284301619125e-05 2.278315577907088496e+00 8.675314316114332569e-02 1.528562389526963493e-04 -2.746128645915602441e-05 -1.778786169733853816e-06 3.42 0.00021069094756 1.6e-09
-3.831919384129223042e-05 4.620752588887832579e-01 -1.338552663443372953e-02 1.357572987816356306e-04 3.766848491507112946e-05 3.805797488575544745e-06 3.42 0.00021069094756 1.6e-09
-8.163662606909062906e-05 2.918133340003519649e+00 1.476654133491182574e-01 1.845080054880314459e-04 1.683942145008785401e-05 8.821075689702062761e-07 3.42 0.00021069094756 1.6e-09
5.918484920737948672e-05 3.292523506668646682e+00 1.506154817308096583e-01 2.039408176995420043e-04 -8.611763029866879675e-06 -7.323207479572793069e-07 3.42 0.00021069094756 1.6e-09
-2.243097008063468765e-05 1.042349421296236756e+00 4.760808098799220595e-03 1.085932476509928477e-04 -5.057779167168195938e-05 -2.719547869940623175e-06 3.42 0.00021069094756 1.6e-09
5.499149027101268031e-05 1.398418621431877451e+00 6.092295696564984514e-02 1.165327943249191826e-04 4.347945506970120918e-05 2.736605511620717986e-06 3.42 0.00021069094756 1.6e-09
9.179851371056310617e-05 3.378883565704918990e+00 1.568353005788490906e-01 2.084788393954931139e-04 5.896720927224687359e-06 2.481785499573961061e-08 3.42 0.00021069094756 1.6e-09
5.454584567218473206e-05 2.730950632057010719e+00 9.052118378151646771e-02 1.749872081481907782e-04 -2.026278504960297869e-05 -1.355867436582003585e-06 3.42 0.00021069094756 1.6e-09
6.474378266720850897e-05 4.076287962623737493e-01 -1.966739983710309725e-02 1.466686630061300040e-04 -1.198601687099842028e-05 2.389559802057454709e-06 3.42 0.00021069094756 1.6e-09
2.462791029682828239e-05 2.541043388415292092e+00 1.114995145689313266e-01 1.655329029466677667e-04 2.334360122123968034e-05 9.285106060479799915e-07 3.42 0.00021069094756 1.6e-09
-4.189224872846987956e-05 3.412262275720317817e+00 1.220681211897145513e-01 2.102515249163312166e-04 -3.862734106346107124e-06 -5.276046682841332105e-07 3.42 0.00021069094756 1.6e-09
-1.253805525141737110e-05 1.654939489070212710e+00 1.621365068983293342e-02 1.255822656430399863e-04 -3.860878063710867299e-05 -1.716102751214951863e-06 3.42 0.00021069094756 1.6e-09
-3.340206853877386871e-05 8.182571387694392850e-01 2.088656317752829450e-02 1.091727735549250487e-04 5.390264015471196777e-05 3.203907827551619255e-06 3.42 0.00021069094756 1.6e-09
-3.577384790350706805e-05 3.205992754628666397e+00 1.131972684420133879e-01 1.994296155687528898e-04 1.057950514623525400e-05 1.223449056181799982e-07 3.42 0.00021069094756 1.6e-09
-4.100502115310017729e-05 3.012978109800987347e+00 7.298575308406179962e-02 1.894071986329255350e-04 -1.482549264601504794e-05 -8.729747054555961347e-07 3.42 0.00021069094756 1.6e-09
-3.662645813511546773e-05 5.277680338097989754e-01 -1.878495092105354758e-02 1.263576741639833292e-04 -4.751744674625997311e-05 1.811841626340559310e-07 3.42 0.00021069094756 1.6e-09
-5.542727002281477313e-06 2.106748335231844127e+00 7.482135315707003076e-02 1.448817141308329705e-04 3.032961753910612846e-05 1.078038394417271969e-06 3.42 0.00021069094756 1.6e-09
2.509130576956115411e-05 3.413814120778140726e+00 1.000259984349169406e-01 2.103686599724498480e-04 -1.272754875388574790e-07 -3.067820829751921359e-07 3.42 0.00021069094756 1.6e-09
-1.698714925887419319e-05 2.077017620838530920e+00 2.611825045884663687e-02 1.435270964532002274e-04 -3.086835461688636878e-05 -1.213088456996658276e-06 3.42 0.00021069094756 1.6e-09
-3.038579972990375437e-05 5.423510817436515419e-01 1.708442054969758683e-03 1.246502430284258554e-04 4.882137650979427471e-05 3.489262221719763979e-06 3.42 0.00021069094756 1.6e-09
3.036202796102140209e-05 3.026967378568194533e+00 9.911107121444691359e-02 1.901321039584367772e-04 1.451222503146333169e-05 2.839244072322563970e-07 3.42 0.00021069094756 1.6e-09
-3.739475774346908045e-05 3.192326602105108435e+00 7.647522703875489491e-02 1.987185473028044939e-04 -1.088463020135873678e-05 -6.639153866694279493e-07 3.42 0.00021069094756 1.6e-09
3.546940985444840990e-05 7.863230380442696177e-01 -1.396270609469234605e-02 1.098593886685217576e-04 -5.426936295837246887e-05 -9.890938395945288002e-07 3.42 0.00021069094756 1.6e-09
5.717510397721945386e-05 1.692931236498725234e+00 6.031139357127819622e-02 1.270870844398150150e-04 3.780881229061321873e-05 1.446608949803308690e-06 3.42 0.00021069094756 1.6e-09
-1.304335435934535784e-05 3.411035227741869846e+00 9.941171572497420339e-02 2.101959449702890464e-04 3.506819572005543712e-06 -2.110476245220943112e-07 3.42 0.00021069094756 1.6e-09
-5.956171385586272858e-05 2.495118943217504714e+00 3.684377035017345758e-02 1.632873325512929508e-04 -2.407072694420524890e-05 -1.028003906041971040e-06 3.42 0.00021069094756 1.6e-09
-3.628192127974630513e-05 4.130586446330794526e-01 -7.784966465571530915e-03 1.454180377329443961e-04 1.777131792080096896e-05 3.783564213403031157e-06 3.42 0.00021069094756 1.6e-09
-5.698604690500510059e-05 2.770965197789399426e+00 8.539481146840469106e-02 1.770044231092047647e-04 1.964612392218629218e-05 3.170233453664533199e-07 3.42 0.00021069094756 1.6e-09
5.763071251959714521e-06 3.372968435980298274e+00 6.724404233006743559e-02 2.081641643154634653e-04 -6.348308331531433236e-06 -5.558954130132756848e-07 3.42 0.00021069094756 1.6e-09
3.503020868965244758e-05 1.340553872532105339e+00 -1.075871052016250454e-02 1.147788674936263490e-04 -4.479056677951909324e-05 -9.307717646999144506e-07 3.42 0.00021069094756 1.6e-09
1.197722632468062957e-05 1.096999779724880941e+00 3.239828913684583700e-02 1.092942547860470653e-04 4.953852960048750042e-05 1.587003271884281132e-06 3.42 0.00021069094756 1.6e-09
-8.310554099927818352e-05 3.312348393345029507e+00 6.036718187224766885e-02 2.049807646010140733e-04 8.196812932409299797e-06 -2.151108818359855645e-07 3.42 0.00021069094756 1.6e-09
-8.002183758019190175e-05 2.894774551324097445e+00 1.555577973505212382e-02 1.833113377002055480e-04 -1.738209189262235387e-05 -6.131719262551946448e-07 3.42 0.00021069094756 1.6e-09
-2.918766737099851472e-06 4.483248591038504482e-01 -1.233532601116180474e-02 1.382516810598498618e-04 -3.401554327668114802e-05 2.434894490422188216e-06 3.42 0.00021069094756 1.6e-09
-7.043466741405971139e-05 2.325633654565456787e+00 3.911997135727653119e-02 1.550958926466972326e-04 2.682437797622515738e-05 1.528233544272736256e-07 3.42 0.00021069094756 1.6e-09
2.043433905314398741e-05 3.421799776477026711e+00 2.455876527638398144e-02 2.107747273001813414e-04 -1.933243758282597818e-06 -3.203481830288695891e-07 3.42 0.00021069094756 1.6e-09
-3.438337865490452956e-05 1.881159259462064526e+00 -1.264985839420896055e-02 1.348556270538076095e-04 -3.441360498520401389e-05 -3.326952459846291260e-07 3.42 0.00021069094756 1.6e-09
2.303393098351473438e-05 6.529611231077856459e-01 7.306014219103550839e-03 1.153588517904208466e-04 5.377020889863204378e-05 1.205525592821875030e-06 3.42 0.00021069094756 1.6e-09
-7.733732008148561684e-05 3.119866313877837971e+00 2.468496518331485257e-02 1.949477246507699477e-04 1.255786692341000381e-05 -8.505751790964481665e-08 3.42 0.00021069094756 1.6e-09
9.542535256924065024e-05 3.107556019291012106e+00 5.971274748550988928e-03 1.943080038656196541e-04 -1.283292605755676615e-05 -2.500696767863396000e-07 3.42 0.00021069094756 1.6e-09
4.759647554937611232e-05 6.344303608671206796e-01 -8.738990130513815333e-03 1.165421462803681589e-04 -5.338725704254003966e-05 5.671079594307465435e-07 3.42 0.00021069094756 1.6e-09
-4.712884089510098066e-05 1.909588166696497780e+00 1.854248704135883288e-02 1.360929465816100082e-04 3.385138560905911337e-05 2.915071068851211387e-07 3.42 0.00021069094756 1.6e-09
-4.610075089439804783e-05 3.417116637634845411e+00 2.352797214188658004e-02 2.105353801407502338e-04 1.622845756410928201e-06 -9.490412183486328363e-08 3.42 0.00021069094756 1.6e-09
7.017775876721725893e-05 2.282359619649624527e+00 4.646610913807489550e-03 1.530477311106982817e-04 -2.749114225247317256e-05 -2.746343090911591998e-07 3.42 0.00021069094756 1.6e-09
6.402112008859549654e-05 4.607437383227161454e-01 -2.370943017942033632e-03 1.360320289634577864e-04 3.747095812870315231e-05 9.842394026436931911e-07 3.42 0.00021069094756 1.6e-09
7.262116034380475672e-05 2.919897672929080201e+00 2.907737739806243865e-02 1.846035998037659346e-04 1.686060669355768100e-05 1.368145652975354186e-07 3.42 0.00021069094756 1.6e-09
-7.769343798077490114e-06 3.292717824331846010e+00 2.641837886662170426e-02 2.039550405978192633e-04 -8.666411944377003210e-06 -1.661649523234019874e-07 3.42 0.00021069094756 1.6e-09
3.139274207669506242e-05 1.034575727581683369e+00 -1.430892540716456867e-03 1.085239357230684645e-04 -5.077652705009408211e-05 -4.323609811257582406e-07 3.42 0.00021069094756 1.6e-09
-3.346239365363368965e-05 1.405766422492604084e+00 1.378353080929947336e-02 1.167703599951999455e-04 4.344931324287877594e-05 5.499188114258432384e-07 3.42 0.00021069094756 1.6e-09
1.098519343221297985e-05 3.381788471247517691e+00 3.084255833703323374e-02 2.086363060038789736e-04 5.810528162263694890e-06 -2.243371409250744178e-08 3.42 0.00021069094756 1.6e-09
-6.901425845501956628e-05 2.720276641524915107e+00 1.540485003132439044e-02 1.744561189986660352e-04 -2.046797373649003225e-05 -2.811183605549162170e-07 3.42 0.00021069094756 1.6e-09
4.999007553414470853e-05 4.060898578906503298e-01 -4.499468631374043716e-03 1.470734686169190386e-04 -1.053210294026225284e-05 8.382906100831143802e-07 3.42 0.00021069094756 1.6e-09
-2.058684764515704999e-05 2.556755537920238908e+00 1.496612560346281644e-02 1.663080539052570696e-04 2.315906975481082746e-05 1.017298473145073295e-07 3.42 0.00021069094756 1.6e-09
5.879216214827165919e-06 3.412928818516079765e+00 1.449273551537648072e-02 2.102867294190892693e-04 -4.022763905937090001e-06 -8.352071677955520509e-08 3.42 0.00021069094756 1.6e-09
2.366223397722766648e-05 1.636552508862807898e+00 3.338446166950098074e-04 1.248755352789784629e-04 -3.899401530428259406e-05 -2.026503185438854077e-07 3.42 0.00021069094756 1.6e-09
4.078858371782003415e-05 8.326351644941731855e-01 -1.517969127625952430e-03 1.089151745880373966e-04 5.389299961023524875e-05 -2.215384361757054457e-08 3.42 0.00021069094756 1.6e-09
-3.127951569975442132e-05 3.216805855379629264e+00 1.222230069275596041e-03 1.999909127535225454e-04 1.044571330797495683e-05 3.356008698987755462e-08 3.42 0.00021069094756 1.6e-09
4.058045531170609754e-05 3.011533514796580491e+00 3.515271486161806493e-03 1.893281911196730938e-04 -1.495966904364616135e-05 6.652511949016981058e-09 3.42 0.00021069094756 1.6e-09
8.022665234485510982e-07 5.234706372477848646e-01 3.155362148900732336e-04 1.268617646448269793e-04 -4.724797624137501483e-05 -1.389566919378092653e-07 3.42 0.00021069094756 1.6e-09
-6.196897746035174052e-05 2.118109460258203569e+00 -8.844987935332266835e-03 1.453923927707342781e-04 3.023325686794777671e-05 9.443759253009728337e-08 3.42 0.00021069094756 1.6e-09
-2.711119217736232643e-05 3.420332746726517215e+00 5.548877022589012928e-03 2.107079592675445488e-04 -1.623337446651535602e-07 1.467250641320698064e-07 3.42 0.00021069094756 1.6e-09
-6.990595900060141274e-05 2.080636090638127822e+00 1.428612720873046436e-02 1.436836862252800773e-04 -3.086868453905733872e-05 -3.790376730907546179e-08 3.42 0.00021069094756 1.6e-09
-1.522149742557157037e-05 5.405643590843592916e-01 -9.791402294918441496e-03 1.248119868763424272e-04 4.885864230726356819e-05 -1.090839098111437722e-06 3.42 0.00021069094756 1.6e-09
2.692989741072103087e-05 3.030484744133500996e+00 3.159011845789932212e-03 1.903075522120665933e-04 1.456501686651872750e-05 3.147417150618598207e-07 3.42 0.00021069094756 1.6e-09
2.376461260571332727e-05 3.201825530179100099e+00 2.869851322490905160e-02 1.992084905360697793e-04 -1.080665316612275028e-05 1.469397268302206431e-07 3.42 0.00021069094756 1.6e-09
-3.426318610252280378e-05 7.983038977007032022e-01 1.351758999449829621e-02 1.095610651301279112e-04 -5.421393301014137273e-05 -1.191620000017760665e-06 3.42 0.00021069094756 1.6e-09
4.913638209359486058e-05 1.678938649804664784e+00 -7.807521862896951367e-03 1.265320232846282411e-04 3.814446831635063721e-05 5.027110340000588407e-07 3.42 0.00021069094756 1.6e-09
-5.568352897799477765e-05 3.412883066487381711e+00 3.742458198395151592e-02 2.102908890904469838e-04 3.636445971930272176e-06 3.370897153940023333e-07 3.42 0.00021069094756 1.6e-09
-5.763703448899322186e-05 2.511688282988937981e+00 4.857741648155182446e-02 1.640967463187871750e-04 -2.383564334102284755e-05 -2.240927806110362965e-07 3.42 0.00021069094756 1.6e-09
6.201301796652500036e-05 4.107224680140026951e-01 -9.480632147640031399e-03 1.459660157521575855e-04 1.587086423779660455e-05 -1.948594836639799746e-06 3.42 0.00021069094756 1.6e-09
5.889149018672288667e-05 2.758242480583031231e+00 2.379571437824694671e-02 1.763656634128010086e-04 1.984837522009572731e-05 6.102785843430700832e-07 3.42 0.00021069094756 1.6e-09
2.665470306214453965e-05 3.374296394101205188e+00 6.303635075999153292e-02 2.082369958162905556e-04 -6.230823019525837509e-06 1.380522072159066410e-07 3.42 0.00021069094756 1.6e-09
-4.085010012174581794e-05 1.354979662067965274e+00 3.368979653812311653e-02 1.152100064872780302e-04 -4.445563973512759099e-05 -1.213850771022943765e-06 3.42 0.00021069094756 1.6e-09
-4.638484706722234265e-05 1.082306747523527957e+00 -1.020805775964538434e-02 1.090960555269488840e-04 4.984121520238396139e-05 6.493484931360823154e-07 3.42 0.00021069094756 1.6e-09
-4.802452527630107922e-05 3.305417567074965479e+00 4.874208083849625867e-02 2.046222348303024545e-04 8.264476268681179787e-06 4.390168613419719948e-07 3.42 0.00021069094756 1.6e-09
2.019126868726854390e-05 2.892555436285318748e+00 6.502389939602101765e-02 1.832037464683801376e-04 -1.735347645213141174e-05 -1.897078463963988372e-07 3.42 0.00021069094756 1.6e-09
6.585085075277874607e-05 4.489910166677834047e-01 -2.166665958758458386e-03 1.381739892940678422e-04 -3.411898000202165257e-05 -2.632622756596008344e-06 3.42 0.00021069094756 1.6e-09
-4.683742962893111723e-05 2.323862746738198481e+00 1.394430740329593091e-02 1.550163990604228709e-04 2.682098515217465467e-05 7.637720873097441360e-07 3.42 0.00021069094756 1.6e-09
1.011781414785240316e-04 3.417984588001536927e+00 6.644625441363766205e-02 2.105763414379289533e-04 -1.969059967692096715e-06 2.614732861346925125e-07 3.42 0.00021069094756 1.6e-09
1.421665342122709641e-05 1.873510664809155291e+00 5.156530731413978830e-02 1.345339948797155509e-04 -3.450067945240214951e-05 -8.436687965489558693e-07 3.42 0.00021069094756 1.6e-09
3.796323726322741176e-05 6.569582643581178827e-01 -1.805609706552781940e-02 1.151171937842853060e-04 5.382134099752277219e-05 -9.049197982526731454e-08 3.42 0.00021069094756 1.6e-09
-9.220532703370640573e-05 3.121704857116612608e+00 4.827694677444376026e-02 1.950434232529682597e-04 1.248943686260893909e-05 6.585050421938096082e-07 3.42 0.00021069094756 1.6e-09
-5.085259868941911251e-05 3.103155768035763540e+00 8.269449221049218757e-02 1.940803872985780404e-04 -1.288708790317915307e-05 -4.469632585556330328e-08 3.42 0.00021069094756 1.6e-09
4.610660100058298845e-05 6.309436377918333783e-01 1.135868952913076518e-02 1.167845249305633440e-04 -5.319968632392269199e-05 -3.105830147203721763e-06 3.42 0.00021069094756 1.6e-09
1.577589752480184536e-05 1.916615208627775901e+00 1.100582285169344338e-02 1.363927482489527790e-04 3.372606260956775338e-05 1.198670746513358326e-06 3.42 0.00021069094756 1.6e-09
8.913748768899206550e-06 3.418088397099074527e+00 9.250101316627191983e-02 2.105838271701734204e-04 1.578766143730354933e-06 4.399330189102093614e-07 3.42 0.00021069094756 1.6e-09
4.560010611193623790e-05 2.281427451705439147e+00 8.432808922734856549e-02 1.529995004906517335e-04 -2.747932455761754259e-05 -8.395753472681475630e-07 3.42 0.00021069094756 1.6e-09
9.393375959151210907e-06 4.607166516659226274e-01 -2.001596160795795359e-02 1.359846970935096161e-04 3.743088909847444882e-05 -1.138663005423282853e-06 3.42 0.00021069094756 1.6e-09
-2.874698350194620990e-06 2.920263748360738099e+00 7.161052531078690442e-02 1.846166934674150790e-04 1.686715559008135592e-05 1.022480990478574700e-06 3.42 0.00021069094756 1.6e-09
2.165363023725901164e-05 3.295536723024196313e+00 1.241014689736033572e-01 2.040983673541040011e-04 -8.611833353102995437e-06 -2.026719206306264228e-08 3.42 0.00021069094756 1.6e-09
5.586805623484573349e-06 1.045946570854942692e+00 3.759489260587493137e-02 1.086282852394947072e-04 -5.046342299650112876e-05 -2.914953133542797528e-06 3.42 0.00021069094756 1.6e-09
-2.879118643367629987e-05 1.394499717027090746e+00 8.829526095208740932e-03 1.164136596584379793e-04 4.364811483840886914e-05 1.883194475435701464e-06 3.42 0.00021069094756 1.6e-09
-2.085374330666870974e-05 3.378108043368944990e+00 1.224687111063634676e-01 2.084401228721502290e-04 5.895070677361343342e-06 5.920392794197252382e-07 3.42 0.00021069094756 1.6e-09
1.624662338405402602e-05 2.727998465385864435e+00 1.192546802359460145e-01 1.748417676131383243e-04 -2.028867671968710229e-05 -7.973084451601338100e-07 3.42 0.00021069094756 1.6e-09
5.257390461157298623e-05 4.077388742194051896e-01 -1.517773902409612179e-02 1.466743358769167051e-04 -1.200696916665425475e-05 -2.892854620303535524e-06 3.42 0.00021069094756 1.6e-09
-4.247879659297356623e-05 2.542678832926623222e+00 7.344543100762221388e-02 1.656164825508805419e-04 2.330696219282410786e-05 1.354450232234276823e-06 3.42 0.00021069094756 1.6e-09
-6.656451927040736192e-05 3.408406047475999845e+00 1.424166249939029516e-01 2.100504983278230538e-04 -3.925694038297159625e-06 6.131326788317040714e-08 3.42 0.00021069094756 1.6e-09
3.714582551410409376e-05 1.645259569204017058e+00 6.774806900276221511e-02 1.252141421136554358e-04 -3.871076418229508034e-05 -2.110537116375264307e-06 3.42 0.00021069094756 1.6e-09
-4.246319636318941765e-06 8.245902940880780463e-01 -8.589767254254684903e-03 1.090635405192335477e-04 5.390094998395221645e-05 2.174537337955677116e-06 3.42 0.00021069094756 1.6e-09
3.938475799316256830e-05 3.207609992477188587e+00 1.221931089203590615e-01 1.995153204222311369e-04 1.047682597885531884e-05 7.750487983102395572e-07 3.42 0.00021069094756 1.6e-09
4.446737971950242977e-05 3.005491895276094727e+00 1.340436582862344350e-01 1.890217268138734549e-04 -1.492361819333444669e-05 -6.079587220874720555e-07 3.42 0.00021069094756 1.6e-09
1.126121861064274747e-05 5.245112607299011742e-01 -4.930268647344551031e-03 1.267622581923652102e-04 -4.710961904520845811e-05 -3.847494003935102734e-06 3.42 0.00021069094756 1.6e-09
9.899399038568011547e-06 2.116163521828968719e+00 6.233234802671985819e-02 1.453097685016174192e-04 3.015859996347854772e-05 1.789051438201274693e-06 3.42 0.00021069094756 1.6e-09
8.981120025196413792e-05 3.412813064779472771e+00 1.542045958067673195e-01 2.103140322428417711e-04 -2.105186207816413472e-07 2.009140903309520023e-07 3.42 0.00021069094756 1.6e-09
-1.587847420091825413e-05 2.070411958077930326e+00 9.320840873034694218e-02 1.432248869286224606e-04 -3.091718433598666276e-05 -1.751319896290570875e-06 3.42 0.00021069094756 1.6e-09
1.147399663640361357e-05 5.446418515285215145e-01 -1.779751722521250717e-02 1.243700960492074366e-04 4.907102652671586039e-05 2.046845506810886390e-06 3.42 0.00021069094756 1.6e-09
3.931286374099801520e-06 3.029267671659988892e+00 1.320592740159678702e-01 1.902470913116095287e-04 1.444822165656609732e-05 1.029854043440117607e-06 3.42 0.00021069094756 1.6e-09
8.497550774773936666e-06 3.191410514215764493e+00 1.581140796185676045e-01 1.986670876165728245e-04 -1.088503490491352541e-05 -5.230150674942104059e-07 3.42 0.00021069094756 1.6e-09
2.093848551785024005e-05 7.892590251261302203e-01 1.126653007291412989e-02 1.097759420182557982e-04 -5.415055682098880767e-05 -3.865732226150200867e-06 3.42 0.00021069094756 1.6e-09
2.162584050760089384e-05 1.691293433346724440e+00 5.656882403099327411e-02 1.270147679891674868e-04 3.781638372725695178e-05 2.467356060261591873e-06 3.42 0.00021069094756 1.6e-09
8.022863535210827783e-05 3.409729025341467157e+00 1.743383525235123188e-01 2.101235802253602651e-04 3.528003503791916131e-06 3.035539279648153067e-07 3.42 0.00021069094756 1.6e-09
1.352877293816214736e-05 2.501261905337082148e+00 1.208878096823332027e-01 1.635831494012840914e-04 -2.391515757237536180e-05 -1.537413483973067409e-06 3.42 0.00021069094756 1.6e-09
6.477124411308786466e-05 4.120353181270255405e-01 -2.152978641674470339e-02 1.456274262692737107e-04 1.682455359419013585e-05 1.086424624830879448e-06 3.42 0.00021069094756 1.6e-09
-2.315581203671406604e-05 2.762112736638382415e+00 1.328694691559733354e-01 1.765568387108280781e-04 1.971567881914227814e-05 1.282850152265558009e-06 3.42 0.00021069094756 1.6e-09
-4.203857930361856374e-05 3.371123552170234738e+00 1.716702539234482572e-01 2.080667143753004746e-04 -6.251973318121526793e-06 -4.204807341052014188e-07 3.42 0.00021069094756 1.6e-09
2.141958675212781059e-05 1.352781113534471835e+00 3.898655124627034563e-02 1.151355227771114643e-04 -4.444052848885664167e-05 -2.895255589839715204e-06 3.42 0.00021069094756 1.6e-09
2.370433719027504241e-05 1.085878267186401569e+00 2.674134594299401591e-02 1.091446331039438333e-04 4.965851192075816211e-05 3.215606576995397862e-06 3.42 0.00021069094756 1.6e-09
-4.298169096997805309e-05 3.302870947643258948e+00 1.606843121803233077e-01 2.044867307444243421e-04 8.245364311525015265e-06 4.265988313829474233e-07 3.42 0.00021069094756 1.6e-09
5.801372936100319499e-05 2.891312200200668592e+00 1.270029936961033501e-01 1.831380159447861889e-04 -1.731282056503338117e-05 -1.133036194040251215e-06 3.42 0.00021069094756 1.6e-09
6.850706026169175468e-05 4.495300223112673188e-01 -1.938506158023754061e-02 1.380527574348563709e-04 -3.419954667671294723e-05 -1.247619668376021547e-06 3.42 0.00021069094756 1.6e-09
-4.845732478752553526e-05 2.319997267283926412e+00 1.012897541522238265e-01 1.548334390342108685e-04 2.678984406449939654e-05 1.542801854770928546e-06 3.42 0.00021069094756 1.6e-09
9.433866468230026536e-06 3.413452057580770749e+00 1.568505372249611729e-01 2.103379579549196287e-04 -1.947105917576734710e-06 -2.223891239464121630e-07 3.42 0.00021069094756 1.6e-09
-2.608520321091717419e-05 1.872261032612076770e+00 5.798480730388366755e-02 1.344833323191861325e-04 -3.445742113205575404e-05 -2.031793134275827436e-06 3.42 0.00021069094756 1.6e-09
-5.389690366548538443e-05 6.584165833496427034e-01 6.600456653372035716e-04 1.150432931719274520e-04 5.373267912748807808e-05 3.714960395877017931e-06 3.42 0.00021069094756 1.6e-09
-9.624651049459248021e-05 3.116938323948264866e+00 1.443652996554321000e-01 1.947992531358736477e-04 1.245667230900747583e-05 6.033457636334117629e-07 3.42 0.00021069094756 1.6e-09
6.999899773432779050e-05 3.096039823979366723e+00 1.297410631866262043e-01 1.937141398040619317e-04 -1.292057372292124551e-05 -8.702745502217269259e-07 3.42 0.00021069094756 1.6e-09
-2.543378084854846770e-05 6.264507235693226317e-01 -1.250972051763825713e-02 1.171198618287166423e-04 -5.305769737794573213e-05 -2.385444450208577364e-06 3.42 0.00021069094756 1.6e-09
2.735180222282715162e-06 1.921947038645201111e+00 8.475189516882694618e-02 1.366299993607000514e-04 3.351755467827784803e-05 1.987490989796818987e-06 3.42 0.00021069094756 1.6e-09
-4.531444358346061949e-05 3.412676902853992722e+00 1.592441125348884878e-01 2.103014283197121679e-04 1.507190417582546078e-06 -1.008345499049862478e-07 3.42 0.00021069094756 1.6e-09
6.210672286221114715e-05 2.267036642928407453e+00 7.536729921630305751e-02 1.523234357945312651e-04 -2.765969220504214672e-05 -1.706476237347761420e-06 3.42 0.00021069094756 1.6e-09
-5.058035404081191283e-05 4.657685232536795117e-01 -1.071729875138769869e-02 1.351371904541649076e-04 3.848640060388788223e-05 4.084337892627848594e-06 3.42 0.00021069094756 1.6e-09
6.632861825567401158e-05 2.925111725550564756e+00 1.419799331859541713e-01 1.848681734694995944e-04 1.669451773029171618e-05 7.579498097588197891e-07 3.42 0.00021069094756 1.6e-09
1.903764025355919576e-06 3.287336113589566899e+00 1.372581333062633246e-01 2.036701890830403829e-04 -8.741889519675416335e-06 -7.545942711156608840e-07 3.42 0.00021069094756 1.6e-09
-2.181088953780154844e-06 1.025167896403117229e+00 -9.313739038382207267e-04 1.084304024876133507e-04 -5.091100292224081942e-05 -2.394322278833459476e-06 3.42 0.00021069094756 1.6e-09
-3.764620414043773377e-05 1.416519623176287102e+00 6.259656307824444654e-02 1.171009302628129895e-04 4.313982530114520862e-05 2.536820676803910544e-06 3.42 0.00021069094756 1.6e-09
4.390832336664070214e-05 3.382609143138210150e+00 1.452998144949391446e-01 2.086754988310349809e-04 5.763625720023978113e-06 -5.988611103297242839e-08 3.42 0.00021069094756 1.6e-09
3.581107349702093522e-05 2.719800944227769968e+00 7.675819117298959826e-02 1.744262195689501662e-04 -2.046304725156172682e-05 -1.298771469462805578e-06 3.42 0.00021069094756 1.6e-09
-3.593966887111404984e-05 4.064094141200985666e-01 -1.806601565284259719e-02 1.469515022832134309e-04 -1.036268068931547535e-05 2.961481790229033210e-06 3.42 0.00021069094756 1.6e-09
-4.721813254982909838e-05 2.554943160062202345e+00 1.047914354863469510e-01 1.662157494478716210e-04 2.314752223351037330e-05 7.568565685420300482e-07 3.42 0.00021069094756 1.6e-09
4.448158407862769752e-05 3.412503454560229521e+00 1.056521661115789879e-01 2.102622973013226261e-04 -3.990272647928130558e-06 -5.534971590704029872e-07 3.42 0.00021069094756 1.6e-09
5.725756162646841935e-05 1.641215989493968408e+00 6.906781237877102422e-03 1.250490828187665355e-04 -3.889416248122478813e-05 -1.477622474947902124e-06 3.42 0.00021069094756 1.6e-09
3.819259110067496112e-05 8.293998323538503969e-01 2.260811402838336717e-02 1.089770871652729213e-04 5.380342251123582304e-05 2.895599791764120754e-06 3.42 0.00021069094756 1.6e-09
1.076919031802414889e-05 3.212137216147132435e+00 9.756154892614235519e-02 1.997491320746687350e-04 1.047138759766010890e-05 1.830329222284249569e-08 3.42 0.00021069094756 1.6e-09
-2.791661513950343028e-05 3.009403076243107655e+00 5.549219485388237616e-02 1.892209057520585682e-04 -1.493380957052939628e-05 -7.978048647147434200e-07 3.42 0.00021069094756 1.6e-09
3.939465282427274452e-05 5.236227678780471795e-01 -1.816053998879547937e-02 1.268499978992343057e-04 -4.714076075962937750e-05 7.233745053954628301e-07 3.42 0.00021069094756 1.6e-09
-4.121986183682902068e-05 2.116107822408355599e+00 6.569227492539586599e-02 1.453083029369884812e-04 3.019284607491349036e-05 8.425295101583492994e-07 3.42 0.00021069094756 1.6e-09
3.917839714404357286e-05 3.414942384167352074e+00 8.003601730434953265e-02 2.104276348021190835e-04 -2.023737464265190082e-07 -3.177004423999583247e-07 3.42 0.00021069094756 1.6e-09
-1.196248558287524150e-05 2.069483692189256541e+00 1.517467796542355113e-02 1.431845609300054912e-04 -3.101331714905290597e-05 -9.860618630088853871e-07 3.42 0.00021069094756 1.6e-09
5.099751259010994506e-05 5.460100548308686186e-01 3.021359365618576584e-03 1.242549541437990923e-04 4.911591328690591979e-05 3.057581910087844073e-06 3.42 0.00021069094756 1.6e-09
4.040058059207062881e-05 3.031352431183872209e+00 8.171504833026427272e-02 1.903593074359359193e-04 1.442910807925740043e-05 1.844000086198464944e-07 3.42 0.00021069094756 1.6e-09
6.436206785508653111e-05 3.188841395227700382e+00 5.882146680832538166e-02 1.985369370291335638e-04 -1.098052168439279251e-05 -5.748962771821259941e-07 3.42 0.00021069094756 1.6e-09
1.646290226366874587e-05 7.782112085935526391e-01 -1.373164607292607850e-02 1.100698313878166294e-04 -5.431985864091893809e-05 -6.162502222022198920e-07 3.42 0.00021069094756 1.6e-09
1.241338127788510980e-05 1.703404317067961582e+00 5.179174111019471671e-02 1.275032194051770257e-04 3.762712254603858781e-05 1.174598345622134663e-06 3.42 0.00021069094756 1.6e-09
1.967293501059199290e-05 3.411583160082511501e+00 8.108819330487641863e-02 2.102265529250923115e-04 3.408530945716997696e-06 -2.057320615301669364e-07 3.42 0.00021069094756 1.6e-09
5.145871523650611719e-05 2.484081428238783307e+00 2.718441378978340983e-02 1.627479152695236969e-04 -2.425607697189633804e-05 -8.542863036158837884e-07 3.42 0.00021069094756 1.6e-09
-2.877573881949570310e-06 4.145455453048281225e-01 -6.057272745753126617e-03 1.450944978440011214e-04 1.896055229696101474e-05 3.363010397451131601e-06 3.42 0.00021069094756 1.6e-09
2.441781767338763729e-05 2.780023656278939104e+00 7.141866398152652007e-02 1.774643554657144877e-04 1.948520264343686208e-05 2.318451457169753188e-07 3.42 0.00021069094756 1.6e-09
-4.079511723565631422e-05 3.369288539170629981e+00 5.356068076616807283e-02 2.079710765004163717e-04 -6.473874188612381884e-06 -4.825250592574446431e-07 3.42 0.00021069094756 1.6e-09
1.469436614308532499e-06 1.322997110794034592e+00 -1.121663027839566243e-02 1.142811533600185988e-04 -4.513550691137236867e-05 -7.196964356803666724e-07 3.42 0.00021069094756 1.6e-09
3.732974149197760823e-05 1.113721420390974881e+00 2.808368481369366565e-02 1.095550885258172688e-04 4.922795485042319777e-05 1.251314580881808881e-06 3.42 0.00021069094756 1.6e-09
-4.231649966481645264e-05 3.317338156857863929e+00 4.672215008936062008e-02 2.052426928881380440e-04 8.060731080382610550e-06 -2.121863136235905680e-07 3.42 0.00021069094756 1.6e-09
-8.365284139515677235e-05 2.886483136040004727e+00 8.126074173093453257e-03 1.828870202331299086e-04 -1.754188528900452572e-05 -4.979100964173940340e-07 3.42 0.00021069094756 1.6e-09
-7.731089218570110812e-06 4.447829220144376428e-01 -1.000253744927574046e-02 1.389158536153997539e-04 -3.296602326849922438e-05 2.286506050981966748e-06 3.42 0.00021069094756 1.6e-09
7.166533521065593067e-05 2.338831942955542864e+00 2.829902861796694535e-02 1.557266247381086503e-04 2.661083622809935691e-05 5.154097072512872827e-08 3.42 0.00021069094756 1.6e-09
7.327062772325467757e-05 3.422239529187184104e+00 1.310900781593966891e-02 2.107965483322714534e-04 -2.045327376834063942e-06 -2.616178903595825907e-07 3.42 0.00021069094756 1.6e-09
-2.438214174290852913e-05 1.869486740571414174e+00 -1.365149659165613982e-02 1.343545628558692208e-04 -3.463149587534007179e-05 -1.817221339479731988e-07 3.42 0.00021069094756 1.6e-09
3.488839976957173019e-05 6.605519074069514662e-01 5.168318925564749713e-03 1.149032226835028977e-04 5.392152910358021813e-05 7.058744767266992557e-07 3.42 0.00021069094756 1.6e-09
6.033069725631778739e-05 3.125421907613492589e+00 1.201334665944433014e-02 1.952359849723574029e-04 1.244365462101993026e-05 -8.334525866755528732e-08 3.42 0.00021069094756 1.6e-09
-4.306029832394360317e-05 3.103863435959621331e+00 -7.183787151341741945e-04 1.941158277980133714e-04 -1.292142783358604359e-05 -1.446245757859474522e-07 3.42 0.00021069094756 1.6e-09
1.671064743455817571e-05 6.284785161475477944e-01 -5.737007898983454215e-03 1.169495662544412125e-04 -5.324385442430115250e-05 5.112089372626897902e-07 3.42 0.00021069094756 1.6e-09
-4.729382923988029690e-05 1.919488842971754927e+00 8.833112914525681481e-03 1.365208295238397557e-04 3.368208493090022403e-05 1.764665773715330975e-07 3.42 0.00021069094756 1.6e-09
1.283414699701481353e-05 3.417946145389270551e+00 1.410771114302337807e-02 2.105789409202939925e-04 1.541278358389108322e-06 -2.700311866048285917e-08 3.42 0.00021069094756 1.6e-09
2.872138997510143108e-05 2.274497495409076198e+00 5.178784891039782401e-03 1.526753730531753305e-04 -2.762305355210196151e-05 -1.567932072751941783e-07 3.42 0.00021069094756 1.6e-09
-1.958141876650905996e-05 4.632114241896218010e-01 -3.476135599947471032e-03 1.355976451967766437e-04 3.809074684443413859e-05 2.924677015097135600e-07 3.42 0.00021069094756 1.6e-09
3.306486357939101509e-05 2.925032980799863846e+00 1.947772412691144150e-02 1.848667477505632926e-04 1.676682098799310222e-05 1.671139355488939721e-07 3.42 0.00021069094756 1.6e-09
3.201584455210207170e-05 3.289706146818796917e+00 2.418293035931779952e-02 2.037970301009705176e-04 -8.752495828028122510e-06 -6.904676374250911799e-08 3.42 0.00021069094756 1.6e-09
-3.771631468104536395e-05 1.024631495712662543e+00 3.386818149443099162e-03 1.084354218063694698e-04 -5.095376012723821005e-05 -4.988766636004876458e-07 3.42 0.00021069094756 1.6e-09
3.097722320405686593e-05 1.416547457705671142e+00 6.915154192282036393e-03 1.171147756731442903e-04 4.323155816894808004e-05 4.604911560534010605e-07 3.42 0.00021069094756 1.6e-09
-6.034875354475915563e-05 3.383356188924196317e+00 2.805806823519934115e-02 2.087194400915475467e-04 5.728856383044993725e-06 6.340771075901461830e-08 3.42 0.00021069094756 1.6e-09
7.461909718015872096e-06 2.712514776806555616e+00 2.111059576085239781e-02 1.740657901577790723e-04 -2.059892118259162055e-05 -2.183670274432450136e-07 3.42 0.00021069094756 1.6e-09
-3.045046217887920146e-05 4.054297720651772186e-01 -4.204537054058926984e-03 1.472344054805316315e-04 -9.477169915335090366e-06 7.370712593539319059e-08 3.42 0.00021069094756 1.6e-09
2.068711578888976808e-05 2.565125328336384847e+00 1.145008019509568056e-02 1.667220917607898376e-04 2.301695892954183217e-05 1.830204607063108719e-07 3.42 0.00021069094756 1.6e-09
5.057569354565331725e-05 3.411367594662364944e+00 1.991985917300040376e-02 2.102041352689447223e-04 -4.116744783188773404e-06 -5.485029880518276541e-09 3.42 0.00021069094756 1.6e-09
3.864426295269363418e-05 1.624555171120145358e+00 8.335503794226812105e-03 1.244186417319649313e-04 -3.921834496697392111e-05 -2.979535472379574889e-07 3.42 0.00021069094756 1.6e-09
5.412194511792239285e-05 8.423203466034174802e-01 -5.421616245795480953e-03 1.087709682486931949e-04 5.377725030153836325e-05 -9.359042598688810510e-08 3.42 0.00021069094756 1.6e-09
-4.976153969862139200e-05 3.220622779637609234e+00 4.949378878972242150e-03 2.001904874890283038e-04 1.034711501104455979e-05 1.306759913334687373e-07 3.42 0.00021069094756 1.6e-09
1.461709166700198432e-05 3.005751123972091321e+00 1.393380616321485480e-02 1.890301760801380709e-04 -1.506961974757314003e-05 2.654195658692084822e-08 3.42 0.00021069094756 1.6e-09
-2.988049637210753211e-06 5.188604293536287493e-01 1.859613013417352493e-03 1.274439874434763029e-04 -4.674449066564068448e-05 -7.297774911457721120e-07 3.42 0.00021069094756 1.6e-09
-6.722585617444593660e-06 2.128575499019075945e+00 -9.164653547880815404e-03 1.458734387927124827e-04 3.004999338119045016e-05 2.147364559930181037e-07 3.42 0.00021069094756 1.6e-09
9.572003791075968067e-05 3.420051922925790855e+00 1.497785676302794931e-02 2.106931970272259114e-04 -2.642223892207938583e-07 2.112427311177343881e-07 3.42 0.00021069094756 1.6e-09
-4.480176012180953722e-05 2.069480152761306258e+00 2.406688913957277798e-02 1.431776289087033013e-04 -3.105764843072456499e-05 -1.370400619006360223e-07 3.42 0.00021069094756 1.6e-09
-4.107173378847098536e-05 5.458680563406013153e-01 -1.252483291355661540e-02 1.242194843387442525e-04 4.927258625255087079e-05 -1.210529855015526621e-06 3.42 0.00021069094756 1.6e-09
-7.252039098232090431e-05 3.035812284718775622e+00 9.160939276886619423e-03 1.905827839388818130e-04 1.445449720485130694e-05 4.193919600331187912e-07 3.42 0.00021069094756 1.6e-09
-3.818015883307934922e-05 3.196713259408485719e+00 4.087741040518322322e-02 1.989421593251910819e-04 -1.091486009295429015e-05 1.550332792339013876e-07 3.42 0.00021069094756 1.6e-09
-1.567349807461543333e-05 7.878603503952152920e-01 1.648291595649669858e-02 1.098043168753184051e-04 -5.427616257661530366e-05 -1.612444652008766148e-06 3.42 0.00021069094756 1.6e-09
4.348779431573056634e-05 1.692360127330064357e+00 -7.443209963877802336e-03 1.270596555356373874e-04 3.789181676125772801e-05 6.608939314363261559e-07 3.42 0.00021069094756 1.6e-09
-6.048860038773259999e-05 3.413832737570645648e+00 4.897359712908909424e-02 2.103414758701342702e-04 3.527427004194245420e-06 4.035548177403612582e-07 3.42 0.00021069094756 1.6e-09
1.336350524473737861e-05 2.500594700349216382e+00 6.037620332693552361e-02 1.635521008733818813e-04 -2.401354063849183557e-05 -3.111533339798307700e-07 3.42 0.00021069094756 1.6e-09
4.910664038890789781e-05 4.121516616634305907e-01 -1.162091232241029524e-02 1.456318781424253820e-04 1.708761040116084438e-05 -2.245885805805070967e-06 3.42 0.00021069094756 1.6e-09
-5.728803694510179459e-05 2.767168018769372573e+00 3.193464444451554057e-02 1.768151732809661075e-04 1.970114953598786736e-05 7.480811131772963572e-07 3.42 0.00021069094756 1.6e-09
-1.496075111357072655e-05 3.371509569293448472e+00 7.869907632136756426e-02 2.080895489074182226e-04 -6.337096100047709662e-06 1.465329010913598793e-07 3.42 0.00021069094756 1.6e-09
-1.608850977700943975e-05 1.341177501690821394e+00 4.008684807090948793e-02 1.148045416483980296e-04 -4.471804985876735053e-05 -1.520262727845131227e-06 3.42 0.00021069094756 1.6e-09
-1.826700450314259938e-05 1.095438259987269181e+00 -1.007546323074480499e-02 1.092837396958562334e-04 4.958248283182437494e-05 9.177770618542553155e-07 3.42 0.00021069094756 1.6e-09
1.273362963717962877e-05 3.308903014596846326e+00 6.443686446943605595e-02 2.048048429844467324e-04 8.154824329472573123e-06 5.230459603028311906e-07 3.42 0.00021069094756 1.6e-09
-5.282754770737373195e-05 2.885954240148263850e+00 8.106417459855339014e-02 1.828660536736912041e-04 -1.746548996287351259e-05 -2.805404295701070831e-07 3.42 0.00021069094756 1.6e-09
1.141862417673380228e-05 4.465273108985571282e-01 -3.656187771978291166e-03 1.386340622266699443e-04 -3.331926126998390294e-05 -3.096225761501421330e-06 3.42 0.00021069094756 1.6e-09
-3.507222481766449052e-05 2.333084395258277155e+00 2.416854626865827527e-02 1.554565693901843856e-04 2.666142556677026721e-05 9.599589360782936173e-07 3.42 0.00021069094756 1.6e-09
-6.153778019770810579e-05 3.417061841108921527e+00 8.578623759981576780e-02 2.105272340870799732e-04 -2.045539532639927444e-06 2.627002108495633099e-07 3.42 0.00021069094756 1.6e-09
5.877833632377152493e-05 1.863153427336538659e+00 6.074407960269835594e-02 1.340913327697943326e-04 -3.467493640997391517e-05 -1.100851186948970055e-06 3.42 0.00021069094756 1.6e-09
4.461848883454194920e-05 6.635438584505510828e-01 -1.853380724811901081e-02 1.147371376730862519e-04 5.391839420519513304e-05 3.392179746466742375e-07 3.42 0.00021069094756 1.6e-09
4.846440564085304924e-05 3.125151890688723455e+00 6.600172316490521274e-02 1.952237330535717399e-04 1.237961808775656230e-05 7.448169758685721550e-07 3.42 0.00021069094756 1.6e-09
5.606166561665156271e-05 3.097357528649357761e+00 9.972052226598382418e-02 1.937796155979173030e-04 -1.299492394768259212e-05 -1.453715493070255592e-07 3.42 0.00021069094756 1.6e-09
-6.049980683225845252e-06 6.243764917074504650e-01 9.984891561502532917e-03 1.172540119657050780e-04 -5.298026512197792404e-05 -3.498169220303774357e-06 3.42 0.00021069094756 1.6e-09
4.748995329437790411e-05 1.927529931561066334e+00 2.129577771452047935e-02 1.368685786692341714e-04 3.351319344852040217e-05 1.430721233093414567e-06 3.42 0.00021069094756 1.6e-09
-1.006029802594772651e-04 3.417131472409976389e+00 1.114494615012267542e-01 2.105342106220942696e-04 1.483436849206302291e-06 4.263775457041255969e-07 3.42 0.00021069094756 1.6e-09
4.665923255740918367e-05 2.268999513278212810e+00 9.300356724099578809e-02 1.524126282380678407e-04 -2.766292807725350338e-05 -1.050700737056577333e-06 3.42 0.00021069094756 1.6e-09
-4.361303474560975445e-05 4.645333111588695885e-01 -2.107910728283083485e-02 1.353286712279970017e-04 3.831858426572830876e-05 -5.872447658453659167e-07 3.42 0.00021069094756 1.6e-09
-9.147564958929843581e-06 2.926891565308295640e+00 8.781424985968105945e-02 1.849573596942158437e-04 1.671772361361873474e-05 1.094862603887423148e-06 3.42 0.00021069094756 1.6e-09
-2.934327741815588451e-05 3.289665367434053245e+00 1.386810846888271720e-01 2.037911362546580157e-04 -8.734363396512198665e-06 -1.140215638892113001e-07 3.42 0.00021069094756 1.6e-09
5.445855327353688849e-06 1.030063888098034397e+00 3.617458740634198200e-02 1.084709125454715571e-04 -5.074288229991908859e-05 -3.197929143432637600e-06 3.42 0.00021069094756 1.6e-09
5.187332789448898191e-05 1.411815330581683181e+00 1.675272990266819806e-02 1.169589637581723487e-04 4.328497290710901638e-05 2.154126194431211547e-06 3.42 0.00021069094756 1.6e-09
-8.234387659144974463e-05 3.380540856711531372e+00 1.383403828712854999e-01 2.085682750432134780e-04 5.768478773336576897e-06 5.723835231296539193e-07 3.42 0.00021069094756 1.6e-09
-5.096684014791715088e-05 2.717196617622005927e+00 1.264429793026247417e-01 1.742984811000354919e-04 -2.045483565941889177e-05 -9.504516958458812456e-07 3.42 0.00021069094756 1.6e-09
-2.753171903110001201e-05 4.066557470873671254e-01 -1.731509522396882522e-02 1.469211236820914222e-04 -1.054339260012505846e-05 -2.459542203578281897e-06 3.42 0.00021069094756 1.6e-09
-4.026049443493450022e-05 2.554407940717467351e+00 8.674106016506960559e-02 1.661935997881236536e-04 2.310962701495243915e-05 1.426374718631731355e-06 3.42 0.00021069094756 1.6e-09
9.266546473345832165e-05 3.407067130648385955e+00 1.542624152601205778e-01 2.099782344823125147e-04 -4.045927755185075510e-06 -1.765238303274975252e-08 3.42 0.00021069094756 1.6e-09
-4.465107996536461484e-05 1.632039554356804700e+00 6.698416181834143668e-02 1.247078780629846235e-04 -3.895045431724248881e-05 -2.292595976897667825e-06 3.42 0.00021069094756 1.6e-09
-3.072337202083515520e-05 8.356174615837521635e-01 -4.326410279037617816e-03 1.088797155079534356e-04 5.377367914412234330e-05 2.586214649974640153e-06 3.42 0.00021069094756 1.6e-09
-1.181137464413429118e-06 3.211841504873841568e+00 1.350196040738108061e-01 1.997355665996185530e-04 1.037025712290374407e-05 7.539973663997970921e-07 3.42 0.00021069094756 1.6e-09
-7.649093876519689333e-05 2.999962281338425019e+00 1.393937295716912717e-01 1.887364902415533023e-04 -1.502287839308680611e-05 -7.262372332926483926e-07 3.42 0.00021069094756 1.6e-09
1.033811427975172987e-05 5.199585376518662816e-01 -8.004081119433289343e-03 1.273274138948750746e-04 -4.664282434498346057e-05 -3.632622795972138397e-06 3.42 0.00021069094756 1.6e-09
9.585010117371367923e-06 2.126014412779093199e+00 7.282225289174402982e-02 1.457616857116246370e-04 2.997625087409885121e-05 1.860378852125351087e-06 3.42 0.00021069094756 1.6e-09
-7.679169260718454000e-05 3.412084327558031926e+00 1.626361700046989323e-01 2.102757222789284003e-04 -2.886318410068464273e-07 1.245542739216255033e-07 3.42 0.00021069094756 1.6e-09
3.373384332485056898e-05 2.059540656372107925e+00 9.120543246966968109e-02 1.427327805533160077e-04 -3.110044052431466897e-05 -1.874211300750881687e-06 3.42 0.00021069094756 1.6e-09
2.255496222571398156e-05 5.501135905065941412e-01 -1.545651663464156153e-02 1.237819682667895549e-04 4.946281321476647674e-05 2.639826882774846272e-06 3.42 0.00021069094756 1.6e-09
5.187137083003359641e-05 3.033774417834676829e+00 1.417155039135946093e-01 1.904814551130225124e-04 1.432710332709879656e-05 9.898564680026957849e-07 3.42 0.00021069094756 1.6e-09
1.294902754308947346e-06 3.185335019947396873e+00 1.598567672529896122e-01 1.983513021321683630e-04 -1.100066708474430056e-05 -6.258313239280063534e-07 3.42 0.00021069094756 1.6e-09
3.175568171220424129e-05 7.776081267703263133e-01 6.457605729913265188e-03 1.100737504849390606e-04 -5.423418716285941204e-05 -3.740226800112196727e-06 3.42 0.00021069094756 1.6e-09
2.345965160058797026e-05 1.705959575044727838e+00 6.522386373654873171e-02 1.275971643313988490e-04 3.752432182744091930e-05 2.516743475872353967e-06 3.42 0.00021069094756 1.6e-09
8.023150340540091295e-05 3.410178890819255848e+00 1.785830982287755220e-01 2.101486040706285956e-04 3.405726493566392854e-06 2.163623807377336595e-07 3.42 0.00021069094756 1.6e-09
4.352708459556082696e-05 2.487686250439296920e+00 1.157163032332598068e-01 1.629192359151323763e-04 -2.413102810821216203e-05 -1.622081801790941630e-06 3.42 0.00021069094756 1.6e-09
3.003460976277890526e-05 4.139394906792756013e-01 -2.070410416901259654e-02 1.451941722928144752e-04 1.839017049415354974e-05 1.919958833239001248e-06 3.42 0.00021069094756 1.6e-09
2.230518467449832686e-05 2.773083816439760874e+00 1.389339379583549305e-01 1.771113075997038789e-04 1.952599544249601074e-05 1.205028978368788176e-06 3.42 0.00021069094756 1.6e-09
2.729405531590924913e-05 3.368024896237490573e+00 1.684011916372729345e-01 2.079027720747239941e-04 -6.389614845596427396e-06 -5.122278874114159591e-07 3.42 0.00021069094756 1.6e-09
-3.182556827489687381e-05 1.335049217794916476e+00 3.118618973790364401e-02 1.146210117300953420e-04 -4.480546607582487514e-05 -2.816340060770927551e-06 3.42 0.00021069094756 1.6e-09
3.840817232324518027e-05 1.102958551499431117e+00 3.298190332180862827e-02 1.093934918819879955e-04 4.932081427554756516e-05 3.242235768610201901e-06 3.42 0.00021069094756 1.6e-09
-4.408412160341857827e-05 3.308393936908124111e+00 1.588874846582334910e-01 2.047754505970167339e-04 8.120543798897712055e-06 3.208653913791329502e-07 3.42 0.00021069094756 1.6e-09
5.639972353330213950e-05 2.884748078205841448e+00 1.169995459576040481e-01 1.828009045398433616e-04 -1.745703742350183718e-05 -1.172660675785717695e-06 3.42 0.00021069094756 1.6e-09
5.185734052612287197e-05 4.462987333332695816e-01 -2.038931247499790184e-02 1.386466070670910140e-04 -3.324147841221753856e-05 -4.599497596893997040e-07 3.42 0.00021069094756 1.6e-09
-6.488119434736815919e-05 2.331440281855568841e+00 1.024979459240301927e-01 1.553780412609946638e-04 2.661638735048774178e-05 1.408272625012838309e-06 3.42 0.00021069094756 1.6e-09
-1.395623311894004517e-05 3.414200212865082573e+00 1.469829864259153962e-01 2.103762750793681580e-04 -2.038168569547381532e-06 -2.987980824115535423e-07 3.42 0.00021069094756 1.6e-09
4.250812155668478920e-05 1.862078187013178621e+00 4.731779482827502825e-02 1.340463955580096839e-04 -3.466694543013008130e-05 -1.916937301705496192e-06 3.42 0.00021069094756 1.6e-09
3.317373459110329432e-05 6.652936667660627190e-01 4.326460010516734039e-03 1.146547944974225265e-04 5.381940888783156679e-05 3.749502922064078112e-06 3.42 0.00021069094756 1.6e-09
-9.564289535057799731e-05 3.121680788658536265e+00 1.369148624962683858e-01 1.950458153157908468e-04 1.236309866825886437e-05 4.845818676935661001e-07 3.42 0.00021069094756 1.6e-09
-2.542714302204347358e-05 3.091839110511151567e+00 1.155925625214531960e-01 1.934967582824727609e-04 -1.301879090158849870e-05 -8.729345534365330615e-07 3.42 0.00021069094756 1.6e-09
-5.408008251220924092e-05 6.197933437841702808e-01 -1.481241136659194532e-02 1.176035724370288956e-04 -5.286610489968731675e-05 -1.814574159168122833e-06 3.42 0.00021069094756 1.6e-09
-2.348454629318063517e-07 1.932660011209192508e+00 8.316766088920968247e-02 1.370979528881016273e-04 3.333239143525886590e-05 1.798729828531184127e-06 3.42 0.00021069094756 1.6e-09
6.585662800203900369e-05 3.412758897326898300e+00 1.455192683892748140e-01 2.103072124756170610e-04 1.399957593963016270e-06 -1.642393693418949835e-07 3.42 0.00021069094756 1.6e-09
6.308916159300954072e-05 2.254557338785134313e+00 6.284131359333591793e-02 1.517363502797933964e-04 -2.787379549289791507e-05 -1.588366325134321252e-06 3.42 0.00021069094756 1.6e-09
-8.665611471224198914e-06 4.699469194855282472e-01 -8.016226492284020400e-03 1.344557959550749210e-04 3.934885765102961238e-05 4.182537412762167821e-06 3.42 0.00021069094756 1.6e-09
9.104029063075003906e-05 2.932780109915056777e+00 1.327034747378469937e-01 1.852635934518323719e-04 1.654261944213258250e-05 6.282621471142990445e-07 3.42 0.00021069094756 1.6e-09
6.235191984452166441e-05 3.281302098211262841e+00 1.215830006329581825e-01 2.033552526416483586e-04 -8.897523311026260041e-06 -7.502533045205333567e-07 3.42 0.00021069094756 1.6e-09
-4.180581313084657429e-05 1.006028466661495369e+00 -5.680021158384918403e-03 1.082854954333581273e-04 -5.126387746191638634e-05 -2.034742171059865703e-06 3.42 0.00021069094756 1.6e-09
-5.603816400268569391e-07 1.436980474060091550e+00 6.227347794061761921e-02 1.177625247386847838e-04 4.274727057863826011e-05 2.287793950909783486e-06 3.42 0.00021069094756 1.6e-09
3.838958530225891792e-05 3.386427474093709922e+00 1.313620146906718245e-01 2.088776176904906068e-04 5.605986900554604674e-06 -1.291615304249394538e-07 3.42 0.00021069094756 1.6e-09
-3.886553425108372903e-05 2.706211554350225867e+00 6.294868717907955991e-02 1.737442505383878151e-04 -2.069589024386558191e-05 -1.213301708050570984e-06 3.42 0.00021069094756 1.6e-09
1.652657544529804131e-05 4.051817981358606935e-01 -1.605518737768578744e-02 1.472367723188238819e-04 -8.483401323530173795e-06 3.370629254581673613e-06 3.42 0.00021069094756 1.6e-09
4.637811277711737922e-05 2.571189897491375387e+00 9.602950432514092971e-02 1.670174160506904173e-04 2.290188041555083723e-05 5.886233499839552523e-07 3.42 0.00021069094756 1.6e-09
-7.441041524239996809e-05 3.412219317061632395e+00 8.865293859426912060e-02 2.102455316274327943e-04 -4.131167412547406360e-06 -5.589098720245428645e-07 3.42 0.00021069094756 1.6e-09
-6.165330804391547681e-05 1.624160479590006867e+00 -1.118020610142299266e-03 1.243982056953663495e-04 -3.922551623150486133e-05 -1.229969125035769987e-06 3.42 0.00021069094756 1.6e-09
-3.043430032809295473e-05 8.433451223909929073e-01 2.336853668016541236e-02 1.087532478275272788e-04 5.368591680910397488e-05 2.521782367260487437e-06 3.42 0.00021069094756 1.6e-09
7.309207688519648975e-05 3.219418042581959405e+00 8.088828205047923769e-02 2.001279497854114827e-04 1.033554593328960316e-05 -7.024824768886844785e-08 3.42 0.00021069094756 1.6e-09
8.212544355400388705e-05 3.004560170045334377e+00 3.873828703080667984e-02 1.889684948028534997e-04 -1.507393786515292273e-05 -7.059762299367067951e-07 3.42 0.00021069094756 1.6e-09
4.893314512752311809e-05 5.185932721904653597e-01 -1.690896038729749334e-02 1.274704573382610365e-04 -4.663647695300969211e-05 1.171078497427563096e-06 3.42 0.00021069094756 1.6e-09
4.995687140008547899e-05 2.127812674809763216e+00 5.521226852296706733e-02 1.458447795513615408e-04 3.000822452138617123e-05 6.128598040970515267e-07 3.42 0.00021069094756 1.6e-09
5.764341785826188438e-05 3.416191710533818870e+00 6.016439847967297583e-02 2.104926764727571272e-04 -2.949968809248956495e-07 -3.109974662811787660e-07 3.42 0.00021069094756 1.6e-09
2.894982858154065649e-05 2.060333043420481403e+00 5.703253151928659899e-03 1.427685374943504998e-04 -3.118788449812630987e-05 -7.557810427827074420e-07 3.42 0.00021069094756 1.6e-09
1.657452718888491759e-05 5.504661827327830270e-01 3.711713188524150882e-03 1.237695245316442752e-04 4.948930835793910411e-05 2.531918487185261452e-06 3.42 0.00021069094756 1.6e-09
4.390570313951984199e-05 3.036534913362090471e+00 6.379638993138429803e-02 1.906274749199380822e-04 1.433037465483481175e-05 1.028686863874349797e-07 3.42 0.00021069094756 1.6e-09
-7.313429451796514568e-06 3.184931605054410753e+00 4.243049690041708621e-02 1.983335444279206872e-04 -1.107644550375506375e-05 -4.714937030594175426e-07 3.42 0.00021069094756 1.6e-09
1.454673116047113280e-05 7.693284108163190860e-01 -1.251560652299113854e-02 1.103137338446221805e-04 -5.437023530428154201e-05 -3.110859449975368508e-07 3.42 0.00021069094756 1.6e-09
2.341034456839683666e-05 1.715061605302275138e+00 4.216405747176680402e-02 1.279697918759188625e-04 3.741780141767759313e-05 9.157624029908360275e-07 3.42 0.00021069094756 1.6e-09
4.300516776310786158e-06 3.412172969920372001e+00 6.363357475807182584e-02 2.102592171641954472e-04 3.304862058889710824e-06 -1.804815407540238725e-07 3.42 0.00021069094756 1.6e-09
3.259416654839666954e-05 2.472303390803724632e+00 1.968966330204732079e-02 1.621742552602627250e-04 -2.444376420050563400e-05 -6.800099764366414921e-07 3.42 0.00021069094756 1.6e-09
5.849684552442506902e-06 4.162494668490921423e-01 -4.754179128333578877e-03 1.447239439680526808e-04 2.022350958574691020e-05 2.791527442446226375e-06 3.42 0.00021069094756 1.6e-09
8.690020534242607144e-05 2.789433703088890493e+00 5.766621443957875570e-02 1.779424860588479538e-04 1.931508696646511372e-05 1.751530204870537119e-07 3.42 0.00021069094756 1.6e-09
-2.631826640846863049e-05 3.365110317954215891e+00 4.234931503022793670e-02 2.077517650252173258e-04 -6.611572762219812273e-06 -3.954859566756692330e-07 3.42 0.00021069094756 1.6e-09
4.673721447726047221e-05 1.304190870849696537e+00 -9.799596538659771996e-03 1.137604414088892935e-04 -4.551127059671427114e-05 -5.604752147962895888e-07 3.42 0.00021069094756 1.6e-09
-5.474311151272426025e-05 1.131693717866827598e+00 2.291239542349943897e-02 1.098540269766635471e-04 4.889688836454348845e-05 9.527273604318427422e-07 3.42 0.00021069094756 1.6e-09
-5.829222039098104914e-05 3.322297961017203427e+00 3.548624618394725233e-02 2.055032642377274568e-04 7.917108330433706613e-06 -1.835234128216823966e-07 3.42 0.00021069094756 1.6e-09
-8.800221534085934981e-05 2.876933072769356947e+00 4.255020679439369333e-03 1.823990681602273534e-04 -1.771870249931607895e-05 -3.897553557291692679e-07 3.42 0.00021069094756 1.6e-09
-3.230125047629296047e-05 4.410181957344793124e-01 -7.768567765996667665e-03 1.396400576921572154e-04 -3.175223770262284749e-05 1.963709735444590433e-06 3.42 0.00021069094756 1.6e-09
-4.494488520375598069e-05 2.353284964783618705e+00 1.873315619554638545e-02 1.564162785021890717e-04 2.639057307183847415e-05 -4.382276080181871994e-09 3.42 0.00021069094756 1.6e-09
5.642651138380351956e-05 3.422279186328398559e+00 5.626643749989397592e-03 2.107974328914905926e-04 -2.168461744980192247e-06 -1.928655659500826166e-07 3.42 0.00021069094756 1.6e-09
-1.532801199940358964e-05 1.855544262504234432e+00 -1.198325031148759871e-02 1.337596633367799321e-04 -3.488868901627266178e-05 -8.072677108167027684e-08 3.42 0.00021069094756 1.6e-09
4.870939620906177919e-05 6.697512270695322734e-01 2.457090055738925076e-03 1.143795199866642789e-04 5.406929734703010929e-05 2.642740712483154582e-07 3.42 0.00021069094756 1.6e-09
3.380641739343367356e-05 3.131665540314705343e+00 2.642052319498949635e-03 1.955596530149007143e-04 1.231950903508642977e-05 -5.506664866319375646e-08 3.42 0.00021069094756 1.6e-09
-8.441899173420936624e-05 3.098916691967083192e+00 -3.356021935190047628e-03 1.938583930349945645e-04 -1.303869433135277828e-05 -5.217699855857075250e-08 3.42 0.00021069094756 1.6e-09
3.458917838941989140e-05 6.210994565875627149e-01 -2.627355415701842362e-03 1.174716270448764857e-04 -5.304955790302331260e-05 3.307633494970476195e-07 3.42 0.00021069094756 1.6e-09
2.867592955150150905e-05 1.931818603208661722e+00 5.863769723853602721e-04 1.370573120084713859e-04 3.346245061073631853e-05 1.153905037330069877e-07 3.42 0.00021069094756 1.6e-09
-9.296174823963316886e-06 3.418722905777818344e+00 8.790831161048114767e-03 2.106197830944372203e-04 1.443658941861778806e-06 4.719784898661092871e-08 3.42 0.00021069094756 1.6e-09
5.767805599948458949e-05 2.264122545919385665e+00 8.373050583483504505e-03 1.521841090082869943e-04 -2.780017114718889753e-05 -8.036302460857403237e-08 3.42 0.00021069094756 1.6e-09
-5.758949794188354752e-06 4.665888747925428515e-01 -5.085435695780123749e-03 1.350225311818345161e-04 3.884791046282120647e-05 -3.435697295525120427e-07 3.42 0.00021069094756 1.6e-09
-7.436284635186085894e-05 2.931584529177139853e+00 1.302399258266435586e-02 1.852022238148914315e-04 1.664944582209377648e-05 2.229713617430875037e-07 3.42 0.00021069094756 1.6e-09
-7.299198679800288233e-05 3.285795234564278022e+00 2.572838533146453235e-02 2.035922215527014218e-04 -8.852986570142392986e-06 1.612849565352453113e-08 3.42 0.00021069094756 1.6e-09
4.282068207082110126e-05 1.011919244237871940e+00 8.599840328352377494e-03 1.083272159482927982e-04 -5.119369051366441154e-05 -6.492016609207882911e-07 3.42 0.00021069094756 1.6e-09
5.860760618742754828e-05 1.430300884227364566e+00 1.095259900032033180e-03 1.175577165197633212e-04 4.295788650738104227e-05 4.374352345445885583e-07 3.42 0.00021069094756 1.6e-09
-1.675877693712137309e-05 3.385452238281855930e+00 2.913681287610270926e-02 2.088304965645366594e-04 5.618581627594900285e-06 1.561575260256915306e-07 3.42 0.00021069094756 1.6e-09
4.544925470240778343e-05 2.703089294257425834e+00 2.956347945259910764e-02 1.735922865846784339e-04 -2.075576102099996139e-05 -1.869662405936610986e-07 3.42 0.00021069094756 1.6e-09
2.559744892997220563e-05 4.047353067631785928e-01 -4.475709340410312376e-03 1.473981800004371635e-04 -8.230068322305675825e-06 -6.883187844557697891e-07 3.42 0.00021069094756 1.6e-09
-6.526432183261039733e-06 2.575230172398349282e+00 1.092125608305120205e-02 1.672215190707019520e-04 2.285155865470853801e-05 2.963388080908294432e-07 3.42 0.00021069094756 1.6e-09
-7.954947491139901833e-05 3.409622822666296571e+00 2.925697162330712087e-02 2.101118166603387408e-04 -4.216650381170670476e-06 6.276128124837520862e-08 3.42 0.00021069094756 1.6e-09
-5.060850755048725539e-05 1.610625498200291439e+00 1.728434153866448275e-02 1.238945438128556849e-04 -3.947065142158506302e-05 -4.543155145178074803e-07 3.42 0.00021069094756 1.6e-09
-3.513172011933322284e-05 8.536420700614575363e-01 -8.828945825793729774e-03 1.086156108420625627e-04 5.364679869569436061e-05 -5.678323784077846830e-08 3.42 0.00021069094756 1.6e-09
2.133237230432580826e-05 3.224997251103062457e+00 1.273074366229664731e-02 2.004195206102805731e-04 1.022680294249999841e-05 2.368255930028443484e-07 3.42 0.00021069094756 1.6e-09
9.189205754054462899e-05 2.998978820461791983e+00 2.737709518508515613e-02 1.886807126973139145e-04 -1.520382146524398219e-05 1.729407273742936443e-08 3.42 0.00021069094756 1.6e-09
-6.325683114985212780e-05 5.137404117673642912e-01 2.750675162011716277e-03 1.281123527311838026e-04 -4.612881692502845423e-05 -1.357381547173147506e-06 3.42 0.00021069094756 1.6e-09
-5.178182326793533455e-05 2.140499939238846849e+00 -6.587648285762625136e-03 1.464216383292900195e-04 2.984714441594790688e-05 3.754405341669626979e-07 3.42 0.00021069094756 1.6e-09
-1.814341976208562414e-05 3.419492872236869374e+00 2.827303438944088823e-02 2.106639099098679777e-04 -3.671759165590894353e-07 2.642231406234498406e-07 3.42 0.00021069094756 1.6e-09
6.089975056901208105e-05 2.056197625632368187e+00 3.482184191271892049e-02 1.425760537594780416e-04 -3.128532824991812146e-05 -2.860529762975047514e-07 3.42 0.00021069094756 1.6e-09
-5.615522486597269845e-05 5.522767199507925273e-01 -1.507302137187545125e-02 1.235296069463835222e-04 4.973436864390828877e-05 -1.168637093826968964e-06 3.42 0.00021069094756 1.6e-09
7.864207202378733521e-05 3.041865399435363049e+00 1.890790917612140964e-02 1.908972758311863543e-04 1.430494565648146672e-05 5.291004168016932522e-07 3.42 0.00021069094756 1.6e-09
-6.417649890085951167e-05 3.190114112470226360e+00 5.548193294496334138e-02 1.985986200902271025e-04 -1.105017069809969906e-05 1.348115839052008165e-07 3.42 0.00021069094756 1.6e-09
-4.125250640609052062e-06 7.751778293679365550e-01 1.849861522148796983e-02 1.101319573803147213e-04 -5.433159449263339679e-05 -2.067403904609987889e-06 3.42 0.00021069094756 1.6e-09
-1.814111883103202130e-05 1.708849057042472142e+00 -4.607513665444980949e-03 1.277124971916699823e-04 3.758355170852747810e-05 8.601168743267364392e-07 3.42 0.00021069094756 1.6e-09
7.643317487299083521e-05 3.414658787513111804e+00 6.341646822398794292e-02 2.103861005857353395e-04 3.381128420260603961e-06 4.545853403394812031e-07 3.42 0.00021069094756 1.6e-09
-2.224770791083659468e-05 2.486150706835872803e+00 7.240953928855180244e-02 1.628458158743688821e-04 -2.423365397744289487e-05 -4.346160545964755618e-07 3.42 0.00021069094756 1.6e-09
4.079226904108555768e-05 4.141427984706980148e-01 -1.392685615588934445e-02 1.451744082737258922e-04 1.864274732493259807e-05 -2.342914079896943497e-06 3.42 0.00021069094756 1.6e-09
-2.359291558304113295e-05 2.778533670007322876e+00 4.280394410624260848e-02 1.773896263005194946e-04 1.949938107140073687e-05 8.828343090496719032e-07 3.42 0.00021069094756 1.6e-09
-1.477787924622964746e-05 3.367685628733090297e+00 9.548758982217456226e-02 2.078873695762724415e-04 -6.478718823883947172e-06 1.305893043336155431e-07 3.42 0.00021069094756 1.6e-09
2.652116470723851204e-05 1.323044756067072836e+00 4.510351467185703955e-02 1.142840803354624226e-04 -4.506625294133956392e-05 -1.847641414642894818e-06 3.42 0.00021069094756 1.6e-09
-4.551955157759530698e-05 1.112857441314061502e+00 -8.310191087865827220e-03 1.095499209846642554e-04 4.924369273692845135e-05 1.233469424901612119e-06 3.42 0.00021069094756 1.6e-09
-1.262644149550711545e-06 3.313521613668509946e+00 8.162743178637887898e-02 2.050465268854383702e-04 8.017981332626002852e-06 5.889519807688175796e-07 3.42 0.00021069094756 1.6e-09
-7.957636504410205472e-06 2.877486168586656845e+00 9.640208708224277945e-02 1.824321240372418806e-04 -1.761971438481407630e-05 -3.939351097053414728e-07 3.42 0.00021069094756 1.6e-09
-5.671990328566686273e-05 4.434046191719624441e-01 -5.679247865892465483e-03 1.392240974047479710e-04 -3.227373204077488864e-05 -3.409922340581327071e-06 3.42 0.00021069094756 1.6e-09
6.973340552216190273e-05 2.345027644535224276e+00 3.607794248145274052e-02 1.560283342697329101e-04 2.645076526056081782e-05 1.145518721849047531e-06 3.42 0.00021069094756 1.6e-09
-6.384171928426680596e-06 3.416119560897188823e+00 1.049941911903933822e-01 2.104766015348751831e-04 -2.157635334089168804e-06 2.431544330794254759e-07 3.42 0.00021069094756 1.6e-09
4.055770022214387683e-05 1.850452036575098713e+00 6.819468243190238144e-02 1.335516351843798750e-04 -3.488769999431514995e-05 -1.362213479190181913e-06 3.42 0.00021069094756 1.6e-09
2.549910553680080286e-05 6.718371708777710616e-01 -1.807967695748291179e-02 1.142758905699398547e-04 5.403050908822507655e-05 8.402994933859367858e-07 3.42 0.00021069094756 1.6e-09
3.509590477955760622e-05 3.129485437691929661e+00 8.416724565939168179e-02 1.954494429306946363e-04 1.225819450947652220e-05 8.104238604807331784e-07 3.42 0.00021069094756 1.6e-09
5.154574126138827800e-05 3.090611214853464350e+00 1.152309329812713223e-01 1.934301329405630951e-04 -1.311525950207232590e-05 -2.611873924075188145e-07 3.42 0.00021069094756 1.6e-09
-2.975803016718731308e-05 6.166633966028833846e-01 7.745029967539141316e-03 1.178234490583542494e-04 -5.271797872072839393e-05 -3.790993495438875735e-06 3.42 0.00021069094756 1.6e-09
-4.099743671085391534e-05 1.940391434471961940e+00 3.269753829754577790e-02 1.374291889720591396e-04 3.327129538704460448e-05 1.643888614421083411e-06 3.42 0.00021069094756 1.6e-09
9.728647496823973661e-05 3.416059212424102931e+00 1.293640360647567711e-01 2.104787711052917879e-04 1.351364486100638121e-06 3.927647705028246677e-07 3.42 0.00021069094756 1.6e-09
-1.101696689750255844e-05 2.254424673450739380e+00 9.942690198861595108e-02 1.517267926993887725e-04 -2.787771317295420533e-05 -1.260579185418080677e-06 3.42 0.00021069094756 1.6e-09
3.991184959416438003e-05 4.692625025749023182e-01 -2.151664751557173100e-02 1.345479146858587910e-04 3.930873404692557607e-05 8.129631150440870777e-08 3.42 0.00021069094756 1.6e-09
2.340746444725184516e-05 2.934589233700028998e+00 1.038354897057392479e-01 1.853536730223210324e-04 1.654043426540024864e-05 1.140453008235953446e-06 3.42 0.00021069094756 1.6e-09
3.636157201405135946e-06 3.282623247668916555e+00 1.509343335418262821e-01 2.034226827997906439e-04 -8.886534521055563385e-06 -2.212809332528615460e-07 3.42 0.00021069094756 1.6e-09
-3.520494764642274237e-05 1.011122652723509319e+00 3.312624765247469683e-02 1.083164116512605620e-04 -5.107460302055945686e-05 -3.420527620978282754e-06 3.42 0.00021069094756 1.6e-09
-1.282302350968119017e-05 1.432506793812636570e+00 2.575232245572308537e-02 1.176202420857021675e-04 4.286532196142913965e-05 2.391026134663071574e-06 3.42 0.00021069094756 1.6e-09
9.902429065764201729e-07 3.383426338735256778e+00 1.523418560623336915e-01 2.087207512202214664e-04 5.606937223181017377e-06 5.285782393659691116e-07 3.42 0.00021069094756 1.6e-09
