4.699110707937771795e-05 2.578308102822718162e+00 -4.129208405301764903e-05 1.672085078434489230e-04 -2.552494721627460506e-05 -7.916488527256416955e-10 3.74 0.0002275792874 1.6e-09
-1.010250740081252059e-05 3.996307226765484222e-01 -1.906025230765792536e-03 1.474990429532103161e-04 1.778716670586213169e-05 6.037321411224907360e-08 3.74 0.0002275792874 1.6e-09
-3.542240681837687867e-06 2.865243085891299835e+00 2.267250484200617269e-03 1.816356139962615264e-04 2.141169171336363233e-05 4.475403200467144150e-08 3.74 0.0002275792874 1.6e-09
6.611904795848000990e-05 3.747913416207403259e+00 5.099822337907060354e-03 2.279842828859524875e-04 -2.352115683657402313e-06 1.082936324841443014e-08 3.74 0.0002275792874 1.6e-09
6.753707587116296351e-05 2.315186261648003896e+00 3.875369339865127397e-03 1.543532674897098568e-04 -2.968048418458696256e-05 -4.597322940017219365e-08 3.74 0.0002275792874 1.6e-09
5.040596865640586228e-05 4.570795192699548259e-01 -4.473090913521186526e-03 1.353931584543704297e-04 4.197241297371220414e-05 -3.054745585278949793e-07 3.74 0.0002275792874 1.6e-09
2.467587515767753818e-05 3.074633442398449823e+00 1.124547492804024544e-02 1.923828885336396248e-04 1.852573273036762190e-05 1.941364493733957074e-07 3.74 0.0002275792874 1.6e-09
-5.324597644219905156e-06 3.749148823498310357e+00 2.389936705731593447e-02 2.280243755210079634e-04 -4.112963785121343899e-06 4.872170622861560533e-08 3.74 0.0002275792874 1.6e-09
4.734012393247752511e-05 2.112312675726556677e+00 1.754821754950593518e-02 1.447956043921047760e-04 -3.304736123374455386e-05 -2.428127529627056911e-07 3.74 0.0002275792874 1.6e-09
4.446841205592975033e-05 5.379807359198964800e-01 -9.005019246894112317e-03 1.238330957960590245e-04 5.253762806976129457e-05 -5.192628149385088487e-07 3.74 0.0002275792874 1.6e-09
-7.689086453880216484e-05 3.205747203966990533e+00 1.708541630907898373e-02 1.991960331320432058e-04 1.665724937720782146e-05 3.347183928566805061e-07 3.74 0.0002275792874 1.6e-09
-1.022966758236042438e-04 3.735364825012728041e+00 4.061482544693482966e-02 2.272708322631731030e-04 -5.390959862440667213e-06 1.079571604303810171e-07 3.74 0.0002275792874 1.6e-09
-4.904821600912745715e-05 1.945895688821182024e+00 3.081023579984345367e-02 1.372889748462608481e-04 -3.583288695854693079e-05 -4.600915255240048748e-07 3.74 0.0002275792874 1.6e-09
6.360599797706534465e-06 6.287745809763481963e-01 -1.405807100996498554e-02 1.157768342105579967e-04 5.636842626825567154e-05 -5.831316131994345253e-07 3.74 0.0002275792874 1.6e-09
-4.481527304744367451e-05 3.293330994150707625e+00 1.971538732168558877e-02 2.037878908949437872e-04 1.523539206017055205e-05 4.396476342054867416e-07 3.74 0.0002275792874 1.6e-09
-2.623128819488686642e-05 3.703977461473214383e+00 5.215935347588455950e-02 2.255877892783043556e-04 -6.526879858984869478e-06 1.634378327427503902e-07 3.74 0.0002275792874 1.6e-09
-6.104423706228797924e-05 1.775006110907495938e+00 3.972102086782187957e-02 1.300003699021225114e-04 -3.871678232109443461e-05 -6.781758728448658759e-07 3.74 0.0002275792874 1.6e-09
-3.555909209623890892e-05 7.440575109224190076e-01 -1.840843180882147101e-02 1.101837625922205167e-04 5.694271073384171884e-05 -4.399121115920686792e-07 3.74 0.0002275792874 1.6e-09
-5.324074701349011294e-05 3.365712138987110080e+00 2.201261253125429140e-02 2.076112848121166687e-04 1.382658468168035265e-05 5.038284990753091571e-07 3.74 0.0002275792874 1.6e-09
1.017217990608743365e-04 3.648919055640059916e+00 5.969632573285338362e-02 2.226526572403761590e-04 -7.832175305236556656e-06 1.906094616545219338e-07 3.74 0.0002275792874 1.6e-09
4.683243516698206755e-05 1.558740899958495962e+00 4.255969464671667535e-02 1.215814924569478877e-04 -4.251266021020446090e-05 -9.441197839532758332e-07 3.74 0.0002275792874 1.6e-09
4.472697463983426447e-05 9.179237639295866336e-01 -2.019973928910712146e-02 1.074825291928035764e-04 5.472653440613234034e-05 -4.352948235617513781e-08 3.74 0.0002275792874 1.6e-09
2.489606960081117826e-05 3.441911251591705856e+00 2.864348527033448027e-02 2.116564940229606769e-04 1.213050790875937143e-05 5.286367582942446806e-07 3.74 0.0002275792874 1.6e-09
-9.254544588552777551e-05 3.565344800954072024e+00 6.635755621478225952e-02 2.182112805090657655e-04 -9.512165545571411830e-06 1.601818526025186663e-07 3.74 0.0002275792874 1.6e-09
-3.399171361542353522e-05 1.278947452266282259e+00 3.835073196317242278e-02 1.126817126988198016e-04 -4.776117330770544552e-05 -1.354594638488590572e-06 3.74 0.0002275792874 1.6e-09
2.542077326408429184e-05 1.177461634670830426e+00 -1.608392010559513835e-02 1.102944481243188057e-04 4.975531945589591379e-05 5.174799520304417654e-07 3.74 0.0002275792874 1.6e-09
-2.964990137855566483e-05 3.530392246861964622e+00 4.599832901415773501e-02 2.163590856197019274e-04 1.014058038247377108e-05 5.327411428270225926e-07 3.74 0.0002275792874 1.6e-09
6.696361411113511573e-05 3.463436155900135205e+00 7.816988916803321863e-02 2.128043876412459296e-04 -1.156178988073923246e-05 4.456904225133088860e-08 3.74 0.0002275792874 1.6e-09
1.398467041454385334e-05 9.846094207434805679e-01 2.886293522465084235e-02 1.076151844356101683e-04 -5.346462611874482464e-05 -2.022666585553977698e-06 3.74 0.0002275792874 1.6e-09
5.407866420479390073e-05 1.483966885470024977e+00 -3.922002244417559062e-03 1.189764354920456037e-04 4.380354973797743058e-05 1.031287619067262315e-06 3.74 0.0002275792874 1.6e-09
-8.329177317072450543e-05 3.619028102957188686e+00 7.466591487941073857e-02 2.210727845161029328e-04 8.161141505187889471e-06 5.384777388613716685e-07 3.74 0.0002275792874 1.6e-09
6.326576971964729826e-05 3.361780026605461824e+00 9.777786555875017660e-02 2.074210345296459933e-04 -1.361457754056898031e-05 -1.456410045787915508e-07 3.74 0.0002275792874 1.6e-09
9.155925165450765941e-06 7.559103418351776904e-01 1.817735395847403651e-02 1.098884222377086124e-04 -5.666328943231617693e-05 -2.913471298476270108e-06 3.74 0.0002275792874 1.6e-09
1.019039654855413791e-05 1.760118076162638490e+00 1.328980912123340664e-02 1.294262678417848608e-04 3.884153639282492175e-05 1.392489951136668850e-06 3.74 0.0002275792874 1.6e-09
8.562795723011006261e-05 3.685747727829541187e+00 1.063400143454171498e-01 2.246296258184135640e-04 6.436798293629686399e-06 5.425207342720438274e-07 3.74 0.0002275792874 1.6e-09
-4.083375400216749914e-05 3.258726308917121894e+00 1.191487610767372474e-01 2.019903476846589860e-04 -1.550956379728989066e-05 -3.668211727874141774e-07 3.74 0.0002275792874 1.6e-09
-1.835343281885064697e-05 6.025140957250887386e-01 8.102478667619841118e-03 1.178224633456907385e-04 -5.534774182718898885e-05 -3.788886548533860898e-06 3.74 0.0002275792874 1.6e-09
2.981325409500610086e-05 1.991461413582874762e+00 3.159421623953946601e-02 1.393404500438290034e-04 3.490660980530781979e-05 1.604883358282566869e-06 3.74 0.0002275792874 1.6e-09
1.093035108493539687e-04 3.724194870966290427e+00 1.334487732208166355e-01 2.266910914231056329e-04 4.868882982428174709e-06 5.255157029322647738e-07 3.74 0.0002275792874 1.6e-09
1.780603777348635698e-05 3.131417255647345854e+00 1.348017825090295774e-01 1.953387853119309143e-04 -1.751979872059521680e-05 -5.982099404733157659e-07 3.74 0.0002275792874 1.6e-09
-1.767327583286860206e-05 4.933754277190393056e-01 -1.958982669785196661e-03 1.296886605296568859e-04 -4.760329473699980547e-05 -4.318652968899401085e-06 3.74 0.0002275792874 1.6e-09
-4.514267840849330461e-07 2.215908165123601670e+00 5.000739142257576431e-02 1.496466572324484470e-04 3.117774113669918824e-05 1.664560930853385757e-06 3.74 0.0002275792874 1.6e-09
3.305894854304699930e-05 3.737648975923129946e+00 1.520693762472766497e-01 2.274303700957805560e-04 3.097906671724765196e-06 4.605445108029310866e-07 3.74 0.0002275792874 1.6e-09
-5.646646151326109044e-05 2.943010425524947848e+00 1.388836848869266505e-01 1.856142980593941845e-04 -2.019122265389691029e-05 -8.546631831265217449e-07 3.74 0.0002275792874 1.6e-09
-2.983497696369730482e-05 4.162816379643499154e-01 -1.213146990515653542e-02 1.436534332935593319e-04 -2.788921042681926981e-05 -3.890048949792503959e-06 3.74 0.0002275792874 1.6e-09
9.468233521430421680e-06 2.477140686622484544e+00 7.135982547297597955e-02 1.622221041433456463e-04 2.697894126374836930e-05 1.576027457980448046e-06 3.74 0.0002275792874 1.6e-09
9.394054033042418725e-05 3.734456350143401160e+00 1.630314951939164092e-01 2.272814876292492841e-04 8.184194065918019702e-07 3.192838559778485491e-07 3.74 0.0002275792874 1.6e-09
1.791488332118852428e-05 2.671621637016084350e+00 1.291419445996243032e-01 1.718611884303043323e-04 -2.403638513244534940e-05 -1.175989452079303362e-06 3.74 0.0002275792874 1.6e-09
-1.999697696732915205e-05 3.925415573058689267e-01 -1.976523751768349477e-02 1.492951591202306902e-04 6.335068080581766751e-06 -1.789880443563627055e-06 3.74 0.0002275792874 1.6e-09
7.093312463661043316e-05 2.772605688386775569e+00 1.005387271532836302e-01 1.769401981235745633e-04 2.259908490796573420e-05 1.430896315616211607e-06 3.74 0.0002275792874 1.6e-09
1.006917388609058367e-04 3.737255126279124262e+00 1.758701880804310336e-01 2.274239204977608403e-04 -1.660718239358889794e-06 1.186145474506716269e-07 3.74 0.0002275792874 1.6e-09
-2.233496598435556483e-05 2.386097892470296244e+00 1.149708841420399585e-01 1.577802528912042041e-04 -2.839260696475160719e-05 -1.582380242794749193e-06 3.74 0.0002275792874 1.6e-09
-5.581927264283456701e-05 4.360407763817490956e-01 -2.120402370581181764e-02 1.393407021300191689e-04 3.625552634171743451e-05 8.837669840768282143e-07 3.74 0.0002275792874 1.6e-09
-5.253975664036235045e-05 3.016280867748537986e+00 1.309975302178802425e-01 1.893699843405899092e-04 1.924106231267378673e-05 1.305652944689632236e-06 3.74 0.0002275792874 1.6e-09
-4.448624798302219937e-05 3.744352414395464734e+00 1.909254726790468593e-01 2.277743405818055743e-04 -3.630498437234454437e-06 -7.536856336708964779e-08 3.74 0.0002275792874 1.6e-09
-3.018907089296295640e-05 2.166935118607527855e+00 1.037541850341121563e-01 1.473326273987042969e-04 -3.200733823970946851e-05 -1.985507633361572040e-06 3.74 0.0002275792874 1.6e-09
-1.178041072607000564e-05 5.122174220176002324e-01 -1.732793777484226139e-02 1.269385869332044004e-04 5.023950705009733490e-05 2.620482417776157257e-06 3.74 0.0002275792874 1.6e-09
-6.458693007677284912e-05 3.167628586836162441e+00 1.546058558424584506e-01 1.972045396350005620e-04 1.714528425080822722e-05 1.205099119563627785e-06 3.74 0.0002275792874 1.6e-09
1.077785376681053342e-04 3.739117833775836175e+00 2.015862009155737766e-01 2.274719850973205880e-04 -4.985698842054512716e-06 -2.365414602990501979e-07 3.74 0.0002275792874 1.6e-09
-3.892886175896251961e-05 2.005111773007918874e+00 9.329608460527161196e-02 1.399129845910073420e-04 -3.474096238955107685e-05 -2.308215058534727213e-06 3.74 0.0002275792874 1.6e-09
-2.841450936440707058e-05 5.934510404915771531e-01 -1.075938640586073490e-02 1.184051183988269319e-04 5.537402083932982985e-05 3.541888913877460317e-06 3.74 0.0002275792874 1.6e-09
4.888705432328628136e-05 3.259498758078503755e+00 1.706729287032068276e-01 2.020060541432142076e-04 1.573395385789663292e-05 1.107197814251334660e-06 3.74 0.0002275792874 1.6e-09
-1.960515788701845446e-05 3.717500626127931973e+00 2.057889604755354651e-01 2.263073782433621685e-04 -6.021916520651477282e-06 -3.746877359264735913e-07 3.74 0.0002275792874 1.6e-09
-4.749521303270819194e-06 1.856395620585828965e+00 8.084190586237677278e-02 1.334030712093146865e-04 -3.724533645599761806e-05 -2.559294469775119375e-06 3.74 0.0002275792874 1.6e-09
-2.420922366079455087e-05 6.866678811962116935e-01 -2.104951268531425699e-03 1.124551255557879682e-04 5.691514898273645953e-05 3.963180927697049218e-06 3.74 0.0002275792874 1.6e-09
-7.304912162816542306e-06 3.327430698160552147e+00 1.796999561537560852e-01 2.055855869089359927e-04 1.447748137751054782e-05 9.840593565630968940e-07 3.74 0.0002275792874 1.6e-09
7.592243140336785850e-05 3.673875517520134970e+00 2.021469237240847705e-01 2.239796314142619314e-04 -7.144412116351733880e-06 -5.043330455947033127e-07 3.74 0.0002275792874 1.6e-09
-3.499404893031583753e-05 1.672032277964224711e+00 6.371780806528404284e-02 1.258610705891352653e-04 -4.039405995130530640e-05 -2.768879103370536235e-06 3.74 0.0002275792874 1.6e-09
8.073395418253975807e-06 8.245111254379552390e-01 1.019795179040267237e-02 1.082960732183100444e-04 5.601661054230395640e-05 3.936214279574855345e-06 3.74 0.0002275792874 1.6e-09
6.966592887340189249e-05 3.396266423975968785e+00 1.809040199221110257e-01 2.092368390975762123e-04 1.295672174452914494e-05 8.056064876993982683e-07 3.74 0.0002275792874 1.6e-09
2.018220553392392335e-05 3.599910936670966954e+00 1.880373287522181247e-01 2.200478092040305676e-04 -8.651230334633083004e-06 -6.347856066161441842e-07 3.74 0.0002275792874 1.6e-09
-9.636922599905825858e-06 1.412966676169328917e+00 4.003000798435669971e-02 1.166016979276796560e-04 -4.510250430809548995e-05 -2.924077125127710138e-06 3.74 0.0002275792874 1.6e-09
-5.294442315865113829e-05 1.050948960782728481e+00 2.893249299544698588e-02 1.082043517987732006e-04 5.210771471366198624e-05 3.471924484844559654e-06 3.74 0.0002275792874 1.6e-09
8.410960944718350572e-05 3.481853349302641121e+00 1.748122507719416796e-01 2.137843493413104214e-04 1.101477442465331096e-05 5.564871180878124912e-07 3.74 0.0002275792874 1.6e-09
-5.921146209475671850e-06 3.499454483965456664e+00 1.628838956317419373e-01 2.147180923008239662e-04 -1.065119288999110279e-05 -7.691971837103559534e-07 3.74 0.0002275792874 1.6e-09
5.167794766865245427e-05 1.100093043029298556e+00 1.299057091085800870e-02 1.088717440152120648e-04 -5.121778570603375755e-05 -2.862977889023700931e-06 3.74 0.0002275792874 1.6e-09
-2.753084109593239312e-05 1.360230303248695094e+00 5.412562386546545395e-02 1.149967650150581188e-04 4.603263259442550088e-05 2.849881510628548076e-06 3.74 0.0002275792874 1.6e-09
-1.607660733676683575e-05 3.580277569242338309e+00 1.691334491490406045e-01 2.190118108569306661e-04 8.925901559728798793e-06 2.854862088982513947e-07 3.74 0.0002275792874 1.6e-09
-7.235206430665626039e-06 3.398361827816038794e+00 1.361814512202768612e-01 2.093581368581311480e-04 -1.278799424789256795e-05 -9.131375544396819426e-07 3.74 0.0002275792874 1.6e-09
-5.477040173625201126e-06 8.354157374911901357e-01 -8.020501979011218641e-03 1.081650228032053201e-04 -5.589933498603724227e-05 -2.342292664973488687e-06 3.74 0.0002275792874 1.6e-09
-1.009526312572933909e-05 1.656875982477339138e+00 7.853578576477585060e-02 1.253024690551780948e-04 4.056806093457881611e-05 2.366896706323369506e-06 3.74 0.0002275792874 1.6e-09
8.989667747612498506e-07 3.662044687641111018e+00 1.684746419312302124e-01 2.233613931144657217e-04 7.123843725527375832e-06 7.192293058015074499e-08 3.74 0.0002275792874 1.6e-09
5.906918579329416079e-05 3.306116503613015567e+00 1.174525895822555732e-01 2.044789697243474418e-04 -1.468741521100012069e-05 -1.052534966407088776e-06 3.74 0.0002275792874 1.6e-09
-2.360953659702934667e-05 6.620256333833138829e-01 -1.928882762553831010e-02 1.138187462139111109e-04 -5.664288349062981416e-05 -1.433017067891047166e-06 3.74 0.0002275792874 1.6e-09
-5.406438384032134661e-05 1.891300228057173349e+00 9.551166324626170212e-02 1.349357383854353227e-04 3.654265379835026705e-05 2.008292513443286384e-06 3.74 0.0002275792874 1.6e-09
-1.026595529852912460e-04 3.711683191189413478e+00 1.669414778670505473e-01 2.260134914288840018e-04 5.636988672780565399e-06 -7.182870614611066192e-08 3.74 0.0002275792874 1.6e-09
6.096104490438441137e-06 3.202506467783431177e+00 1.034973254159354816e-01 1.990403850621984543e-04 -1.647191341841605747e-05 -1.155112768003851148e-06 3.74 0.0002275792874 1.6e-09
1.156818284694966314e-05 5.432514548247491248e-01 -2.343937092475469747e-02 1.233430796117714274e-04 -5.258051223711607421e-05 -2.690087455386322200e-07 3.74 0.0002275792874 1.6e-09
-2.102139982666770255e-05 2.099018848766750267e+00 1.030375351587994037e-01 1.442080157509879152e-04 3.306422157172665151e-05 1.641207448719396700e-06 3.74 0.0002275792874 1.6e-09
-2.159858609623588061e-05 3.733355357681332976e+00 1.571214405923439528e-01 2.271888340170357930e-04 4.075230219781974885e-06 -1.728128511114100740e-07 3.74 0.0002275792874 1.6e-09
8.411813558450306695e-05 3.050385950653041967e+00 8.685418979117924543e-02 1.911387053584873695e-04 -1.870870297595074325e-05 -1.199072080518851333e-06 3.74 0.0002275792874 1.6e-09
-2.387111224057929384e-05 4.501102682184227044e-01 -2.209598706571747062e-02 1.367635120139345920e-04 -3.971726920549898375e-05 1.299614250841904414e-06 3.74 0.0002275792874 1.6e-09
-6.453793872215114085e-05 2.337143239733862288e+00 1.001195076190054267e-01 1.554245486146170680e-04 2.916747990452636977e-05 1.156101301456037447e-06 3.74 0.0002275792874 1.6e-09
9.172423850257015589e-05 3.735013968300227027e+00 1.316977172674467789e-01 2.273047787299374990e-04 2.022560905562677079e-06 -2.654206716593272193e-07 3.74 0.0002275792874 1.6e-09
-2.610712136206141124e-05 2.811346503312642575e+00 6.004956022532670357e-02 1.789056630915042130e-04 -2.205300608663198216e-05 -1.148570704210653633e-06 3.74 0.0002275792874 1.6e-09
-1.482717704128786175e-05 3.950677854540289857e-01 -1.522312522943947491e-02 1.486965048451437718e-04 -1.087316440574212186e-05 3.257485585464356439e-06 3.74 0.0002275792874 1.6e-09
-1.493094173237738349e-05 2.632279673207474247e+00 9.197465333985259395e-02 1.698962950289482129e-04 2.465792055829654040e-05 6.226998907215798591e-07 3.74 0.0002275792874 1.6e-09
1.704392509086638400e-05 3.736473880479656007e+00 9.602613827039671590e-02 2.273912265970922915e-04 -4.904848265857868289e-07 -3.768538372013743393e-07 3.74 0.0002275792874 1.6e-09
-3.002265023533027565e-05 2.516907473291792208e+00 2.613919715110109288e-02 1.641764667174167296e-04 -2.641327252937521590e-05 -9.954010471376393789e-07 3.74 0.0002275792874 1.6e-09
2.780382477812027653e-05 4.087475555466126842e-01 -4.882364123233083608e-03 1.452886794539515799e-04 2.426221118315954119e-05 4.387594115424185703e-06 3.74 0.0002275792874 1.6e-09
5.052308638252265313e-05 2.915837031428975656e+00 8.981928362855814973e-02 1.842156000153511494e-04 2.069342831301470412e-05 2.944607623632335250e-07 3.74 0.0002275792874 1.6e-09
7.161376525681870868e-06 3.749277812966849588e+00 7.474209457456010286e-02 2.280504173187302319e-04 -2.751910123880311442e-06 -4.706129738876825760e-07 3.74 0.0002275792874 1.6e-09
5.041361403880276182e-05 2.270669951309628232e+00 4.598748458064183531e-03 1.522226932275741473e-04 -3.040977948073206929e-05 -8.803524685624400655e-07 3.74 0.0002275792874 1.6e-09
5.105774859511162211e-05 4.722080353484968684e-01 3.773517703139042320e-03 1.328038245862211313e-04 4.479519514278326714e-05 4.142408802210585826e-06 3.74 0.0002275792874 1.6e-09
-6.087051111595509316e-05 3.104829946747810432e+00 8.770832614900792024e-02 1.939418718254798022e-04 1.812909455400378892e-05 1.629023873065789557e-07 3.74 0.0002275792874 1.6e-09
-1.914432695491391295e-05 3.751319937775983604e+00 6.605380053988435529e-02 2.281336544180055637e-04 -4.334945742209485550e-06 -4.923303653406859316e-07 3.74 0.0002275792874 1.6e-09
-3.759735756714081259e-05 2.089915715571780908e+00 -2.606921500478253349e-03 1.437584431283351477e-04 -3.344527950690470464e-05 -8.196310175749345429e-07 3.74 0.0002275792874 1.6e-09
-7.580909413064417565e-08 5.491881274658816370e-01 8.448361947376012426e-03 1.225940661221095363e-04 5.323625188632446429e-05 3.306834396486999565e-06 3.74 0.0002275792874 1.6e-09
-5.913931295346720859e-05 3.218356443844296422e+00 7.891166277142465380e-02 1.998525634550723509e-04 1.647816200328385553e-05 1.086669514583859982e-07 3.74 0.0002275792874 1.6e-09
-7.794024206403650176e-05 3.735036868363181384e+00 5.786213091320203949e-02 2.272502559692706761e-04 -5.499228043581176395e-06 -4.479574740847348380e-07 3.74 0.0002275792874 1.6e-09
4.918137895033499460e-05 1.933116974299414759e+00 -3.958103990764866992e-03 1.367213483103922145e-04 -3.607410392289290863e-05 -7.361836510502014467e-07 3.74 0.0002275792874 1.6e-09
-3.812179978396273381e-05 6.372109424600174155e-01 9.878854563961156701e-03 1.152315935140011110e-04 5.647262386081990766e-05 2.289404278650483723e-06 3.74 0.0002275792874 1.6e-09
-7.353438232730793306e-05 3.297940583719385366e+00 6.228792364366472073e-02 2.040328061776762252e-04 1.511796974357180819e-05 6.910127014246030538e-08 3.74 0.0002275792874 1.6e-09
-6.705718683466062226e-06 3.697515930999187628e+00 4.497778696057370962e-02 2.252442062120856698e-04 -6.645874421987239388e-06 -3.578537138909110148e-07 3.74 0.0002275792874 1.6e-09
-1.006037614507367115e-05 1.752453701297691513e+00 -4.192843871900196057e-03 1.290788706740488630e-04 -3.910959024715394972e-05 -5.873815452404954730e-07 3.74 0.0002275792874 1.6e-09
-8.479390565161447921e-07 7.618444780933006921e-01 9.313224693470904120e-03 1.096726991712392588e-04 5.678350601315839167e-05 1.249008402612049079e-06 3.74 0.0002275792874 1.6e-09
8.491960917247017601e-05 3.372232721603306338e+00 3.839574694169031743e-02 2.079629182344537087e-04 1.360130771622833821e-05 1.177988702273687957e-08 3.74 0.0002275792874 1.6e-09
4.502864107943545111e-05 3.633367330429616349e+00 2.527524429650588114e-02 2.218285463478991367e-04 -8.079568146256019067e-06 -2.397558623623764662e-07 3.74 0.0002275792874 1.6e-09
-1.018163137906656204e-05 1.510593086749874470e+00 -5.446187687903805870e-03 1.198730363761973380e-04 -4.339067084819013900e-05 -3.312568491343212351e-07 3.74 0.0002275792874 1.6e-09
3.055871800453270224e-06 9.612777369567372387e-01 7.879064804862181970e-03 1.075141015082875214e-04 5.395781912630869144e-05 4.270979693190909140e-07 3.74 0.0002275792874 1.6e-09
-1.038961622194600423e-04 3.457358119904696103e+00 1.274838889662507566e-02 2.124790476857502694e-04 1.176351062503762691e-05 -6.669772195705035083e-08 3.74 0.0002275792874 1.6e-09
3.373255519589003656e-05 3.544169780591994279e+00 2.062969549333837534e-03 2.170885406222700879e-04 -9.922268740105548310e-06 -1.258354322292873920e-07 3.74 0.0002275792874 1.6e-09
-3.398394403584463052e-05 1.213843630506386440e+00 -7.413000878416661776e-03 1.110802655556078857e-04 -4.906989332727383570e-05 5.273402027375905075e-08 3.74 0.0002275792874 1.6e-09
3.514908113638082904e-05 1.242564649280863298e+00 7.064352053953485214e-03 1.117705556627747671e-04 4.848551434971359864e-05 6.180098912898769768e-08 3.74 0.0002275792874 1.6e-09
6.948830278277429932e-05 3.552727720007373691e+00 -1.076807274458524422e-03 2.175442246322093344e-04 9.719338008770650982e-06 -1.156185932781257337e-07 3.74 0.0002275792874 1.6e-09
-4.944036812900809940e-06 3.447188078119320043e+00 -1.124787783559536361e-02 2.119404374030974187e-04 -1.196174431576131755e-05 -6.760304114679418772e-08 3.74 0.0002275792874 1.6e-09
-3.385864810547611979e-05 9.357979646035725629e-01 -7.495934655615141273e-03 1.074715646108173974e-04 -5.441727815469410629e-05 4.032958313807200638e-07 3.74 0.0002275792874 1.6e-09
1.318405851574431419e-05 1.538306062170897270e+00 7.452443211595730956e-03 1.208710283234283079e-04 4.283730101295343774e-05 6.104434102405668206e-08 3.74 0.0002275792874 1.6e-09
-3.320605623266528007e-05 3.637302960221855841e+00 2.463694862411425907e-03 2.220427909277307389e-04 7.865686116562179114e-06 -8.749976209281180175e-08 3.74 0.0002275792874 1.6e-09
-1.010953870512924991e-04 3.353038296349740932e+00 -6.365292026250529353e-03 2.069545376188278987e-04 -1.388633506352305488e-05 -7.149987734032193203e-08 3.74 0.0002275792874 1.6e-09
4.868460914322422100e-05 7.316473995285012188e-01 -5.033716522432825878e-03 1.106573479958057366e-04 -5.692091549921813253e-05 4.073979014166592302e-07 3.74 0.0002275792874 1.6e-09
1.593757390560619118e-05 1.791891146472051055e+00 7.221577613982312766e-03 1.307328881577930193e-04 3.832838436405294476e-05 1.824538994731347419e-07 3.74 0.0002275792874 1.6e-09
-8.572298460976512935e-06 3.695470928752788708e+00 1.404559375444464769e-02 2.251480788410082322e-04 6.266487583669320789e-06 6.897374881115934227e-10 3.74 0.0002275792874 1.6e-09
-9.984092402628290429e-05 3.250110732956549509e+00 9.285720246299474651e-03 2.015367773545316456e-04 -1.572457741401856674e-05 -9.269924420788558908e-08 3.74 0.0002275792874 1.6e-09
-1.813384347459977373e-05 5.880794613749660282e-01 -1.956418094909705661e-03 1.190001854728482537e-04 -5.500598478192468007e-05 -4.286132709861452458e-08 3.74 0.0002275792874 1.6e-09
-3.671708149308350224e-05 2.015764135955314451e+00 4.007083698187702790e-03 1.404308195210446494e-04 3.453148426662758360e-05 2.816300560099777893e-07 3.74 0.0002275792874 1.6e-09
-8.116307233992863890e-05 3.728090660553257329e+00 2.323337113074038299e-02 2.269030797854099200e-04 4.697487346177547389e-06 1.101074665535361278e-07 3.74 0.0002275792874 1.6e-09
9.712542639084933472e-05 3.112515779018822037e+00 2.507096377852548186e-02 1.943588789489598641e-04 -1.784474563337001645e-05 -9.539777131633499718e-08 3.74 0.0002275792874 1.6e-09
6.781268946239954682e-07 4.797229683859071669e-01 -2.582085151389518999e-04 1.317518347257464156e-04 -4.579702640030396929e-05 -8.316667714722517533e-07 3.74 0.0002275792874 1.6e-09
5.539733949382415104e-05 2.250673299829556662e+00 -2.630474116515848018e-03 1.512935379214340296e-04 3.064439818374403365e-05 2.984808930590031703e-07 3.74 0.0002275792874 1.6e-09
3.538519300103578117e-05 3.739879665034496092e+00 2.389469673585137635e-02 2.275555001650556659e-04 2.800555906211046574e-06 1.988843035883141285e-07 3.74 0.0002275792874 1.6e-09
-3.712428082329990899e-05 2.907438038233862265e+00 3.290835725373571913e-02 1.837960691608742526e-04 -2.074943346872838034e-05 -7.017144087596302152e-08 3.74 0.0002275792874 1.6e-09
-2.243807419823737860e-05 4.072866737602580112e-01 -1.490787196509409150e-03 1.457343593401351056e-04 -2.308621049077794711e-05 -1.639555998731498699e-06 3.74 0.0002275792874 1.6e-09
3.652813733631935943e-05 2.526292676970556705e+00 -5.766267143238490780e-03 1.646375618109842929e-04 2.629897015043493663e-05 2.889278582023987801e-07 3.74 0.0002275792874 1.6e-09
-6.763048601790466112e-05 3.739709333613785880e+00 2.224408207094757256e-02 2.275633106211288783e-04 4.430226700477942608e-07 2.251666115814144915e-07 3.74 0.0002275792874 1.6e-09
1.323573962198500679e-05 2.629506761629093248e+00 3.319926351361389416e-02 1.697554439628416994e-04 -2.475303246710447658e-05 -8.213306560752414675e-08 3.74 0.0002275792874 1.6e-09
-4.754166606117111299e-05 3.947416686745490733e-01 -5.983778319127067147e-03 1.487334505896540629e-04 1.188015082605785861e-05 -1.869404600359440133e-06 3.74 0.0002275792874 1.6e-09
-7.659544199823180527e-05 2.818246627817566186e+00 6.665423752915231211e-03 1.792481449173083667e-04 2.205516097514557847e-05 3.980319477215901669e-07 3.74 0.0002275792874 1.6e-09
1.305878395523129394e-05 3.744769269054472716e+00 3.840649873318972840e-02 2.278216530402709338e-04 -1.986632224740969774e-06 2.009843768238321944e-07 3.74 0.0002275792874 1.6e-09
-5.036668744091933256e-05 2.353278008743386884e+00 3.967654214664143031e-02 1.561902930238885808e-04 -2.903057209604798943e-05 -2.903794193806751820e-07 3.74 0.0002275792874 1.6e-09
1.658688352046377754e-05 4.454929581003077010e-01 -1.182973170246531119e-02 1.375147598274755541e-04 3.910631586991600615e-05 -1.398472286388551254e-06 3.74 0.0002275792874 1.6e-09
-8.524080403897053891e-05 3.046189760091669640e+00 2.661619860984575092e-02 1.909131405116735515e-04 1.890978167406836657e-05 5.666200182592536902e-07 3.74 0.0002275792874 1.6e-09
-5.337782828799544303e-05 3.748321169255439234e+00 6.596859130936816307e-02 2.279842316949611274e-04 -3.874913541253561689e-06 1.832578845796139404e-07 3.74 0.0002275792874 1.6e-09
-3.033163856797607596e-05 2.139138953344068561e+00 5.275253162232468318e-02 1.460396604139554987e-04 -3.256557899650790807e-05 -6.442803434568612718e-07 3.74 0.0002275792874 1.6e-09
-6.002034988693296210e-06 5.250272589001627743e-01 -1.688965428514998396e-02 1.253384272326737840e-04 5.148164299721171271e-05 -7.849996081549908917e-07 3.74 0.0002275792874 1.6e-09
8.018351515563278001e-05 3.189229692202781408e+00 4.353052844507418473e-02 1.983336889899316494e-04 1.688922264734341310e-05 7.020044465295595398e-07 3.74 0.0002275792874 1.6e-09
-1.006600125341267061e-04 3.738571243078915085e+00 8.970706659018862217e-02 2.274431362364452724e-04 -5.204761346442440764e-06 1.745240746865882960e-07 3.74 0.0002275792874 1.6e-09
4.549069606212110877e-05 1.972970148224637787e+00 6.345815277232674800e-02 1.384819992904221431e-04 -3.536027308043428972e-05 -1.002946751585524056e-06 3.74 0.0002275792874 1.6e-09
-5.605247491994886505e-05 6.118474150205461815e-01 -2.025483950281472406e-02 1.169637025299683338e-04 5.598705870836696201e-05 -2.149063195867284973e-07 3.74 0.0002275792874 1.6e-09
-3.199970283818384166e-05 3.279895492360090703e+00 5.734737925556715465e-02 2.030790684189049257e-04 1.547205082919547053e-05 7.920163568107705509e-07 3.74 0.0002275792874 1.6e-09
-3.367449283407498539e-06 3.712077796514177574e+00 1.074321303830736429e-01 2.260190551466444045e-04 -6.304878401545331118e-06 1.534407865782961494e-07 3.74 0.0002275792874 1.6e-09
-2.417300137390297551e-05 1.812987926921165283e+00 6.859934565742295542e-02 1.315734791060733998e-04 -3.804127912692132133e-05 -1.355713893065574215e-06 3.74 0.0002275792874 1.6e-09
-3.589764147779725070e-05 7.159328530427767623e-01 -2.126862046613640575e-02 1.111831661136219041e-04 5.704371156795290528e-05 3.765109900718151780e-07 3.74 0.0002275792874 1.6e-09
5.390630721322315830e-05 3.349962590987473732e+00 7.040234482872836930e-02 2.067766284845844844e-04 1.413175212604065857e-05 8.346293362737575843e-07 3.74 0.0002275792874 1.6e-09
-4.584812266493009205e-05 3.662784426299435125e+00 1.202107394387481737e-01 2.233899754989424188e-04 -7.504710506629669160e-06 9.941024197057427973e-08 3.74 0.0002275792874 1.6e-09
2.458652018276103002e-05 1.613769558437800011e+00 6.645004438232959831e-02 1.236201070477727310e-04 -4.147710362690525706e-05 -1.760278641532838811e-06 3.74 0.0002275792874 1.6e-09
-4.606807187024798678e-05 8.706875046967554876e-01 -1.825032617954229150e-02 1.077235051827691778e-04 5.549957962567890685e-05 1.011866577426490610e-06 3.74 0.0002275792874 1.6e-09
4.748614024940220584e-05 3.421571990591371737e+00 8.518435249249796393e-02 2.105769456121668820e-04 1.253356817960650484e-05 8.228106678983975858e-07 3.74 0.0002275792874 1.6e-09
1.048804884128667219e-04 3.583763698889552263e+00 1.290841034473051430e-01 2.191889448534880549e-04 -9.105064545315488328e-06 -9.217343902169679382e-09 3.74 0.0002275792874 1.6e-09
-1.594092990039457395e-05 1.345478643656512929e+00 5.534166517005715408e-02 1.145334959114901183e-04 -4.641112945960026645e-05 -2.301436206529240951e-06 3.74 0.0002275792874 1.6e-09
-2.718209493429229139e-05 1.113116268112872120e+00 -7.786122123404256787e-03 1.090846270937355692e-04 5.101297032352906458e-05 1.578552265526624492e-06 3.74 0.0002275792874 1.6e-09
-5.226834777436311508e-05 3.507264070714843474e+00 1.049667680269077835e-01 2.151312420615639058e-04 1.057456220402045844e-05 7.588912360739371072e-07 3.74 0.0002275792874 1.6e-09
1.878065449764179266e-05 3.481702020633932193e+00 1.366607021764205954e-01 2.137743829847805436e-04 -1.111211958426851429e-05 -1.889367121750283278e-07 3.74 0.0002275792874 1.6e-09
-5.186123892361603667e-05 1.042048977186570413e+00 3.710674667048975695e-02 1.080969607200382081e-04 -5.230537667088151239e-05 -3.013123859852151826e-06 3.74 0.0002275792874 1.6e-09
4.526233344124125358e-05 1.421780732547625936e+00 1.222638012798215115e-02 1.169111174437684750e-04 4.493770623082656609e-05 1.945284460148768411e-06 3.74 0.0002275792874 1.6e-09
5.759758847618136319e-05 3.599418039039155026e+00 1.312199660953303204e-01 2.200300334690063130e-04 8.522464784745476535e-06 6.672063697467275845e-07 3.74 0.0002275792874 1.6e-09
-1.169108088170631469e-08 3.378508196736388580e+00 1.463135182409505686e-01 2.083072297108787057e-04 -1.320879684345330000e-05 -4.288445409365879659e-07 3.74 0.0002275792874 1.6e-09
4.608917867662060336e-05 7.941831759581290395e-01 1.850466814123011977e-02 1.089035742471341215e-04 -5.629756857000640404e-05 -3.721600348037516007e-06 3.74 0.0002275792874 1.6e-09
-3.480901073159478316e-05 1.710352720234078028e+00 3.751406809156401095e-02 1.274125509708842383e-04 3.966911001660291310e-05 2.134396903233146391e-06 3.74 0.0002275792874 1.6e-09
-9.788923205002745187e-05 3.672871524309482716e+00 1.593568397710290740e-01 2.239411330235060722e-04 6.758112875494889108e-06 5.718138510581034192e-07 3.74 0.0002275792874 1.6e-09
-8.300322447865798382e-05 3.278602595153065735e+00 1.567288316457559894e-01 2.030345987617393217e-04 -1.511756149882195039e-05 -6.909804353678863147e-07 3.74 0.0002275792874 1.6e-09
4.828578926450529014e-05 6.291975914217668997e-01 3.571588955822622979e-03 1.158562943996320970e-04 -5.603138034363776222e-05 -4.147925073946919652e-06 3.74 0.0002275792874 1.6e-09
-4.191643917440240744e-05 1.946197169366125745e+00 6.242040428354636572e-02 1.373328100666923739e-04 3.562541892846918376e-05 2.200884838730423852e-06 3.74 0.0002275792874 1.6e-09
-1.551398715569260965e-06 3.716873052169447078e+00 1.829599048550535345e-01 2.262957163957249698e-04 5.205368550909413336e-06 4.714767545973254257e-07 3.74 0.0002275792874 1.6e-09
-8.872103010872861367e-05 3.161779023884945250e+00 1.627548982662040400e-01 1.969183005173339460e-04 -1.702639181493786484e-05 -9.515252724516008034e-07 3.74 0.0002275792874 1.6e-09
5.823552150284908393e-05 5.146905898097684506e-01 -8.288322430159400164e-03 1.267600894946374894e-04 -5.010229008237365836e-05 -4.046215006574574549e-06 3.74 0.0002275792874 1.6e-09
4.337402557460357357e-05 2.163728417340996302e+00 8.484087843078373659e-02 1.472019436038264932e-04 3.198339069969167661e-05 2.130409062058310610e-06 3.74 0.0002275792874 1.6e-09
-7.548396585955374956e-05 3.734434457854542977e+00 1.972936591688437546e-01 2.272523241140900847e-04 3.539579089344629561e-06 3.453804777554088867e-07 3.74 0.0002275792874 1.6e-09
-7.819588586050562988e-05 2.991582110592965194e+00 1.586041021658704253e-01 1.881076721962133711e-04 -1.947536514079949586e-05 -1.215945174256905565e-06 3.74 0.0002275792874 1.6e-09
-2.413658127500200939e-05 4.300947365411359469e-01 -1.755226330898396886e-02 1.406756780790710190e-04 -3.372884073712328434e-05 -2.944999350705698451e-06 3.74 0.0002275792874 1.6e-09
6.811187062435540421e-05 2.412571358446204073e+00 1.053618653354061185e-01 1.590705360521246791e-04 2.793458060771346498e-05 1.884337928142923944e-06 3.74 0.0002275792874 1.6e-09
-1.893969207869498753e-05 3.732846523642906700e+00 1.993320678350707920e-01 2.271921173877749860e-04 1.378680992496263587e-06 1.652913768508724500e-07 3.74 0.0002275792874 1.6e-09
4.271341934113547423e-05 2.735862995179989543e+00 1.395252374996651112e-01 1.750875718145141272e-04 -2.307661980915295342e-05 -1.496921950766908944e-06 3.74 0.0002275792874 1.6e-09
-3.681143151298075361e-05 3.917034734219875247e-01 -2.191661103970933902e-02 1.495267200607427798e-04 -1.661892676382731447e-06 -3.034429113534719783e-07 3.74 0.0002275792874 1.6e-09
-7.068989584923164344e-05 2.707128234176327197e+00 1.279243418039626712e-01 1.736411422478961199e-04 2.350718675152315117e-05 1.532932445978703403e-06 3.74 0.0002275792874 1.6e-09
1.269262110109203905e-05 3.733861884621318517e+00 1.953263220653611854e-01 2.272472905637477056e-04 -1.126589852909190525e-06 -6.672710582279946328e-08 3.74 0.0002275792874 1.6e-09
-5.090569801697650271e-05 2.443596993765588365e+00 1.118975044759752957e-01 1.605795220865825659e-04 -2.746341836355900717e-05 -1.785107525772885109e-06 3.74 0.0002275792874 1.6e-09
1.857012657613410918e-05 4.225177318232128387e-01 -1.876136925255518506e-02 1.421673378199131389e-04 3.125346443737333265e-05 2.627206411300548130e-06 3.74 0.0002275792874 1.6e-09
-6.357092245464396373e-05 2.970588674079658986e+00 1.517125893060986552e-01 1.870204565738049492e-04 1.985332538917000949e-05 1.238402793078694594e-06 3.74 0.0002275792874 1.6e-09
-4.871372087662536010e-05 3.743787026579967758e+00 1.946600511052532512e-01 2.277499594778761285e-04 -3.242591729067162988e-06 -2.880897685047946712e-07 3.74 0.0002275792874 1.6e-09
-3.252447773887325749e-05 2.210610467258374179e+00 8.914960300398239168e-02 1.493815157651946031e-04 -3.128873545580232012e-05 -2.043276519612110519e-06 3.74 0.0002275792874 1.6e-09
4.333708962371423409e-05 4.945515882410998487e-01 -1.076359710262377728e-02 1.293671392376120237e-04 4.813622518234726412e-05 4.190055597215835525e-06 3.74 0.0002275792874 1.6e-09
4.994057809144720236e-05 3.139585675800376841e+00 1.688186978187790344e-01 1.957458932797402065e-04 1.754084440000903272e-05 1.037816351131781978e-06 3.74 0.0002275792874 1.6e-09
-4.866666616257979503e-05 3.743116497684449762e+00 1.939227973810902506e-01 2.276892107455548723e-04 -4.687910263274882628e-06 -4.535666615941238534e-07 3.74 0.0002275792874 1.6e-09
-4.881421216017125755e-05 2.042552754245478219e+00 7.230248414152820602e-02 1.415996371038142688e-04 -3.414269838082834626e-05 -2.224806026630788730e-06 3.74 0.0002275792874 1.6e-09
3.587824203346264614e-05 5.735726132440466252e-01 -1.806995169390305210e-03 1.201552613629999181e-04 5.449772807194267724e-05 4.707415960071445010e-06 3.74 0.0002275792874 1.6e-09
-2.258275008025065249e-05 3.240105625931662292e+00 1.767299655837500094e-01 2.009882485471368725e-04 1.606651408082359012e-05 8.832532319462939247e-07 3.74 0.0002275792874 1.6e-09
7.253994816861104031e-06 3.726107709665672285e+00 1.885673535038340232e-01 2.267682093408920820e-04 -5.757386173278912552e-06 -5.681590376304418324e-07 3.74 0.0002275792874 1.6e-09
-5.502096357749818587e-06 1.896627224299647585e+00 5.731136487112033218e-02 1.351291671283512516e-04 -3.661135828050573977e-05 -2.320729769163483247e-06 3.74 0.0002275792874 1.6e-09
-3.874251872654386548e-05 6.605783957109310212e-01 7.242250944031244225e-03 1.138055447227997839e-04 5.668401838149393987e-05 4.645398829587858137e-06 3.74 0.0002275792874 1.6e-09
3.924919450306018623e-05 3.310719338640909726e+00 1.755184453090853636e-01 2.047034276323787079e-04 1.481683267521026683e-05 7.291545148116914544e-07 3.74 0.0002275792874 1.6e-09
-3.193525052643867682e-07 3.687850991192894057e+00 1.759136482468253715e-01 2.247250514011194726e-04 -6.834421490799630418e-06 -6.480923996994264933e-07 3.74 0.0002275792874 1.6e-09
-3.071539963996042688e-05 1.722397426000703113e+00 4.074768079601742699e-02 1.278570402373559200e-04 -3.956766633711342532e-05 -2.338308804493891658e-06 3.74 0.0002275792874 1.6e-09
-4.504344620674431904e-05 7.852024198147876666e-01 1.777098319021555226e-02 1.090640488756605426e-04 5.644284704320386717e-05 4.115244751105296596e-06 3.74 0.0002275792874 1.6e-09
-1.709758493817172724e-06 3.378993910273835777e+00 1.642951919899569013e-01 2.083208662322017565e-04 1.336476394751405679e-05 5.381204341471488828e-07 3.74 0.0002275792874 1.6e-09
4.642293505801280010e-05 3.619809918836431439e+00 1.528345497201157865e-01 2.211061043152716648e-04 -8.272022726825366924e-06 -7.030648263963086969e-07 3.74 0.0002275792874 1.6e-09
-5.878346123755440552e-06 1.475648323088286862e+00 2.055301416830242200e-02 1.186661258526782733e-04 -4.398052579545652007e-05 -2.237704789296019474e-06 3.74 0.0002275792874 1.6e-09
2.218623495529879186e-05 9.933947863238554721e-01 3.198660713374518877e-02 1.076813972948134228e-04 5.320854570795472517e-05 3.209118691925386508e-06 3.74 0.0002275792874 1.6e-09
-3.722239001920217989e-05 3.463210222794390170e+00 1.438511859469439325e-01 2.127940891459858500e-04 1.147684818154528946e-05 2.901301245581342994e-07 3.74 0.0002275792874 1.6e-09
3.678340389062689287e-05 3.523069985655075342e+00 1.185008268036059076e-01 2.159711600490557375e-04 -1.021441425305558221e-05 -7.401437966860934724e-07 3.74 0.0002275792874 1.6e-09
-9.989422312810029533e-06 1.163844739796352945e+00 -1.049761725694660364e-03 1.100131885924506621e-04 -5.000535479089851683e-05 -1.855460355311241975e-06 3.74 0.0002275792874 1.6e-09
1.203797376005704458e-05 1.293763115556519683e+00 5.002756838460664657e-02 1.131015129504054045e-04 4.735936252929928301e-05 2.307405770646423882e-06 3.74 0.0002275792874 1.6e-09
-7.832798610248941577e-05 3.563305234720400172e+00 1.245740788398651405e-01 2.181089887041648781e-04 9.368472809782163040e-06 3.456309121495961347e-08 3.74 0.0002275792874 1.6e-09
-6.535682309277095865e-05 3.422689211846660307e+00 8.414426847738606940e-02 2.106459807504439379e-04 -1.234698447897809555e-05 -7.825490062626453527e-07 3.74 0.0002275792874 1.6e-09
3.558092925405964102e-05 8.851432804112876473e-01 -1.647411719366798782e-02 1.076439908983975409e-04 -5.521966540424030781e-05 -1.046985875585624603e-06 3.74 0.0002275792874 1.6e-09
3.589196143595450319e-05 1.596476584993911096e+00 6.632567854101938110e-02 1.230006962920432098e-04 4.169870182005461971e-05 1.715452676405420241e-06 3.74 0.0002275792874 1.6e-09
-6.678132089232585061e-05 3.650233591872665162e+00 1.148682865460437241e-01 2.227309651766846456e-04 7.514966304757448836e-06 -1.417019039813300469e-07 3.74 0.0002275792874 1.6e-09
5.464062335876998956e-05 3.332079444115326528e+00 6.269235793245227228e-02 2.058466383491258178e-04 -1.426790051280538218e-05 -8.337154350531105947e-07 3.74 0.0002275792874 1.6e-09
-4.600551677484077199e-05 6.979463989430646498e-01 -2.268273062105834875e-02 1.120128095152656499e-04 -5.688372688055966665e-05 -4.838358376406481384e-08 3.74 0.0002275792874 1.6e-09
2.815827700072788065e-05 1.837891239581773695e+00 7.537130193953586743e-02 1.326540572524524881e-04 3.749770799411762082e-05 1.346808176110493941e-06 3.74 0.0002275792874 1.6e-09
-6.473399895225296740e-05 3.704992987816373873e+00 1.087801523274194437e-01 2.256542928955065593e-04 6.001420937580229295e-06 -2.279953245068644182e-07 3.74 0.0002275792874 1.6e-09
8.266198325497468706e-05 3.233669895711539510e+00 5.109301809699622055e-02 2.006701623955547010e-04 -1.602585748361455310e-05 -8.578133898326260167e-07 3.74 0.0002275792874 1.6e-09
-5.598718426169847382e-05 5.703765812634665755e-01 -2.246051483212637215e-02 1.205768868382169632e-04 -5.417669432831517058e-05 9.071754976633303723e-07 3.74 0.0002275792874 1.6e-09
-2.608938692804093842e-05 2.046394880821701179e+00 7.523575679450765497e-02 1.418086728495518943e-04 3.398749997694781481e-05 1.026867225043382356e-06 3.74 0.0002275792874 1.6e-09
1.049167246222423600e-04 3.731281054715047230e+00 9.768571789438504349e-02 2.270741345989735292e-04 4.476254569954442311e-06 -2.551509963334214088e-07 3.74 0.0002275792874 1.6e-09
-5.255221528700403848e-05 3.093430118057971079e+00 4.092681733788752080e-02 1.933676088653148899e-04 -1.811490544330256899e-05 -8.228211784723411901e-07 3.74 0.0002275792874 1.6e-09
3.881746677746144815e-05 4.694619585662360706e-01 -1.790745047503531848e-02 1.333792194614446614e-04 -4.393867278741319499e-05 1.873705041794404803e-06 3.74 0.0002275792874 1.6e-09
-1.120919810936085297e-05 2.278072002905974003e+00 6.457966247277932559e-02 1.525982500809190722e-04 3.015826802924368854e-05 6.342322501793830408e-07 3.74 0.0002275792874 1.6e-09
2.837856286036791133e-05 3.736932053121023500e+00 7.343467496240613235e-02 2.274024207470208038e-04 2.538921222010183519e-06 -2.596494344786739726e-07 3.74 0.0002275792874 1.6e-09
2.131871035304543684e-05 2.872790135894697006e+00 2.389143358062780637e-02 1.820293262713466116e-04 -2.121340660083549494e-05 -6.885759463247687908e-07 3.74 0.0002275792874 1.6e-09
-2.544301811817831403e-05 4.018148342637465342e-01 -1.020622723317731947e-02 1.470385073419442777e-04 -1.871523839005315355e-05 2.813578337122324397e-06 3.74 0.0002275792874 1.6e-09
-4.396050368006025128e-05 2.565644443528133145e+00 4.820116341994280795e-02 1.665841406804704225e-04 2.568284791899116021e-05 2.120911469896980878e-07 3.74 0.0002275792874 1.6e-09
3.721684726492041092e-05 3.737472295737556127e+00 3.918108939381281797e-02 2.274455963661416928e-04 7.618469007315445450e-08 -2.819126737151109766e-07 3.74 0.0002275792874 1.6e-09
-1.718708786716087049e-05 2.583987912538504794e+00 -2.480715030078979111e-04 1.674935460791748300e-04 -2.541374679665723765e-05 -4.568376512835390468e-07 3.74 0.0002275792874 1.6e-09
2.257032557665154807e-05 3.991556437208695907e-01 -2.034051297542883822e-03 1.476181993054183827e-04 1.704920268590285037e-05 3.062495768119590684e-06 3.74 0.0002275792874 1.6e-09
4.674967178842707441e-06 2.859443746661607832e+00 4.109959275641324183e-02 1.813393121184236423e-04 2.149472297933891041e-05 9.641377468069335794e-10 3.74 0.0002275792874 1.6e-09
-1.163530116916787146e-05 3.748467817747456188e+00 2.167833079713315375e-02 2.280138039703124165e-04 -2.289867230166498527e-06 -3.089458736784895192e-07 3.74 0.0002275792874 1.6e-09
-7.890863484903127927e-06 2.322686693492492349e+00 -1.311369368176750101e-02 1.547124756461088087e-04 -2.955977585444284170e-05 -3.126238033118480248e-07 3.74 0.0002275792874 1.6e-09
-5.254815814296366882e-05 4.546396465331276615e-01 2.861758947894095517e-03 1.358151706431534296e-04 4.142147874192673919e-05 2.439654996450557077e-06 3.74 0.0002275792874 1.6e-09
8.575872688336204179e-05 3.069440635387147953e+00 3.969077216599999763e-02 1.921124252512304217e-04 1.861299500942569370e-05 -1.238216590952292962e-08 3.74 0.0002275792874 1.6e-09
-1.034761830748016123e-04 3.751807577964475726e+00 2.180089079395407942e-02 2.281658594796956473e-04 -4.029445784064076321e-06 -2.834656748696085067e-07 3.74 0.0002275792874 1.6e-09
-1.052873649052545827e-08 2.124913223372665527e+00 -1.076531396027090304e-02 1.453735732705363395e-04 -3.285429470744709979e-05 -2.994080845534134134e-07 3.74 0.0002275792874 1.6e-09
1.810231729159642600e-05 5.320793257346316807e-01 3.527680730522795086e-03 1.245110486947901716e-04 5.209196000770234086e-05 1.548369073180733974e-06 3.74 0.0002275792874 1.6e-09
-6.945980376879257168e-05 3.198574431523730333e+00 3.428608562751057215e-02 1.988208367938308120e-04 1.677235401376033793e-05 3.472310044333252298e-08 3.74 0.0002275792874 1.6e-09
-9.860410354564008641e-05 3.737854211143970318e+00 2.384433529448817812e-02 2.274042041482853872e-04 -5.299972349291135006e-06 -2.048355365990913485e-07 3.74 0.0002275792874 1.6e-09
-4.839345681948573129e-06 1.959413440529070183e+00 -3.253578080247734698e-03 1.378828738595251385e-04 -3.562168182608458191e-05 -3.057892728619141979e-07 3.74 0.0002275792874 1.6e-09
-1.755641990663603212e-05 6.209588962900696174e-01 1.076731481012077000e-03 1.163304190716496484e-04 5.620517091519891279e-05 6.937297555091587740e-07 3.74 0.0002275792874 1.6e-09
1.193969674704793059e-05 3.286284839452133788e+00 2.301712885753826043e-02 2.034195814910026321e-04 1.533081921614052538e-05 8.158098767699963307e-08 3.74 0.0002275792874 1.6e-09
-3.860358517706041624e-05 3.704713610526419565e+00 2.164227543165108542e-02 2.256288050868283284e-04 -6.458745680437224214e-06 -9.580993800427285347e-08 3.74 0.0002275792874 1.6e-09
-6.354113306849431381e-05 1.782898075687198602e+00 3.869114059585476197e-03 1.303296515125447518e-04 -3.858653784311596383e-05 -2.814125789189906836e-07 3.74 0.0002275792874 1.6e-09
-4.056462330535371471e-05 7.389829668976046761e-01 -3.202074157284609014e-03 1.103651421402157399e-04 5.696880751748647305e-05 1.333375366461734075e-08 3.74 0.0002275792874 1.6e-09
-6.371183035324940282e-05 3.361803187527682368e+00 7.550695021214449965e-03 2.074074923754921050e-04 1.386853882129678804e-05 1.046965247357241838e-07 3.74 0.0002275792874 1.6e-09
-3.481727651995777869e-05 3.647646495944381506e+00 1.424358187747538224e-02 2.225872508121271996e-04 -7.809328716605614486e-06 1.987435222477232186e-08 3.74 0.0002275792874 1.6e-09
-3.688703597558004642e-05 1.557661980325026452e+00 8.227847295741429548e-03 1.215496952285667848e-04 -4.253959314348461243e-05 -2.207544115189453773e-07 3.74 0.0002275792874 1.6e-09
-8.410373964664789550e-06 9.196497761014827965e-01 -7.880568556873740818e-03 1.074787136045756754e-04 5.471135976350210929e-05 -3.301661247084332304e-07 3.74 0.0002275792874 1.6e-09
-9.993726444437458980e-05 3.442615019994987868e+00 -6.444092742553666348e-03 2.116940854344548221e-04 1.212372963993008464e-05 1.032409454312464601e-07 3.74 0.0002275792874 1.6e-09
9.972487029264701271e-05 3.564391449874159790e+00 5.233376906607950692e-03 2.181607394853864569e-04 -9.546412361837350552e-06 1.079753757835587561e-07 3.74 0.0002275792874 1.6e-09
3.325971855097912855e-05 1.274327247388050033e+00 9.289948088924148556e-03 1.125593894270395022e-04 -4.789712987601407642e-05 -1.678717394651573963e-07 3.74 0.0002275792874 1.6e-09
-3.123246128621061976e-05 1.182250138675321915e+00 -1.044198761212779963e-02 1.103871214866016068e-04 4.968308702408374522e-05 -2.527256567392866825e-07 3.74 0.0002275792874 1.6e-09
-1.137615342557020940e-05 3.533693257575805102e+00 -7.963390687076615099e-03 2.165326992704396682e-04 1.012742655525182003e-05 1.127591256542380717e-07 3.74 0.0002275792874 1.6e-09
3.365611525970316686e-05 3.466360204450416482e+00 5.053904988343732065e-03 2.129575140580556723e-04 -1.155775251864059454e-05 1.228646814227612805e-07 3.74 0.0002275792874 1.6e-09
1.695963945347846443e-05 9.860516202848743639e-01 8.704948932113140692e-03 1.076155147669266272e-04 -5.351616794246744882e-05 -2.875108343252361071e-07 3.74 0.0002275792874 1.6e-09
-3.963605530356071298e-05 1.481907858466374517e+00 -8.690812093389246873e-03 1.188982387757745558e-04 4.387397482469215776e-05 7.061947637157964075e-08 3.74 0.0002275792874 1.6e-09
-8.417883718189063098e-05 3.621044013964509922e+00 7.561633856566950945e-03 2.211783933463340630e-04 8.200270965319266724e-06 1.698378495095699356e-07 3.74 0.0002275792874 1.6e-09
-3.497724255130377669e-05 3.368191230816728776e+00 2.035103409418177051e-02 2.077575582948173690e-04 -1.355570421881507898e-05 5.745484713403422375e-08 3.74 0.0002275792874 1.6e-09
-1.448537959022320432e-05 7.618555112550107200e-01 7.963304882105760873e-03 1.097045384271213479e-04 -5.673081856346175785e-05 -7.920852850459184932e-07 3.74 0.0002275792874 1.6e-09
1.697324354385676838e-05 1.751410214380184627e+00 -3.988654168510213927e-03 1.290702061531584369e-04 3.901776863504320973e-05 4.062138293673968372e-07 3.74 0.0002275792874 1.6e-09
3.859079314273559285e-05 3.685984246074262227e+00 3.100572032933924388e-02 2.246420177103107519e-04 6.509815307297844377e-06 2.602190305645188839e-07 3.74 0.0002275792874 1.6e-09
7.230392553372335350e-05 3.265430638081791237e+00 4.396824165307217092e-02 2.023414146945333306e-04 -1.545068458028471881e-05 -4.426661746085983580e-08 3.74 0.0002275792874 1.6e-09
1.677969556981392154e-05 6.067698068944172851e-01 6.504264522947859548e-03 1.174838011435007281e-04 -5.559661196627949142e-05 -1.674959418053692801e-06 3.74 0.0002275792874 1.6e-09
-3.196512483270058289e-05 1.983302488503988492e+00 8.772589389550199731e-04 1.389786693058552556e-04 3.507336007512696307e-05 6.528133586253035300e-07 3.74 0.0002275792874 1.6e-09
-4.743038788581495065e-05 3.724488709164722522e+00 5.219744834996199040e-02 2.267076596033881948e-04 4.936360537466695006e-06 3.482746159615971642e-07 3.74 0.0002275792874 1.6e-09
6.131809478475493981e-05 3.136090093465765172e+00 6.555087525805819437e-02 1.955831114619156937e-04 -1.748907655527594783e-05 -1.497964404535231532e-07 3.74 0.0002275792874 1.6e-09
-7.804199701243787348e-06 4.944185464422941045e-01 3.061959708513128757e-03 1.295458147543713991e-04 -4.784036527416800501e-05 -2.706318467793485219e-06 3.74 0.0002275792874 1.6e-09
-6.563754481995681743e-05 2.212810727342100048e+00 5.278006375216002383e-03 1.495014222228989952e-04 3.127270050575633526e-05 7.802009982600515874e-07 3.74 0.0002275792874 1.6e-09
8.942080472201263967e-05 3.739701381381472789e+00 6.591790532337246655e-02 2.275410271858254179e-04 3.124080571192872168e-06 3.974386831842710427e-07 3.74 0.0002275792874 1.6e-09
2.463990635550284244e-05 2.946370104388702948e+00 7.776318105911403378e-02 1.857871376394280144e-04 -2.019925901748885805e-05 -2.621817358547604053e-07 3.74 0.0002275792874 1.6e-09
-3.430694003328390679e-05 4.161496232630024217e-01 -3.227851774270149195e-03 1.436950409403005193e-04 -2.797694965341240698e-05 -3.395938923781356360e-06 3.74 0.0002275792874 1.6e-09
-6.222360173532845234e-05 2.477345762992464451e+00 1.405411991381516970e-02 1.622300851611286612e-04 2.704221005492949445e-05 8.213979118811686156e-07 3.74 0.0002275792874 1.6e-09
7.709653650285580822e-05 3.738593602387271453e+00 7.559287730958150209e-02 2.275023700995182840e-04 8.430078547933214502e-07 3.712449636126116936e-07 3.74 0.0002275792874 1.6e-09
2.938187068982673437e-05 2.676950992446919031e+00 7.929225996575856028e-02 1.721271077550046808e-04 -2.402977387006187678e-05 -4.388453268636689667e-07 3.74 0.0002275792874 1.6e-09
-1.713320148834802638e-05 3.921664504613531221e-01 -1.139415577341168669e-02 1.494013729426020272e-04 5.981836435888915530e-06 -2.914110966641190332e-06 3.74 0.0002275792874 1.6e-09
-4.931881543198603793e-05 2.771609948896464726e+00 3.636633471220097891e-02 1.768886072402673379e-04 2.268243702711763047e-05 8.907219711339050837e-07 3.74 0.0002275792874 1.6e-09
-7.017353818905534032e-05 3.740985897415463945e+00 9.624997747140051629e-02 2.276238266694264201e-04 -1.623250961252418014e-06 2.774791148034098333e-07 3.74 0.0002275792874 1.6e-09
-5.154052823690966946e-05 2.391176456782769577e+00 8.089543403380033970e-02 1.580259207180844078e-04 -2.837788519734523306e-05 -7.858797090190317153e-07 3.74 0.0002275792874 1.6e-09
-4.098018197581447362e-05 4.349185516416864128e-01 -1.796909068004336543e-02 1.395735157019428328e-04 3.593311409668947657e-05 -1.381412784783084098e-06 3.74 0.0002275792874 1.6e-09
1.209656708918675370e-05 3.015950074243813450e+00 6.521103748605056039e-02 1.893545261613964383e-04 1.929161671671295457e-05 9.826146961837039467e-07 3.74 0.0002275792874 1.6e-09
-1.779807974068511889e-05 3.746620146276084196e+00 1.247065020080755093e-01 2.278968979475989279e-04 -3.628667780932140377e-06 1.778747255099343265e-07 3.74 0.0002275792874 1.6e-09
-5.057360375294890625e-05 2.167529876962698943e+00 8.640929284050274939e-02 1.473622636447737672e-04 -3.204385336965160009e-05 -1.236779069726793813e-06 3.74 0.0002275792874 1.6e-09
-4.154830166777591962e-05 5.119072253447716214e-01 -2.090731330257860482e-02 1.269819512413859763e-04 5.023034677231378404e-05 2.991359831140125708e-08 3.74 0.0002275792874 1.6e-09
6.111335463452114000e-05 3.170110298806491755e+00 8.994843021746309897e-02 1.973360481287953785e-04 1.714407838609888522e-05 1.044250149757052857e-06 3.74 0.0002275792874 1.6e-09
-3.479548257839472678e-05 3.740204750661386690e+00 1.482494635959728524e-01 2.275315470598387275e-04 -5.010384580849645085e-06 8.843636507977394593e-08 3.74 0.0002275792874 1.6e-09
6.063619340990649201e-06 2.000409973163649546e+00 8.954754812969525912e-02 1.397042831907215131e-04 -3.485304481999461227e-05 -1.657393082930856707e-06 3.74 0.0002275792874 1.6e-09
1.306743823251594832e-05 5.955787154584110121e-01 -2.060113583477032190e-02 1.182363291343724776e-04 5.548634897781374567e-05 1.052196024286373622e-06 3.74 0.0002275792874 1.6e-09
3.193146857057478649e-05 3.264442211290942364e+00 1.100814021530499703e-01 2.022663421770182646e-04 1.569836100717897893e-05 1.069520151422944756e-06 3.74 0.0002275792874 1.6e-09
5.080029382635056057e-05 3.717462077476250126e+00 1.650183552526331976e-01 2.263060160802946865e-04 -6.091652868753903552e-06 -5.901042066923426659e-09 3.74 0.0002275792874 1.6e-09
-1.147320148736668448e-05 1.847413499255019742e+00 8.762479623703781084e-02 1.330227825729005261e-04 -3.741340242071663884e-05 -2.043372790851664069e-06 3.74 0.0002275792874 1.6e-09
-3.757728353237337738e-05 6.917642916537682929e-01 -1.721599324992161006e-02 1.122119663271449301e-04 5.701856174899297972e-05 1.837741911856740250e-06 3.74 0.0002275792874 1.6e-09
7.134794434055096737e-05 3.333801243380105639e+00 1.272083761238294031e-01 2.059217637117438790e-04 1.440608198535177638e-05 1.050870964213037775e-06 3.74 0.0002275792874 1.6e-09
6.857845604567627243e-05 3.672955009914030455e+00 1.753889873680448130e-01 2.239306713298782497e-04 -7.227371246959239109e-06 -1.221852151819999752e-07 3.74 0.0002275792874 1.6e-09
-3.929612592807026961e-05 1.661078055512846374e+00 7.868392968440936219e-02 1.254336019497999453e-04 -4.058758276806183102e-05 -2.448130441757174720e-06 3.74 0.0002275792874 1.6e-09
1.185237640888168526e-06 8.320619864896205975e-01 -9.304037210669840324e-03 1.081727559349290402e-04 5.601773267137973196e-05 2.423937714595332453e-06 3.74 0.0002275792874 1.6e-09
-2.607178636246038555e-05 3.402591581341292137e+00 1.421137163278873017e-01 2.095699622869075457e-04 1.288866164091599469e-05 9.717466667951483996e-07 3.74 0.0002275792874 1.6e-09
-7.556426399023774782e-05 3.598893867563359272e+00 1.786385472618200465e-01 2.199930608552229394e-04 -8.721784722614584588e-06 -2.757831638647127857e-07 3.74 0.0002275792874 1.6e-09
-5.621913623338436046e-05 1.404463691753905064e+00 6.067214534881046339e-02 1.163306775364513336e-04 -4.523759225871233609e-05 -2.926065702227381887e-06 3.74 0.0002275792874 1.6e-09
-5.001020060035109922e-05 1.057944134844447825e+00 6.377093136878020548e-03 1.082836455434983561e-04 5.204919515386185704e-05 2.714921469451400688e-06 3.74 0.0002275792874 1.6e-09
8.518047230207377411e-06 3.485980357810808172e+00 1.557759701534858765e-01 2.140017792482144170e-04 1.096378768657836889e-05 8.216621913029568653e-07 3.74 0.0002275792874 1.6e-09
-5.116722690814864250e-05 3.498507464577707893e+00 1.748324715555676367e-01 2.146666738004605977e-04 -1.069452670240865818e-05 -4.745428323616026159e-07 3.74 0.0002275792874 1.6e-09
4.810789199357304476e-05 1.096773280889966840e+00 3.547247079145281201e-02 1.088165962053251368e-04 -5.122741047528139890e-05 -3.433511436492391065e-06 3.74 0.0002275792874 1.6e-09
-3.074932867324588670e-05 1.363958078933215301e+00 3.156516443863174870e-02 1.151093796108510934e-04 4.599557645896122957e-05 2.715812604104785904e-06 3.74 0.0002275792874 1.6e-09
-5.816713730635061615e-05 3.580720928748368337e+00 1.711906576938720115e-01 2.190356664355648747e-04 8.886815525037363971e-06 6.280878107158758293e-07 3.74 0.0002275792874 1.6e-09
-7.061338043269883510e-05 3.394805976400006031e+00 1.686248940841507671e-01 2.091708492790463449e-04 -1.282191161285306741e-05 -7.102596500316336725e-07 3.74 0.0002275792874 1.6e-09
4.969189507427198643e-05 8.321019907537731131e-01 1.168626650895197155e-02 1.082124785159881456e-04 -5.586712239357645356e-05 -3.711605100938166109e-06 3.74 0.0002275792874 1.6e-09
-5.315814683668588516e-06 1.662412060463042129e+00 6.075677891811351317e-02 1.255219692920798340e-04 4.046508806526800218e-05 2.603230211699887571e-06 3.74 0.0002275792874 1.6e-09
8.329143678627122711e-05 3.660617058829992665e+00 1.885550311673299118e-01 2.232870627718519171e-04 7.051808247051175117e-06 4.442348113573926710e-07 3.74 0.0002275792874 1.6e-09
1.568399883149992370e-06 3.297819390390152705e+00 1.643543993751035437e-01 2.040449132500696022e-04 -1.475999523493409057e-05 -9.551265154821393206e-07 3.74 0.0002275792874 1.6e-09
6.662136429277473629e-08 6.555025921986121773e-01 -5.069520545353408368e-03 1.142015473851224990e-04 -5.649428408118943113e-05 -3.537824047139214862e-06 3.74 0.0002275792874 1.6e-09
-2.935595188574378352e-05 1.903193980495869297e+00 8.676381326492393908e-02 1.354535471094359404e-04 3.631310308946758862e-05 2.457536781704021696e-06 3.74 0.0002275792874 1.6e-09
-5.516792324226327498e-05 3.710290711436501798e+00 2.025468942032310760e-01 2.259407485659734440e-04 5.523174338595863741e-06 2.863839363046162203e-07 3.74 0.0002275792874 1.6e-09
7.866244133727197168e-05 3.189872350803467427e+00 1.591992584870088323e-01 1.983815550291814929e-04 -1.660586815553315420e-05 -1.180924889660492538e-06 3.74 0.0002275792874 1.6e-09
5.735616344947304303e-05 5.357902392331819197e-01 -1.583396458035773655e-02 1.241870018340936362e-04 -5.201053197779423884e-05 -2.829516853449381697e-06 3.74 0.0002275792874 1.6e-09
-4.443402281647293564e-05 2.115745040372506658e+00 1.067898873838289409e-01 1.449758278210333887e-04 3.275514969387138744e-05 2.230017326476550683e-06 3.74 0.0002275792874 1.6e-09
2.552859121070383009e-05 3.732180351850518107e+00 2.073691238257826530e-01 2.271266464370199820e-04 3.932801981590997067e-06 1.359053125889730227e-07 3.74 0.0002275792874 1.6e-09
8.791599691107337359e-06 3.035339490691464803e+00 1.470861145214506505e-01 1.903612240031286569e-04 -1.886764877152934518e-05 -1.380508646074949264e-06 3.74 0.0002275792874 1.6e-09
3.051360103743252532e-05 4.451719389668641336e-01 -2.181288529393998754e-02 1.376796417945054063e-04 -3.846504652467078568e-05 -1.297403894248741814e-06 3.74 0.0002275792874 1.6e-09
-4.626642017644403337e-06 2.353867441024296348e+00 1.202224520407214892e-01 1.562279679344082367e-04 2.885340310783554644e-05 1.840995962283694202e-06 3.74 0.0002275792874 1.6e-09
-1.898124686695148907e-05 3.733151920747255215e+00 1.973959139028827470e-01 2.272046616169474010e-04 1.889832345179591326e-06 -3.720003014893717658e-08 3.74 0.0002275792874 1.6e-09
-6.671615587276492074e-05 2.795689591003961638e+00 1.215541687387689529e-01 1.781105875194000337e-04 -2.222401978168480054e-05 -1.544222516710946425e-06 3.74 0.0002275792874 1.6e-09
5.895371552961798094e-05 3.941134816178346600e-01 -2.159748075154415900e-02 1.489229342910918473e-04 -9.131060521514877405e-06 1.394335739466078693e-06 3.74 0.0002275792874 1.6e-09
-1.715469972741390838e-05 2.645205340660964577e+00 1.304289063219343237e-01 1.705414694009406353e-04 2.440437764176409759e-05 1.334223915019169315e-06 3.74 0.0002275792874 1.6e-09
3.292931674455639449e-05 3.732950581083230190e+00 1.760005170675450481e-01 2.272021370106482941e-04 -6.165344405991347146e-07 -2.467295986205759465e-07 3.74 0.0002275792874 1.6e-09
-4.856939815923609958e-05 2.500498057703592014e+00 8.570753644941636606e-02 1.633693644640046990e-04 -2.660089230297300194e-05 -1.647440961074698068e-06 3.74 0.0002275792874 1.6e-09
5.150276703569624590e-05 4.115979935890335950e-01 -1.415689023669419733e-02 1.446190397116843454e-04 2.584513603168754939e-05 3.997212732092587955e-06 3.74 0.0002275792874 1.6e-09
3.109824944962824345e-05 2.925598948390471854e+00 1.427109144777578831e-01 1.847156282289773126e-04 2.048977132695889409e-05 9.315836698162326615e-07 3.74 0.0002275792874 1.6e-09
6.408189657735302157e-05 3.744903909961180943e+00 1.604131588666355412e-01 2.278154073850593075e-04 -2.865274178972872869e-06 -4.438362568575955608e-07 3.74 0.0002275792874 1.6e-09
5.644493547209394326e-05 2.254504662244149138e+00 5.687918124092870842e-02 1.514564697318628440e-04 -3.061117244910864510e-05 -1.718350962395967071e-06 3.74 0.0002275792874 1.6e-09
-4.821625305249020407e-06 4.781123791210449836e-01 -3.759259763298077126e-03 1.318440120554967309e-04 4.572889173424481547e-05 4.987838127085185094e-06 3.74 0.0002275792874 1.6e-09
-5.129516827802178917e-05 3.112297531652400195e+00 1.506963238831023066e-01 1.943284550433788864e-04 1.796894243622345006e-05 6.922826636780418549e-07 3.74 0.0002275792874 1.6e-09
2.787613148224241349e-05 3.747937198409154291e+00 1.509902078257123192e-01 2.279506964255441164e-04 -4.417673183887676014e-06 -5.703022773887205381e-07 3.74 0.0002275792874 1.6e-09
-4.153304341879582475e-05 2.078370642927022338e+00 3.914954033123503596e-02 1.432292560732428312e-04 -3.359516632355726863e-05 -1.754645168158140046e-06 3.74 0.0002275792874 1.6e-09
3.765779463211548162e-05 5.552100397306243273e-01 5.272387695545942797e-03 1.219530164567387794e-04 5.351309006820549879e-05 4.913985154722654651e-06 3.74 0.0002275792874 1.6e-09
6.099514971343116779e-05 3.222399301756737167e+00 1.496857271306508697e-01 2.000619501635758244e-04 1.637940814765626360e-05 5.358386413233964442e-07 3.74 0.0002275792874 1.6e-09
2.344394186229403450e-05 3.733898208295847176e+00 1.398972364962530746e-01 2.271865576531138613e-04 -5.530757239490150066e-06 -6.276055743582051826e-07 3.74 0.0002275792874 1.6e-09
2.689579410725271902e-05 1.930670482441163349e+00 2.665230734636987731e-02 1.366099471155355683e-04 -3.609255414961659450e-05 -1.723137155797032023e-06 3.74 0.0002275792874 1.6e-09
3.558600337673060472e-05 6.390596884322550242e-01 1.238460149570685953e-02 1.151049238738051914e-04 5.639366459014933850e-05 4.333761485833638666e-06 3.74 0.0002275792874 1.6e-09
-4.723273704744417934e-06 3.297244478017999469e+00 1.391967760897055983e-01 2.039935648631331796e-04 1.510853045100542851e-05 4.001545845215837234e-07 3.74 0.0002275792874 1.6e-09
-7.459331586738561471e-05 3.698719782677103218e+00 1.229723333954107212e-01 2.253061347446677761e-04 -6.601211518256707803e-06 -6.345408413317362679e-07 3.74 0.0002275792874 1.6e-09
-1.927395967497705216e-05 1.760138527160135524e+00 1.506833978868563767e-02 1.293877995035269809e-04 -3.896271559543662983e-05 -1.606693805719489355e-06 3.74 0.0002275792874 1.6e-09
3.695507646514891104e-05 7.564583538568375731e-01 1.892730515142440964e-02 1.098309885946254432e-04 5.671029408084502074e-05 3.396928544411459625e-06 3.74 0.0002275792874 1.6e-09
-1.340853841393589002e-06 3.366913465446247589e+00 1.186077529420409005e-01 2.076809587566620240e-04 1.366980315147918694e-05 2.443658946180647928e-07 3.74 0.0002275792874 1.6e-09
-2.353017344608241383e-05 3.634859057129644633e+00 9.701759789430144942e-02 2.219075197338419301e-04 -7.997185102425278109e-06 -6.027220798189908735e-07 3.74 0.0002275792874 1.6e-09
1.367482164091099713e-05 1.521758643014903489e+00 2.230212301783162342e-03 1.202646065872761894e-04 -4.316904487119782813e-05 -1.352044667768255777e-06 3.74 0.0002275792874 1.6e-09
7.180915325173175612e-06 9.518154224787127582e-01 2.646614659998882541e-02 1.075013239264093227e-04 5.403703336387189116e-05 2.272850171230445119e-06 3.74 0.0002275792874 1.6e-09
5.873891356093632399e-05 3.450606587138177694e+00 8.972866629501402569e-02 2.121242663989125364e-04 1.181504576906639115e-05 4.934972626485777989e-08 3.74 0.0002275792874 1.6e-09
4.729643842162987441e-05 3.542463637475091076e+00 6.182495736613841109e-02 2.170000679598852399e-04 -9.879654419758548045e-06 -5.463847284604101034e-07 3.74 0.0002275792874 1.6e-09
3.639243796527476423e-05 1.216231616884378308e+00 -1.071354213831229168e-02 1.111394184054438985e-04 -4.900482449647442439e-05 -8.305780957859763656e-07 3.74 0.0002275792874 1.6e-09
2.213537246960946715e-05 1.240354078445714769e+00 3.534286527050393978e-02 1.117219219596446385e-04 4.847433831949817310e-05 1.365863079608720150e-06 3.74 0.0002275792874 1.6e-09
8.430403233299389189e-05 3.549884594344778765e+00 6.481070538074051868e-02 2.173950151190198071e-04 9.719241846516701549e-06 -1.371090300112560257e-07 3.74 0.0002275792874 1.6e-09
-8.620868797473288587e-05 3.443576964850121769e+00 2.959188734972855936e-02 2.117515672709252604e-04 -1.197622964210248882e-05 -5.056099240914449108e-07 3.74 0.0002275792874 1.6e-09
5.113359027191963327e-05 9.309164495606250256e-01 -1.872052942685374644e-02 1.074761571320329294e-04 -5.448452259708178144e-05 -2.196605625472188296e-08 3.74 0.0002275792874 1.6e-09
-2.063003570985554106e-05 1.543382302765295977e+00 4.276860639482174542e-02 1.210501815810036662e-04 4.272370428706321634e-05 8.821365411554791268e-07 3.74 0.0002275792874 1.6e-09
4.443339351434903565e-06 3.638645607446226116e+00 5.393514285116637885e-02 2.221134164241257247e-04 7.840772287603001395e-06 -2.358279939602527049e-07 3.74 0.0002275792874 1.6e-09
-3.046975525432655635e-05 3.352619189806677280e+00 1.399709457716888372e-02 2.069308869511435789e-04 -1.390652564947041154e-05 -4.972772547768496582e-07 3.74 0.0002275792874 1.6e-09
-7.004186685389622959e-06 7.305642339674361940e-01 -1.977336426069828401e-02 1.106948673581899175e-04 -5.689238267726706851e-05 7.452708442087895917e-07 3.74 0.0002275792874 1.6e-09
-4.519941474083702285e-05 1.792479895730014539e+00 4.524503824012439390e-02 1.307504832253568168e-04 3.832016129057920565e-05 6.507603983170394555e-07 3.74 0.0002275792874 1.6e-09
-1.726435546261068348e-05 3.697140011541533156e+00 5.077690043245691731e-02 2.252346834094720173e-04 6.288483356752365359e-06 -2.432944666301896583e-07 3.74 0.0002275792874 1.6e-09
-7.644174153601922955e-05 3.255260729386743712e+00 1.142500418529408812e-02 2.018036835942441912e-04 -1.567184472207763888e-05 -4.834634938031097703e-07 3.74 0.0002275792874 1.6e-09
2.613552932588144564e-05 5.925011545498675147e-01 -1.635852565416660853e-02 1.186034469339210544e-04 -5.515933908922778450e-05 1.223431481656665008e-06 3.74 0.0002275792874 1.6e-09
5.934119424147682540e-05 2.006869849736977685e+00 4.070315770513340675e-02 1.400312268823714393e-04 3.466964032594209346e-05 4.806558701578625009e-07 3.74 0.0002275792874 1.6e-09
-4.809655011735306006e-05 3.727856722713872806e+00 4.547445818584455735e-02 2.268887919938225887e-04 4.774516259295279486e-06 -1.937537562771782085e-07 3.74 0.0002275792874 1.6e-09
3.233173751285762138e-05 3.121572387074738497e+00 1.232929980994808966e-02 1.948282462544813777e-04 -1.771713944256643792e-05 -4.253266422810813778e-07 3.74 0.0002275792874 1.6e-09
4.116831794270589805e-05 4.846940867483880977e-01 -1.079855636688657229e-02 1.309695381498048147e-04 -4.653922048777193012e-05 1.426499979500579371e-06 3.74 0.0002275792874 1.6e-09
1.108154921953558448e-05 2.236833917288797657e+00 2.769646924435463162e-02 1.506409055620675603e-04 3.085394769120017062e-05 2.591236857701232360e-07 3.74 0.0002275792874 1.6e-09
2.270325883652674537e-06 3.737911872194677798e+00 2.970990666586216522e-02 2.274504957969991853e-04 2.898959638645938032e-06 -1.263655179820585253e-07 3.74 0.0002275792874 1.6e-09
6.351233633254914346e-05 2.915853276362984303e+00 7.821687572499305685e-03 1.842272971984433962e-04 -2.062317766962859793e-05 -2.879123962265619356e-07 3.74 0.0002275792874 1.6e-09
4.669101864992524295e-05 4.090058466338754029e-01 -5.008265777558371448e-03 1.453291516561020956e-04 -2.417312250651187637e-05 1.379176186498804654e-06 3.74 0.0002275792874 1.6e-09
-8.125274825986967446e-05 2.515964144767359745e+00 1.112241341014686899e-02 1.641289119687686343e-04 2.645484076881785947e-05 1.670823441997906049e-08 3.74 0.0002275792874 1.6e-09
-1.331880712582126682e-05 3.738677855933618233e+00 6.012615746190910077e-03 2.275088948733223798e-04 5.148785760274540697e-07 -8.773112740431650386e-08 3.74 0.0002275792874 1.6e-09
-7.021699335952880918e-05 2.636701686273090317e+00 -3.912057749227561970e-03 1.701165829225999152e-04 -2.463489908325688856e-05 -9.079920232624464877e-08 3.74 0.0002275792874 1.6e-09
-6.510236515147611446e-05 3.940652764596435653e-01 -1.344743913118144922e-03 1.489107605821463455e-04 1.103099077617398346e-05 9.950696718997393609e-07 3.74 0.0002275792874 1.6e-09
3.941225939629946519e-05 2.812100780708015613e+00 6.720761830010003879e-03 1.789356189303869431e-04 2.215120667981582145e-05 -4.154978287083356869e-08 3.74 0.0002275792874 1.6e-09
-1.755493188938297007e-05 3.746573443120335245e+00 -2.576862067038063328e-04 2.279176361232550165e-04 -1.911310853590101706e-06 -7.867246362815006816e-08 3.74 0.0002275792874 1.6e-09
3.006975047779813067e-05 2.364048372317289370e+00 -6.822197721971188893e-03 1.567064392972487244e-04 -2.888621103476224716e-05 -2.665356479247944118e-08 3.74 0.0002275792874 1.6e-09
3.211577657928476476e-05 4.423749506296733580e-01 -1.384678652828888468e-03 1.381160043376314134e-04 3.835684833556322502e-05 4.320702816043190351e-07 3.74 0.0002275792874 1.6e-09
2.240996554927960390e-06 3.039310842545221991e+00 1.192286218265309686e-02 1.905575522797678693e-04 1.902010233953235717e-05 6.478034688211674703e-08 3.74 0.0002275792874 1.6e-09
-4.712667965117245481e-05 3.750616523638654165e+00 1.256851005385030418e-02 2.281072853627300989e-04 -3.792322470144651707e-06 -4.191443064767245912e-08 3.74 0.0002275792874 1.6e-09
-2.026560434740185465e-05 2.151043438881131920e+00 3.731728293231623573e-03 1.465900292797684334e-04 -3.240006814364961940e-05 -1.422234935739767930e-07 3.74 0.0002275792874 1.6e-09
-1.156506719428018477e-05 5.200232801473959610e-01 -4.540975428169231887e-03 1.259659376377871194e-04 5.108459621845382677e-05 -6.361099881371499131e-08 3.74 0.0002275792874 1.6e-09
-4.818458453494713642e-05 3.182816439028792743e+00 1.499211535114263263e-02 1.979997051793516520e-04 1.699637958472028555e-05 1.950719401629869354e-07 3.74 0.0002275792874 1.6e-09
5.884861172058820878e-05 3.739595933674366712e+00 2.661621196204755346e-02 2.274993838934823631e-04 -5.154517405972191255e-06 2.844568207007120749e-08 3.74 0.0002275792874 1.6e-09
5.980006725254238532e-05 1.979666688400357089e+00 1.694788845301622299e-02 1.387813899296942038e-04 -3.527738790699007940e-05 -3.006743928948670704e-07 3.74 0.0002275792874 1.6e-09
4.313734477174156230e-05 6.087291695462910823e-01 -9.343819817965618585e-03 1.172242855556405495e-04 5.589530823057666805e-05 -4.073075488933643375e-07 3.74 0.0002275792874 1.6e-09
6.207802368720907922e-05 3.276889169012423331e+00 1.395335427839779034e-02 2.029243139656086085e-04 1.550690494316582995e-05 3.006176084179052573e-07 3.74 0.0002275792874 1.6e-09
1.026775689793193004e-04 3.711294419583997417e+00 3.589124130115790845e-02 2.259793176457390162e-04 -6.305786238637197573e-06 1.081475234046425813e-07 3.74 0.0002275792874 1.6e-09
2.859798733312311384e-05 1.810313240673994128e+00 2.725498963057000970e-02 1.314652040888283457e-04 -3.812600329596976665e-05 -4.531959423516186811e-07 3.74 0.0002275792874 1.6e-09
-3.320293738717994747e-05 7.187148280811974654e-01 -1.446976580715053293e-02 1.110843307032983188e-04 5.703999261826872915e-05 -5.314594468032332684e-07 3.74 0.0002275792874 1.6e-09
4.352539553946511432e-05 3.351790193817238084e+00 1.122209980440581033e-02 2.068751960783917778e-04 1.410218589685192280e-05 3.702353909155923414e-07 3.74 0.0002275792874 1.6e-09
2.428242393861120121e-05 3.660712654826004719e+00 4.070373666714324767e-02 2.232811350328285931e-04 -7.564211706381711417e-06 1.718907185248075023e-07 3.74 0.0002275792874 1.6e-09
7.681931674650358254e-06 1.602275961136693461e+00 3.255868801406947011e-02 1.231912709685394156e-04 -4.173755646428484493e-05 -6.255433608841263604e-07 3.74 0.0002275792874 1.6e-09
1.121173794568176968e-05 8.809600352577922067e-01 -1.830742206465586080e-02 1.076451102137116823e-04 5.534434302632586765e-05 -3.577904874288810470e-07 3.74 0.0002275792874 1.6e-09
-9.999659085727559155e-05 3.427628194263752537e+00 1.147452009222372019e-02 2.108970781397018321e-04 1.246787326058391706e-05 4.037984902050137149e-07 3.74 0.0002275792874 1.6e-09
3.687178948250156938e-05 3.582385429845192704e+00 4.401535449924428439e-02 2.191158790740824940e-04 -9.187468671428121881e-06 1.896640402769902125e-07 3.74 0.0002275792874 1.6e-09
-4.018528742573227868e-06 1.331975519188076440e+00 3.179098672136256021e-02 1.141401682893651923e-04 -4.675554922292014955e-05 -8.966026589340055775e-07 3.74 0.0002275792874 1.6e-09
-2.425208033982920820e-05 1.125883281457649154e+00 -1.790401862449499809e-02 1.092966470099244835e-04 5.079069542991655403e-05 9.271821094144759806e-08 3.74 0.0002275792874 1.6e-09
6.010537688853639265e-05 3.514688071832528848e+00 2.231209026134048715e-02 2.155240004713355139e-04 1.050475406948666355e-05 4.210899940753364855e-07 3.74 0.0002275792874 1.6e-09
6.056373913030464588e-05 3.483174855146627280e+00 5.266200688646426042e-02 2.138504289771590459e-04 -1.118088877963318426e-05 1.266271472928744960e-07 3.74 0.0002275792874 1.6e-09
5.098372941881053181e-05 1.034959054458377326e+00 2.600828376209344400e-02 1.080096347122886974e-04 -5.255420364937890061e-05 -1.402803155617165409e-06 3.74 0.0002275792874 1.6e-09
-1.107396787237774759e-05 1.428520056629044799e+00 -1.039449830558357088e-02 1.171238137514660693e-04 4.486108447292454855e-05 6.163142240885397858e-07 3.74 0.0002275792874 1.6e-09
-1.079685983355200938e-04 3.604761681831486264e+00 4.705973463567584419e-02 2.203130816359846777e-04 8.513973212828384620e-06 4.497185653369195462e-07 3.74 0.0002275792874 1.6e-09
-4.413846845258488606e-05 3.381484318586169824e+00 7.159563397208004720e-02 2.084629160848613678e-04 -1.323887526464695831e-05 -2.095319495648750230e-08 3.74 0.0002275792874 1.6e-09
1.962891947074893798e-05 7.921224799274613204e-01 1.835289399793203075e-02 1.089442090436792911e-04 -5.640661958822407152e-05 -2.217656402620792133e-06 3.74 0.0002275792874 1.6e-09
-6.158209114020410184e-05 1.712297781595417012e+00 2.670931211197150566e-03 1.274904644030649817e-04 3.969039298250720045e-05 1.032711399023517056e-06 3.74 0.0002275792874 1.6e-09
1.354586927200440765e-05 3.676052133568247449e+00 7.797101359159994138e-02 2.241118046893270360e-04 6.746270392482021314e-06 4.864823397104280399e-07 3.74 0.0002275792874 1.6e-09
1.753988447811631309e-05 3.279568804185753805e+00 9.539908533342439378e-02 2.030852914687903852e-04 -1.516638006985820508e-05 -2.110996277500772692e-07 3.74 0.0002275792874 1.6e-09
-4.795708423481738562e-05 6.266398105278045971e-01 1.050614263796680048e-02 1.160429747966653822e-04 -5.600535775231524284e-05 -3.187813190481233285e-06 3.74 0.0002275792874 1.6e-09
-1.994030237538092781e-05 1.950505507485447820e+00 1.751746954460726979e-02 1.375255307856250561e-04 3.560865384980179110e-05 1.305797513302092644e-06 3.74 0.0002275792874 1.6e-09
-9.890179448143279783e-05 3.719540916585027723e+00 1.060188743761290298e-01 2.264401208308306998e-04 5.175142184308715913e-06 5.078848001875754069e-07 3.74 0.0002275792874 1.6e-09
-4.038614060701992635e-05 3.158123945750097139e+00 1.153928424828738891e-01 1.967292917071501951e-04 -1.712951391246918481e-05 -4.137291240188147574e-07 3.74 0.0002275792874 1.6e-09
7.129439173277895832e-06 5.105108982567543308e-01 1.996143811970677896e-03 1.273212850306723598e-04 -4.965717168694557372e-05 -4.010519711863570424e-06 3.74 0.0002275792874 1.6e-09
8.975777088902145570e-06 2.174411797441774929e+00 3.272723504558520957e-02 1.477007347262354847e-04 3.187696395752489056e-05 1.431935636332300655e-06 3.74 0.0002275792874 1.6e-09
7.004246803233481677e-05 3.737574159340776969e+00 1.264682196021167104e-01 2.274223525042600130e-04 3.443620376094942820e-06 4.856935166308998375e-07 3.74 0.0002275792874 1.6e-09
3.792592142690818971e-05 2.982690714577514335e+00 1.250959292528887323e-01 1.876505253832615075e-04 -1.965843570785090954e-05 -6.364543689463283177e-07 3.74 0.0002275792874 1.6e-09
-4.784225155896630534e-05 4.267776561200152807e-01 -7.675332340343682044e-03 1.413805363628510840e-04 -3.250285383062357606e-05 -4.152987407400256569e-06 3.74 0.0002275792874 1.6e-09
-6.252584654354471103e-05 2.428220638614910776e+00 5.085604057242795739e-02 1.598293960918768038e-04 2.776989615218696759e-05 1.417017399166654639e-06 3.74 0.0002275792874 1.6e-09
-4.315483863058796146e-05 3.736469639603139825e+00 1.396028046873098449e-01 2.273863911068015075e-04 1.260388972302233269e-06 3.883082720483866440e-07 3.74 0.0002275792874 1.6e-09
-8.165930692213204951e-05 2.724349271309878695e+00 1.213525011497266770e-01 1.745081933335663636e-04 -2.328722537666491762e-05 -9.214563659330163105e-07 3.74 0.0002275792874 1.6e-09
-1.214007717249122555e-05 3.914883345815969307e-01 -1.674639033079608486e-02 1.495834365959794292e-04 -1.555023114538925061e-07 -2.765087775644996764e-06 3.74 0.0002275792874 1.6e-09
-6.666915323139729205e-05 2.721952560282335565e+00 7.817800460830412468e-02 1.743858686560589128e-04 2.334657351579128460e-05 1.344051263586691756e-06 3.74 0.0002275792874 1.6e-09
-9.949871875386193110e-05 3.736707677573352981e+00 1.552900091271990912e-01 2.273986184795077003e-04 -1.233365319078013004e-06 2.186816762969190236e-07 3.74 0.0002275792874 1.6e-09
-1.334054057318149810e-05 2.432793721372003226e+00 1.118688768702683078e-01 1.600510770875556885e-04 -2.766586426518409156e-05 -1.320616840068414429e-06 3.74 0.0002275792874 1.6e-09
-6.400394916260245470e-05 4.246681234085250001e-01 -2.116397832181633742e-02 1.416980809233328652e-04 3.219870389269030206e-05 -2.835094360409739957e-07 3.74 0.0002275792874 1.6e-09
6.363619987617818844e-05 2.981086665673325253e+00 1.101370768641140585e-01 1.875613073216856122e-04 1.972597258845264402e-05 1.279595670244987934e-06 3.74 0.0002275792874 1.6e-09
4.140379764439572726e-05 3.744174873164138440e+00 1.755114055830732656e-01 2.277700583892067958e-04 -3.346631716795320450e-06 4.032252108425594155e-08 3.74 0.0002275792874 1.6e-09
5.268080023920476620e-05 2.199451760639848263e+00 1.049766739332730903e-01 1.488566811327008050e-04 -3.147334406920233028e-05 -1.765520867098181142e-06 3.74 0.0002275792874 1.6e-09
-2.052415004383959185e-05 4.983629551202028996e-01 -2.000566074089864949e-02 1.288197820474551295e-04 4.868964074625079701e-05 1.630951682204405557e-06 3.74 0.0002275792874 1.6e-09
-5.694192579567011563e-05 3.147603139416951024e+00 1.366358969163627146e-01 1.961634301694423427e-04 1.743710409242591136e-05 1.221589679245769808e-06 3.74 0.0002275792874 1.6e-09
4.129108364905450867e-05 3.741028646818143955e+00 1.915662111341231988e-01 2.275774052786514248e-04 -4.794157097134301621e-06 -1.137481654319875014e-07 3.74 0.0002275792874 1.6e-09
-5.710408573695643496e-05 2.028926255400551604e+00 9.811799266904172589e-02 1.409863074856438888e-04 -3.433703568639578051e-05 -2.146711721750012291e-06 3.74 0.0002275792874 1.6e-09
-2.775518810710423840e-05 5.798894660545625968e-01 -1.536622612721028416e-02 1.195739842652498585e-04 5.487650241245778187e-05 2.764867548078125244e-06 3.74 0.0002275792874 1.6e-09
6.687407077668831303e-05 3.247556357836218766e+00 1.562335762318749488e-01 2.013800122988942975e-04 1.593443186821939196e-05 1.157011337548684691e-06 3.74 0.0002275792874 1.6e-09
-2.980188499664880803e-05 3.721966618920775183e+00 2.009997905003597096e-01 2.265469677133278149e-04 -5.868955171810215983e-06 -2.513309119703013713e-07 3.74 0.0002275792874 1.6e-09
1.209866402420361215e-05 1.879801336593195149e+00 8.858926042465273265e-02 1.344049251314986121e-04 -3.684738870107507187e-05 -2.459705102773545653e-06 3.74 0.0002275792874 1.6e-09
-5.206261503104874443e-05 6.704873311745853659e-01 -8.185321533682687195e-03 1.132603559768036947e-04 5.686548043344051312e-05 3.416423712226710547e-06 3.74 0.0002275792874 1.6e-09
-5.893117997531227721e-05 3.318036772704457515e+00 1.697982279952533480e-01 2.050885005637716652e-04 1.467761686943642015e-05 1.065025473430709416e-06 3.74 0.0002275792874 1.6e-09
3.285979615840813338e-05 3.682212962450114979e+00 2.030684506931181854e-01 2.244236775610295429e-04 -6.960250786071071224e-06 -3.874455142535168796e-07 3.74 0.0002275792874 1.6e-09
1.491450785105309106e-05 1.703679067715301088e+00 7.397030760486461576e-02 1.271069602977336786e-04 -3.983821067524993728e-05 -2.742392713782483878e-06 3.74 0.0002275792874 1.6e-09
3.599987146558952984e-05 7.989051234668582691e-01 2.731511217443098084e-03 1.087597816241422341e-04 5.635454930568898442e-05 3.668129800058802483e-06 3.74 0.0002275792874 1.6e-09
-9.606247218666451369e-05 3.385457658120058611e+00 1.770415108009417426e-01 2.086614445745708555e-04 1.322149220178369388e-05 9.191475040459589160e-07 3.74 0.0002275792874 1.6e-09
-1.077083436333631038e-04 3.613462254067966395e+00 1.957369767748896316e-01 2.207673951876751414e-04 -8.380290857699788359e-06 -5.335990521983262158e-07 3.74 0.0002275792874 1.6e-09
-3.867194663556159441e-05 1.458357405737681800e+00 5.201487029585886990e-02 1.180816697332796818e-04 -4.423295088545751074e-05 -3.011805684188384344e-06 3.74 0.0002275792874 1.6e-09
1.962306020392923575e-05 1.008874601965558782e+00 2.023828741342861837e-02 1.077889400736426606e-04 5.292689688138619002e-05 3.482583977024193082e-06 3.74 0.0002275792874 1.6e-09
-1.098837924164356556e-05 3.467230741435112229e+00 1.777884488308245359e-01 2.130068270168282971e-04 1.134236868628378414e-05 6.995969278254378564e-07 3.74 0.0002275792874 1.6e-09
8.213808381212284247e-05 3.515837429884149046e+00 1.775725919039123080e-01 2.155862264703370639e-04 -1.031937217751924561e-05 -6.939717382968029035e-07 3.74 0.0002275792874 1.6e-09
3.190185083787939780e-05 1.149498890640727744e+00 2.442890326522399735e-02 1.097289106345494738e-04 -5.021866250136594048e-05 -3.163673159202867385e-06 3.74 0.0002275792874 1.6e-09
-4.448621110201524326e-05 1.309175154284287768e+00 4.568875290570210967e-02 1.135254316345177142e-04 4.702105837240002197e-05 3.021206752895936298e-06 3.74 0.0002275792874 1.6e-09
2.634873835880201595e-05 3.564277413780157833e+00 1.772856971254615499e-01 2.181619795184582878e-04 9.237732901968348715e-06 4.370088658889811745e-07 3.74 0.0002275792874 1.6e-09
-9.030603420056574542e-05 3.412403459060012523e+00 1.549912819902034555e-01 2.101030358894446864e-04 -1.245889882825315426e-05 -8.690259406204862925e-07 3.74 0.0002275792874 1.6e-09
4.702403602280870080e-05 8.703729468413610171e-01 2.315421198216950193e-04 1.077631475816229526e-04 -5.538121616091813487e-05 -2.925222981961610034e-06 3.74 0.0002275792874 1.6e-09
-3.041822204493349163e-06 1.615112706093281947e+00 7.310444782830355370e-02 1.237052396321352025e-04 4.129678347515968709e-05 2.592726647791482796e-06 3.74 0.0002275792874 1.6e-09
3.049059426246412204e-05 3.650228087995400106e+00 1.807281800241709591e-01 2.227324180078485579e-04 7.364002845475529566e-06 2.086386917602254213e-07 3.74 0.0002275792874 1.6e-09
-4.648125333278533644e-05 3.318132551444180400e+00 1.377773736570310770e-01 2.051144269583582099e-04 -1.441552945607657475e-05 -1.045662921189759166e-06 3.74 0.0002275792874 1.6e-09
3.770914207455654753e-05 6.826364031269966937e-01 -1.457913918554132673e-02 1.127380492390821757e-04 -5.679515911999001896e-05 -2.220073047996634519e-06 3.74 0.0002275792874 1.6e-09
-2.277194895990533154e-05 1.860730989631383281e+00 9.467483328809428444e-02 1.336250222182410363e-04 3.703949708615797740e-05 2.261187787698143514e-06 3.74 0.0002275792874 1.6e-09
1.914693424530468287e-05 3.705202956078401222e+00 1.835417255819651872e-01 2.256665756757861383e-04 5.827502859546202418e-06 4.145336286199319381e-08 3.74 0.0002275792874 1.6e-09
-9.442068936862332308e-05 3.217333006371670301e+00 1.247225962015813122e-01 1.998165443761905683e-04 -1.620518691412904636e-05 -1.192174860132635898e-06 3.74 0.0002275792874 1.6e-09
-3.520853001100066981e-05 5.576607683092551504e-01 -2.175894689777788105e-02 1.218268300268327155e-04 -5.348892776747643746e-05 -1.155186879414981681e-06 3.74 0.0002275792874 1.6e-09
-4.047269635714488144e-05 2.070276942521914521e+00 1.075542540745523662e-01 1.428910886337689690e-04 3.352768940394669636e-05 1.923641795874057307e-06 3.74 0.0002275792874 1.6e-09
9.050113879141158401e-05 3.731044175247419492e+00 1.787254415146612430e-01 2.270617711551046981e-04 4.299336138061299857e-06 -8.571922399181982571e-08 3.74 0.0002275792874 1.6e-09
8.321934461303114917e-05 3.075271654579490921e+00 1.090119555772027793e-01 1.924246197234390557e-04 -1.834124769295606010e-05 -1.289317558074430098e-06 3.74 0.0002275792874 1.6e-09
3.810942657598706876e-06 4.614815552448772173e-01 -2.324769951660785039e-02 1.347238364200242019e-04 -4.233303872036984941e-05 4.051765905119429520e-07 3.74 0.0002275792874 1.6e-09
-1.295541176630228932e-05 2.300303174667990724e+00 1.106697640305223940e-01 1.536571241466512885e-04 2.973927991311228893e-05 1.466034455123751692e-06 3.74 0.0002275792874 1.6e-09
-5.669163645661526481e-05 3.734868662219608559e+00 1.590701490195114420e-01 2.272926551372908576e-04 2.357656348673385201e-06 -2.055783078906878258e-07 3.74 0.0002275792874 1.6e-09
4.441227300991114043e-05 2.850563974656305177e+00 8.311259140331225814e-02 1.808958586146236633e-04 -2.148927442004658277e-05 -1.310674240212996756e-06 3.74 0.0002275792874 1.6e-09
2.161190889161510080e-05 3.991874966995032081e-01 -1.873526342957005861e-02 1.476656161931981406e-04 -1.595782675098877858e-05 2.624584260796868171e-06 3.74 0.0002275792874 1.6e-09
-3.050828202524268775e-05 2.587335613378774379e+00 1.070501372367624326e-01 1.676610551926618214e-04 2.529571034121103746e-05 9.088576294908771150e-07 3.74 0.0002275792874 1.6e-09
-7.583639269058997613e-05 3.734046386128959227e+00 1.257595930890358926e-01 2.272627701090496305e-04 -1.218699726806685789e-07 -3.459547828283759149e-07 3.74 0.0002275792874 1.6e-09
7.751502816782749195e-05 2.556808299157346198e+00 4.717946989352300724e-02 1.661468636503632933e-04 -2.578650505524901981e-05 -1.227419216797529725e-06 3.74 0.0002275792874 1.6e-09
-7.055035624483322774e-05 4.028793618640773566e-01 -8.905939915149832520e-03 1.466888921470679884e-04 2.003097948505109404e-05 4.423080828409366329e-06 3.74 0.0002275792874 1.6e-09
-8.824904585665694712e-05 2.880278732086430260e+00 1.072788937354734046e-01 1.824003084232385971e-04 2.116722352920557794e-05 5.010783132701871577e-07 3.74 0.0002275792874 1.6e-09
2.793265069980984674e-05 3.746451581601037528e+00 1.014180997729608597e-01 2.279037085965473814e-04 -2.478645952765642514e-06 -4.787655143007653301e-07 3.74 0.0002275792874 1.6e-09
-2.828355911194661113e-05 2.299175241343852427e+00 1.969802015151822516e-02 1.535868112166873466e-04 -2.991401221657274300e-05 -1.136308662440325742e-06 3.74 0.0002275792874 1.6e-09
-6.302895575611867777e-05 4.625081032153613991e-01 1.246586209367543316e-03 1.344178884663661355e-04 4.295527278552186383e-05 4.669897421698588547e-06 3.74 0.0002275792874 1.6e-09
9.286501835706627338e-05 3.084064537268599970e+00 1.076808089365487997e-01 1.928670141719857913e-04 1.839418434725182975e-05 3.045419662573528927e-07 3.74 0.0002275792874 1.6e-09
5.538094698998569771e-05 3.751546462789217884e+00 9.000500152111459706e-02 2.281481898991247572e-04 -4.154329360772019675e-06 -5.413116326550030196e-07 3.74 0.0002275792874 1.6e-09
1.772249450940912330e-05 2.111993129048680640e+00 7.099887959136201923e-03 1.447730291792456670e-04 -3.307069571293850543e-05 -1.082758480869720918e-06 3.74 0.0002275792874 1.6e-09
-2.306344145036029174e-05 5.384318262055767246e-01 8.051689430456358820e-03 1.237633964960548343e-04 5.247381357325378018e-05 4.049998548924200616e-06 3.74 0.0002275792874 1.6e-09
1.686223004557149539e-05 3.205182941087338477e+00 1.011102736456595125e-01 1.991632533249466626e-04 1.667341875514491702e-05 2.067228396494210764e-07 3.74 0.0002275792874 1.6e-09
-2.626483186214551035e-05 3.738820800531256872e+00 8.002766076513291582e-02 2.274527743775211488e-04 -5.338931812899056466e-06 -5.312982367095573357e-07 3.74 0.0002275792874 1.6e-09
-4.574164525127995289e-05 1.957361302500752798e+00 1.660968336123354490e-03 1.377871389275747130e-04 -3.566258979227697294e-05 -1.002069159141838783e-06 3.74 0.0002275792874 1.6e-09
-3.636006620752519106e-05 6.224216361552834531e-01 1.160299288429770398e-02 1.162208202406952659e-04 5.615434965034745785e-05 3.111297961477293625e-06 3.74 0.0002275792874 1.6e-09
6.070095106760630028e-05 3.286364706995504203e+00 8.611997077706126658e-02 2.034225636462689050e-04 1.532176450426929251e-05 1.354350324590132207e-07 3.74 0.0002275792874 1.6e-09
-1.760586516688790432e-05 3.705285581924249172e+00 6.568948487937982528e-02 2.256581128596432890e-04 -6.446870614033840211e-06 -4.688585050251526508e-07 3.74 0.0002275792874 1.6e-09
4.972028546180620289e-05 1.785429937349954699e+00 -1.853389965273263655e-03 1.304293542988359234e-04 -3.855140481001774553e-05 -8.530578282820002962e-07 3.74 0.0002275792874 1.6e-09
-5.026893079571326522e-05 7.374154711757584524e-01 1.318524619850806184e-02 1.104279493527868044e-04 5.690979773801631747e-05 2.025875563048233369e-06 3.74 0.0002275792874 1.6e-09
-7.845657868860346105e-05 3.359023930796231738e+00 6.261689000307085751e-02 2.072625875916922033e-04 1.387864017409056543e-05 5.165551982818541696e-08 3.74 0.0002275792874 1.6e-09
7.789138045830155835e-05 3.645094752144395045e+00 4.409646062984834414e-02 2.224523071095090108e-04 -7.820959690583523805e-06 -3.695241276433990053e-07 3.74 0.0002275792874 1.6e-09
5.432559641032644554e-05 1.553867429346961870e+00 -5.873734426545321879e-03 1.214128227557073093e-04 -4.260260050843329960e-05 -5.880108108441256747e-07 3.74 0.0002275792874 1.6e-09
-3.295276467279817736e-05 9.233447261998544153e-01 1.394767760360038703e-02 1.074831726394438248e-04 5.461386624073392884e-05 1.010674283997289295e-06 3.74 0.0002275792874 1.6e-09
-4.084504009376930742e-05 3.442092597899354622e+00 3.399352038895403494e-02 2.116698314993209712e-04 1.206921411578618301e-05 -5.872613436750107535e-08 3.74 0.0002275792874 1.6e-09
-1.048064118325084973e-04 3.557784123080640626e+00 1.633734594344667113e-02 2.178126379788052091e-04 -9.611718428524488895e-06 -2.573792335217244013e-07 3.74 0.0002275792874 1.6e-09
-4.086053532462211285e-05 1.258842405965209466e+00 -1.034338385038179563e-02 1.121707608258741226e-04 -4.817683748400444874e-05 -1.448525609432170313e-07 3.74 0.0002275792874 1.6e-09
-4.989803705071894056e-05 1.197813467006741517e+00 1.493526326754095190e-02 1.107243913898586795e-04 4.936970738682083977e-05 3.886473207101395011e-07 3.74 0.0002275792874 1.6e-09
-9.794661037162077314e-05 3.538296302643022528e+00 1.311517095573663111e-02 2.167773922351712377e-04 1.002370554963079980e-05 -1.523594996929798672e-07 3.74 0.0002275792874 1.6e-09
4.985392182883789143e-05 3.460370477963501834e+00 -5.382247376154267182e-03 2.126401218230745201e-04 -1.167432141722638338e-05 -1.825496415730997110e-07 3.74 0.0002275792874 1.6e-09
-5.230962718636023029e-05 9.710271476608415275e-01 -1.231681477075359521e-02 1.075478350606625918e-04 -5.377796345078733419e-05 3.910680399333861041e-07 3.74 0.0002275792874 1.6e-09
5.013104025144395407e-05 1.498476012533254575e+00 1.624563751886833746e-02 1.194660587326508341e-04 4.356990808506156214e-05 1.994077338421641147e-07 3.74 0.0002275792874 1.6e-09
2.408991492421951524e-05 3.626995935476186261e+00 9.419880348394429892e-03 2.214934929883733382e-04 8.110521170189861619e-06 -1.660740336139781806e-07 3.74 0.0002275792874 1.6e-09
-1.009688956562342912e-04 3.367130100451541708e+00 -8.942315886134406464e-03 2.076987923816603159e-04 -1.361639014829978871e-05 -1.660263465834115365e-07 3.74 0.0002275792874 1.6e-09
-1.648024911843752287e-05 7.571131420899099851e-01 -1.038900548596687415e-02 1.098298205847235518e-04 -5.678315320092151429e-05 6.893347386443164967e-07 3.74 0.0002275792874 1.6e-09
-5.278764304258588266e-05 1.757131612376447105e+00 1.604587445417878996e-02 1.292973881744630376e-04 3.893861226859377455e-05 2.111218519207226878e-07 3.74 0.0002275792874 1.6e-09
-5.548043153829436744e-05 3.689090972138785229e+00 1.578095947680312888e-02 2.248057369679138458e-04 6.502321057695306506e-06 -1.039282099375844153e-07 3.74 0.0002275792874 1.6e-09
1.592591056324166332e-05 3.268194896380808068e+00 9.516760095917157006e-04 2.024841239325552258e-04 -1.544010407363867517e-05 -1.680429779841478753e-07 3.74 0.0002275792874 1.6e-09
-3.456467450207031608e-05 6.079743853098247275e-01 -6.512793126672108794e-03 1.173796363638892660e-04 -5.567417804178571703e-05 5.523366025546488108e-07 3.74 0.0002275792874 1.6e-09
-6.532955318384063754e-05 1.980588147292627665e+00 1.197757419739069358e-02 1.388576841413887656e-04 3.512376150562514113e-05 2.458727577227660268e-07 3.74 0.0002275792874 1.6e-09
4.751294336458795919e-05 3.724519769821688087e+00 2.138916209800735546e-02 2.267094711057772330e-04 4.953106775679885998e-06 -3.148673496425426586e-09 3.74 0.0002275792874 1.6e-09
5.882963979009873663e-05 3.138286082867920435e+00 1.370878229286601538e-02 1.956975338389020051e-04 -1.746642895683014795e-05 -1.479161611765011927e-07 3.74 0.0002275792874 1.6e-09
5.420011066122118330e-06 4.949808603919069183e-01 -2.926760793991690143e-03 1.294602538885101747e-04 -4.799644101227542399e-05 2.790843186209048246e-08 3.74 0.0002275792874 1.6e-09
7.309862781346985517e-05 2.210791932577361507e+00 2.844307080846870343e-03 1.494117089288853593e-04 3.128916112058562142e-05 2.158252675590129769e-07 3.74 0.0002275792874 1.6e-09
1.711689972723518286e-05 3.738664295391847858e+00 1.856183610034674303e-02 2.274871366311256426e-04 3.130280012488157197e-06 9.502233892524590233e-08 3.74 0.0002275792874 1.6e-09
4.548770269260841943e-05 2.944227475192123578e+00 2.035751060635718548e-02 1.856791118987022543e-04 -2.023281668300349668e-05 -8.389563779563544368e-08 3.74 0.0002275792874 1.6e-09
