-5.001272317721525677e-05 2.068690141423486839e+00 -5.780037379259872986e-05 1.431614943905492178e-04 -3.090853840919385246e-05 -1.046785130237846975e-09 3.4 0.00020964600068 1.6e-09
-5.420739566044982906e-05 5.455194691966402942e-01 -4.609636183767872736e-03 1.243415181440828230e-04 4.903278801869921763e-05 -4.396283193122244078e-07 3.4 0.00020964600068 1.6e-09
1.759098899008695459e-05 3.024334440333639407e+00 2.262389053692174037e-03 1.900053260517423352e-04 1.432630735389485245e-05 1.430769576192272552e-07 3.4 0.00020964600068 1.6e-09
1.913330917606895746e-05 3.162947832643114854e+00 1.339467940354701139e-02 1.971949370307814545e-04 -1.127931062611590201e-05 5.793060460842283020e-08 3.4 0.00020964600068 1.6e-09
3.031200427209857165e-05 7.419112158281173652e-01 5.222024628856887160e-03 1.112054112791544674e-04 -5.435913998084291546e-05 -5.745116539411965295e-07 3.4 0.00020964600068 1.6e-09
-3.309797138392496231e-05 1.750725495148965472e+00 -2.799679588128867018e-03 1.294233508614271895e-04 3.666087657347033579e-05 3.402304317180351217e-07 3.4 0.00020964600068 1.6e-09
3.403509309463898067e-05 3.400027678118640040e+00 2.516753580720861375e-02 2.096284062750451336e-04 2.807464514856442673e-06 1.926241783780900458e-07 3.4 0.00020964600068 1.6e-09
-4.392069929778317236e-05 2.394884987237558160e+00 2.921071381239077891e-02 1.584284223404206740e-04 -2.554733799882184404e-05 -1.866794069340747054e-07 3.4 0.00020964600068 1.6e-09
4.052256521983238003e-05 4.305324659286620115e-01 -7.993971861739026380e-03 1.417304964378247000e-04 2.764374856252381184e-05 -9.561257272456510794e-07 3.4 0.00020964600068 1.6e-09
5.850551580193666769e-05 2.839018936086099565e+00 2.152825350900398893e-02 1.804708349748411792e-04 1.822284922715143276e-05 4.218276998303361052e-07 3.4 0.00020964600068 1.6e-09
-1.015236991038943193e-04 3.318197616882164525e+00 4.644394401537044192e-02 2.052913513748275056e-04 -7.645447489293747106e-06 5.218011263351910630e-08 3.4 0.00020964600068 1.6e-09
4.890764865721616763e-05 1.149836223230372267e+00 1.883388694303010646e-02 1.101874668292631061e-04 -4.848140257102694816e-05 -1.045816192293244376e-06 3.4 0.00020964600068 1.6e-09
-3.149946262879386647e-05 1.283743089684542982e+00 -2.119900037523521266e-03 1.132416272192048599e-04 4.579588560690619337e-05 6.349276861629487096e-07 3.4 0.00020964600068 1.6e-09
-8.689805091365349521e-05 3.348129860997023144e+00 4.206508509912051247e-02 2.068663266135817693e-04 6.603548543200658694e-06 2.735870182355463489e-07 3.4 0.00020964600068 1.6e-09
6.232877161981253663e-05 2.761203734485545347e+00 4.675234549894614899e-02 1.765241630993098342e-04 -1.959875141905309662e-05 -2.391615157256701943e-07 3.4 0.00020964600068 1.6e-09
-5.212001403661224090e-05 4.127357681714489135e-01 -5.224716417491935896e-03 1.455992165483767776e-04 -1.687472056794034225e-05 -1.447874235047172076e-06 3.4 0.00020964600068 1.6e-09
-2.971496560744890243e-05 2.497190499982279377e+00 1.612372689536726439e-02 1.633913927282045386e-04 2.394248488507680811e-05 4.997812521612247091e-07 3.4 0.00020964600068 1.6e-09
9.675973422180806683e-05 3.397819199958693304e+00 4.755687405466701989e-02 2.094998496892733490e-04 -3.719047291023545835e-06 1.172532354520144504e-07 3.4 0.00020964600068 1.6e-09
-1.092033207239891668e-05 1.649080619895729072e+00 2.944825039216113216e-02 1.253797121188212206e-04 -3.860656419042449790e-05 -7.200036998116690700e-07 3.4 0.00020964600068 1.6e-09
4.352157604114131304e-05 8.206314042418141330e-01 -1.147170009651557639e-02 1.091632628596371989e-04 5.387748078890227451e-05 1.685575856680120009e-07 3.4 0.00020964600068 1.6e-09
7.798173307953357083e-05 3.199842934462909128e+00 3.021198234813474159e-02 1.991166995257423944e-04 1.040650579788180193e-05 3.808223949623225424e-07 3.4 0.00020964600068 1.6e-09
-8.674011422899185206e-05 2.980832229524301713e+00 4.912313409319349344e-02 1.877596113766773277e-04 -1.523194079111589281e-05 -5.826845168584102647e-08 3.4 0.00020964600068 1.6e-09
-1.938441147865639441e-05 5.080202080365976425e-01 2.285016804809050523e-03 1.289432785050125788e-04 -4.515207502667006141e-05 -2.118883439608020909e-06 3.4 0.00020964600068 1.6e-09
-2.241460471856462035e-05 2.152490109805952123e+00 3.188644132304064432e-03 1.469931328021676395e-04 2.946778114993907268e-05 6.480406990896488215e-07 3.4 0.00020964600068 1.6e-09
-2.580709810604969067e-05 3.398297461771000449e+00 5.205257073395458400e-02 2.095559537835861227e-04 -7.469356520288441657e-07 2.922706706782641251e-07 3.4 0.00020964600068 1.6e-09
1.396037870957344464e-05 1.981397966693555723e+00 4.789820769464292471e-02 1.392552964223678466e-04 -3.240427278683208036e-05 -5.998587427661756209e-07 3.4 0.00020964600068 1.6e-09
1.343158169845962439e-05 5.907398011285426298e-01 -1.762829362638869760e-02 1.199451570140800733e-04 5.167181990301467694e-05 -6.260330940785409200e-07 3.4 0.00020964600068 1.6e-09
3.726536171313735759e-05 3.063420361659113134e+00 3.794516081333630664e-02 1.920313848704957756e-04 1.341412899350219700e-05 6.444460797152529322e-07 3.4 0.00020964600068 1.6e-09
-6.178466999476728402e-05 3.119154544958027131e+00 7.522295561427974619e-02 1.949218093287686344e-04 -1.218463402579954771e-05 2.765625801868850396e-08 3.4 0.00020964600068 1.6e-09
5.553857648155315676e-05 6.698913504084775816e-01 1.418913916396076155e-02 1.144229197369361981e-04 -5.382546054934676750e-05 -2.854240882386020433e-06 3.4 0.00020964600068 1.6e-09
-3.636590648683802078e-05 1.853949279244589743e+00 5.399252639463779022e-03 1.337188611361952929e-04 3.472973898291144968e-05 1.120570336001044269e-06 3.4 0.00020964600068 1.6e-09
-2.455728738188725789e-05 3.400612973600622979e+00 8.464776202597713850e-02 2.096669827422159549e-04 1.902663494419050427e-06 4.564693723754827792e-07 3.4 0.00020964600068 1.6e-09
-1.414242422943812612e-05 2.291691511050677477e+00 8.130019209779071332e-02 1.534963279518227440e-04 -2.717061606560127956e-05 -7.507571115816684664e-07 3.4 0.00020964600068 1.6e-09
5.190949806145787426e-05 4.571854007060097702e-01 -1.951122248838386974e-02 1.366557035723598898e-04 3.629335901917577053e-05 -1.384130473131521256e-06 3.4 0.00020964600068 1.6e-09
5.286529863692964143e-06 2.905242399761273298e+00 6.535712157057366190e-02 1.838551144103987107e-04 1.692766294967861220e-05 9.975400022561972164e-07 3.4 0.00020964600068 1.6e-09
9.588604053174971942e-05 3.276968192001987301e+00 1.181695741748136907e-01 2.031301117539388546e-04 -8.740668178863632667e-06 6.421494379035945802e-09 3.4 0.00020964600068 1.6e-09
-5.093440189754472113e-05 1.015507443998730164e+00 3.596219225522967466e-02 1.083655192316427315e-04 -5.094197184869193428e-05 -2.891753456963282852e-06 3.4 0.00020964600068 1.6e-09
-3.830184031077640448e-05 1.425934877833727077e+00 7.773880758566262261e-03 1.174193386468837372e-04 4.294638424765649827e-05 1.789569928774810213e-06 3.4 0.00020964600068 1.6e-09
6.884604708514188134e-05 3.373117340323720015e+00 1.180812130480354549e-01 2.081822383415607956e-04 5.507977139055365260e-06 5.837758023650973744e-07 3.4 0.00020964600068 1.6e-09
-1.389445342130882655e-05 2.674630520809198941e+00 1.150928831050088974e-01 1.721681472667984151e-04 -2.103179797699657262e-05 -7.964239387969480200e-07 3.4 0.00020964600068 1.6e-09
3.125929510134332510e-05 4.042812586847530643e-01 -1.595195019480639964e-02 1.475020405408609633e-04 -5.297416951487888081e-06 -2.704461183840380789e-06 3.4 0.00020964600068 1.6e-09
-4.574039351401781818e-05 2.593788067637504913e+00 7.380031156763226796e-02 1.681431908380080949e-04 2.236425086142976149e-05 1.303641611724867463e-06 3.4 0.00020964600068 1.6e-09
7.013456278315988038e-06 3.387128613280397715e+00 1.399274077540668682e-01 2.089256172307064018e-04 -4.646697489175088925e-06 4.150157518597267803e-08 3.4 0.00020964600068 1.6e-09
1.762016596425664428e-05 1.538134254753888985e+00 6.217868160034965841e-02 1.212399968615376618e-04 -4.068090958591256783e-05 -2.231385381734777945e-06 3.4 0.00020964600068 1.6e-09
-5.304986772068644130e-05 9.137861357950094465e-01 -5.417380949135367808e-03 1.081643118885579249e-04 5.266884798344551109e-05 2.157566657356580502e-06 3.4 0.00020964600068 1.6e-09
-4.222277916256450217e-05 3.235506751606866516e+00 1.214305313971029143e-01 2.009738991127258561e-04 9.517196623375124046e-06 7.219684469022863092e-07 3.4 0.00020964600068 1.6e-09
-2.145912033312979175e-05 2.934520424232457181e+00 1.288048477949237935e-01 1.853726114236842789e-04 -1.614500135626341099e-05 -6.573938953446467278e-07 3.4 0.00020964600068 1.6e-09
2.051768739298681041e-05 4.780213375702362377e-01 -8.547910840727750148e-03 1.332999016649919909e-04 -4.044810231430274441e-05 -3.623977896225553671e-06 3.4 0.00020964600068 1.6e-09
-9.057343511757550325e-06 2.230533547411074125e+00 6.467894524647402332e-02 1.506230586513797440e-04 2.809951181401009826e-05 1.628289999964738526e-06 3.4 0.00020964600068 1.6e-09
-7.930869746092543329e-05 3.393744846516442593e+00 1.476832048562532473e-01 2.093132690444676736e-04 -1.443442627796717245e-06 1.440733287339377908e-07 3.4 0.00020964600068 1.6e-09
-2.349912792372682436e-05 1.899666597992014871e+00 8.136268300779417317e-02 1.356860768953831696e-04 -3.377409474176900110e-05 -1.871309261123965613e-06 3.4 0.00020964600068 1.6e-09
-2.052472568156177984e-05 6.388750831374820915e-01 -1.430250277357762376e-02 1.163241700856405380e-04 5.321683927400179071e-05 2.228221520409718133e-06 3.4 0.00020964600068 1.6e-09
-1.235730554634815494e-05 3.093664326764871575e+00 1.279391776174892414e-01 1.936043503766077983e-04 1.258347443676394485e-05 9.022822092197099402e-07 3.4 0.00020964600068 1.6e-09
3.177418698222578871e-05 3.073502774698674500e+00 1.453083383937976425e-01 1.925590021338529603e-04 -1.302749791665599807e-05 -5.966033589067276343e-07 3.4 0.00020964600068 1.6e-09
-2.577609214469850645e-05 6.124071643880041327e-01 -5.453965999557923699e-04 1.182221930620604459e-04 -5.235512035667126696e-05 -3.929817016569533885e-06 3.4 0.00020964600068 1.6e-09
-6.125614756182789383e-05 1.945304243961684110e+00 6.489361927856671097e-02 1.376688211474172852e-04 3.296164642435760325e-05 2.096850353462655321e-06 3.4 0.00020964600068 1.6e-09
-2.672475763086068728e-05 3.393186109232055436e+00 1.671315996440742857e-01 2.092854423353439981e-04 1.039992104022171663e-06 2.051133389188330453e-07 3.4 0.00020964600068 1.6e-09
-4.600392063588480099e-06 2.184694847004223561e+00 1.018447772622134428e-01 1.484833973979420355e-04 -2.882109489418186176e-05 -1.788388119105005081e-06 3.4 0.00020964600068 1.6e-09
-6.018091911905005761e-05 4.939799810547287340e-01 -1.846416913386890457e-02 1.308112849618526087e-04 4.335183030598554555e-05 2.376191247356153129e-06 3.4 0.00020964600068 1.6e-09
6.807871421761311917e-05 2.960614261690759363e+00 1.429984000794395915e-01 1.867095508543403770e-04 1.563446057421753787e-05 1.091894621660551391e-06 3.4 0.00020964600068 1.6e-09
-4.551440379151107667e-05 3.220661040519870344e+00 1.667920176929155174e-01 2.001945799779455265e-04 -9.910074418939694485e-06 -5.953952188361608183e-07 3.4 0.00020964600068 1.6e-09
-1.193285154389466649e-05 8.751739932787478971e-01 1.237065666881273854e-02 1.083909872446665618e-04 -5.317808319328973216e-05 -3.697284842921872562e-06 3.4 0.00020964600068 1.6e-09
4.038099076242759438e-05 1.584527298252106808e+00 6.029881148080465381e-02 1.229343343956971124e-04 3.974038847840642144e-05 2.713012892123519295e-06 3.4 0.00020964600068 1.6e-09
-9.121020716680624109e-05 3.389510938723265809e+00 1.797961856075530607e-01 2.090538400899622277e-04 4.263962492784178080e-06 2.434549843676687857e-07 3.4 0.00020964600068 1.6e-09
-7.683163561479252593e-05 2.555274416850368269e+00 1.191955334775854913e-01 1.662401245051821049e-04 -2.292523260678848711e-05 -1.578071868612805039e-06 3.4 0.00020964600068 1.6e-09
-1.414583096331960155e-05 4.064683568929906565e-01 -2.136999027303893364e-02 1.469376501854381288e-04 1.015618212103562123e-05 1.625368353594788663e-06 3.4 0.00020964600068 1.6e-09
2.498710586336384788e-05 2.708560642051985212e+00 1.356738248561323856e-01 1.738638200208923474e-04 2.046465352367028850e-05 1.239391323306095384e-06 3.4 0.00020964600068 1.6e-09
-9.039579954970869912e-05 3.367844245269862924e+00 1.664299000743154899e-01 2.078983896848312317e-04 -5.842858756111173383e-06 -5.017513540111125870e-07 3.4 0.00020964600068 1.6e-09
-5.797067197284087842e-05 1.387926411313578523e+00 3.205261552005117531e-02 1.162074785308444603e-04 -4.367423166396435419e-05 -2.707068370847525202e-06 3.4 0.00020964600068 1.6e-09
4.802865901415285426e-05 1.051563025021068132e+00 3.040333827282673887e-02 1.087285644083474715e-04 5.021687860479285773e-05 3.313453021034493155e-06 3.4 0.00020964600068 1.6e-09
1.208520606229083734e-05 3.283844238377225722e+00 1.556914847499585308e-01 2.034939577440307958e-04 8.398277987280430165e-06 3.124845047558043582e-07 3.4 0.00020964600068 1.6e-09
4.745448405631100849e-05 2.879193636529970846e+00 1.135352383014108235e-01 1.825260643171692598e-04 -1.733409525704414887e-05 -1.163366670169047406e-06 3.4 0.00020964600068 1.6e-09
-1.718310327878295416e-05 4.473467578408669709e-01 -2.040924137687116779e-02 1.385090656639106541e-04 -3.325433431592715919e-05 -3.027681888923011362e-07 3.4 0.00020964600068 1.6e-09
8.764018352185933838e-06 2.326329267868077366e+00 1.013264480095217857e-01 1.551453336240784023e-04 2.654929602813763741e-05 1.364988758658112985e-06 3.4 0.00020964600068 1.6e-09
-1.012728396142254780e-04 3.396366961847194332e+00 1.424059008901044088e-01 2.094419243482826653e-04 -2.226116253669496686e-06 -3.224835177047938933e-07 3.4 0.00020964600068 1.6e-09
-4.181936192943635925e-05 1.813707945671906518e+00 4.214464751790052144e-02 1.320257404969288546e-04 -3.541176098819853252e-05 -1.903228728946300412e-06 3.4 0.00020964600068 1.6e-09
-3.189046619339345394e-05 6.969822878010965006e-01 6.941872572340925494e-03 1.130735116734802172e-04 5.401581005322273870e-05 3.625100904399442658e-06 3.4 0.00020964600068 1.6e-09
-8.576792732228682384e-05 3.129903342363903107e+00 1.324882226350717063e-01 1.954854218089686294e-04 1.179138706311200789e-05 4.195808974550523842e-07 3.4 0.00020964600068 1.6e-09
-2.516769868736994803e-05 3.036506739712337755e+00 1.070775838219295006e-01 1.906446875340117510e-04 -1.385020028843069694e-05 -8.940446477808880381e-07 3.4 0.00020964600068 1.6e-09
-3.639120709582215795e-06 5.656701257239460379e-01 -1.655498841775965291e-02 1.223093537410261604e-04 -5.020242990772415725e-05 -1.368007292202484976e-06 3.4 0.00020964600068 1.6e-09
6.655026745630054691e-05 2.027316004227885937e+00 8.325188053235171859e-02 1.413118921266635073e-04 3.147822562060025899e-05 1.585678497006465981e-06 3.4 0.00020964600068 1.6e-09
-7.730382452584060396e-05 3.390482828185506392e+00 1.358258563822259402e-01 2.091503313897492616e-04 2.808619697902042733e-07 -2.114184817035123386e-07 3.4 0.00020964600068 1.6e-09
-1.817160082675456240e-05 2.089797000224339563e+00 5.120003031976055885e-02 1.441296144573966953e-04 -3.043814226719429762e-05 -1.607475685313353972e-06 3.4 0.00020964600068 1.6e-09
3.853371029733414563e-05 5.354367399702854025e-01 -2.964187630126220371e-03 1.255143400609149925e-04 4.794671681883859839e-05 3.931860627843606701e-06 3.4 0.00020964600068 1.6e-09
2.156928132070145795e-06 3.007382304304956122e+00 1.282589755052221669e-01 1.891338236043297759e-04 1.454766967513688886e-05 5.208539996196364271e-07 3.4 0.00020964600068 1.6e-09
-7.392991528843227526e-05 3.165887242117992884e+00 1.111393757499432589e-01 1.973514627166147680e-04 -1.105943366596831111e-05 -7.934884623407495752e-07 3.4 0.00020964600068 1.6e-09
-5.192905166112003350e-05 7.570765210951984070e-01 -1.246301770421694328e-02 1.107260619677376463e-04 -5.424797601613163476e-05 -1.818342051272087514e-06 3.4 0.00020964600068 1.6e-09
-5.564399875346172483e-05 1.729468311003608427e+00 7.474667509397499299e-02 1.285614473197792718e-04 3.696441466795225185e-05 1.919038041398247785e-06 3.4 0.00020964600068 1.6e-09
-7.734533224625493478e-05 3.396178330428951675e+00 1.358000746475380716e-01 2.094230960278846226e-04 2.999825243105241982e-06 -1.780369544080256571e-07 3.4 0.00020964600068 1.6e-09
-1.181838850777007760e-05 2.413790476522881256e+00 5.818808675227764987e-02 1.593397781656413401e-04 -2.519979183617409760e-05 -1.406652612409312643e-06 3.4 0.00020964600068 1.6e-09
-3.399560820193485569e-05 4.268852295562325372e-01 -9.856363263823966075e-03 1.424492308971422308e-04 2.578778574950757910e-05 4.320650730331232851e-06 3.4 0.00020964600068 1.6e-09
-5.214763715298277287e-05 2.823190730484606448e+00 1.183623982915369133e-01 1.796595667485041204e-04 1.850640501256782075e-05 5.383162320423171395e-07 3.4 0.00020964600068 1.6e-09
-1.526731317101012199e-06 3.328178752288282638e+00 1.031343595622322279e-01 2.058112221303703298e-04 -7.364825057859883213e-06 -7.083971059182212465e-07 3.4 0.00020964600068 1.6e-09
3.553856959245405830e-05 1.188063465336183455e+00 -7.961216527873613003e-03 1.109388824681768754e-04 -4.774000391175510255e-05 -1.560119653636014523e-06 3.4 0.00020964600068 1.6e-09
-8.235770451611385473e-06 1.245517117158479348e+00 4.987542660780337755e-02 1.122582093706112836e-04 4.649931030721822435e-05 2.169828322858347609e-06 3.4 0.00020964600068 1.6e-09
-8.477942645444546961e-05 3.341524396914558270e+00 1.023681426530756167e-01 2.065131782178092638e-04 6.947777058948677108e-06 -2.009016944455394457e-07 3.4 0.00020964600068 1.6e-09
-6.120384880641235371e-05 2.792842611346779691e+00 4.030977050379168369e-02 1.781195038345442555e-04 -1.907630012275469028e-05 -9.771495423808631414e-07 3.4 0.00020964600068 1.6e-09
-3.050062735616527345e-05 4.183796687962260119e-01 -1.519711607012880217e-02 1.442887204604716210e-04 -2.092476347901530434e-05 3.278193423459399943e-06 3.4 0.00020964600068 1.6e-09
7.685834200379383066e-05 2.459427311072972522e+00 7.188373490819421896e-02 1.615446090677991628e-04 2.455313975434432781e-05 3.632040554534406276e-07 3.4 0.00020964600068 1.6e-09
-8.795938909873991145e-05 3.403912832791108567e+00 5.633907867732767388e-02 2.098208522193072156e-04 -3.300298058326997415e-06 -5.002455210622316705e-07 3.4 0.00020964600068 1.6e-09
-4.345739823187433712e-05 1.701773487070740831e+00 -1.125561402701511296e-02 1.274354177217650172e-04 -3.764014352500172377e-05 -7.557020527705243286e-07 3.4 0.00020964600068 1.6e-09
-1.945878865140690485e-05 7.798188086529462826e-01 1.832057038080538158e-02 1.100567811181043935e-04 5.416821028071948678e-05 1.965890977450777256e-06 3.4 0.00020964600068 1.6e-09
-8.340719600105754334e-05 3.181463511914338405e+00 5.087608890496771175e-02 1.981574421295943496e-04 1.086441289956201398e-05 -1.550659024009952528e-07 3.4 0.00020964600068 1.6e-09
-5.675133672262824087e-05 3.004820300532369259e+00 1.442051271142050402e-02 1.889956446725308420e-04 -1.475049068796845030e-05 -5.067741888672851105e-07 3.4 0.00020964600068 1.6e-09
2.729218583909878116e-05 5.270417031801386543e-01 -1.374868232407138943e-02 1.264910745896031087e-04 -4.729710322351169283e-05 1.466300162659577568e-06 3.4 0.00020964600068 1.6e-09
-5.341004143676338187e-05 2.107725587296710223e+00 3.533357750612363402e-02 1.449398401083016263e-04 3.021495063490087866e-05 2.983655819175909524e-07 3.4 0.00020964600068 1.6e-09
-4.485878527666586045e-05 3.397678035111022066e+00 3.043094646139785434e-02 2.095253892900065997e-04 -3.655733274546621487e-07 -2.548789242061472567e-07 3.4 0.00020964600068 1.6e-09
-5.219356799116067617e-05 2.023116000441068429e+00 -4.893862313632953501e-03 1.411144008011781261e-04 -3.167758125023009154e-05 -4.014967653420174580e-07 3.4 0.00020964600068 1.6e-09
4.682394350865002214e-05 5.686078690351632492e-01 3.273207366538460807e-03 1.219974512927829739e-04 5.049688199918856790e-05 1.465816582444692954e-06 3.4 0.00020964600068 1.6e-09
2.828112499387876161e-05 3.043317297774517094e+00 3.454089582938072583e-02 1.909935264499898629e-04 1.382623177178534186e-05 1.936776477746515456e-08 3.4 0.00020964600068 1.6e-09
-8.813547497990533764e-05 3.134930340656528536e+00 1.972423362462528279e-02 1.957440377380595593e-04 -1.180816905215731249e-05 -2.797835893548752303e-07 3.4 0.00020964600068 1.6e-09
2.507906756151256219e-05 6.958825570622548806e-01 -8.170900723224468198e-03 1.131069706649389403e-04 -5.416295121641199399e-05 5.624518242685503762e-08 3.4 0.00020964600068 1.6e-09
6.429154183785191459e-05 1.814279961559376986e+00 2.410482380511733136e-02 1.320575714473742966e-04 3.542901646401822767e-05 5.138840237489647713e-07 3.4 0.00020964600068 1.6e-09
7.039267965415440772e-05 3.397725598339476072e+00 3.833779017895984353e-02 2.095165405748672361e-04 2.208831043340098536e-06 -8.434695521905773155e-08 3.4 0.00020964600068 1.6e-09
1.597022592555672333e-05 2.321834683703065672e+00 1.328632372341889342e-02 1.549337299136011340e-04 -2.669212242399332096e-05 -4.223754948746103421e-07 3.4 0.00020964600068 1.6e-09
5.157267110524135247e-05 4.486758083289514865e-01 -3.599065319273691936e-03 1.382381706601778300e-04 3.399991043249942088e-05 1.336721992015694880e-06 3.4 0.00020964600068 1.6e-09
-8.370261350197637262e-05 2.885941814180924325e+00 4.045715626097662332e-02 1.828707297850102166e-04 1.729605940658226210e-05 2.010036255130304728e-07 3.4 0.00020964600068 1.6e-09
-1.673520008711799792e-05 3.286284060437881571e+00 3.723859751036337484e-02 2.036218377223612548e-04 -8.466484438000778257e-06 -2.305277274755625722e-07 3.4 0.00020964600068 1.6e-09
2.975298987902495594e-05 1.043651385768132211e+00 -1.797516513922954411e-03 1.086307363252452646e-04 -5.052489370297953339e-05 -6.125003730191285866e-07 3.4 0.00020964600068 1.6e-09
-2.260216565507493512e-05 1.394729620743641263e+00 1.885033701212011567e-02 1.164367938160737004e-04 4.357672401935424006e-05 7.477851868993247465e-07 3.4 0.00020964600068 1.6e-09
-6.761263369194722586e-05 3.369349843063579097e+00 4.137435702286629269e-02 2.079847068983896839e-04 5.759079390741287277e-06 -3.807323868042663148e-08 3.4 0.00020964600068 1.6e-09
-7.349476063960232750e-05 2.694132301220449666e+00 1.981333350609293734e-02 1.731479690633355316e-04 -2.074929154370433335e-05 -3.850771743198095947e-07 3.4 0.00020964600068 1.6e-09
6.359494283599836256e-05 4.047698335524353985e-01 -5.645846021490435671e-03 1.474073944140180540e-04 -7.560338896007753653e-06 1.182112891038127858e-06 3.4 0.00020964600068 1.6e-09
4.987127522926874869e-06 2.577038434428485125e+00 2.466899530852621758e-02 1.673138290785246805e-04 2.269689890414685831e-05 1.470842016224705732e-07 3.4 0.00020964600068 1.6e-09
-2.672617858174198576e-05 3.394080118441348048e+00 2.235541050523372902e-02 2.092930132456039308e-04 -4.441576677508119773e-06 -1.478541349108052684e-07 3.4 0.00020964600068 1.6e-09
-9.381206583670756834e-06 1.564416649580695040e+00 -9.471023030940999617e-04 1.221886599309316139e-04 -4.028011031596164773e-05 -3.139671975171653311e-07 3.4 0.00020964600068 1.6e-09
-1.097201757089918576e-05 8.918418000094442410e-01 2.652923828430036983e-03 1.082692705183578937e-04 5.305866589530716925e-05 2.738504562795398715e-07 3.4 0.00020964600068 1.6e-09
-7.641498609949116971e-05 3.232254041068122863e+00 9.189037509007106155e-03 2.008013511383189057e-04 9.760058681876582844e-06 -7.575101364984816905e-09 3.4 0.00020964600068 1.6e-09
8.045965946321803879e-05 2.953799355904456192e+00 4.377497579185304910e-03 1.863590197543893770e-04 -1.589657807373580307e-05 -8.171899205984217908e-08 3.4 0.00020964600068 1.6e-09
-6.252734154252029877e-06 4.859033100276211048e-01 -2.045314136157744267e-03 1.320584694376428399e-04 -4.211322890375582842e-05 2.320968819310884823e-07 3.4 0.00020964600068 1.6e-09
6.777061949198800474e-05 2.208324708171380379e+00 -3.853899532732283674e-03 1.495794637514181525e-04 2.856437839100759335e-05 6.294790908804044873e-08 3.4 0.00020964600068 1.6e-09
-6.605667854073887476e-05 3.401900250734692044e+00 3.971905654486277207e-03 2.097407558551301482e-04 -1.183334929191623346e-06 7.304321506398858788e-08 3.4 0.00020964600068 1.6e-09
5.440093687082422029e-05 1.935783556068555900e+00 7.454933155267908299e-03 1.372435593947065821e-04 -3.326618925567976826e-05 -4.405730194574207937e-08 3.4 0.00020964600068 1.6e-09
-2.506169817909885083e-05 6.177269721317830697e-01 -8.353653002823488785e-03 1.177773797374469662e-04 5.275817011691690342e-05 -7.470522891440610882e-07 3.4 0.00020964600068 1.6e-09
-9.189843002764143246e-05 3.085383175619169638e+00 -1.831642749322145210e-03 1.931684765018062922e-04 1.297026464872744187e-05 2.110711120755917155e-07 3.4 0.00020964600068 1.6e-09
5.880730534103158756e-06 3.100334457143724798e+00 1.706919834225677224e-02 1.939441461943357020e-04 -1.263842259579586612e-05 1.271216179327447989e-07 3.4 0.00020964600068 1.6e-09
-4.011711477368654235e-05 6.386241749016874358e-01 7.466989203224553770e-03 1.163215019211308917e-04 -5.331347606579766647e-05 -1.031500184673450510e-06 3.4 0.00020964600068 1.6e-09
-2.224092561181346397e-06 1.901930632525919096e+00 -1.073590756171950364e-02 1.357770748543728201e-04 3.385950180168583839e-05 3.385139439571993110e-07 3.4 0.00020964600068 1.6e-09
-1.607979625892341368e-06 3.401195479933832644e+00 2.495519885139763777e-02 2.097021717528433987e-04 1.475460190248480403e-06 2.966644664440008654e-07 3.4 0.00020964600068 1.6e-09
-4.347868097271316123e-05 2.241212822138050953e+00 3.674407663871948754e-02 1.511177773284122332e-04 -2.801932393818114709e-05 -1.881067003565439626e-07 3.4 0.00020964600068 1.6e-09
-5.424700079108355898e-05 4.737602026605838845e-01 -1.274189410652470412e-02 1.338814273683795373e-04 4.004277146633008892e-05 -1.603689821394144357e-06 3.4 0.00020964600068 1.6e-09
-1.765347740941755606e-06 2.935912164761449006e+00 1.985747154218565208e-02 1.854338835947909065e-04 1.630726563652090238e-05 5.586539200732584719e-07 3.4 0.00020964600068 1.6e-09
3.943738638562649905e-05 3.252607339599046465e+00 5.790050005104426661e-02 2.018599228979395276e-04 -9.335449531704657520e-06 1.428545056628101853e-07 3.4 0.00020964600068 1.6e-09
-2.984660559395388202e-05 9.423832955307163139e-01 2.374646393222532015e-02 1.080814213601980324e-04 -5.226922281919801932e-05 -1.734757884071647980e-06 3.4 0.00020964600068 1.6e-09
-5.701136994868157947e-05 1.506145987755666216e+00 -5.040664839847903284e-03 1.201161810339576407e-04 4.138522957837774971e-05 8.643013936204673049e-07 3.4 0.00020964600068 1.6e-09
-8.635363561629748796e-05 3.384882409697935746e+00 6.151861069777560254e-02 2.088072871655240886e-04 4.881770961904803569e-06 4.404864026530622107e-07 3.4 0.00020964600068 1.6e-09
4.861092852605717327e-06 2.615252180890059730e+00 7.102938824561083608e-02 1.692098789062670733e-04 -2.203827385015630827e-05 -3.757536791471931152e-07 3.4 0.00020964600068 1.6e-09
4.885744064007492771e-05 4.033377852538662101e-01 -1.054543324693922937e-02 1.477306393578121599e-04 2.736680708048588238e-06 -2.416979444248634110e-06 3.4 0.00020964600068 1.6e-09
6.288876169116397040e-05 2.656698006119851740e+00 3.569741704950246675e-02 1.712724426489466135e-04 2.137545623181670058e-05 8.234463157132590272e-07 3.4 0.00020964600068 1.6e-09
6.514866475013271355e-05 3.379307458616108040e+00 8.494645329528777156e-02 2.085089396935042058e-04 -5.306811816479709739e-06 1.367140795392703927e-07 3.4 0.00020964600068 1.6e-09
-1.772290637496498462e-05 1.455966619770135750e+00 4.400825550762726274e-02 1.183999452345316943e-04 -4.234747844807059726e-05 -1.479637924002817357e-06 3.4 0.00020964600068 1.6e-09
2.696813452720341981e-05 9.869712482746986204e-01 -1.052157733945690080e-02 1.082156968577924921e-04 5.149571421018542597e-05 9.781038440437346119e-07 3.4 0.00020964600068 1.6e-09
2.510718316779038547e-05 3.264678920931172179e+00 6.785442865808255508e-02 2.024959541106221791e-04 8.895962627590376981e-06 5.458257826428731883e-07 3.4 0.00020964600068 1.6e-09
3.902063665736639584e-05 2.904505422576431073e+00 8.433178033051046130e-02 1.838279838256283460e-04 -1.684036178925889216e-05 -3.007060740420191306e-07 3.4 0.00020964600068 1.6e-09
4.792923795229376177e-05 4.593089089241204626e-01 -3.400996794978722055e-03 1.363900457119211057e-04 -3.653736798888281386e-05 -3.079136554826290086e-06 3.4 0.00020964600068 1.6e-09
4.410080724739684531e-07 2.287435353010633499e+00 2.712710947491566577e-02 1.533000250529091687e-04 2.723261871785015000e-05 1.024490212712029619e-06 3.4 0.00020964600068 1.6e-09
-9.004687136484971208e-05 3.397723310709353406e+00 9.070290212231876814e-02 2.095177987051724685e-04 -1.905383056122710881e-06 2.505948931572249692e-07 3.4 0.00020964600068 1.6e-09
8.303411415575078191e-06 1.850305055039524582e+00 6.155148478712449411e-02 1.335693503035349262e-04 -3.474442018066503321e-05 -1.180546150311577976e-06 3.4 0.00020964600068 1.6e-09
-4.848509741694182368e-06 6.708825810319349880e-01 -1.774673050637594340e-02 1.143877144013804610e-04 5.385253752947553944e-05 5.553490247967869129e-07 3.4 0.00020964600068 1.6e-09
8.699267571436817680e-05 3.117806390014797202e+00 7.163797379772102181e-02 1.948560822452836689e-04 1.212525020984265198e-05 7.452624107470607173e-07 3.4 0.00020964600068 1.6e-09
-9.661244444463973097e-06 3.055523269659361940e+00 1.021626289258971143e-01 1.916264903681523047e-04 -1.350027083389986548e-05 -2.091209135498289771e-07 3.4 0.00020964600068 1.6e-09
1.427210480340417010e-06 5.860457517324777488e-01 6.213674892559607581e-03 1.203909723059262064e-04 -5.130084792880368219e-05 -3.583015759914359712e-06 3.4 0.00020964600068 1.6e-09
2.227585277597285285e-05 1.991872480041003701e+00 2.679463925923299128e-02 1.397227995827513567e-04 3.218892112041549485e-05 1.436419303374442515e-06 3.4 0.00020964600068 1.6e-09
1.841885076746765004e-05 3.395588084695288167e+00 1.144407748672949809e-01 2.094140261239622034e-04 6.292620648497013996e-07 3.755675516727034859e-07 3.4 0.00020964600068 1.6e-09
-3.832783827141139253e-05 2.138291354726686855e+00 8.764843695039571669e-02 1.463399759498156959e-04 -2.963849420446113046e-05 -1.206622937577982144e-06 3.4 0.00020964600068 1.6e-09
-5.434794321601593210e-05 5.128045860015791879e-01 -2.111088809035226166e-02 1.282368467135553856e-04 4.583902687591654427e-05 1.769483734771450483e-07 3.4 0.00020964600068 1.6e-09
-4.111025730795223900e-05 2.987203938391473912e+00 9.345216211890178259e-02 1.880823307921553923e-04 1.510848350346600559e-05 1.028241809826195406e-06 3.4 0.00020964600068 1.6e-09
-9.244822408842665431e-05 3.197830399930444045e+00 1.363635706388212077e-01 1.990069611911295902e-04 -1.045858018457402599e-05 -2.182815306020666624e-07 3.4 0.00020964600068 1.6e-09
3.687301450054554394e-05 8.192780700167794361e-01 2.161792750030740520e-02 1.091602041022890707e-04 -5.380237427059654087e-05 -3.698762301884178304e-06 3.4 0.00020964600068 1.6e-09
5.384069906752663034e-05 1.652237689338906357e+00 3.056962590282696901e-02 1.255028881934925689e-04 3.849133614472949111e-05 2.091614226862590987e-06 3.4 0.00020964600068 1.6e-09
-8.555159075709453686e-05 3.395162320502793207e+00 1.466753862338578684e-01 2.093586107582208098e-04 3.681138822868335622e-06 4.745275169144285965e-07 3.4 0.00020964600068 1.6e-09
-2.015318827106199088e-05 2.493931075570282374e+00 1.192605019424715918e-01 1.632300515744100199e-04 -2.391505839127651845e-05 -1.221330629938798059e-06 3.4 0.00020964600068 1.6e-09
2.281506241568926970e-05 4.128926520923241750e-01 -2.130289314515743451e-02 1.454681061100935278e-04 1.715092994970107698e-05 -7.379886891583546244e-07 3.4 0.00020964600068 1.6e-09
5.281178370326147277e-05 2.761322734000662749e+00 1.084137385675516818e-01 1.765232030070713214e-04 1.957487160081571462e-05 1.321460393884791742e-06 3.4 0.00020964600068 1.6e-09
-3.674734948846813948e-05 3.351277355068821073e+00 1.630124537171648291e-01 2.070254954712653656e-04 -6.517332255941142604e-06 -1.994680275369527292e-07 3.4 0.00020964600068 1.6e-09
-2.776905469857905503e-05 1.301054899573264922e+00 4.831398143332148176e-02 1.136846762820611044e-04 -4.536585684282566525e-05 -2.961497232792462486e-06 3.4 0.00020964600068 1.6e-09
-8.738011655919634317e-06 1.133917920360717702e+00 1.530077646762111054e-02 1.099148581598684889e-04 4.869385465878234699e-05 2.762587500261904706e-06 3.4 0.00020964600068 1.6e-09
-7.387980949324156441e-05 3.308024767400064015e+00 1.518094694088834018e-01 2.047596303388251856e-04 7.740348290460647725e-06 5.859753862097491293e-07 3.4 0.00020964600068 1.6e-09
-5.004431397663319640e-05 2.838678368332893331e+00 1.349065520830004250e-01 1.804570012085520542e-04 -1.809494998877565330e-05 -1.010038976047884892e-06 3.4 0.00020964600068 1.6e-09
7.214947397589363868e-06 4.327537398118413425e-01 -1.698583170493708078e-02 1.413289444856476770e-04 -2.805226844980455606e-05 -2.401501582434492987e-06 3.4 0.00020964600068 1.6e-09
-7.816102066807745111e-05 2.386245952011474714e+00 9.272924782215281880e-02 1.580116588466736448e-04 2.560191493056394966e-05 1.589988150395127977e-06 3.4 0.00020964600068 1.6e-09
3.928759030332734247e-05 3.395501720709756199e+00 1.614360631870782603e-01 2.093899072815914733e-04 -2.755195936922675507e-06 -8.027969117104551116e-08 3.4 0.00020964600068 1.6e-09
-8.590967625209800082e-06 1.756493071298623532e+00 6.797932233486983500e-02 1.296571658732784192e-04 -3.644943979157485117e-05 -2.225979641571802825e-06 3.4 0.00020964600068 1.6e-09
4.273047500319640947e-05 7.374355624965689415e-01 -2.991820318977847677e-03 1.114011008023453521e-04 5.419812327995522595e-05 3.122699759097516206e-06 3.4 0.00020964600068 1.6e-09
2.091569589801470160e-05 3.152544455035304338e+00 1.443907925707166306e-01 1.966601690195366793e-04 1.127830310793091507e-05 7.292059138457058588e-07 3.4 0.00020964600068 1.6e-09
6.687310220472946994e-05 3.013959530462695824e+00 1.404920942614217294e-01 1.894764079445810290e-04 -1.433975636206324986e-05 -8.341834395428799896e-07 3.4 0.00020964600068 1.6e-09
-4.958296124021542957e-05 5.435253459158142508e-01 -1.087162685362661613e-02 1.246286150440152835e-04 -4.857915267800637002e-05 -3.135880047029134603e-06 3.4 0.00020964600068 1.6e-09
-4.617898077391775254e-05 2.072617067946025848e+00 8.302053266907560847e-02 1.433478156675193076e-04 3.069517952201273058e-05 1.943838506631049341e-06 3.4 0.00020964600068 1.6e-09
9.005513879879064828e-06 3.390140471256311461e+00 1.670728616596288962e-01 2.091308432682438870e-04 -1.119505972221585987e-07 1.487614335270710956e-09 3.4 0.00020964600068 1.6e-09
5.841388068230151059e-05 2.047353652576526351e+00 8.275738136395865974e-02 1.422054700162035407e-04 -3.113666780654194595e-05 -1.968470179210285893e-06 3.4 0.00020964600068 1.6e-09
2.409099219057974839e-05 5.556544860689520693e-01 -1.077573530270184606e-02 1.232853860231416707e-04 4.956993790539402798e-05 3.467440245218239965e-06 3.4 0.00020964600068 1.6e-09
3.913868366723383140e-05 3.026634916024806721e+00 1.500764411706045909e-01 1.901290967321417552e-04 1.408442057749276712e-05 8.668782033230551207e-07 3.4 0.00020964600068 1.6e-09
1.933406182802271077e-05 3.144825413396228786e+00 1.526221238201476704e-01 1.962559084732289332e-04 -1.148869744478505496e-05 -7.898343755246369749e-07 3.4 0.00020964600068 1.6e-09
6.394254003629137992e-07 7.213631008295522395e-01 -4.194614820382204165e-03 1.119924854856919254e-04 -5.420751734880534077e-05 -3.274978760961992275e-06 3.4 0.00020964600068 1.6e-09
-3.710944243424164787e-05 1.778699661329200765e+00 7.982382682912297911e-02 1.305677385942960195e-04 3.600822427994137794e-05 2.410980589421446827e-06 3.4 0.00020964600068 1.6e-09
-9.098608856593907350e-05 3.395808875761083812e+00 1.769729360185142153e-01 2.094069733685221299e-04 2.572415771316231983e-06 2.432129292199685894e-08 3.4 0.00020964600068 1.6e-09
1.958080579809095764e-05 2.366187765736976978e+00 9.612110385325998985e-02 1.570466335780192459e-04 -2.591557709507588751e-05 -1.779985741266788857e-06 3.4 0.00020964600068 1.6e-09
2.461819784593543582e-06 4.372897752924320702e-01 -1.612228654399935901e-02 1.403367763541473303e-04 3.016399269959471903e-05 3.705411074550168509e-06 3.4 0.00020964600068 1.6e-09
1.944717553510148111e-05 2.854016113714173741e+00 1.494036495109393736e-01 1.812310070528954449e-04 1.787467370637030867e-05 9.603145914698758892e-07 3.4 0.00020964600068 1.6e-09
4.968780244172588730e-05 3.308857028700414649e+00 1.554522093113506753e-01 2.047972136464673500e-04 -7.856126703093147402e-06 -7.279426313084993590e-07 3.4 0.00020964600068 1.6e-09
3.091920080176665988e-05 1.124214536097642547e+00 7.896987428866460851e-03 1.097214002591661181e-04 -4.894978423193821373e-05 -2.717796193554439502e-06 3.4 0.00020964600068 1.6e-09
1.715004923197205891e-05 1.311264635221481623e+00 5.695066369814928003e-02 1.139721492787998646e-04 4.512937814565199269e-05 2.918372414350883367e-06 3.4 0.00020964600068 1.6e-09
-4.634230053117526090e-05 3.352863581354617928e+00 1.566240006818655495e-01 2.071101880810466824e-04 6.438499899702319075e-06 3.452801721550692539e-08 3.4 0.00020964600068 1.6e-09
-3.427143879206770791e-05 2.753402755191934670e+00 9.072533880708263943e-02 1.761241144310338993e-04 -1.971730771527903321e-05 -1.347283552160153230e-06 3.4 0.00020964600068 1.6e-09
-7.603065890058201997e-06 4.115992042847864130e-01 -2.029638601813233550e-02 1.457919416334750649e-04 -1.565974705594239645e-05 2.303086631269062894e-06 3.4 0.00020964600068 1.6e-09
-8.271623417510251227e-06 2.505195334470878166e+00 1.105743814871144870e-01 1.637782955981655498e-04 2.377763330475982296e-05 9.424410031561338471e-07 3.4 0.00020964600068 1.6e-09
2.084017714237837920e-05 3.398201422090832757e+00 1.208253261693110481e-01 2.095157039386094048e-04 -3.748231752240366718e-06 -5.367496649325598070e-07 3.4 0.00020964600068 1.6e-09
-3.087615325673751491e-05 1.647401831259839522e+00 1.462538512368290709e-02 1.253065261956805027e-04 -3.864146302840111439e-05 -1.703814184128492878e-06 3.4 0.00020964600068 1.6e-09
-2.111218029412244279e-05 8.231496115800944757e-01 2.182320689626585097e-02 1.091143774527375624e-04 5.374686977689511645e-05 3.200401138743080395e-06 3.4 0.00020964600068 1.6e-09
-2.121840141800755708e-06 3.198587502791119253e+00 1.120081747873999944e-01 1.990503136851074981e-04 1.039936027518951675e-05 9.566502177798782426e-08 3.4 0.00020964600068 1.6e-09
6.603722415355451443e-05 2.979618801048700583e+00 6.949925951814305003e-02 1.876957727897730758e-04 -1.523570628746281639e-05 -8.908729121609669759e-07 3.4 0.00020964600068 1.6e-09
-1.851806827879370218e-05 5.076359437993537282e-01 -1.893249734286854558e-02 1.289865546081318684e-04 -4.505115263295767750e-05 5.111357580577289754e-07 3.4 0.00020964600068 1.6e-09
8.953584927757570367e-06 2.151364195610638852e+00 7.467346560719116677e-02 1.469465959086194455e-04 2.941662959318584814e-05 9.818102501903022391e-07 3.4 0.00020964600068 1.6e-09
6.910747597595060313e-05 3.394198543661368195e+00 9.445904107694608198e-02 2.093427381887605007e-04 -7.774652382252892411e-07 -3.377946077648746610e-07 3.4 0.00020964600068 1.6e-09
1.363806398707384586e-05 1.973102709021490986e+00 1.978879799784299259e-02 1.388946000835996480e-04 -3.252258714238062470e-05 -1.196733006065783115e-06 3.4 0.00020964600068 1.6e-09
5.686899220516600836e-05 5.960344172173658306e-01 5.088945770138356833e-03 1.195428075361943147e-04 5.175536369130850944e-05 3.178267327203391545e-06 3.4 0.00020964600068 1.6e-09
-7.581263833960548383e-05 3.062699400254527582e+00 9.281671215772713257e-02 1.920010601171026686e-04 1.330898463730642437e-05 2.110355792930425023e-07 3.4 0.00020964600068 1.6e-09
7.412986077516335408e-06 3.106089919415963685e+00 6.694161787904651106e-02 1.942503780819261508e-04 -1.235541013793402422e-05 -6.675355236163591606e-07 3.4 0.00020964600068 1.6e-09
1.169572159111818626e-06 6.542687134990281539e-01 -1.515212517567958439e-02 1.153621707508927657e-04 -5.355782955948000350e-05 -5.551025023782743903e-07 3.4 0.00020964600068 1.6e-09
5.732421207356376992e-05 1.875629300813616895e+00 6.057882068277243431e-02 1.346591805283013188e-04 3.423985555678586690e-05 1.184916778813732440e-06 3.4 0.00020964600068 1.6e-09
-6.094918645827178470e-05 3.394449152194448871e+00 9.252407129916143114e-02 2.093508782950838712e-04 1.646337286018586191e-06 -2.221618436257188427e-07 3.4 0.00020964600068 1.6e-09
2.833293223584114730e-05 2.251684651791696190e+00 3.005428056397252759e-02 1.516171886562889910e-04 -2.779113934710833412e-05 -1.048232177171480039e-06 3.4 0.00020964600068 1.6e-09
-4.420826647573799476e-05 4.703331151723630921e-01 -3.128727214703501489e-03 1.344760018768601222e-04 3.918769288623925873e-05 3.407636878558968414e-06 3.4 0.00020964600068 1.6e-09
1.273868416367459223e-05 2.925816650245848027e+00 9.017839572249787550e-02 1.849197407251923335e-04 1.643145663363229300e-05 3.127580664941740844e-07 3.4 0.00020964600068 1.6e-09
-3.659777490122328211e-05 3.252654037990805325e+00 7.226954342593994163e-02 2.018656119793576175e-04 -9.235396886436796733e-06 -5.855493781548451592e-07 3.4 0.00020964600068 1.6e-09
-1.656442484826359718e-06 9.490075486624552914e-01 -1.139716458518343425e-02 1.080928227949997029e-04 -5.217534889682666640e-05 -1.029744253401480042e-06 3.4 0.00020964600068 1.6e-09
-2.346327352797795258e-05 1.498024571364990898e+00 4.945180041923505354e-02 1.198336939401638387e-04 4.149872581851329846e-05 1.451317683077674471e-06 3.4 0.00020964600068 1.6e-09
1.414403390895067187e-05 3.383819450954277830e+00 8.487022352605645692e-02 2.087502814675347234e-04 4.955976356071167558e-06 -2.043421118901346654e-07 3.4 0.00020964600068 1.6e-09
-4.975872231110830532e-05 2.623087069306861530e+00 2.981803143408156415e-02 1.695989226768753041e-04 -2.191805111827118202e-05 -8.594297739464126602e-07 3.4 0.00020964600068 1.6e-09
-5.491273382778130854e-05 4.031347640282712530e-01 -8.893140926226405368e-03 1.477565938320892685e-04 1.965039871462600408e-06 3.429493797556244203e-06 3.4 0.00020964600068 1.6e-09
-8.395675325770495662e-05 2.650768777350896332e+00 6.579946379677394097e-02 1.709702883566257387e-04 2.152374536411268596e-05 2.152137993247274142e-07 3.4 0.00020964600068 1.6e-09
-9.090231559066246742e-05 3.385828560416043409e+00 4.668272411066921868e-02 2.088495293716595370e-04 -5.166126838149535748e-06 -4.723104896486228371e-07 3.4 0.00020964600068 1.6e-09
3.774117030916199271e-06 1.476279608421701806e+00 -1.339129117481061004e-02 1.190715987119392912e-04 -4.202311796753459945e-05 -6.103198644776831302e-07 3.4 0.00020964600068 1.6e-09
1.035601555417160202e-05 9.697224862092391762e-01 2.263107811163356242e-02 1.081280216293828336e-04 5.181499025885446510e-05 1.261330167701579129e-06 3.4 0.00020964600068 1.6e-09
-2.699169383808691929e-06 3.262652020694482680e+00 3.708221942911870544e-02 2.023848791033778269e-04 9.094091755946727608e-06 -2.206259876300672434e-07 3.4 0.00020964600068 1.6e-09
8.328750240705460228e-05 2.923270916876492098e+00 1.675263708065183495e-03 1.847832200586475154e-04 -1.657947520232018002e-05 -4.234709687964512998e-07 3.4 0.00020964600068 1.6e-09
5.500174335907587046e-05 4.663436193892854242e-01 -9.883620772667522925e-03 1.351340681250738033e-04 -3.839181771918758157e-05 2.101158483868335567e-06 3.4 0.00020964600068 1.6e-09
2.331713584253232560e-06 2.264448568866626488e+00 2.220145509134003464e-02 1.522075375994066840e-04 2.766327776208190589e-05 1.302684837614825971e-08 3.4 0.00020964600068 1.6e-09
5.079994561023411703e-05 3.403741967210243580e+00 7.203774265782748702e-03 2.098325906276920106e-04 -1.650044625689976594e-06 -2.292120804654240114e-07 3.4 0.00020964600068 1.6e-09
-3.780550433096285730e-05 1.886429740662885823e+00 -1.404611152330282123e-02 1.351027569140985729e-04 -3.416761830254627457e-05 -1.060035619639710699e-07 3.4 0.00020964600068 1.6e-09
-3.357520340432023189e-05 6.484400840406838729e-01 3.805446511095458579e-03 1.156865165085305022e-04 5.354832150930553689e-05 4.909938198748892811e-07 3.4 0.00020964600068 1.6e-09
-4.812120860420657654e-06 3.106549315561557112e+00 6.527685963482344339e-03 1.942678283901779889e-04 1.248385830268255753e-05 -7.661386602380532230e-08 3.4 0.00020964600068 1.6e-09
-2.285364989692932874e-05 3.077395708802987961e+00 -3.127799900550836711e-03 1.927556797918141148e-04 -1.312718640667621382e-05 -9.603151807147645947e-08 3.4 0.00020964600068 1.6e-09
2.055752274814821810e-05 6.075257002938208029e-01 -4.093365621108629657e-03 1.185702452312635302e-04 -5.239307237751653502e-05 4.789820406499834972e-07 3.4 0.00020964600068 1.6e-09
1.228157574606583667e-05 1.952944126980850292e+00 3.500244613073808311e-03 1.380038789300696623e-04 3.292083986830221390e-05 1.151717037886800023e-07 3.4 0.00020964600068 1.6e-09
-1.007682956391866289e-04 3.398839073177698289e+00 9.093180411437373073e-03 2.095835652960837900e-04 1.001731245435785985e-06 1.094432117778962988e-08 3.4 0.00020964600068 1.6e-09
-8.465206646027520563e-06 2.181784436971806684e+00 5.467484804883651801e-03 1.483477828022262599e-04 -2.898767628444412080e-05 -9.855784725825309525e-08 3.4 0.00020964600068 1.6e-09
-5.305120279966312776e-06 4.956790633770706278e-01 -4.642199908284745657e-03 1.305979035523757248e-04 4.369322952792871023e-05 -1.716138003403529853e-07 3.4 0.00020964600068 1.6e-09
-7.491724599015051869e-05 2.967131189035099315e+00 1.330571513592438554e-02 1.870474434276184358e-04 1.559764996342505430e-05 1.946988794141339159e-07 3.4 0.00020964600068 1.6e-09
-9.243530732351522001e-05 3.219316148629724594e+00 2.345258824933093428e-02 2.001277990678125454e-04 -1.003583168608780648e-05 -5.093266559584470069e-09 3.4 0.00020964600068 1.6e-09
5.190087999666555149e-05 8.609172597149727935e-01 5.534774915100405292e-03 1.085427060325129902e-04 -5.348317757092483163e-05 -6.621871337377163623e-07 3.4 0.00020964600068 1.6e-09
5.951743558526033156e-05 1.600200992195128347e+00 3.831715347197948637e-03 1.235292457496688133e-04 3.953188649058850832e-05 4.860256165375728984e-07 3.4 0.00020964600068 1.6e-09
4.969366303840804531e-05 3.392894825591755925e+00 3.376125189354728384e-02 2.092387704523311024e-04 4.091677425392581022e-06 1.505305626288397341e-07 3.4 0.00020964600068 1.6e-09
-4.556581073993043278e-05 2.534754727136506069e+00 3.097948958940538802e-02 1.652357706378164317e-04 -2.332583953156758732e-05 -2.592895333843478051e-07 3.4 0.00020964600068 1.6e-09
-5.691575322917819397e-05 4.080972702576763367e-01 -6.491769683547935800e-03 1.466137144342372209e-04 1.277965106368391627e-05 -4.714003613706163926e-07 3.4 0.00020964600068 1.6e-09
-7.971954866462173828e-06 2.730761481699144344e+00 2.381035490545730868e-02 1.749852799196806752e-04 2.015728824407578767e-05 3.682414611294105140e-07 3.4 0.00020964600068 1.6e-09
-4.677308190536697723e-05 3.362447643133742226e+00 4.208874433283629757e-02 2.076175961337400292e-04 -6.154746063033991047e-06 -3.479620676558972652e-09 3.4 0.00020964600068 1.6e-09
-3.869096006427741704e-05 1.345408158923778519e+00 1.592648317257041105e-02 1.149421803853124254e-04 -4.458380674866426808e-05 -7.675571672562695195e-07 3.4 0.00020964600068 1.6e-09
9.730136679942815418e-06 1.090467329707813793e+00 -1.979215629326187831e-03 1.092251340975021711e-04 4.960933457960896471e-05 4.817328099661701282e-07 3.4 0.00020964600068 1.6e-09
-5.239522758661218981e-05 3.299500726129932726e+00 3.013262633936420257e-02 2.043149798178491797e-04 8.084713706402174024e-06 1.965530587596209191e-07 3.4 0.00020964600068 1.6e-09
2.916250789506518706e-05 2.861024141374759466e+00 3.358053293611464041e-02 1.815982215386820306e-04 -1.776102470894434446e-05 -1.603166369179679550e-07 3.4 0.00020964600068 1.6e-09
-2.118185521686521343e-05 4.387741015182208271e-01 -2.834478054754002198e-03 1.401572295120075097e-04 -3.061316496338611773e-05 -9.951738368566422999e-07 3.4 0.00020964600068 1.6e-09
6.284951519889203295e-06 2.360883135086834006e+00 5.881517069397241594e-03 1.567936672253812701e-04 2.609795858713760607e-05 3.599250595747219042e-07 3.4 0.00020964600068 1.6e-09
4.148568321238889866e-05 3.401646130555478820e+00 3.123664341121138235e-02 2.097157535516343610e-04 -2.503352550095220974e-06 1.306375197267022130e-07 3.4 0.00020964600068 1.6e-09
-1.589134148342260467e-05 1.787858222066953218e+00 2.413272131534269921e-02 1.309445068381820724e-04 -3.597115127121228379e-05 -4.274416203236558104e-07 3.4 0.00020964600068 1.6e-09
2.622970032656825101e-05 7.147749500046507443e-01 -1.204362692274738716e-02 1.122626537014628507e-04 5.427110967616870978e-05 -3.002597385460594491e-07 3.4 0.00020964600068 1.6e-09
-7.337212939556091802e-05 3.146614963536092269e+00 1.682660782747828765e-02 1.963485338010000905e-04 1.158964579084052545e-05 3.514242540330865154e-07 3.4 0.00020964600068 1.6e-09
-9.211326361953058712e-05 3.035192151892112111e+00 3.915728832807822968e-02 1.905705649989262117e-04 -1.403520466097806075e-05 4.226861006564736383e-08 3.4 0.00020964600068 1.6e-09
6.085359292981679184e-05 5.585924682221959925e-01 5.785089180261048479e-03 1.229876478948604219e-04 -4.986814171344426064e-05 -1.871211850501999555e-06 3.4 0.00020964600068 1.6e-09
6.316150587064296945e-05 2.043111143570158106e+00 -4.138276124369712206e-03 1.420101731744978577e-04 3.133202113016660400e-05 5.719201596014240410e-07 3.4 0.00020964600068 1.6e-09
7.448400686279455342e-05 3.398778928195756777e+00 4.386424561404303479e-02 2.095820901253181651e-04 2.020477733662103612e-07 3.305893934469292776e-07 3.4 0.00020964600068 1.6e-09
-4.029802753292939987e-05 2.091356332869700019e+00 4.792064889832838015e-02 1.441910514265914219e-04 -3.049728309849127371e-05 -4.435423820117801354e-07 3.4 0.00020964600068 1.6e-09
-5.093745056285144324e-05 5.343194705968019598e-01 -1.720274930689556434e-02 1.255893449012549152e-04 4.805933586056824732e-05 -1.162600537365660772e-06 3.4 0.00020964600068 1.6e-09
-2.856201210180452549e-05 3.013209630749875245e+00 3.248898704279500060e-02 1.894269467095299146e-04 1.458791080537782565e-05 6.671347283352129884e-07 3.4 0.00020964600068 1.6e-09
9.422839937408404880e-05 3.176024998977968750e+00 7.406805080743425473e-02 1.978724877989976251e-04 -1.100683132793934857e-05 9.151901948327817175e-08 3.4 0.00020964600068 1.6e-09
1.674391614596987339e-05 7.681547124533378845e-01 2.019877792353869453e-02 1.103642819582103764e-04 -5.422146147341412321e-05 -2.591884311578715846e-06 3.4 0.00020964600068 1.6e-09
-3.524549223533036892e-05 1.716639716021727935e+00 9.609741717973340272e-04 1.280396428531233391e-04 3.731270236931915675e-05 1.125255428083121610e-06 3.4 0.00020964600068 1.6e-09
7.582846479981138459e-05 3.400074102074783333e+00 8.238173781765123493e-02 2.096244839627863475e-04 3.120370774368669698e-06 4.940006691876628440e-07 3.4 0.00020964600068 1.6e-09
-6.005671613816698529e-05 2.433647371914219093e+00 8.509231951089335499e-02 1.602975036807750397e-04 -2.491599183850628536e-05 -6.324371285803208820e-07 3.4 0.00020964600068 1.6e-09
2.412391261812723049e-05 4.226285084014876903e-01 -1.720646309309713934e-02 1.433429796510161762e-04 2.370174241972886279e-05 -2.078341808176156285e-06 3.4 0.00020964600068 1.6e-09
2.894843002491701668e-05 2.810541242492609726e+00 5.945484040084144522e-02 1.790178406933327763e-04 1.874680982928215154e-05 1.024124688173362286e-06 3.4 0.00020964600068 1.6e-09
5.999950141286979446e-05 3.333487693390194906e+00 1.158361145903253897e-01 2.060905827804134730e-04 -7.197608590085556630e-06 6.491807058183512570e-08 3.4 0.00020964600068 1.6e-09
5.396999854310027459e-05 1.212674045632029518e+00 4.515811706386880370e-02 1.114787571043866765e-04 -4.716869550278715741e-05 -2.406748209807263522e-06 3.4 0.00020964600068 1.6e-09
5.244064064516596488e-05 1.220399480524393621e+00 -8.781199623308582431e-04 1.116781131001498074e-04 4.703273984406363718e-05 1.692334836972817373e-06 3.4 0.00020964600068 1.6e-09
-2.494348351629128367e-05 3.332363907893874710e+00 1.066973400198379107e-01 2.060365810044972163e-04 7.075521995333164014e-06 6.175796538119923726e-07 3.4 0.00020964600068 1.6e-09
-9.770721803593399838e-07 2.795661432532479118e+00 1.123263911976832702e-01 1.782684633490755875e-04 -1.893690976903554413e-05 -6.258995242844440201e-07 3.4 0.00020964600068 1.6e-09
-2.325563845379221827e-05 4.204404316334457992e-01 -1.141107073682017664e-02 1.438945587371248333e-04 -2.198013691125759247e-05 -3.283337401739436906e-06 3.4 0.00020964600068 1.6e-09
-3.528347325677127664e-06 2.448969091129613140e+00 5.824353779835034217e-02 1.610429177487026839e-04 2.465196622018428759e-05 1.300309894278416938e-06 3.4 0.00020964600068 1.6e-09
1.646733890647342468e-05 3.396405139929106198e+00 1.283674073602785737e-01 2.094307090613701985e-04 -3.298692159734501553e-06 1.337547264260406658e-07 3.4 0.00020964600068 1.6e-09
-1.583282215275047135e-05 1.696093184699769330e+00 6.742722807510533045e-02 1.272230739088297245e-04 -3.762290046774515470e-05 -1.852571592755081303e-06 3.4 0.00020964600068 1.6e-09
-4.870564557482583802e-05 7.827036204591306667e-01 -1.229022358086398307e-02 1.099977295875550543e-04 5.413597024314711892e-05 1.766664879050187690e-06 3.4 0.00020964600068 1.6e-09
9.108090527604923456e-05 3.178313797050192235e+00 1.081654657974551598e-01 1.979985311484477178e-04 1.077002826850597837e-05 7.755006591280850243e-07 3.4 0.00020964600068 1.6e-09
3.579610135465200767e-05 2.993088285111564772e+00 1.252613354677397650e-01 1.883957126291090989e-04 -1.485697625114231228e-05 -5.083295162183223096e-07 3.4 0.00020964600068 1.6e-09
-3.174766861563665824e-05 5.225222994369461693e-01 -3.190165107971363635e-03 1.270882413679602597e-04 -4.664234020371515251e-05 -3.841825820512179081e-06 3.4 0.00020964600068 1.6e-09
-5.054263081228930403e-07 2.119130772488141190e+00 5.331997135164490143e-02 1.454644260269026546e-04 2.995162448063956107e-05 1.667257401720822137e-06 3.4 0.00020964600068 1.6e-09
-3.810029016545504293e-05 3.392687749924978124e+00 1.424567839710518813e-01 2.092632508335917499e-04 -4.998730129294217337e-07 2.325966569173397501e-07 3.4 0.00020964600068 1.6e-09
5.350208124605209222e-05 2.005399310361583698e+00 8.780757809627684485e-02 1.403246499982606398e-04 -3.188803292390694484e-05 -1.682884727198442442e-06 3.4 0.00020964600068 1.6e-09
5.057212989144498788e-05 5.770516503756026871e-01 -1.794849317697656821e-02 1.211827851612186678e-04 5.093226764798813622e-05 1.736008345055314081e-06 3.4 0.00020964600068 1.6e-09
-9.132258050883653442e-05 3.047818965595711305e+00 1.216983566401536598e-01 1.912248955283595139e-04 1.365257580927117863e-05 9.833453800682084370e-07 3.4 0.00020964600068 1.6e-09
5.281034335465825409e-05 3.125335146295789901e+00 1.481632172010169946e-01 1.952437961768914518e-04 -1.194031985963984190e-05 -4.915331737459290073e-07 3.4 0.00020964600068 1.6e-09
5.019232616426050006e-05 6.872670091363246581e-01 6.650237694373274840e-03 1.135191427805470107e-04 -5.395497183493717610e-05 -4.013419923334610982e-06 3.4 0.00020964600068 1.6e-09
-3.081202984580435147e-05 1.828299534026478046e+00 5.607788139111363757e-02 1.326352562375368918e-04 3.512130688406361672e-05 2.216309508842822810e-06 3.4 0.00020964600068 1.6e-09
-2.267593150995170237e-05 3.396508937746557599e+00 1.670121770357060609e-01 2.094487172783715632e-04 2.117683634214470219e-06 2.936404235092403638e-07 3.4 0.00020964600068 1.6e-09
-5.352139488499024441e-05 2.314847789764332919e+00 1.117957807466241904e-01 1.545961038071470774e-04 -2.672181965250880616e-05 -1.636595219964568349e-06 3.4 0.00020964600068 1.6e-09
-2.604428413983268844e-05 4.502812068382051058e-01 -2.091829419185223943e-02 1.378804374050799308e-04 3.443522102361444104e-05 1.595381488419503424e-06 3.4 0.00020964600068 1.6e-09
2.621018130821232804e-05 2.887247968246501095e+00 1.368841876347841324e-01 1.829321146610944377e-04 1.721454896923153832e-05 1.202293931033816540e-06 3.4 0.00020964600068 1.6e-09
-6.495560513288743372e-05 3.285815603106968297e+00 1.710852658078339805e-01 2.035920964068573761e-04 -8.428290507874640954e-06 -4.819700936916988974e-07 3.4 0.00020964600068 1.6e-09
3.422613539416390538e-06 1.051277077486127531e+00 2.554149448308369943e-02 1.086991713339837274e-04 -5.027569292177456724e-05 -3.477712221434214011e-06 3.4 0.00020964600068 1.6e-09
-1.619556709062913483e-05 1.388131514329827620e+00 4.442022551864734103e-02 1.162243132195077210e-04 4.361567087196287630e-05 2.892599559060744798e-06 3.4 0.00020964600068 1.6e-09
-6.335215383918097669e-06 3.365227983219177155e+00 1.729698813292552817e-01 2.077638518787081143e-04 5.822098740378064478e-06 3.547357335308740799e-07 3.4 0.00020964600068 1.6e-09
-2.298217792278383086e-05 2.701798033983591196e+00 1.266687417775991253e-01 1.735278747010178687e-04 -2.054908445817087414e-05 -1.369858342099464624e-06 3.4 0.00020964600068 1.6e-09
1.763854043773563607e-05 4.059732581892774306e-01 -2.153327236436721956e-02 1.470900618586776882e-04 -8.913846080200943714e-06 7.798624233874263565e-08 3.4 0.00020964600068 1.6e-09
3.722199177728814504e-05 2.562364703167163249e+00 1.194571883945963892e-01 1.665892576536746547e-04 2.282767037772298540e-05 1.373823566076335266e-06 3.4 0.00020964600068 1.6e-09
9.007605771070339973e-05 3.390358534799845724e+00 1.632498994028238060e-01 2.090973773358486502e-04 -4.323172138520124716e-06 -3.540613191565983947e-07 3.4 0.00020964600068 1.6e-09
1.118108039267471892e-05 1.577873255893758042e+00 4.515405147792483226e-02 1.226823259086722170e-04 -3.992293791400358498e-05 -2.443152753572406857e-06 3.4 0.00020964600068 1.6e-09
-3.728948553472073398e-05 8.806786829031097996e-01 1.502198162713902149e-02 1.083676266750425212e-04 5.306598325059809571e-05 3.437574493743594590e-06 3.4 0.00020964600068 1.6e-09
7.234303853644597480e-05 3.220969705428597063e+00 1.494288191512094799e-01 2.002162596630614473e-04 9.824617139763777598e-06 4.566837013380992515e-07 3.4 0.00020964600068 1.6e-09
-3.022486047443966733e-05 2.950072319309238189e+00 1.213328799793167156e-01 1.861733820129616635e-04 -1.580313812425531708e-05 -1.024359086497213120e-06 3.4 0.00020964600068 1.6e-09
3.545157501301059156e-05 4.877213962456279361e-01 -1.798186994878554074e-02 1.318082556476873142e-04 -4.218304621781452746e-05 -1.471614680253499507e-06 3.4 0.00020964600068 1.6e-09
6.192141916923772334e-05 2.201807912818058099e+00 9.351682857275227245e-02 1.492842700138646091e-04 2.853249045053879413e-05 1.582444366490508398e-06 3.4 0.00020964600068 1.6e-09
-6.913321791179172357e-05 3.392266396960375463e+00 1.497854372057130790e-01 2.092381741216342843e-04 -1.206222195897858450e-06 -2.088147230981699623e-07 3.4 0.00020964600068 1.6e-09
2.616782207046118171e-05 1.923546387001343394e+00 5.583132641619374670e-02 1.367224039573912561e-04 -3.335942734886654349e-05 -1.901282564299075448e-06 3.4 0.00020964600068 1.6e-09
4.684815052086714902e-05 6.250132528613980831e-01 -3.500055217967651595e-04 1.172956819117215824e-04 5.275491549851258754e-05 3.735205163398036482e-06 3.4 0.00020964600068 1.6e-09
-5.664387991483366304e-05 3.082170208659285926e+00 1.389948681305135381e-01 1.930103596075403299e-04 1.281215378019493655e-05 5.723580454054922215e-07 3.4 0.00020964600068 1.6e-09
-8.906024795286820301e-05 3.081842548614120325e+00 1.226535548667573305e-01 1.929937764382864680e-04 -1.281709181075368590e-05 -8.648680183214767420e-07 3.4 0.00020964600068 1.6e-09
4.421152807655770250e-05 6.229889279363512999e-01 -1.364025920318693089e-02 1.174363120103579037e-04 -5.276659892036813669e-05 -2.115059260097650515e-06 3.4 0.00020964600068 1.6e-09
-2.963866772301893245e-05 1.925667363005101773e+00 8.375964255952536575e-02 1.368165826036057660e-04 3.328507805226123219e-05 1.889737085774203195e-06 3.4 0.00020964600068 1.6e-09
8.525683054802590084e-05 3.392101879541765452e+00 1.514430287903802408e-01 2.092297068348291777e-04 1.192096063676811724e-06 -1.454004148261742163e-07 3.4 0.00020964600068 1.6e-09
2.147596940487577304e-05 2.199494999469166601e+00 6.600599674972998376e-02 1.491744465806738268e-04 -2.860095959361348025e-05 -1.691519339336572545e-06 3.4 0.00020964600068 1.6e-09
-8.633158836395073062e-06 4.889792632042356813e-01 -7.723662010384687096e-03 1.315652734065910596e-04 4.248263169382042524e-05 4.187346303096524123e-06 3.4 0.00020964600068 1.6e-09
-7.817898284730313266e-05 2.952553423917869679e+00 1.388849871977402839e-01 1.862953638357920652e-04 1.581885939881507499e-05 6.591494201209221952e-07 3.4 0.00020964600068 1.6e-09
-9.767559680806382717e-05 3.226915759711932452e+00 1.273266509278889735e-01 2.005224769736417242e-04 -9.773716828198149561e-06 -8.013405581140481293e-07 3.4 0.00020964600068 1.6e-09
-2.954408885669150922e-05 8.871974116287049128e-01 -8.158400455326630246e-03 1.082965627184696617e-04 -5.308735572925914799e-05 -2.206348955261093434e-06 3.4 0.00020964600068 1.6e-09
-1.235890172833663194e-05 1.568975644416130244e+00 7.216221467954861413e-02 1.223604260857147938e-04 4.005330354399223950e-05 2.280253094946710409e-06 3.4 0.00020964600068 1.6e-09
9.214032263928651216e-05 3.389925950226007068e+00 1.446090201369539252e-01 2.090751275492288013e-04 4.390711511115389699e-06 -1.429126066629795476e-07 3.4 0.00020964600068 1.6e-09
1.483249961338243373e-05 2.569024523870766963e+00 6.766405107940962060e-02 1.669179551557174734e-04 -2.276382482114083680e-05 -1.400260636519886268e-06 3.4 0.00020964600068 1.6e-09
-5.366141166641270308e-05 4.056014438612696171e-01 -1.433571343947753242e-02 1.471409988945622570e-04 8.762813172431902219e-06 4.117737436701252054e-06 3.4 0.00020964600068 1.6e-09
3.714262787235994350e-06 2.699545535169128652e+00 1.148638565319329563e-01 1.734091221100583313e-04 2.068360661345604234e-05 6.138651615038517251e-07 3.4 0.00020964600068 1.6e-09
-2.096062391276365275e-05 3.375092245918399847e+00 1.036434097399608623e-01 2.082791438882285239e-04 -5.704536078731508645e-06 -6.714518392364177427e-07 3.4 0.00020964600068 1.6e-09
1.550815629487112011e-05 1.408043129851674902e+00 -4.014028350255985020e-03 1.168290181000953046e-04 -4.336437641178746822e-05 -1.509589839461027333e-06 3.4 0.00020964600068 1.6e-09
1.552571838962032793e-05 1.032525520760505522e+00 3.779669056755836920e-02 1.085220468700912521e-04 5.062674327950566523e-05 2.480361678467001566e-06 3.4 0.00020964600068 1.6e-09
-4.592048090063144438e-05 3.282427682947504977e+00 9.565482674046825451e-02 2.034173333296608642e-04 8.586565462209403858e-06 -1.500974574384356759e-07 3.4 0.00020964600068 1.6e-09
1.986126590399404609e-05 2.895127820586190559e+00 4.050282734381393385e-02 1.833378975680335660e-04 -1.712952595957849375e-05 -8.818535874384099206e-07 3.4 0.00020964600068 1.6e-09
3.404959289320002219e-05 4.524035709838452046e-01 -1.728384566141595927e-02 1.375527433350077914e-04 -3.484353266963925071e-05 2.372142807844441956e-06 3.4 0.00020964600068 1.6e-09
4.303856645409287755e-05 2.309141315520185422e+00 6.539978121205730632e-02 1.543236513739263066e-04 2.691010024640252648e-05 4.711072869713606977e-07 3.4 0.00020964600068 1.6e-09
-4.025643123005285536e-05 3.402389921190136501e+00 5.793646022189657963e-02 2.097582917803287597e-04 -2.036458612604727427e-06 -4.306055538005403455e-07 3.4 0.00020964600068 1.6e-09
3.927399627180486945e-05 1.840627720664224309e+00 -5.251745726779838939e-03 1.331494449844793809e-04 -3.500239256331441682e-05 -7.716644313593341358e-07 3.4 0.00020964600068 1.6e-09
-5.489003638054295816e-05 6.786035765107190088e-01 1.209648090163066396e-02 1.139691899119424877e-04 5.394014374799957598e-05 2.231470753106578597e-06 3.4 0.00020964600068 1.6e-09
-5.385064726134164577e-06 3.123636677489583846e+00 5.649902671300556511e-02 1.951574068410363123e-04 1.204904497224157744e-05 -5.387583743706948036e-08 3.4 0.00020964600068 1.6e-09
-3.325700436376584915e-05 3.053886713762452576e+00 2.566188111397487218e-02 1.915406194912270329e-04 -1.358832904967079907e-05 -5.024843852676894718e-07 3.4 0.00020964600068 1.6e-09
4.295500005212187210e-05 5.805993750926896624e-01 -1.395273903094042256e-02 1.208679522644317574e-04 -5.114150200522015258e-05 7.279957387554861080e-07 3.4 0.00020964600068 1.6e-09
5.896262379310540864e-05 1.999928899440044816e+00 3.958866965740202859e-02 1.400867321994963871e-04 3.204204314362622027e-05 5.261121244002360571e-07 3.4 0.00020964600068 1.6e-09
8.778896504094862215e-05 3.395010916658004252e+00 4.590167528285148818e-02 2.093870270266268738e-04 5.343946552303994279e-07 -2.220011270165527324e-07 3.4 0.00020964600068 1.6e-09
-1.109561951267907284e-06 2.123737548594473168e+00 5.540323069801358913e-03 1.456762057933565506e-04 -2.992827173600686033e-05 -5.674287118037118993e-07 3.4 0.00020964600068 1.6e-09
-2.775992000232098175e-05 5.198589185012636449e-01 7.422451282295041558e-04 1.273861983808196956e-04 4.657922529863119413e-05 1.951388330839866078e-06 3.4 0.00020964600068 1.6e-09
3.112487330643404031e-05 2.994332286483007977e+00 5.025237417312476695e-02 1.884581417066632939e-04 1.491926328998668979e-05 1.204074056458012530e-07 3.4 0.00020964600068 1.6e-09
-2.120584314973076331e-05 3.184959328622753105e+00 3.622554194014955542e-02 1.983427004775495600e-04 -1.072484805611178807e-05 -3.564666404068191276e-07 3.4 0.00020964600068 1.6e-09
-4.419151899665626354e-05 7.896818561534834080e-01 -8.701597402609397361e-03 1.098182665654528416e-04 -5.413558054493105296e-05 -3.741648561133708563e-07 3.4 0.00020964600068 1.6e-09
-2.268148629388565824e-05 1.687484037201012921e+00 3.239944570804469126e-02 1.268909039599832559e-04 3.782941450504263484e-05 7.976125959507162883e-07 3.4 0.00020964600068 1.6e-09
2.080391935212576988e-05 3.396087224814778871e+00 5.438386874104516461e-02 2.094165782647731445e-04 3.338056395877121854e-06 -1.114282729019870595e-07 3.4 0.00020964600068 1.6e-09
-2.153634093222778049e-06 2.451194033965544694e+00 2.011034863838556674e-02 1.611541689712789132e-04 -2.463796472049399234e-05 -5.711835349321651764e-07 3.4 0.00020964600068 1.6e-09
4.709322368295322731e-05 4.195476989325769290e-01 -4.841522777958219559e-03 1.440468687036507308e-04 2.200157903181473244e-05 2.058849042415558502e-06 3.4 0.00020964600068 1.6e-09
-7.134608654203653509e-06 2.797432915991070246e+00 4.969759984599422808e-02 1.783548377369072223e-04 1.899021091963073906e-05 2.063995614047744313e-07 3.4 0.00020964600068 1.6e-09
5.444319552259988779e-05 3.338703471320579652e+00 4.119776466311135532e-02 2.063669365687849106e-04 -7.034021612064897078e-06 -3.124498459220699439e-07 3.4 0.00020964600068 1.6e-09
-3.807773034548806796e-05 1.230858480336389338e+00 -5.000691538894661350e-03 1.119078196548105883e-04 -4.688330241668767809e-05 -5.952747794111967308e-07 3.4 0.00020964600068 1.6e-09
1.704032878236315748e-05 1.202301423070735176e+00 1.974029220833441178e-02 1.112659802621237648e-04 4.742039984066032007e-05 8.387478688170807092e-07 3.4 0.00020964600068 1.6e-09
5.529676745642503712e-05 3.331116125092697278e+00 3.632251697558563225e-02 2.059700346448858996e-04 7.236827031233350180e-06 -1.129759312182971920e-07 3.4 0.00020964600068 1.6e-09
2.721483950260659187e-05 2.810481605540013028e+00 1.068102885097204670e-02 1.790186892877928854e-04 -1.874951605138694213e-05 -3.665020365830381688e-07 3.4 0.00020964600068 1.6e-09
6.207026615678623354e-05 4.224580850982695979e-01 -6.241844170202970506e-03 1.434422814409484813e-04 -2.356107759417239351e-05 1.572043097352182427e-06 3.4 0.00020964600068 1.6e-09
7.298130859560731786e-05 2.435996041210398033e+00 1.806671045537354067e-02 1.604093931751210704e-04 2.493300952651270313e-05 4.168017560839520466e-08 3.4 0.00020964600068 1.6e-09
5.634825454624361747e-05 3.403872877445890843e+00 9.811276697174318995e-03 2.098226819479019276e-04 -3.118781786871315157e-06 -1.554318978262882720e-07 3.4 0.00020964600068 1.6e-09
3.521966331839284395e-05 1.722446713871394586e+00 -7.038202496681465400e-03 1.282647508539509317e-04 -3.724595838398066933e-05 -1.269996677759508642e-07 3.4 0.00020964600068 1.6e-09
7.113477723172033590e-06 7.636350521601271701e-01 1.471688666567998356e-03 1.105073427898842101e-04 5.430683979559267012e-05 9.610582716708652143e-08 3.4 0.00020964600068 1.6e-09
3.279625068111025814e-05 3.174528545863064100e+00 3.148206174770348874e-04 1.977965984596632564e-04 1.103225755194146451e-05 -3.493374853810413571e-08 3.4 0.00020964600068 1.6e-09
3.069791076647855914e-05 3.014141650926812410e+00 -2.873597297582020961e-03 1.894764027067965390e-04 -1.457067509249176696e-05 -2.165218433694827376e-08 3.4 0.00020964600068 1.6e-09
1.273672573953826725e-05 5.349819621684224202e-01 -1.168023565461263121e-03 1.255473840215341047e-04 -4.812045779267282928e-05 2.757684770095194539e-07 3.4 0.00020964600068 1.6e-09
-4.414734970618264113e-05 2.091205922969508357e+00 -6.728061917570091546e-03 1.441820750817738293e-04 3.052717646247024737e-05 3.227390601588118434e-08 3.4 0.00020964600068 1.6e-09
-6.677701209615381881e-05 3.400526151697375266e+00 1.164875191682072236e-03 2.096729609585727466e-04 -1.873035043331549144e-07 9.225893619325740795e-08 3.4 0.00020964600068 1.6e-09
-4.271303411303442805e-05 2.047477838894820934e+00 7.725698965685849455e-03 1.422025934285779431e-04 -3.127957942499954062e-05 2.416684630206216665e-10 3.4 0.00020964600068 1.6e-09
-1.516371529108503349e-05 5.560612303407044266e-01 -8.014625516756569007e-03 1.232140534835660898e-04 4.979497941994451808e-05 -8.952975800421644922e-07 3.4 0.00020964600068 1.6e-09
-4.601823566184833124e-05 3.034817915124552457e+00 -1.031439227597555130e-04 1.905467303160782166e-04 1.410836174865590509e-05 2.374704851883594618e-07 3.4 0.00020964600068 1.6e-09
6.377497374593981360e-05 3.153690309389738822e+00 2.025478741826176876e-02 1.967128228096851690e-04 -1.149486913309467922e-05 1.286718882083254966e-07 3.4 0.00020964600068 1.6e-09
3.107540158001396931e-05 7.243192179283787224e-01 9.520268002108481925e-03 1.118545927602984907e-04 -5.434179372820528654e-05 -1.001210333901190481e-06 3.4 0.00020964600068 1.6e-09
-1.954196308109747789e-05 1.774918477159704633e+00 -8.031700296928848820e-03 1.304120523554426784e-04 3.621142396471525957e-05 4.042859208733817588e-07 3.4 0.00020964600068 1.6e-09
-3.010428304486791382e-05 3.401198091249932887e+00 3.017709716562539182e-02 2.096911388907987867e-04 2.608717673772359534e-06 2.943173390705953123e-07 3.4 0.00020964600068 1.6e-09
8.089382764775803988e-07 2.373070852295656508e+00 4.010913647638141011e-02 1.573774447563531056e-04 -2.590150642330355565e-05 -2.076716078144310847e-07 3.4 0.00020964600068 1.6e-09
4.634113983497200028e-05 4.355159009846173435e-01 -1.068671394268555508e-02 1.407178160228190068e-04 2.965153363971865445e-05 -1.596883600140504686e-06 3.4 0.00020964600068 1.6e-09
3.563313215683719338e-05 2.854253125979460570e+00 2.365780880020896398e-02 1.812466754005304039e-04 1.794267095663290668e-05 5.628558984666418276e-07 3.4 0.00020964600068 1.6e-09
-8.871454317981737321e-06 3.310554600792860569e+00 5.965165398783283529e-02 2.048896003134642856e-04 -7.878652876070837578e-06 1.136793878420230081e-07 3.4 0.00020964600068 1.6e-09
1.742934604203197558e-05 1.121385335321418042e+00 2.651273532296026525e-02 1.096832407635111922e-04 -4.902246136447431339e-05 -1.426261250034231191e-06 3.4 0.00020964600068 1.6e-09
-2.361300788156849465e-05 1.313071840375963362e+00 -5.122314852004431623e-03 1.140328890341170984e-04 4.520814777406168255e-05 8.104681152555150807e-07 3.4 0.00020964600068 1.6e-09
-2.661356575148589239e-05 3.354000504656680537e+00 5.566155899663854933e-02 2.071750916418980981e-04 6.375592560747972132e-06 3.995901405123997420e-07 3.4 0.00020964600068 1.6e-09
2.691319307099751486e-05 2.744184702419571131e+00 6.501992160307845658e-02 1.756645771090799160e-04 -1.988703370496570967e-05 -3.027895934151748728e-07 3.4 0.00020964600068 1.6e-09
-1.012177821391149795e-05 4.103122211594772417e-01 -6.929390233375811413e-03 1.461411702003999661e-04 -1.458166211515921380e-05 -2.272402955977367884e-06 3.4 0.00020964600068 1.6e-09
-9.573906536852087119e-06 2.517230671816817811e+00 2.502080670131264992e-02 1.643729004573310178e-04 2.361427016582646560e-05 7.253405538077347507e-07 3.4 0.00020964600068 1.6e-09
9.349603863278294069e-05 3.395697324274487450e+00 6.998541621345177877e-02 2.093860197378916502e-04 -3.913475905847304040e-06 1.582948848022315798e-07 3.4 0.00020964600068 1.6e-09
-5.795953505605884481e-05 1.625741058060947708e+00 4.200749369888416573e-02 1.244858018619894851e-04 -3.903324383109657992e-05 -1.076123959348810648e-06 3.4 0.00020964600068 1.6e-09
-2.419032716319740255e-05 8.394018815688304436e-01 -1.331179863200571828e-02 1.088492436073477959e-04 5.368277320864846703e-05 5.391804127485706084e-07 3.4 0.00020964600068 1.6e-09
8.658987347459250813e-05 3.207358395245389460e+00 5.117822520831780131e-02 1.995084861151312093e-04 1.021080786861291038e-05 5.191662763345730381e-07 3.4 0.00020964600068 1.6e-09
3.269995068567121098e-08 2.970129999005345134e+00 7.248933946220090241e-02 1.872077597827698735e-04 -1.544299623349683944e-05 -1.644118413311895472e-07 3.4 0.00020964600068 1.6e-09
-1.853062774016728850e-06 5.006652157335444997e-01 1.024969439826892929e-03 1.299526088530928531e-04 -4.414004513246442380e-05 -2.854236633568143044e-06 3.4 0.00020964600068 1.6e-09
-3.450686076337135786e-06 2.170629229069120036e+00 1.550656847751889778e-02 1.478326858747746220e-04 2.914723906765994936e-05 9.376918533775927024e-07 3.4 0.00020964600068 1.6e-09
-1.852630181699491791e-05 3.396878818300045122e+00 7.813567558186258755e-02 2.094811574338570164e-04 -9.177167870281775367e-07 3.050970821580596850e-07 3.4 0.00020964600068 1.6e-09
-1.349548903765052273e-05 1.960836402905182574e+00 6.131057848675192101e-02 1.383502006593963544e-04 -3.274169299421786795e-05 -9.306230213988117036e-07 3.4 0.00020964600068 1.6e-09
1.524014950357139455e-05 6.021651256818105757e-01 -1.902682865738133250e-02 1.189991449443801239e-04 5.213185898554205822e-05 -5.391334314827408479e-08 3.4 0.00020964600068 1.6e-09
3.269328117011340343e-05 3.071185361526622248e+00 6.085416117431409477e-02 1.924354507558066459e-04 1.319984022668833734e-05 7.662781767913874396e-07 3.4 0.00020964600068 1.6e-09
4.468370060780129890e-05 3.107069880111150706e+00 9.780488903024586733e-02 1.942957325260249546e-04 -1.241229107803481959e-05 -1.005453221329229297e-07 3.4 0.00020964600068 1.6e-09
-2.656140013956894536e-05 6.538667752294951008e-01 1.233356852626370584e-02 1.153658590160415171e-04 -5.350399485290493025e-05 -3.406591572740929416e-06 3.4 0.00020964600068 1.6e-09
-6.215322647917899737e-05 1.878653522259311037e+00 1.838428918270319096e-02 1.347744378101504048e-04 3.425700397591545680e-05 1.430411433586882413e-06 3.4 0.00020964600068 1.6e-09
6.151025658724462795e-05 3.398904047565947106e+00 1.092784015371423834e-01 2.095796472699814489e-04 1.663709889621324959e-06 4.407897044233511996e-07 3.4 0.00020964600068 1.6e-09
-4.117391112316978394e-05 2.263101306427501846e+00 9.245237545066131712e-02 1.521470151968940280e-04 -2.760464312147782736e-05 -1.033819617491611215e-06 3.4 0.00020964600068 1.6e-09
7.481383528882587606e-06 4.659791977396922635e-01 -2.114676759417044583e-02 1.351461881929714570e-04 3.836174127742998988e-05 -6.332871428552575152e-07 3.4 0.00020964600068 1.6e-09
4.559674008819317832e-05 2.921036377708097209e+00 8.657747521179789962e-02 1.846672297742410420e-04 1.657480331111702856e-05 1.090578921979757788e-06 3.4 0.00020964600068 1.6e-09
8.954270705876633092e-05 3.262837110741724000e+00 1.370953734341960883e-01 2.023919487851508214e-04 -9.050437156312439422e-06 -1.201758840280496082e-07 3.4 0.00020964600068 1.6e-09
-1.411070179440549903e-05 9.774844974003471521e-01 3.310594105192098124e-02 1.081421536586663122e-04 -5.159597140692177614e-05 -3.313527446707062816e-06 3.4 0.00020964600068 1.6e-09
-3.788949182411954634e-05 1.467857647060795578e+00 1.911487178586818506e-02 1.187999427626949090e-04 4.210010010459603322e-05 2.129781642957906626e-06 3.4 0.00020964600068 1.6e-09
9.069648533205750202e-05 3.378453882131083219e+00 1.395053730280730597e-01 2.084646349323972150e-04 5.180035813803395246e-06 5.534500729145409628e-07 3.4 0.00020964600068 1.6e-09
-5.269746522374692342e-06 2.645477169802229245e+00 1.241623423120096492e-01 1.707114844402704632e-04 -2.149731604103254814e-05 -1.018182066270338406e-06 3.4 0.00020964600068 1.6e-09
3.932427677363855873e-05 4.033948818902034494e-01 -1.883969301727030782e-02 1.476970408866811043e-04 -1.452138386015338232e-06 -2.003811565357522132e-06 3.4 0.00020964600068 1.6e-09
-1.637213415421172471e-05 2.623478032710547581e+00 9.274885715283678889e-02 1.696154100347159466e-04 2.187233096186732423e-05 1.388190202245248368e-06 3.4 0.00020964600068 1.6e-09
-8.287957256663934123e-05 3.382914640262405293e+00 1.561738978510910369e-01 2.087002734942409034e-04 -4.938621899151885244e-06 -7.309477044290547456e-08 3.4 0.00020964600068 1.6e-09
-2.047767091223939690e-05 1.501827047777736013e+00 6.005208974062316296e-02 1.199575488498256040e-04 -4.138135639148551230e-05 -2.517977537328650065e-06 3.4 0.00020964600068 1.6e-09
3.429636133840674450e-05 9.461955922088660653e-01 1.873749296909276753e-03 1.081104402132859017e-04 5.213057715603368987e-05 2.647116461804381797e-06 3.4 0.00020964600068 1.6e-09
-1.917873062213204755e-05 3.247139018671905131e+00 1.392032961806726199e-01 2.015797779560650894e-04 9.236311647992000504e-06 6.853472094446059724e-07 3.4 0.00020964600068 1.6e-09
-3.952307056066513367e-05 2.920638825397050553e+00 1.356791873331726350e-01 1.846577098471228313e-04 -1.642916993097877468e-05 -8.285437851443566474e-07 3.4 0.00020964600068 1.6e-09
-4.009384970181963771e-05 4.697361787666238797e-01 -1.246678572580272454e-02 1.346295235715977130e-04 -3.881120468225393897e-05 -3.211021098939593666e-06 3.4 0.00020964600068 1.6e-09
6.302833655394369725e-05 2.254227723811741413e+00 7.949837046944477348e-02 1.517355810292501136e-04 2.769330625190312385e-05 1.700939158024365802e-06 3.4 0.00020964600068 1.6e-09
3.035485548298103925e-05 3.393440619767080335e+00 1.588387030926690091e-01 2.092952286371947560e-04 -1.650379075951876057e-06 3.653185491610403613e-08 3.4 0.00020964600068 1.6e-09
-2.821639861083572378e-05 1.877119389226841184e+00 7.802478268413134965e-02 1.347159740292388705e-04 -3.418029120994645103e-05 -2.046301797652724284e-06 3.4 0.00020964600068 1.6e-09
-5.426600349376270492e-05 6.534604722323367199e-01 -9.864857242418308830e-03 1.154005643840726387e-04 5.350766985217852794e-05 2.873260755193630594e-06 3.4 0.00020964600068 1.6e-09
3.421779484460181345e-05 3.102452693510272752e+00 1.406900385167215717e-01 1.940609496250826117e-04 1.236249016363362279e-05 8.441525531667638947e-07 3.4 0.00020964600068 1.6e-09
8.082634354657603577e-06 3.062505524357676201e+00 1.472869136327158435e-01 1.919900980681533260e-04 -1.324619943928793667e-05 -7.365162269575523784e-07 3.4 0.00020964600068 1.6e-09
5.655968858473234300e-05 5.988046830937902021e-01 -5.688600253845405019e-03 1.193019517524745630e-04 -5.186307933450649485e-05 -3.599687496166919685e-06 3.4 0.00020964600068 1.6e-09
-4.130129509163387764e-05 1.968083004082289866e+00 7.662220216394897976e-02 1.386719402569495984e-04 3.253030219282908471e-05 2.127107619210986311e-06 3.4 0.00020964600068 1.6e-09
5.561700789325648938e-05 3.391698393787832000e+00 1.724278059023401921e-01 2.092091912215763021e-04 8.215350377173031076e-07 9.129549754686098874e-08 3.4 0.00020964600068 1.6e-09
5.523735023687825649e-05 2.157899628278852511e+00 9.487008657246870369e-02 1.472438008155631402e-04 -2.926265845026846968e-05 -1.900942722751163271e-06 3.4 0.00020964600068 1.6e-09
2.454994572947100153e-05 5.049260902896792746e-01 -1.518495454621164933e-02 1.292979971061605565e-04 4.479416916155208074e-05 3.196669302228349977e-06 3.4 0.00020964600068 1.6e-09
3.352662300484877717e-05 2.973720004986008192e+00 1.511748423028160537e-01 1.873874609729070492e-04 1.532446362445166651e-05 9.942037673338448560e-07 3.4 0.00020964600068 1.6e-09
8.967644552988331759e-05 3.205612246183371816e+00 1.629299278510885074e-01 1.994115734397713946e-04 -1.022904449305948306e-05 -7.198195148242392180e-07 3.4 0.00020964600068 1.6e-09
1.378134927534894094e-05 8.410039882346223017e-01 4.150641110911418123e-03 1.088018664678308653e-04 -5.361411336466507280e-05 -3.455333910529821392e-06 3.4 0.00020964600068 1.6e-09
-1.413396753113820673e-05 1.624884850753693932e+00 7.094355298008681032e-02 1.244495991512839799e-04 3.894974660921344124e-05 2.676735094697898149e-06 3.4 0.00020964600068 1.6e-09
3.234101377300845076e-05 3.392344393502312982e+00 1.800035446969334707e-01 2.092068050942314645e-04 3.921968633769251530e-06 1.110881355803235624e-07 3.4 0.00020964600068 1.6e-09
-7.130332941523372960e-05 2.520039946997429947e+00 1.076909954268345793e-01 1.645078682473741867e-04 -2.349031812810536149e-05 -1.658813072902058843e-06 3.4 0.00020964600068 1.6e-09
2.248347117856606134e-05 4.099214950602804164e-01 -1.965577382050595276e-02 1.461323835801037045e-04 1.439420546432076004e-05 2.822793521023548787e-06 3.4 0.00020964600068 1.6e-09
-6.074880054544465411e-05 2.739329311405580114e+00 1.407568657737975348e-01 1.754101514876744853e-04 1.996074776242944866e-05 1.084410269597357311e-06 3.4 0.00020964600068 1.6e-09
2.860218671288599181e-05 3.360490106789581155e+00 1.570827301252151476e-01 2.075089633667357965e-04 -6.210218277581383485e-06 -6.197010815308988381e-07 3.4 0.00020964600068 1.6e-09
5.647726750203705656e-05 1.341345889060368668e+00 1.956461341752823574e-02 1.148078204174961465e-04 -4.463894008690652896e-05 -2.542870222333513310e-06 3.4 0.00020964600068 1.6e-09
-3.317174993831793897e-05 1.095660189118586203e+00 3.923825168945914432e-02 1.092900491090084914e-04 4.938976615008864750e-05 3.206968711621591382e-06 3.4 0.00020964600068 1.6e-09
-6.121111355555792209e-05 3.298561300235145488e+00 1.486931311073069473e-01 2.042622350132170883e-04 8.070291705135724671e-06 1.504070846684408596e-07 3.4 0.00020964600068 1.6e-09
-7.801957610554618896e-05 2.861961198259265871e+00 9.597510616044263587e-02 1.816427588069545874e-04 -1.770303530315673625e-05 -1.187959440774777369e-06 3.4 0.00020964600068 1.6e-09
-4.594423328546533958e-05 4.396696862786143023e-01 -2.085574050207100738e-02 1.399494255021254752e-04 -3.075920086126666020e-05 8.813215913169001263e-07 3.4 0.00020964600068 1.6e-09
-8.467414855795467083e-06 2.355633951591584285e+00 9.958303952742630916e-02 1.565420634846828628e-04 2.610990266914646124e-05 1.119724441168618941e-06 3.4 0.00020964600068 1.6e-09
5.229369938085644634e-05 3.398614596275681965e+00 1.235828531228338606e-01 2.095561121052362920e-04 -2.466097151237450363e-06 -4.163995676950297753e-07 3.4 0.00020964600068 1.6e-09
-6.177116753143733325e-05 1.789974997074061491e+00 2.611619250176528545e-02 1.310335286686794892e-04 -3.588940662834591864e-05 -1.666124982248796459e-06 3.4 0.00020964600068 1.6e-09
4.840387967426430961e-05 7.139362043290051751e-01 1.190717088137657927e-02 1.123206318911950849e-04 5.411584253757028944e-05 3.434672629803023701e-06 3.4 0.00020964600068 1.6e-09
-8.663115114284141111e-05 3.141094259088812457e+00 1.161187795321486083e-01 1.960653261036779025e-04 1.158765859901134208e-05 2.434550172502501278e-07 3.4 0.00020964600068 1.6e-09
-6.902464126679756556e-05 3.029007976808042901e+00 8.340315519313271087e-02 1.902553214901903859e-04 -1.405581526536291969e-05 -8.483980443446072006e-07 3.4 0.00020964600068 1.6e-09
4.278189016421970233e-05 5.558392090288866161e-01 -1.771609015788967734e-02 1.232951875918600327e-04 -4.958522153560478905e-05 -4.709447713363248104e-07 3.4 0.00020964600068 1.6e-09
3.355815797202916801e-05 2.046404120611576172e+00 7.560576114899027200e-02 1.421684060013876725e-04 3.117080176666044307e-05 1.261578986251346571e-06 3.4 0.00020964600068 1.6e-09
6.534312623452328303e-05 3.391399305299649392e+00 1.106352019391872443e-01 2.091989655010474507e-04 1.052838323543192066e-07 -2.684766477705442236e-07 3.4 0.00020964600068 1.6e-09
6.812809783034759177e-05 2.070656884644243245e+00 3.393386292279522432e-02 1.432600597404527993e-04 -3.079310242830142420e-05 -1.337082220523307290e-06 3.4 0.00020964600068 1.6e-09
4.268457989880985933e-05 5.445806533332422372e-01 2.934833704493313485e-04 1.244920766930829011e-04 4.871673151586905059e-05 3.575897983156392273e-06 3.4 0.00020964600068 1.6e-09
-5.896680021533559505e-05 3.017205081449928272e+00 1.074716977351180547e-01 1.896432101269765556e-04 1.433735226316635504e-05 3.538944315203219972e-07 3.4 0.00020964600068 1.6e-09
-2.438613782114386775e-05 3.155080896230206378e+00 8.617602235101159969e-02 1.967912150303127901e-04 -1.130186694383762008e-05 -7.110271717473378474e-07 3.4 0.00020964600068 1.6e-09
-4.269498230671601844e-05 7.358696452239452679e-01 -1.396819963118783176e-02 1.114493176587040519e-04 -5.427550790206017652e-05 -1.182580300008679357e-06 3.4 0.00020964600068 1.6e-09
4.171551224388319814e-06 1.757747058471461177e+00 6.601727410751653813e-02 1.297147430211496378e-04 3.644050025359310378e-05 1.541130345866045254e-06 3.4 0.00020964600068 1.6e-09
-5.404786330201923332e-05 3.396261354161016932e+00 1.108844669430850416e-01 2.094322483179521753e-04 2.730976064187820003e-06 -2.064430010904584813e-07 3.4 0.00020964600068 1.6e-09
4.573064157342187540e-05 2.381482323069403328e+00 4.215547375783508521e-02 1.577846280473775651e-04 -2.572119024872334379e-05 -1.183268772025293859e-06 3.4 0.00020964600068 1.6e-09
-1.466779358319937515e-05 4.337912572764460184e-01 -6.794476229386395977e-03 1.410596290232937039e-04 2.881839976696383654e-05 3.961454477593696438e-06 3.4 0.00020964600068 1.6e-09
4.096131951848261160e-06 2.845981259855887124e+00 1.005813782974425974e-01 1.808234485798734283e-04 1.807402867133729065e-05 3.922053916844477252e-07 3.4 0.00020964600068 1.6e-09
-3.748073489479683172e-05 3.314519801433103652e+00 8.260057234441853247e-02 2.050966119953160673e-04 -7.742574834242619219e-06 -6.355851960880073383e-07 3.4 0.00020964600068 1.6e-09
-4.523558299400757177e-05 1.137345134767600019e+00 -1.076192915526303848e-02 1.099585072808862763e-04 -4.873066677684654142e-05 -1.200924141589373594e-06 3.4 0.00020964600068 1.6e-09
-3.559105698752466278e-05 1.296888581141020680e+00 4.627005659258106446e-02 1.135786660896522009e-04 4.549839901258691829e-05 1.740659030515952702e-06 3.4 0.00020964600068 1.6e-09
-1.082003400311306403e-05 3.352876456752616363e+00 8.426855284903866927e-02 2.071112575614198132e-04 6.545000433052380728e-06 -2.271270194272895643e-07 3.4 0.00020964600068 1.6e-09
-4.873154012397495612e-05 2.762705097935208354e+00 2.790698886464601861e-02 1.765944601107161528e-04 -1.961088184898258696e-05 -8.382205572368577353e-07 3.4 0.00020964600068 1.6e-09
-1.533272028768284257e-05 4.125892578168769420e-01 -1.206100495336792124e-02 1.455731646438040126e-04 -1.677547221695180473e-05 3.326045858097150567e-06 3.4 0.00020964600068 1.6e-09
-4.119263414577798430e-05 2.498322672601903882e+00 5.907679200897367200e-02 1.634395699183207392e-04 2.396145407320488180e-05 2.030972904331410462e-07 3.4 0.00020964600068 1.6e-09
9.913493253668092175e-05 3.402987157715207100e+00 3.935238707609464009e-02 2.097674001455012869e-04 -3.660158042534196751e-06 -4.530775960237449731e-07 3.4 0.00020964600068 1.6e-09
-2.392271075849500346e-05 1.662098689290512299e+00 -1.540668217958350225e-02 1.258716194886621382e-04 -3.840779231943645987e-05 -5.147536389943421298e-07 3.4 0.00020964600068 1.6e-09
2.333657207473096871e-05 8.111028525806243117e-01 1.689064699653548482e-02 1.093292750431343010e-04 5.397255757466160324e-05 1.397157111014147039e-06 3.4 0.00020964600068 1.6e-09
1.491642889109142864e-05 3.197582678662062250e+00 3.237703519429421112e-02 1.989948468649101740e-04 1.053827249944486324e-05 -1.974178195217444558e-07 3.4 0.00020964600068 1.6e-09
-9.326968936938418602e-05 2.992128822873009852e+00 7.705469821318969596e-04 1.883373615043478421e-04 -1.506097738121245396e-05 -3.735110586555712483e-07 3.4 0.00020964600068 1.6e-09
1.626705335131344745e-05 5.149526465835081446e-01 -1.074541059048410470e-02 1.279919257876770307e-04 -4.606428431913945802e-05 1.625346646268385713e-06 3.4 0.00020964600068 1.6e-09
-1.586600402532662173e-05 2.135480624432111618e+00 2.139235163496101474e-02 1.462083277785057741e-04 2.976560450924798778e-05 9.181598115938438012e-08 3.4 0.00020964600068 1.6e-09
8.821770852893121733e-05 3.399804361929261720e+00 1.175171671133161920e-02 2.096348057357616860e-04 -5.897145454297256229e-07 -1.957098865224066771e-07 3.4 0.00020964600068 1.6e-09
-2.320672698680658410e-05 2.001457251353165212e+00 -9.467105705834234775e-03 1.401436592125705608e-04 -3.207723759765910177e-05 -1.689091814256545324e-07 3.4 0.00020964600068 1.6e-09
3.239830075891723916e-05 5.802248649889005794e-01 1.841747870970660743e-03 1.208921953537420879e-04 5.118569661098217407e-05 6.938632035248178746e-07 3.4 0.00020964600068 1.6e-09
-4.874764533550505824e-05 3.054523818965727777e+00 1.528920577993237231e-02 1.915716833036545702e-04 1.361214167440712454e-05 -5.421817109957368711e-09 3.4 0.00020964600068 1.6e-09
3.029696091278206581e-06 3.126918214379307059e+00 7.533169783327650290e-03 1.953260896415332979e-04 -1.201798414310902049e-05 -1.317033094236006284e-07 3.4 0.00020964600068 1.6e-09
4.650720841548442889e-05 6.810776817424095686e-01 -4.184048658920627370e-03 1.138300544482464616e-04 -5.404667187044146789e-05 1.069209162650313364e-07 3.4 0.00020964600068 1.6e-09
2.133669336885915470e-05 1.836125493868313807e+00 1.044642827075626182e-02 1.329727458246166927e-04 3.504056716152361393e-05 3.069364267012376922e-07 3.4 0.00020964600068 1.6e-09
7.144902579429614220e-05 3.398794894004714351e+00 2.313300275266467337e-02 2.095737262339949049e-04 2.024810267639283876e-06 4.444800227914531871e-09 3.4 0.00020964600068 1.6e-09
5.384653564884809760e-06 2.301861989428171551e+00 1.244617304631144561e-02 1.539833209201277721e-04 -2.702201721479315549e-05 -2.404365644039369142e-07 3.4 0.00020964600068 1.6e-09
-6.613042018919853171e-05 4.543539113680897801e-01 -4.654251218950421903e-03 1.371956725395528606e-04 3.564838599020452215e-05 3.334731584714661635e-07 3.4 0.00020964600068 1.6e-09
-8.872196015801661791e-05 2.898820137251421958e+00 2.599574577358072097e-02 1.835306587782222127e-04 1.704370242670018209e-05 2.321463866945731746e-07 3.4 0.00020964600068 1.6e-09
7.671464467485200579e-05 3.277574092832803654e+00 3.279937111633125790e-02 2.031660344435413479e-04 -8.697161228981808482e-06 -9.070125074165555654e-08 3.4 0.00020964600068 1.6e-09
4.155698436043731844e-05 1.016161386326431604e+00 4.676450965868804606e-03 1.083786456366075837e-04 -5.103113945975930587e-05 -6.852110947359904523e-07 3.4 0.00020964600068 1.6e-09
-3.638915331917741555e-05 1.424299904612758461e+00 9.218017642815018453e-03 1.173734200523683928e-04 4.299238979835461614e-05 6.051279562174845136e-07 3.4 0.00020964600068 1.6e-09
7.028841492277575936e-05 3.373585908770330377e+00 3.701018979373960766e-02 2.082097159362834003e-04 5.513042911424323594e-06 8.202773194954344408e-08 3.4 0.00020964600068 1.6e-09
1.039543095824753383e-05 2.672629466085437944e+00 2.748273849420051693e-02 1.720712200844893018e-04 -2.110555231243992585e-05 -2.956458471712262810e-07 3.4 0.00020964600068 1.6e-09
7.074438500814366490e-05 4.036342639835360235e-01 -5.411769659182689637e-03 1.476807578118473406e-04 -4.698861882510026094e-06 1.106414991436890030e-07 3.4 0.00020964600068 1.6e-09
3.097938770906148655e-05 2.599658469803697081e+00 2.010366094014140806e-02 1.684348150748522235e-04 2.232205444632104862e-05 2.622537667667436589e-07 3.4 0.00020964600068 1.6e-09
-5.618114712027372345e-06 3.390045598534527471e+00 3.032819870584640282e-02 2.090792065578320994e-04 -4.687126160852954988e-06 -4.022243694967643401e-08 3.4 0.00020964600068 1.6e-09
-4.339221581116907292e-05 1.533056523949049232e+00 9.936242075083472070e-03 1.210598551825067262e-04 -4.087872509311498293e-05 -4.728053694193820456e-07 3.4 0.00020964600068 1.6e-09
-5.150169743973641632e-05 9.187435284014766612e-01 -2.657272317352158027e-03 1.081374808017091405e-04 5.265709868356402716e-05 2.232305449880543865e-07 3.4 0.00020964600068 1.6e-09
4.878318677190875401e-05 3.242062614497640105e+00 1.547016791406476480e-02 2.013142100240866272e-04 9.501094699819134128e-06 1.271396355940465316e-07 3.4 0.00020964600068 1.6e-09
-2.442683378187911019e-05 2.939539143480892847e+00 1.940077912365751819e-02 1.856265952904738578e-04 -1.617065568536739303e-05 -6.629123481627537732e-08 3.4 0.00020964600068 1.6e-09
-1.963019560837575976e-05 4.771771530845855258e-01 -7.458986210395941469e-04 1.334166604650940447e-04 -4.053983079884150554e-05 -6.312449047159584447e-07 3.4 0.00020964600068 1.6e-09
3.714636924648770150e-06 2.232494799532251495e+00 -2.971272426684488585e-03 1.507096223113689503e-04 2.816457370129011798e-05 2.359045737482493246e-07 3.4 0.00020964600068 1.6e-09
5.280207465706983317e-05 3.401158851412890094e+00 1.806877421223303595e-02 2.097008472689929764e-04 -1.408589561629428368e-06 1.527850227920200384e-07 3.4 0.00020964600068 1.6e-09
-2.878428222929525331e-05 1.910148454032630783e+00 2.025182065361558550e-02 1.361314945795741012e-04 -3.371285997156155080e-05 -2.187292505919406964e-07 3.4 0.00020964600068 1.6e-09
-3.995726643596819483e-05 6.331609011932539666e-01 -1.206508294685140759e-02 1.166806658125770429e-04 5.318375101246428284e-05 -7.452082104221673676e-07 3.4 0.00020964600068 1.6e-09
2.121162622514188232e-05 3.095964251417652857e+00 8.064060253331849920e-03 1.937185971567455516e-04 1.271203543007519577e-05 3.443052323524371277e-07 3.4 0.00020964600068 1.6e-09
-7.827999858120078828e-05 3.087690573565746277e+00 3.375879324574845852e-02 1.932895240841694528e-04 -1.289272904601819421e-05 1.148212100005010071e-07 3.4 0.00020964600068 1.6e-09
3.977093209288820445e-05 6.218004983534793917e-01 9.259963617462323854e-03 1.174884028482840932e-04 -5.284166575349964257e-05 -1.693793286889216231e-06 3.4 0.00020964600068 1.6e-09
-6.415237521917728069e-09 1.929407041391852928e+00 -8.181359979094020296e-03 1.369695680132483303e-04 3.335852233176094119e-05 5.426705565138689818e-07 3.4 0.00020964600068 1.6e-09
-6.838587005849225647e-05 3.400592213411077314e+00 4.072610422034069616e-02 2.096721571315762452e-04 1.230320481702352063e-06 3.621290526631135895e-07 3.4 0.00020964600068 1.6e-09
-2.316390943234335811e-05 2.211721928243466806e+00 4.993056440595218526e-02 1.497373574904441954e-04 -2.849449211764910314e-05 -3.506733319524190023e-07 3.4 0.00020964600068 1.6e-09
2.481270749421683950e-05 4.841675634101332282e-01 -1.594619969991070349e-02 1.322589845592051123e-04 4.188031586454580798e-05 -1.614645115609866300e-06 3.4 0.00020964600068 1.6e-09
8.216435229363196473e-05 2.952101362966125464e+00 3.109583488750279970e-02 1.862678640676858073e-04 1.595463170003152731e-05 6.974329861903818759e-07 3.4 0.00020964600068 1.6e-09
6.752013541635947208e-05 3.238496216358234037e+00 7.561085835071448824e-02 2.011232753637350610e-04 -9.657124715962833592e-06 1.250602734585260333e-07 3.4 0.00020964600068 1.6e-09
-3.536850547793173255e-05 9.064320584283733773e-01 2.667281536195219294e-02 1.081684011738025367e-04 -5.280112272260415818e-05 -2.269935230037699072e-06 3.4 0.00020964600068 1.6e-09
-3.021422615919677003e-05 1.547417668619839759e+00 -2.073237050613596991e-03 1.215788912560507122e-04 4.057429583552282841e-05 1.131236500682294905e-06 3.4 0.00020964600068 1.6e-09
-1.988387056463815193e-05 3.389328072177113960e+00 8.000994204543915300e-02 2.090434213289813718e-04 4.547953866362678814e-06 5.115220396109270679e-07 3.4 0.00020964600068 1.6e-09
-3.998350431637666381e-05 2.583967055839290872e+00 8.695794054808439477e-02 1.676584839371112498e-04 -2.253213823235518590e-05 -5.279264179312897125e-07 3.4 0.00020964600068 1.6e-09
1.660518986228751064e-05 4.045317235634359188e-01 -1.370115780997734414e-02 1.474300823182471247e-04 6.637832818827866748e-06 -2.612927723039668125e-06 3.4 0.00020964600068 1.6e-09
-1.912266522972643818e-05 2.685843827815645568e+00 5.050563707042357575e-02 1.727279330743794949e-04 2.089455909712012959e-05 1.011315796295737400e-06 3.4 0.00020964600068 1.6e-09
9.183441112908454103e-05 3.373235369320266575e+00 1.079244566573389352e-01 2.081862623601945660e-04 -5.628044408353082606e-06 1.145666724875237069e-07 3.4 0.00020964600068 1.6e-09
9.280281891545702207e-06 1.416152768477577206e+00 5.094128768272476043e-02 1.170989116740461474e-04 -4.311635215004142551e-05 -1.917027412184939840e-06 3.4 0.00020964600068 1.6e-09
3.093741403293141237e-05 1.023581326155583504e+00 -8.129602188721026315e-03 1.084601385154956247e-04 5.083405915174989923e-05 1.445443615465069252e-06 3.4 0.00020964600068 1.6e-09
-4.432178077165048274e-06 3.276350929495172259e+00 9.154954938300863265e-02 2.031049848042041262e-04 8.594683820359193027e-06 6.309444144403571112e-07 3.4 0.00020964600068 1.6e-09
3.466778075396996484e-06 2.887852606148914258e+00 1.048584114981320758e-01 1.829734203750193382e-04 -1.716067486865025340e-05 -4.619053458248256360e-07 3.4 0.00020964600068 1.6e-09
-4.239843848537401696e-05 4.517401012122194692e-01 -6.457930771531878930e-03 1.377345307540076176e-04 -3.448187281769039380e-05 -3.462987723963837269e-06 3.4 0.00020964600068 1.6e-09
6.739470294040328553e-07 2.313202215121290983e+00 4.373787284543530218e-02 1.545217249650559436e-04 2.680182048557764202e-05 1.268564728250932210e-06 3.4 0.00020964600068 1.6e-09
1.710517389377286864e-05 3.396841264269749416e+00 1.161728914710398602e-01 2.094688180159906998e-04 -2.136133492971327110e-06 2.132638781427967886e-07 3.4 0.00020964600068 1.6e-09
-6.457982498939769840e-05 1.825142699481304476e+00 7.026519686704585377e-02 1.325075643382159934e-04 -3.518158495764899744e-05 -1.540481267787862009e-06 3.4 0.00020964600068 1.6e-09
-1.322032300736165723e-05 6.878121229217069033e-01 -1.648947737291694277e-02 1.135061058793631456e-04 5.403828950721643128e-05 1.261701863877399724e-06 3.4 0.00020964600068 1.6e-09
2.040754952171420063e-05 3.126968889279594599e+00 9.602777903424397632e-02 1.953319188660081608e-04 1.189272732228739603e-05 8.174430129261483261e-07 3.4 0.00020964600068 1.6e-09
-8.641095056444101079e-05 3.043318760105675480e+00 1.215256026747414814e-01 1.909956301695310966e-04 -1.372913173366977627e-05 -3.777208280275285271e-07 3.4 0.00020964600068 1.6e-09
4.167368751029093830e-06 5.733962636374974053e-01 2.464848213253826442e-03 1.215534373563906527e-04 -5.060993089666880704e-05 -3.885001397131236696e-06 3.4 0.00020964600068 1.6e-09
2.857076347939624316e-05 2.015147050093605507e+00 4.321646462620434836e-02 1.407604935482534281e-04 3.175094555774881136e-05 1.691766635424441047e-06 3.4 0.00020964600068 1.6e-09
1.468063882408249498e-05 3.393596282638577932e+00 1.374422771747103034e-01 2.093104747609994890e-04 4.108779352190871471e-07 3.121499547101861896e-07 3.4 0.00020964600068 1.6e-09
-2.680025874478742060e-05 2.111358100341020005e+00 9.371283537237176664e-02 1.451066115016368054e-04 -3.006541991228620775e-05 -1.504514742663282344e-06 3.4 0.00020964600068 1.6e-09
1.136946380127243844e-05 5.245849639388724395e-01 -2.032552804974473853e-02 1.267634200278511020e-04 4.707161007361191236e-05 1.123846555148529072e-06 3.4 0.00020964600068 1.6e-09
8.402320545172363214e-05 2.999046483444022471e+00 1.152414224881283256e-01 1.886968523381738600e-04 1.479241157792345395e-05 1.059592469149779655e-06 3.4 0.00020964600068 1.6e-09
9.530572412291841630e-05 3.182026867554834659e+00 1.505085654051988298e-01 1.981851464461966415e-04 -1.077117055349487276e-05 -3.859977694316291391e-07 3.4 0.00020964600068 1.6e-09
-4.609622546337564450e-05 7.889468228629268332e-01 1.567243621598281289e-02 1.098204867670797709e-04 -5.402234335741809876e-05 -3.914882505448554716e-06 3.4 0.00020964600068 1.6e-09
-1.964586966921854911e-06 1.690362994449239542e+00 4.571410216654210601e-02 1.269936665461537701e-04 3.773793756290228201e-05 2.322000895311547537e-06 3.4 0.00020964600068 1.6e-09
8.843243570697647594e-05 3.395850172548355417e+00 1.643639329455978959e-01 2.093987019146729945e-04 3.342465687104234938e-06 3.835480504589792389e-07 3.4 0.00020964600068 1.6e-09
