-4.341254280369582759e-05 2.280259600521375773e+00 -5.010615110529084801e-05 1.528586620283594255e-04 -2.852619787425869345e-05 -9.395746741444162121e-10 3.54 0.00021698837607 1.6e-09
8.081596788489129810e-06 4.641293026884910633e-01 -3.494855905023218530e-03 1.350039503428952748e-04 4.017156468004190765e-05 -2.486723848429448832e-07 3.54 0.00021698837607 1.6e-09
-3.160238887132302109e-05 2.985209714197526232e+00 7.334480250415560676e-03 1.878882925474626960e-04 1.730091694042326222e-05 1.406805178459333752e-07 3.54 0.00021698837607 1.6e-09
-4.819291102907181815e-05 3.454578760938725068e+00 1.618348540957205081e-02 2.124302409560145243e-04 -7.091056562144664274e-06 2.659517413914664525e-08 3.54 0.00021698837607 1.6e-09
-4.250715665051786607e-05 1.373848607095909946e+00 8.378005081731086309e-03 1.156504433440908692e-04 -4.475696236234761119e-05 -3.001765521524165557e-07 3.54 0.00021698837607 1.6e-09
3.681243160186894217e-05 1.072880656346550943e+00 -5.574849043601114683e-03 1.088118606461390444e-04 5.065468805395303942e-05 -5.837325029973053900e-08 3.54 0.00021698837607 1.6e-09
-1.680164229425384529e-05 3.371905721850157356e+00 2.253214841611164351e-03 2.080705983380059371e-04 9.259156675652595553e-06 1.049519619579447680e-07 3.54 0.00021698837607 1.6e-09
2.033405728052889064e-05 3.115170982840321123e+00 1.051097529780645363e-02 1.946242568159354191e-04 -1.482954115701845787e-05 4.097513274537954754e-08 3.54 0.00021698837607 1.6e-09
-3.661781741560760518e-05 5.633633781658420325e-01 2.670779049966212453e-03 1.220218244458231915e-04 -5.170106374463039512e-05 -5.841589388331102370e-07 3.54 0.00021698837607 1.6e-09
1.897635750618696635e-05 2.045629685893350480e+00 -8.872132273703238481e-03 1.419875029529560784e-04 3.242206731525364074e-05 2.161269434023019432e-07 3.54 0.00021698837607 1.6e-09
-9.491111322243614651e-05 3.536024444502698927e+00 1.545109210283913265e-02 2.167719780119175611e-04 1.982942965149442872e-06 2.134465912556308550e-07 3.54 0.00021698837607 1.6e-09
-5.716254420905056454e-05 2.505470480051083637e+00 2.674569253048631953e-02 1.637298771634605635e-04 -2.494487051100259371e-05 -5.836527665907805893e-08 3.54 0.00021698837607 1.6e-09
2.963176763052025302e-05 4.108398471732679358e-01 -6.492785444858978697e-03 1.455530903042886581e-04 2.002384736073953969e-05 -1.531573876508915156e-06 3.54 0.00021698837607 1.6e-09
-5.177004498195158843e-05 2.823511620146774703e+00 8.861791561409166490e-03 1.796125143084561756e-04 2.001747898258748466e-05 3.757539708728759899e-07 3.54 0.00021698837607 1.6e-09
1.063856149870374019e-04 3.507531735360086778e+00 3.688687269914495137e-02 2.152382908476552876e-04 -5.052315717323044861e-06 1.509679168084373272e-07 3.54 0.00021698837607 1.6e-09
3.402302847497584541e-05 1.660889231003500388e+00 2.827746615305270356e-02 1.256893461145957333e-04 -3.929182466693650498e-05 -5.510998391930892632e-07 3.54 0.00021698837607 1.6e-09
-4.252232195882665471e-05 8.199444252163787805e-01 -1.468871718885435794e-02 1.088789670336036218e-04 5.478083701320764611e-05 -2.617616792749257042e-07 3.54 0.00021698837607 1.6e-09
-4.864134778243739464e-05 3.277606965048027288e+00 1.547147975606885488e-02 2.031134870400929261e-04 1.144537248576135955e-05 3.736747907428582132e-07 3.54 0.00021698837607 1.6e-09
-1.184938410550442998e-05 3.227906312640167918e+00 4.186290484566201203e-02 2.005088858737191738e-04 -1.251978500247968279e-05 9.869714148431576626e-08 3.54 0.00021698837607 1.6e-09
-2.880059507359695773e-05 7.208988223089097813e-01 1.334048041531165144e-02 1.116485335752660281e-04 -5.531151641240231480e-05 -1.687935565222062516e-06 3.54 0.00021698837607 1.6e-09
-1.676116915964667256e-05 1.791442948215744568e+00 -5.468359882196551815e-03 1.309498486125029368e-04 3.687889398348889568e-05 6.634272812459038710e-07 3.54 0.00021698837607 1.6e-09
7.556115673388055733e-05 3.519607187189698116e+00 5.007719640847500819e-02 2.158881374670316988e-04 4.009140599341668389e-06 3.946786648956209892e-07 3.54 0.00021698837607 1.6e-09
8.535149990819095023e-05 2.720884716794945479e+00 6.334363025741911180e-02 1.744298577130795223e-04 -2.159382630611721344e-05 -2.381985348385848835e-07 3.54 0.00021698837607 1.6e-09
-5.362381976586419745e-05 3.998118691581874495e-01 -7.084909519587014384e-03 1.482087225546525455e-04 -6.348980184695312212e-06 -2.744687175394842203e-06 3.54 0.00021698837607 1.6e-09
8.426854180205607388e-05 2.620527795526068182e+00 1.918702552451809207e-02 1.694123494682593677e-04 2.315214642693746755e-05 7.050608225509106581e-07 3.54 0.00021698837607 1.6e-09
9.256848453241669702e-05 3.530134395859623631e+00 6.830463901740671528e-02 2.164520507067525248e-04 -3.035571473050171839e-06 2.412836601607365614e-07 3.54 0.00021698837607 1.6e-09
-2.032153802249739069e-05 1.918490332050233782e+00 5.328151191667211684e-02 1.363474829352968290e-04 -3.460822187357364983e-05 -8.183295020424777920e-07 3.54 0.00021698837607 1.6e-09
1.283401708492525728e-05 6.348892903518785769e-01 -1.881165411881242921e-02 1.161353412224196894e-04 5.443894513184841124e-05 -2.834277673921603632e-07 3.54 0.00021698837607 1.6e-09
-4.166529646310927174e-06 3.173624402442915660e+00 4.618445682685119041e-02 1.976705440572030397e-04 1.364014504734195366e-05 6.832602047191420272e-07 3.54 0.00021698837607 1.6e-09
3.479104480766244232e-05 3.325405309991872116e+00 8.635517322418215236e-02 2.056229544303561771e-04 -1.035226313537328125e-05 5.360588594280841525e-08 3.54 0.00021698837607 1.6e-09
1.037368069612756375e-05 9.399400484646425191e-01 2.841020973126114069e-02 1.078733213829034056e-04 -5.301942630322926421e-05 -2.359406679057677014e-06 3.54 0.00021698837607 1.6e-09
-3.667877089870893304e-05 1.519457621215512644e+00 5.220759661375168770e-04 1.204519600655592408e-04 4.189649314252683434e-05 1.246287194186180552e-06 3.54 0.00021698837607 1.6e-09
-9.284641434571803997e-05 3.479781166864807318e+00 8.786408678169618791e-02 2.137689779331630822e-04 6.018384283054310590e-06 5.386168211303901846e-07 3.54 0.00021698837607 1.6e-09
-5.160623436318026393e-05 2.897824868761061712e+00 9.927797969188811855e-02 1.834064232051452973e-04 -1.870642884304132237e-05 -4.213874406487068741e-07 3.54 0.00021698837607 1.6e-09
-5.550713775641080017e-05 4.306721188559646807e-01 -6.016505255254349024e-03 1.413285117817426623e-04 -2.993282011755515976e-05 -3.607586055740975008e-06 3.54 0.00021698837607 1.6e-09
-1.936871522336363930e-05 2.403142021528552164e+00 3.549702095393691970e-02 1.587471885443378198e-04 2.651561149669184387e-05 1.141220616351734252e-06 3.54 0.00021698837607 1.6e-09
-9.979376569382867929e-06 3.535373014361082866e+00 1.074346350796974714e-01 2.167421160398719585e-04 -1.099422543018830966e-06 2.993553343823042081e-07 3.54 0.00021698837607 1.6e-09
5.256356907039213221e-05 2.148684792636416319e+00 8.158457651328532290e-02 1.466959801994302125e-04 -3.062683501097456407e-05 -1.097065544340348848e-06 3.54 0.00021698837607 1.6e-09
4.018516010976013527e-05 5.133791281295330133e-01 -2.054630987967700356e-02 1.276676410305896219e-04 4.762173575779038350e-05 -1.299856965532490117e-07 3.54 0.00021698837607 1.6e-09
-2.497737401666400237e-05 3.059495435778500472e+00 8.258156836618768537e-02 1.917289055330819272e-04 1.588642753303191608e-05 9.846873357447634390e-07 3.54 0.00021698837607 1.6e-09
-4.065541301076790903e-05 3.410296791633707247e+00 1.318314733484136914e-01 2.100909825106729882e-04 -8.265390689649815820e-06 -4.379934018537410333e-08 3.54 0.00021698837607 1.6e-09
3.116893448171517776e-05 1.209130758751035373e+00 4.625033123983453981e-02 1.112593391865823852e-04 -4.790205038883742678e-05 -2.642842601589187415e-06 3.54 0.00021698837607 1.6e-09
4.539762050301605385e-05 1.233642463073010287e+00 3.344764720278611131e-03 1.118494598257497620e-04 4.744133693893387506e-05 1.924334943698688849e-06 3.54 0.00021698837607 1.6e-09
3.262061173581767793e-07 3.414009030439669967e+00 1.205108102348236010e-01 2.102916556531791656e-04 8.030184461929029192e-06 6.569873952857949868e-07 3.54 0.00021698837607 1.6e-09
-1.861405785324655489e-05 3.037848739631433759e+00 1.294004542422209636e-01 1.906138172264308542e-04 -1.619841124560126954e-05 -5.686999387685650231e-07 3.54 0.00021698837607 1.6e-09
3.579583100897755840e-05 5.009161401767056043e-01 -3.728557808550755394e-03 1.294070339270104010e-04 -4.591842458424859493e-05 -4.002799981561495454e-06 3.54 0.00021698837607 1.6e-09
-6.045720874659266434e-05 2.181461263060370470e+00 5.386114084921150846e-02 1.482171967744584835e-04 3.007491555438535438e-05 1.655934684567783261e-06 3.54 0.00021698837607 1.6e-09
5.851150333871700879e-05 3.534280895057698046e+00 1.473626508532196455e-01 2.166846041461176556e-04 8.028923032676620949e-07 3.162450444315067055e-07 3.54 0.00021698837607 1.6e-09
4.973993503549647115e-05 2.370509123173416111e+00 1.086083731189050605e-01 1.571713785498537119e-04 -2.698258451219922845e-05 -1.329898899558485344e-06 3.54 0.00021698837607 1.6e-09
-9.143695968424587968e-06 4.375613630827859257e-01 -2.122453916685937414e-02 1.398339362709686466e-04 3.286652193823716423e-05 8.716190997318689511e-08 3.54 0.00021698837607 1.6e-09
-2.086957511379317000e-05 2.921172622585833434e+00 1.122851223516773134e-01 1.845941359418084844e-04 1.834448243953180435e-05 1.228065645087724598e-06 3.54 0.00021698837607 1.6e-09
-5.931274607392052260e-05 3.477408502341517327e+00 1.656755872515765504e-01 2.136368624018138195e-04 -6.215141195594642162e-06 -1.497028427837544078e-07 3.54 0.00021698837607 1.6e-09
-2.840877183274626833e-05 1.499592153255942195e+00 6.194245079386766911e-02 1.197412635020892390e-04 -4.221214757199080931e-05 -2.622224339872567974e-06 3.54 0.00021698837607 1.6e-09
-5.206118995592835553e-05 9.573931179931611801e-01 2.436455185057914870e-03 1.079041659137174188e-04 5.270806613858447477e-05 2.708921440967332242e-06 3.54 0.00021698837607 1.6e-09
-2.689170329835334939e-05 3.327504232224362646e+00 1.454801508136693289e-01 2.057359667868722056e-04 1.015822982682781629e-05 7.475815850998979610e-07 3.54 0.00021698837607 1.6e-09
-8.625380869123703816e-05 3.158045442867561725e+00 1.514435973874089236e-01 1.968610080333900859e-04 -1.382411469237207178e-05 -6.776345827218594358e-07 3.54 0.00021698837607 1.6e-09
-4.794108063279576968e-05 6.216582744652900949e-01 -1.878090379812867258e-04 1.170783169897702137e-04 -5.396418550443892473e-05 -3.934676505696180191e-06 3.54 0.00021698837607 1.6e-09
3.954111198926870183e-05 1.941843404496512049e+00 6.774160562970119037e-02 1.373696899534221187e-04 3.411662851288095122e-05 2.176980583230276124e-06 3.54 0.00021698837607 1.6e-09
-8.692267350264340476e-06 3.526633666298129022e+00 1.767740254037445669e-01 2.162676575454392349e-04 2.815974785940720855e-06 2.873182992465449055e-07 3.54 0.00021698837607 1.6e-09
-7.057926412805986724e-05 2.595877442364200149e+00 1.269233854617793367e-01 1.681877246834354738e-04 -2.343657366154374799e-05 -1.440974616972464638e-06 3.54 0.00021698837607 1.6e-09
-4.203485294051290773e-05 4.012140562729678561e-01 -2.150923928609846728e-02 1.478046616431782033e-04 9.288320721850256505e-06 1.766930225252914326e-07 3.54 0.00021698837607 1.6e-09
3.523712133554595522e-05 2.739333307876239409e+00 1.249692582197519941e-01 1.753546264713479576e-04 2.124474140972911393e-05 1.375167279719044549e-06 3.54 0.00021698837607 1.6e-09
-8.888689335875856715e-05 3.516536051330437118e+00 1.776032083522982863e-01 2.157201046870488260e-04 -4.162851388098422518e-06 -2.326783527452078282e-07 3.54 0.00021698837607 1.6e-09
4.383433599862674265e-05 1.775815674865581784e+00 6.881030463485246496e-02 1.302929276213412365e-04 -3.709027489061468482e-05 -2.372234800269791378e-06 3.54 0.00021698837607 1.6e-09
5.345634493793614925e-05 7.319502491443258263e-01 -1.278177325182230668e-04 1.112386719928231299e-04 5.521700651135503688e-05 3.529983060605947933e-06 3.54 0.00021698837607 1.6e-09
-8.491101814930645348e-05 3.228288022758919240e+00 1.582391232661719549e-01 2.005299619866962384e-04 1.237162486092931820e-05 7.759584694811895438e-07 3.54 0.00021698837607 1.6e-09
1.690656338129407384e-05 3.266000597822205975e+00 1.596904640830356104e-01 2.025058272247719313e-04 -1.155318977615224396e-05 -7.412126466889932431e-07 3.54 0.00021698837607 1.6e-09
4.522667412930472331e-05 8.071488189990395634e-01 3.692611414913901571e-03 1.091212554882549292e-04 -5.481871970113979197e-05 -3.424660886779452212e-06 3.54 0.00021698837607 1.6e-09
-6.080760937916112745e-05 1.677512228073849698e+00 6.997296350627178751e-02 1.263450883669951287e-04 3.884373388554792066e-05 2.560929571733948677e-06 3.54 0.00021698837607 1.6e-09
3.435851686171761547e-05 3.502773727697256589e+00 1.812828342868723352e-01 2.149885521729026118e-04 4.885689322488803753e-06 2.058551991428528410e-07 3.54 0.00021698837607 1.6e-09
-4.302816397137947905e-05 2.803823935922320487e+00 1.254959301426595564e-01 1.786159733493000279e-04 -2.020433896660618246e-05 -1.382343084483954279e-06 3.54 0.00021698837607 1.6e-09
7.995198584142430354e-06 4.087888181987281433e-01 -2.154669387190034924e-02 1.460523099892482228e-04 -1.760926581922712416e-05 2.033857347592352626e-07 3.54 0.00021698837607 1.6e-09
2.708134932733393269e-05 2.521446479305458510e+00 1.185549643022075911e-01 1.645139663548747305e-04 2.459796438994438255e-05 1.397576881367284775e-06 3.54 0.00021698837607 1.6e-09
5.832080743736540627e-05 3.530787820644327724e+00 1.654896901612645244e-01 2.164925215423075915e-04 -2.139587070061469733e-06 -2.804756574133479518e-07 3.54 0.00021698837607 1.6e-09
-6.456306833609596263e-05 2.024766243107201991e+00 6.400779655358296294e-02 1.410473413230966242e-04 -3.270011193923258414e-05 -1.964846857658210936e-06 3.54 0.00021698837607 1.6e-09
6.464686918756797995e-06 5.740933199997416692e-01 -2.711308278606623830e-03 1.209665246975149356e-04 5.217793479403476690e-05 4.163524939486302763e-06 3.54 0.00021698837607 1.6e-09
9.333219822724324777e-05 3.119891687290588411e+00 1.525471733970578669e-01 1.948697756778680948e-04 1.462965916363805221e-05 7.073392125290003783e-07 3.54 0.00021698837607 1.6e-09
2.393843640640902325e-05 3.362684438789898422e+00 1.478380787569767429e-01 2.075836314320412103e-04 -9.379180199276144369e-06 -7.381448439309719100e-07 3.54 0.00021698837607 1.6e-09
-4.417436977025893493e-05 1.055921565458400213e+00 5.517266978123469209e-03 1.085914308706176316e-04 -5.093181841229513197e-05 -2.627004619101297866e-06 3.54 0.00021698837607 1.6e-09
-4.588922770025041965e-05 1.392412343554777276e+00 5.825855764397251668e-02 1.162269900920184979e-04 4.424700693794502207e-05 2.670774283481566505e-06 3.54 0.00021698837607 1.6e-09
-9.654984624962121361e-05 3.452922632740164310e+00 1.552380744579878735e-01 2.123442465021879906e-04 6.947608389339400198e-06 8.941526053453591780e-08 3.54 0.00021698837607 1.6e-09
5.915955986452225626e-05 2.969094104928870159e+00 1.006925208082567746e-01 1.870604220153490864e-04 -1.748363209876327998e-05 -1.163719272296718606e-06 3.54 0.00021698837607 1.6e-09
1.459332190954029803e-05 4.582776997276439279e-01 -2.109043066005094474e-02 1.360590944326796185e-04 -3.847398543552924758e-05 3.319566433552004221e-07 3.54 0.00021698837607 1.6e-09
7.299227643005746884e-05 2.297672146642260049e+00 9.904483421229562379e-02 1.536899284405233946e-04 2.814122373709847949e-05 1.278725373973257546e-06 3.54 0.00021698837607 1.6e-09
-8.404348715705619894e-06 3.534643874007533437e+00 1.356743875077014438e-01 2.167055566990127679e-04 -1.837923962506645672e-07 -2.949068740093501067e-07 3.54 0.00021698837607 1.6e-09
6.087485817665243520e-05 2.253816638769379210e+00 5.012248929619828042e-02 1.516092635190082415e-04 -2.889557636276629754e-05 -1.485833792415346843e-06 3.54 0.00021698837607 1.6e-09
2.230267666636173113e-05 4.732448552277098708e-01 -4.749019933215576153e-03 1.334870425857026012e-04 4.177811087641786160e-05 4.358366993869373945e-06 3.54 0.00021698837607 1.6e-09
6.711093704685616452e-05 2.997611999376385228e+00 1.273394572768586919e-01 1.885269589475439887e-04 1.701979831410353083e-05 5.419534063273317791e-07 3.54 0.00021698837607 1.6e-09
-8.994221751453386439e-05 3.446422890124376526e+00 1.160910888171608479e-01 2.119975805442079857e-04 -7.271413659538695225e-06 -6.605406876620953351e-07 3.54 0.00021698837607 1.6e-09
5.644380718373559074e-05 1.346669510271218506e+00 2.719961584649654117e-03 1.148346902837537058e-04 -4.527482294294780973e-05 -1.756253242045774535e-06 3.54 0.00021698837607 1.6e-09
-2.790000293356595783e-05 1.099552832099077726e+00 3.864630302067113832e-02 1.091892265114008506e-04 5.004192465717836419e-05 2.494328915748791476e-06 3.54 0.00021698837607 1.6e-09
3.136684699461128600e-05 3.377607665561625616e+00 1.103142806229948369e-01 2.083710122166782452e-04 9.054655033548962621e-06 -1.472347821501565659e-08 3.54 0.00021698837607 1.6e-09
-1.671593403032530417e-05 3.102121150208202671e+00 6.426441972768322242e-02 1.939459229721693964e-04 -1.503894737006190266e-05 -8.485174507438035514e-07 3.54 0.00021698837607 1.6e-09
-2.884166818483520088e-05 5.517005394403742269e-01 -1.959233197275019739e-02 1.232155750804832662e-04 -5.087530457505030354e-05 3.793066850564854163e-07 3.54 0.00021698837607 1.6e-09
-2.490961576825677967e-05 2.066564784684848277e+00 7.296891449692011200e-02 1.429376197373439530e-04 3.200270331327256660e-05 1.058203856353346250e-06 3.54 0.00021698837607 1.6e-09
-3.070159024987203968e-05 3.533122897883437474e+00 9.780207231339865803e-02 2.166207322765961274e-04 1.780637929173486105e-06 -2.719022879343878031e-07 3.54 0.00021698837607 1.6e-09
-3.655133130272707659e-05 2.479177216208500845e+00 3.286149950643776907e-02 1.624449185753095988e-04 -2.531842237162286956e-05 -1.015935588414670710e-06 3.54 0.00021698837607 1.6e-09
5.903620974732715434e-06 4.151991757611365186e-01 -6.316683450511367814e-03 1.445504301056246626e-04 2.274604501780681977e-05 3.924832055083073620e-06 3.54 0.00021698837607 1.6e-09
7.258266605916085948e-05 2.843059516947685772e+00 8.753206391476481274e-02 1.806042560783088476e-04 1.969270852702025134e-05 3.157077931652824925e-07 3.54 0.00021698837607 1.6e-09
6.901208420048634152e-05 3.504932486347964726e+00 7.139544680273024468e-02 2.150972994708256645e-04 -5.238888033818490518e-06 -5.182665238706924648e-07 3.54 0.00021698837607 1.6e-09
1.634038040146409509e-06 1.636766947772325675e+00 -4.835138188385688235e-03 1.247538625784474608e-04 -3.975292445399880668e-05 -9.684050033906049615e-07 3.54 0.00021698837607 1.6e-09
-4.872716552674990245e-05 8.405732360176637608e-01 2.024702591050308448e-02 1.085545539443252968e-04 5.448853399479033894e-05 2.047128076289197427e-06 3.54 0.00021698837607 1.6e-09
-3.931087743349137120e-05 3.285409799242918538e+00 6.445862030084459349e-02 2.035238517722105398e-04 1.124364195222940188e-05 -6.878083519589631002e-08 3.54 0.00021698837607 1.6e-09
4.713473160929131681e-05 3.216794785122961020e+00 3.162962558334641433e-02 1.999281035990497363e-04 -1.273559934978364582e-05 -5.262403289925473888e-07 3.54 0.00021698837607 1.6e-09
-3.829529599584143566e-05 7.022077591695320420e-01 -1.633480557436063629e-02 1.124373377465215406e-04 -5.526702584574715764e-05 2.664671659366424845e-07 3.54 0.00021698837607 1.6e-09
3.095215252895294641e-05 1.816339701934922779e+00 4.619886826018564097e-02 1.319903791148361108e-04 3.640157270097022396e-05 7.829336404076170357e-07 3.54 0.00021698837607 1.6e-09
-6.102172722051359566e-06 3.521066501277414496e+00 6.009685837590035551e-02 2.159676003966767529e-04 3.817662543237770686e-06 -2.196278561577478891e-07 3.54 0.00021698837607 1.6e-09
-7.137437734226603347e-05 2.699702934178049407e+00 1.644948724780547281e-02 1.733685211804279140e-04 -2.191311271808207248e-05 -6.133329285068072687e-07 3.54 0.00021698837607 1.6e-09
4.627322915800391532e-05 3.988051683664950442e-01 -6.883783426524778259e-03 1.484375114129656481e-04 -3.462933918312368729e-06 2.876962431108377368e-06 3.54 0.00021698837607 1.6e-09
7.909673921299991035e-05 2.644251581606012813e+00 4.391467140435529465e-02 1.705900377251182002e-04 2.281549072532144609e-05 9.428199193553240929e-08 3.54 0.00021698837607 1.6e-09
-5.498910934403524852e-05 3.532103786550118585e+00 2.752689905571652565e-02 2.165527783260181205e-04 -3.206171555249964662e-06 -3.267257801151718701e-07 3.54 0.00021698837607 1.6e-09
-3.418819982083099574e-05 1.899650571881882355e+00 -1.141020396014348626e-02 1.355251143528553109e-04 -3.498837092190406977e-05 -3.688168200127259771e-07 3.54 0.00021698837607 1.6e-09
1.538031134238740979e-05 6.476835787895856011e-01 7.158274180573185805e-03 1.153233963348516229e-04 5.470046810317078304e-05 1.288931764707082651e-06 3.54 0.00021698837607 1.6e-09
9.578050695124061076e-05 3.182583248565474143e+00 2.887489291500247926e-02 1.981400758713286665e-04 1.345336089458593550e-05 -5.226600936279305141e-08 3.54 0.00021698837607 1.6e-09
2.377744918198500951e-05 3.317523173466772057e+00 1.185928298451215633e-02 2.052099207938414363e-04 -1.054005022109578317e-05 -2.494785014219770937e-07 3.54 0.00021698837607 1.6e-09
4.450692668529037646e-05 9.165752718277183630e-01 -1.005129707137556241e-02 1.079098349754369226e-04 -5.347841068362614982e-05 7.496282805466307843e-08 3.54 0.00021698837607 1.6e-09
-3.244233914944467858e-05 1.545207567915969138e+00 2.134893943850245390e-02 1.213671290281189644e-04 4.142317020045294704e-05 4.473147558474850414e-07 3.54 0.00021698837607 1.6e-09
1.066213788331544024e-04 3.486458642620654746e+00 2.637396934093143991e-02 2.141227485370351383e-04 5.841391222677884084e-06 -1.355212320159418557e-07 3.54 0.00021698837607 1.6e-09
-6.249697018126459610e-05 2.886639484860867633e+00 3.928537680894114703e-03 1.828337166062204652e-04 -1.894188482073302004e-05 -2.807613854188059403e-07 3.54 0.00021698837607 1.6e-09
-4.538274565120405080e-05 4.259062230937277205e-01 -5.310695447832197366e-03 1.423017861723162715e-04 -2.818830876160408175e-05 1.484700967005038748e-06 3.54 0.00021698837607 1.6e-09
-1.212805651870872264e-05 2.423530877416206764e+00 9.827819137963794693e-03 1.597316631535912099e-04 2.624135333848922670e-05 -2.097055130559382598e-08 3.54 0.00021698837607 1.6e-09
1.994276658888215540e-05 3.539440284570308126e+00 1.761354544763829664e-03 2.169556096598374375e-04 -1.238338993800769235e-06 -1.065221436719921810e-07 3.54 0.00021698837607 1.6e-09
2.563001619080506151e-05 2.135983949355685585e+00 -7.665399373833870801e-03 1.461060940905292184e-04 -3.091344521474719681e-05 -4.456331018899499361e-08 3.54 0.00021698837607 1.6e-09
-4.774151776705378911e-06 5.196708823889407691e-01 -1.101080627430538021e-03 1.268788399712319202e-04 4.837069383494294961e-05 2.434707524143392659e-07 3.54 0.00021698837607 1.6e-09
7.999537917751364249e-05 3.068795544568511335e+00 9.394732455267718746e-03 1.922134239894959080e-04 1.574025540036386406e-05 5.699164407544231036e-08 3.54 0.00021698837607 1.6e-09
-1.174375471094705011e-05 3.406364617269079353e+00 1.014318002570471083e-02 2.098851445639951204e-04 -8.421353811166028424e-06 -3.851675005098242980e-08 3.54 0.00021698837607 1.6e-09
-1.361446929888496230e-05 1.186078895001611677e+00 1.216526060840124063e-03 1.107619572170284792e-04 -4.846312903706854656e-05 -1.786066412309442748e-07 3.54 0.00021698837607 1.6e-09
4.449527091414672052e-05 1.256519649702508401e+00 1.321999175780013726e-03 1.124034393882282089e-04 4.703875406866434825e-05 1.057603682572088074e-07 3.54 0.00021698837607 1.6e-09
2.471367927790077922e-05 3.424111914130587575e+00 5.682241249651876630e-03 2.108234480812688771e-04 7.896225377434505811e-06 1.185300438064535182e-08 3.54 0.00021698837607 1.6e-09
-6.585326935268614578e-05 3.034161900749666518e+00 4.391191705408843335e-03 1.904207965843271563e-04 -1.636714936285372078e-05 -3.799841094039492926e-08 3.54 0.00021698837607 1.6e-09
-3.969128390914490167e-05 4.942910939898719769e-01 -8.866199283451181752e-04 1.303371481361579719e-04 -4.523110136940205675e-05 1.927424347643723840e-08 3.54 0.00021698837607 1.6e-09
-3.155371593550471544e-05 2.197431402299616199e+00 -7.285710994134288708e-03 1.489603163075457586e-04 2.987948991777913195e-05 7.470584363947772132e-08 3.54 0.00021698837607 1.6e-09
-9.888515490714924110e-06 3.539479553096343878e+00 4.057509912420969450e-03 2.169600334946135325e-04 7.051200423120723459e-07 1.164419374754188951e-07 3.54 0.00021698837607 1.6e-09
5.201907217435132534e-05 2.361598930588958201e+00 1.185220697837002270e-02 1.567412839702174941e-04 -2.722343932927411505e-05 -1.275564766816211434e-09 3.54 0.00021698837607 1.6e-09
-1.238645498120005391e-05 4.402239023083484026e-01 -5.828639556363026004e-03 1.393375877602892892e-04 3.392783903285096397e-05 -9.624988451845846144e-07 3.54 0.00021698837607 1.6e-09
7.281299392534324030e-07 2.931820994557027493e+00 6.538111892357334823e-03 1.851420189184458677e-04 1.823305460880436245e-05 2.622401589576985315e-07 3.54 0.00021698837607 1.6e-09
9.369631743248785281e-05 3.477420587132628249e+00 2.624375312062056376e-02 2.136386517041377207e-04 -6.354741043938875277e-06 1.049044130285243773e-07 3.54 0.00021698837607 1.6e-09
4.244233229598050431e-05 1.480349460747930168e+00 1.865569054554669717e-02 1.190811874207474538e-04 -4.269916002117157155e-05 -4.642804213861937841e-07 3.54 0.00021698837607 1.6e-09
2.873267568142482130e-05 9.744448211465168708e-01 -1.131825082307320526e-02 1.079516556104214852e-04 5.247985259950030184e-05 -1.337103064627136603e-07 3.54 0.00021698837607 1.6e-09
5.121492404582079160e-05 3.338984138691465375e+00 7.671433185523986870e-03 2.063381796873009835e-04 1.004176704886456234e-05 2.425784324684428055e-07 3.54 0.00021698837607 1.6e-09
2.798121671546437611e-05 3.157615241342753176e+00 2.580958195178328918e-02 1.968356633299645463e-04 -1.397979843600703907e-05 7.891717727916872992e-08 3.54 0.00021698837607 1.6e-09
-3.557930264593848135e-05 6.130203463748723491e-01 7.125628794297884580e-03 1.177039827945734599e-04 -5.386081860458831981e-05 -1.291564049910596817e-06 3.54 0.00021698837607 1.6e-09
1.626662217770606010e-05 1.956097466229436588e+00 -8.216897616196271875e-03 1.379958179039176311e-04 3.396554827666674759e-05 4.288551325688132894e-07 3.54 0.00021698837607 1.6e-09
-6.728686729802832315e-05 3.532193586366333182e+00 3.237944471698143978e-02 2.165641029709167956e-04 2.716487615793867467e-06 3.169589490503787137e-07 3.54 0.00021698837607 1.6e-09
-7.702842322448198514e-05 2.586291707879173174e+00 4.558749852564608629e-02 1.677134531693781063e-04 -2.368321803070241654e-05 -1.538364155780181669e-07 3.54 0.00021698837607 1.6e-09
-5.669089181065355132e-05 4.017643710419117609e-01 -7.835757336437956105e-03 1.476984048596286317e-04 1.077576705562381081e-05 -2.200078166358332321e-06 3.54 0.00021698837607 1.6e-09
3.818475331788268864e-05 2.753646361951994415e+00 1.524462051647717392e-02 1.760775356630516907e-04 2.110745245734165979e-05 5.537390103950133280e-07 3.54 0.00021698837607 1.6e-09
1.030395547733107327e-04 3.518676656364698729e+00 5.491248289539160665e-02 2.158339220516537977e-04 -4.315363177191682657e-06 1.998704873774347798e-07 3.54 0.00021698837607 1.6e-09
1.485298185378727229e-05 1.758096748004124965e+00 4.151079368018809057e-02 1.295687396789853426e-04 -3.749487206750469308e-05 -7.506734179077416963e-07 3.54 0.00021698837607 1.6e-09
2.063935909244372452e-05 7.445006787544818927e-01 -1.742712596865562957e-02 1.107893830490970521e-04 5.529999676807544783e-05 -1.863279971818194751e-07 3.54 0.00021698837607 1.6e-09
7.873849134467545373e-05 3.240660907092338228e+00 3.195206205334452654e-02 2.011771076274172071e-04 1.223291953753616280e-05 5.355277004233105385e-07 3.54 0.00021698837607 1.6e-09
-8.394503502946558523e-06 3.264634930512368527e+00 6.558010197683117326e-02 2.024330851037373894e-04 -1.171829249361038198e-05 7.076538258250190561e-08 3.54 0.00021698837607 1.6e-09
3.479634725956703230e-05 7.935851445226749235e-01 1.941165908744880292e-02 1.094087326225233773e-04 -5.498940915539506904e-05 -2.204307719189021286e-06 3.54 0.00021698837607 1.6e-09
4.181804448523695111e-05 1.694774725505395985e+00 -1.014868070182035464e-03 1.270314317992626027e-04 3.862505181919486709e-05 9.793086449533229861e-07 3.54 0.00021698837607 1.6e-09
5.017182441647071665e-05 3.508112094348208920e+00 7.246112453740177761e-02 2.152743131242032689e-04 4.740844851134672899e-06 4.752370389496587325e-07 3.54 0.00021698837607 1.6e-09
4.893565863167798985e-05 2.790293409988649831e+00 8.397214519572324121e-02 1.779320814896789946e-04 -2.048382309452850239e-05 -3.646748228091911325e-07 3.54 0.00021698837607 1.6e-09
1.822416018221443372e-05 4.065471308388047267e-01 -7.754688999734060326e-03 1.466049163067176708e-04 -1.571372223831427674e-05 -3.236299483600278451e-06 3.54 0.00021698837607 1.6e-09
6.595307881083021389e-05 2.541540252725201121e+00 3.017243957081705563e-02 1.655036800123709613e-04 2.435881032916210106e-05 9.352331129375399035e-07 3.54 0.00021698837607 1.6e-09
1.149706793375263286e-05 3.532853804362796168e+00 9.122928498339710757e-02 2.166018414107006847e-04 -2.318668964821212839e-06 2.638718763535836026e-07 3.54 0.00021698837607 1.6e-09
-3.736540200892635698e-05 2.004332133261985671e+00 6.798998068337319678e-02 1.401331192806547655e-04 -3.308888908542957213e-05 -1.030170892168014675e-06 3.54 0.00021698837607 1.6e-09
4.612980362021641104e-07 5.843691199147597048e-01 -1.996017904950587313e-02 1.200246265608975000e-04 5.278391179203292078e-05 -4.693303453931363816e-08 3.54 0.00021698837607 1.6e-09
2.969573176710642954e-05 3.133465262848665667e+00 6.764416518605917417e-02 1.955756315486798045e-04 1.443985028579185933e-05 8.409600987859772962e-07 3.54 0.00021698837607 1.6e-09
-7.846789418571830093e-05 3.357315061838476389e+00 1.119855589185441147e-01 2.073010544796658546e-04 -9.581954164904739687e-06 -1.435144282184615046e-08 3.54 0.00021698837607 1.6e-09
2.574211755372612410e-05 1.032943819624764448e+00 3.543278639903928162e-02 1.083405507975025337e-04 -5.133646525744473737e-05 -2.665081490336197215e-06 3.54 0.00021698837607 1.6e-09
-5.373096911006964747e-05 1.416823641271774070e+00 4.951810104549419535e-03 1.170005188078418457e-04 4.385754068882163383e-05 1.626051029483385721e-06 3.54 0.00021698837607 1.6e-09
-2.447083909627963599e-05 3.458489387439788842e+00 1.092139539342504018e-01 2.126413684136803806e-04 6.736063326617679218e-06 5.949368597881093057e-07 3.54 0.00021698837607 1.6e-09
-8.123907220704530100e-05 2.951766647734230808e+00 1.171615385179757551e-01 1.861729186582785093e-04 -1.776241658730180853e-05 -5.420928288720186131e-07 3.54 0.00021698837607 1.6e-09
-1.519731040260992005e-05 4.514200506760551179e-01 -6.387966575835268487e-03 1.373152087948161491e-04 -3.667157592035493266e-05 -3.833750729073377543e-06 3.54 0.00021698837607 1.6e-09
-5.976811532320061571e-06 2.323477314479577061e+00 4.839558434827975070e-02 1.549183703766892619e-04 2.776633015977291529e-05 1.400760356015442442e-06 3.54 0.00021698837607 1.6e-09
7.551069467486921016e-05 3.535066855473635528e+00 1.308298154039712058e-01 2.167274875319733971e-04 -4.178090910115491803e-07 2.926897711226949712e-07 3.54 0.00021698837607 1.6e-09
6.784677150234777986e-05 2.228869084401675860e+00 9.502550193881853513e-02 1.504338422341673653e-04 -2.928066653743367656e-05 -1.284633856634263718e-06 3.54 0.00021698837607 1.6e-09
2.388717643907695162e-05 4.813228310921301434e-01 -2.091903017879615662e-02 1.322014226185103678e-04 4.328325474065644461e-05 2.360690696088600210e-07 3.54 0.00021698837607 1.6e-09
-5.553320937111487195e-06 3.012948092705315162e+00 1.023319553298476930e-01 1.893187634575991206e-04 1.673757640159324314e-05 1.107513335830281782e-06 3.54 0.00021698837607 1.6e-09
-4.196702052596899265e-05 3.436948215981871169e+00 1.524263432097385795e-01 2.114969773200454310e-04 -7.518692109895079802e-06 -1.263018057169142298e-07 3.54 0.00021698837607 1.6e-09
4.183921888523216135e-05 1.314096346979632068e+00 5.221837422038082266e-02 1.139074280953345777e-04 -4.581716167537453664e-05 -2.758997682637496086e-06 3.54 0.00021698837607 1.6e-09
-2.793277390232854970e-05 1.130234461839877191e+00 6.169383076222908699e-03 1.096970119199490131e-04 4.947466096479952906e-05 2.350882582150369882e-06 3.54 0.00021698837607 1.6e-09
9.890591645310421699e-05 3.384257620599702143e+00 1.373390654612266226e-01 2.087232851714472342e-04 8.780300626440229250e-06 6.869769077067781925e-07 3.54 0.00021698837607 1.6e-09
-5.078820845665752326e-05 3.082700506353739378e+00 1.418956726387191614e-01 1.929395568462249368e-04 -1.532644147721723253e-05 -6.682785914143170309e-07 3.54 0.00021698837607 1.6e-09
1.382219509763563882e-05 5.378277638140425143e-01 -3.930785557574298372e-03 1.247514165033900848e-04 -4.973659765057572292e-05 -3.967604104382090200e-06 3.54 0.00021698837607 1.6e-09
-5.949343856388664413e-05 2.097393190879584868e+00 6.499137413886542369e-02 1.443382732294172131e-04 3.146178542299041519e-05 1.902259857280969669e-06 3.54 0.00021698837607 1.6e-09
4.227250166145268546e-05 3.532170285278051214e+00 1.652378229436163859e-01 2.165697970601185968e-04 1.515342679612324398e-06 2.813856097698315192e-07 3.54 0.00021698837607 1.6e-09
-6.146028134179950511e-05 2.451448909796125619e+00 1.172442177766533922e-01 1.610905229470550892e-04 -2.568438749499276481e-05 -1.449128396679314612e-06 3.54 0.00021698837607 1.6e-09
6.767743972039961435e-05 4.197840911550221876e-01 -2.128606595318371236e-02 1.435220363739858401e-04 2.530657299480718530e-05 4.812612580489968526e-07 3.54 0.00021698837607 1.6e-09
7.560731244762760846e-05 2.861054901672145157e+00 1.242277689266636231e-01 1.815216208536953577e-04 1.932196907199137411e-05 1.290487908335686719e-06 3.54 0.00021698837607 1.6e-09
8.533424263056950529e-05 3.494857137011221582e+00 1.751363264200067049e-01 2.145627530541529540e-04 -5.485300891056718781e-06 -2.258750158979398697e-07 3.54 0.00021698837607 1.6e-09
2.576246520004510642e-06 1.602028875570075339e+00 6.368518331225019036e-02 1.234392345215925570e-04 -4.028095027977492078e-05 -2.581940247811720772e-06 3.54 0.00021698837607 1.6e-09
-1.328993911613440680e-05 8.687643245218437116e-01 3.864548064353448553e-03 1.082236570515233753e-04 5.407779541639243747e-05 3.148423014841388372e-06 3.54 0.00021698837607 1.6e-09
5.949446519795632479e-05 3.292745151517418645e+00 1.550225899499250715e-01 2.039101296438629914e-04 1.094180091096740492e-05 7.400312978855070198e-07 3.54 0.00021698837607 1.6e-09
-9.400525083939235353e-05 3.198134509074566090e+00 1.558741793703517509e-01 1.989540718830361374e-04 -1.299118094765301819e-05 -7.464888837696835735e-07 3.54 0.00021698837607 1.6e-09
3.771890008319631028e-05 6.804047597622102650e-01 -5.145134083389458525e-04 1.134795951991158939e-04 -5.502717307272103121e-05 -3.667781758243996267e-06 3.54 0.00021698837607 1.6e-09
5.291799112057811406e-05 1.849508202175433880e+00 7.353235223253612451e-02 1.333852373382155389e-04 3.572948139637933918e-05 2.348407190365982893e-06 3.54 0.00021698837607 1.6e-09
6.380710987514393007e-05 3.520532377927183099e+00 1.827217077959431557e-01 2.159386142411326664e-04 3.557592061916020751e-06 2.255024125492562007e-07 3.54 0.00021698837607 1.6e-09
-6.468449467996179438e-05 2.674578109384218472e+00 1.263791689067446655e-01 1.721070777445851674e-04 -2.222097455111310860e-05 -1.464723154941600849e-06 3.54 0.00021698837607 1.6e-09
-6.709568699190702687e-05 3.987633342018355731e-01 -2.147191663779265958e-02 1.484206384805351712e-04 -5.186371792934425752e-07 5.329529962103479070e-07 3.54 0.00021698837607 1.6e-09
-8.307801239471289390e-06 2.663529917484750875e+00 1.262243837170007044e-01 1.715527194532493632e-04 2.241429798414815893e-05 1.361071188376749951e-06 3.54 0.00021698837607 1.6e-09
5.197536513120312810e-05 3.523878828337155156e+00 1.732864724555602254e-01 2.161154206323412819e-04 -3.434374085321939869e-06 -2.897340299945842254e-07 3.54 0.00021698837607 1.6e-09
1.046979633956465468e-05 1.868238596765865456e+00 6.436349427557724878e-02 1.341765370445037139e-04 -3.543977877518317987e-05 -2.209892735405760353e-06 3.54 0.00021698837607 1.6e-09
-1.803806102611699643e-05 6.677776982035401598e-01 5.865591898209950288e-04 1.141460397256821092e-04 5.488659207874238717e-05 3.883731492157497381e-06 3.54 0.00021698837607 1.6e-09
-5.995451979644226664e-05 3.190456355787362419e+00 1.574420820995811321e-01 1.985511320004729608e-04 1.317622530166654498e-05 7.172959848377450600e-07 3.54 0.00021698837607 1.6e-09
2.994896908277557235e-05 3.301762101283959083e+00 1.532288359178284320e-01 2.043819822220366224e-04 -1.076754616160800521e-05 -7.678321543583436865e-07 3.54 0.00021698837607 1.6e-09
3.598401262085217122e-05 8.890114133290271115e-01 2.403164696901649404e-03 1.080446578081084916e-04 -5.382137755850446522e-05 -2.998362683296255922e-06 3.54 0.00021698837607 1.6e-09
-1.362377225471559741e-05 1.578080846126501680e+00 6.856141837658649707e-02 1.225606184789813729e-04 4.068751091194164479e-05 2.584400523519176641e-06 3.54 0.00021698837607 1.6e-09
2.744560820189141648e-05 3.488389275891912167e+00 1.713354457726268543e-01 2.142234193069386292e-04 5.619127268084480036e-06 1.234844436574114547e-07 3.54 0.00021698837607 1.6e-09
6.735234923170643491e-05 2.867766283641977942e+00 1.129604173797849331e-01 1.818670016537510010e-04 -1.919118833078952108e-05 -1.311253009764307212e-06 3.54 0.00021698837607 1.6e-09
-2.678568302100801989e-05 4.218057890506786700e-01 -2.134780713719727774e-02 1.431527909294570884e-04 -2.596883047472424671e-05 5.686779316039285023e-07 3.54 0.00021698837607 1.6e-09
5.204855671541641561e-05 2.441924614766368684e+00 1.111086388847833950e-01 1.606279034935502578e-04 2.584337163117726439e-05 1.297733310445394068e-06 3.54 0.00021698837607 1.6e-09
7.737820080740426406e-05 3.533134155239905816e+00 1.497368547774250436e-01 2.166213885115839187e-04 -1.438518860787534270e-06 -3.153160827666734184e-07 3.54 0.00021698837607 1.6e-09
3.326412689980504128e-05 2.107763186731379079e+00 5.422445999563681174e-02 1.448119565795853248e-04 -3.130835553296084538e-05 -1.729426419700239307e-06 3.54 0.00021698837607 1.6e-09
-4.285634027464900442e-05 5.325927017348055514e-01 -2.234918263881301159e-03 1.253069643814275756e-04 4.939701215141766391e-05 4.310335806389917769e-06 3.54 0.00021698837607 1.6e-09
-1.368560431381300231e-05 3.078904715876262799e+00 1.409889160438012601e-01 1.927373051879192423e-04 1.546783466052029115e-05 5.999011826534016569e-07 3.54 0.00021698837607 1.6e-09
5.449408388167654473e-05 3.394548080645173993e+00 1.308596818035169251e-01 2.092611633675129593e-04 -8.629873267770756640e-06 -7.179920334239177045e-07 3.54 0.00021698837607 1.6e-09
4.886745899653516814e-05 1.155892562829183401e+00 2.416491315937338569e-03 1.101486558166883120e-04 -4.902209101936698973e-05 -2.152113688376937076e-06 3.54 0.00021698837607 1.6e-09
-1.200506316969537018e-05 1.287982871295762610e+00 5.149834023479372969e-02 1.132119363022987925e-04 4.630966719846068473e-05 2.523895547339808160e-06 3.54 0.00021698837607 1.6e-09
8.276760448399011420e-05 3.429288945291256052e+00 1.331122153252176088e-01 2.110958130020680222e-04 7.676663498674714321e-06 7.735455727355027422e-09 3.54 0.00021698837607 1.6e-09
-1.177257951474696931e-05 3.019458853262881437e+00 8.024220969575723839e-02 1.896590997024784862e-04 -1.659550259241755320e-05 -1.023314045881535595e-06 3.54 0.00021698837607 1.6e-09
-2.247494374984415806e-05 4.858315645006474615e-01 -2.046327444262937417e-02 1.315744792474911903e-04 -4.383506214266198411e-05 6.273889532583206658e-07 3.54 0.00021698837607 1.6e-09
6.342481553410085735e-05 2.217381141695320856e+00 8.619869094734852744e-02 1.498985188027075885e-04 2.946534315223705024e-05 1.108773697427578273e-06 3.54 0.00021698837607 1.6e-09
8.223095045721322217e-05 3.535150151399342189e+00 1.134168777992524413e-01 2.167324128101939850e-04 4.989099749699023525e-07 -3.032920988856614068e-07 3.54 0.00021698837607 1.6e-09
-2.748326098791874019e-05 2.333715995756902917e+00 3.795138109065045173e-02 1.554081971831292269e-04 -2.761259777796818364e-05 -1.226487429454670409e-06 3.54 0.00021698837607 1.6e-09
-5.499883698858059374e-05 4.480313802009390223e-01 -4.387414655666883705e-03 1.378463341228574821e-04 3.607199892261860052e-05 4.203964469056538256e-06 3.54 0.00021698837607 1.6e-09
1.602549428531453176e-05 2.947820719754283836e+00 1.075723714222359684e-01 1.859618423818783402e-04 1.792890943572009237e-05 4.049734516458679469e-07 3.54 0.00021698837607 1.6e-09
1.030311939184927239e-04 3.470845878458755251e+00 9.218968020581157219e-02 2.132887615257210716e-04 -6.557823529759146752e-06 -5.995198479024022587e-07 3.54 0.00021698837607 1.6e-09
1.206273965376276872e-05 1.451301784831893649e+00 -2.217662008761632931e-03 1.181026654450886555e-04 -4.325207011641908487e-05 -1.318390969123635162e-06 3.54 0.00021698837607 1.6e-09
-1.638197185965288506e-05 1.001774544891552043e+00 3.063674418050548257e-02 1.080967458167763419e-04 5.191705548158176284e-05 2.188119571124574208e-06 3.54 0.00021698837607 1.6e-09
7.574887229865924238e-05 3.346868459958779241e+00 8.450917963288472057e-02 2.067531235971506931e-04 9.819279734867704488e-06 -7.247387313714124519e-08 3.54 0.00021698837607 1.6e-09
8.864457835520595809e-05 3.144736846852073331e+00 4.360966838973074494e-02 1.961641458871424010e-04 -1.421743020966570715e-05 -6.817279128441318595e-07 3.54 0.00021698837607 1.6e-09
-3.128702579588254747e-05 5.978128949285402838e-01 -1.815328933548713067e-02 1.189025613246078017e-04 -5.330049709654117730e-05 5.236600778605654434e-07 3.54 0.00021698837607 1.6e-09
-3.830763400789616172e-05 1.980505683631263558e+00 5.838148970744673483e-02 1.390767600411506159e-04 3.349871434981487983e-05 8.565577704624159313e-07 3.54 0.00021698837607 1.6e-09
9.928737814874255725e-05 3.530827006006753699e+00 7.490443750433148362e-02 2.164948742229122329e-04 2.487271262751454632e-06 -2.536362096705270034e-07 3.54 0.00021698837607 1.6e-09
-7.126264417831958315e-05 2.558964101154781901e+00 2.170187972395905968e-02 1.663644824172686842e-04 -2.408491455959712305e-05 -7.799948544702586274e-07 3.54 0.00021698837607 1.6e-09
-1.500340415271549045e-05 4.043321392822980531e-01 -5.835570223131680660e-03 1.470714947355672127e-04 1.398670613224042783e-05 3.448690591713888658e-06 3.54 0.00021698837607 1.6e-09
2.416124210301682796e-05 2.777600962827290410e+00 6.465029254649823365e-02 1.772840190555473067e-04 2.074889641083508553e-05 1.809502566023985208e-07 3.54 0.00021698837607 1.6e-09
-4.496167807363164574e-05 3.517934592550688855e+00 4.695423385672719413e-02 2.157909680273663745e-04 -4.516766454948481415e-06 -4.266030711042097666e-07 3.54 0.00021698837607 1.6e-09
2.972061729311341818e-05 1.732931463144463891e+00 -9.410990616574764489e-03 1.285405473000421589e-04 -3.798912129286441570e-05 -6.222713350098137750e-07 3.54 0.00021698837607 1.6e-09
2.522857726804653882e-05 7.644785533421800672e-01 1.377055486430786915e-02 1.101729183257646222e-04 5.519634607417465272e-05 1.581733695349621716e-06 3.54 0.00021698837607 1.6e-09
4.153445300170688484e-05 3.250530968302137946e+00 4.214289075284874397e-02 2.016948339712923172e-04 1.201748099651342205e-05 -8.710952957304841690e-08 3.54 0.00021698837607 1.6e-09
5.016009233036380758e-06 3.254162452059234489e+00 1.677498735864300927e-02 2.018848104939488855e-04 -1.194549508980129369e-05 -3.687644571813233861e-07 3.54 0.00021698837607 1.6e-09
-3.554069285293126612e-06 7.709938049987722364e-01 -1.349648906291290446e-02 1.099808932347984920e-04 -5.519612414789756057e-05 2.845836844241500486e-07 3.54 0.00021698837607 1.6e-09
6.735958895543641881e-06 1.722653808161641154e+00 3.236604199422665751e-02 1.281436197654052794e-04 3.811158628022553405e-05 5.709677650252775566e-07 3.54 0.00021698837607 1.6e-09
-8.689453242251441378e-05 3.511941995380960524e+00 4.028358629542357072e-02 2.154789430238711898e-04 4.544359583523933592e-06 -1.772018095262589723e-07 3.54 0.00021698837607 1.6e-09
-3.447200833806062046e-05 2.770734165039892005e+00 8.533287446930468839e-03 1.769441270571280619e-04 -2.080883195949239479e-05 -4.201399023415136430e-07 3.54 0.00021698837607 1.6e-09
-6.951794304721768724e-05 4.035772355134356060e-01 -5.765338517204020991e-03 1.472995726763532385e-04 -1.284600067987543221e-05 2.172221918480393281e-06 3.54 0.00021698837607 1.6e-09
5.203364073281988397e-05 2.567252729130716116e+00 2.435152599402798726e-02 1.667687346560729820e-04 2.400415023762936018e-05 6.751492191176057533e-09 3.54 0.00021698837607 1.6e-09
-5.735707965291121982e-05 3.536082843447795554e+00 1.070873757568643198e-02 2.167696021679247471e-04 -2.501944839482199604e-06 -2.150450236636698571e-07 3.54 0.00021698837607 1.6e-09
3.107790700729551022e-05 1.985386761622256024e+00 -1.139648033859781522e-02 1.392832490850385934e-04 -3.348869312261407464e-05 -1.574787386552162807e-07 3.54 0.00021698837607 1.6e-09
1.859600277034790185e-05 5.959387405787789360e-01 2.561983803510987662e-03 1.190471051440423990e-04 5.330621495573552423e-05 6.793946541218687633e-07 3.54 0.00021698837607 1.6e-09
6.406456653575555264e-05 3.144157775893872131e+00 1.439105809275745274e-02 1.961341596486479151e-04 1.424933031531145492e-05 -1.630233021843924423e-08 3.54 0.00021698837607 1.6e-09
9.771502542967307886e-07 3.350451665065265150e+00 6.659659554934880231e-03 2.069408470875299701e-04 -9.784520349010089114e-06 -1.193440425860062516e-07 3.54 0.00021698837607 1.6e-09
3.824981687507123337e-05 1.006650688478903266e+00 -4.788517508898585545e-03 1.081197632789922020e-04 -5.192673256580439484e-05 -9.907904664756440885e-09 3.54 0.00021698837607 1.6e-09
-3.254641098399834218e-05 1.444557953277632034e+00 9.921608397418478498e-03 1.178972712521221766e-04 4.335360945833025524e-05 2.565467485897513614e-07 3.54 0.00021698837607 1.6e-09
-4.360246533638648266e-05 3.467396536173676935e+00 1.380010470223705377e-02 2.131119496653031422e-04 6.566199421586145355e-06 -5.958903128677558906e-08 3.54 0.00021698837607 1.6e-09
3.752036603276980850e-05 2.942238150545186670e+00 3.016805131750433487e-03 1.856813171119918167e-04 -1.800895705901847977e-05 -1.405464278036080898e-07 3.54 0.00021698837607 1.6e-09
-5.663968327598830406e-05 4.451056849329551590e-01 -3.180619360551930740e-03 1.384781797850106479e-04 -3.515545574403998452e-05 6.840624941773416403e-07 3.54 0.00021698837607 1.6e-09
-4.848615575966880385e-05 2.344808753532441337e+00 -1.693730554673201095e-03 1.559356361250549788e-04 2.749070395027281851e-05 -7.006778058550538562e-09 3.54 0.00021698837607 1.6e-09
-2.551059228321814849e-07 3.540099782107185789e+00 -1.219679032902672329e-03 2.169927919127641498e-04 -5.549622109326634361e-07 1.171699073645979568e-08 3.54 0.00021698837607 1.6e-09
-4.820052256743288105e-05 2.215919179254246529e+00 2.374242673498907022e-04 1.498243973894564183e-04 -2.957933172148480698e-05 1.502126437302439371e-08 3.54 0.00021698837607 1.6e-09
5.333301246396117737e-05 4.868438457396931929e-01 -4.228172806277529644e-03 1.313825570592516017e-04 4.426995365760455156e-05 -4.342931035723504720e-07 3.54 0.00021698837607 1.6e-09
2.977785315894316745e-05 3.024240981246435922e+00 4.881311862737625420e-03 1.899041152700010806e-04 1.658877671361150613e-05 1.550789889704458773e-07 3.54 0.00021698837607 1.6e-09
-4.986142732595566995e-05 3.434339887544125780e+00 1.618919600827612923e-02 2.113607774254572442e-04 -7.681382416781990565e-06 5.448768008094577237e-08 3.54 0.00021698837607 1.6e-09
4.140422275124201762e-05 1.289784339112354239e+00 9.839100462629587346e-03 1.132479876198900527e-04 -4.641576255316051734e-05 -3.411362559347808127e-07 3.54 0.00021698837607 1.6e-09
3.154834102204361534e-05 1.153427480201922428e+00 -6.292713816796887197e-03 1.101175513689658817e-04 4.908092074338965126e-05 -4.366405070365325745e-09 3.54 0.00021698837607 1.6e-09
9.435211235246631354e-05 3.395936196343043445e+00 5.034164862285200534e-03 2.093372949465735174e-04 8.640517302308709611e-06 1.293712702933473629e-07 3.54 0.00021698837607 1.6e-09
6.017936971765790437e-05 3.079657990171926762e+00 1.430525261577741090e-02 1.927784703273543771e-04 -1.551606675655754555e-05 3.253645688502095293e-08 3.54 0.00021698837607 1.6e-09
4.082981269131879393e-05 5.296100084534891561e-01 2.482163090033961093e-03 1.256940107664664195e-04 -4.923164712340641878e-05 -7.671414458197111847e-07 3.54 0.00021698837607 1.6e-09
-4.491664015964702734e-05 2.114634034077668368e+00 -9.850739974341523111e-03 1.451264337061780195e-04 3.125916682577076092e-05 2.255538716942846019e-07 3.54 0.00021698837607 1.6e-09
1.010467733480596437e-04 3.538116210635651626e+00 1.582375001318101632e-02 2.168854550965854653e-04 1.397140181725640100e-06 2.275341582285167524e-07 3.54 0.00021698837607 1.6e-09
-2.890103653739545069e-05 2.441385799712012528e+00 2.791738135460140879e-02 1.605994902280289999e-04 -2.595206462834576404e-05 -6.594496729422831458e-08 3.54 0.00021698837607 1.6e-09
-4.687252004838516836e-06 4.219032370208707361e-01 -7.834579286559575917e-03 1.430817818519914417e-04 2.664194981699807428e-05 -1.628774522922460475e-06 3.54 0.00021698837607 1.6e-09
-3.870212120718964004e-05 2.874056239668062673e+00 1.079087046299607305e-02 1.821855037574794342e-04 1.920010919214162865e-05 4.177603088541980607e-07 3.54 0.00021698837607 1.6e-09
-1.546038892148069815e-05 3.495732203504900326e+00 4.175515935530500766e-02 2.146102844649612235e-04 -5.623447432943191014e-06 1.626243933531679096e-07 3.54 0.00021698837607 1.6e-09
-2.023495880430409952e-05 1.582121267803320297e+00 3.058555519876731549e-02 1.227014244806065514e-04 -4.075443622078562508e-05 -6.690253293698189781e-07 3.54 0.00021698837607 1.6e-09
-6.764962329666252889e-06 8.851022168457195471e-01 -1.524604352104529451e-02 1.080778164476973476e-04 5.393933349966629142e-05 -1.043443217606731713e-07 3.54 0.00021698837607 1.6e-09
-9.119539449068225063e-05 3.305129335628525844e+00 1.986980176088692235e-02 2.045582911021628036e-04 1.082577651314392149e-05 3.942734326206264452e-07 3.54 0.00021698837607 1.6e-09
4.460518657544881350e-05 3.197095978983206521e+00 4.629847592729294942e-02 1.988971720180934713e-04 -1.316486831894565935e-05 7.554525587782842259e-08 3.54 0.00021698837607 1.6e-09
1.302230242076304171e-05 6.697022814339099739e-01 1.199855944911228101e-02 1.140383239102659948e-04 -5.500426671969426762e-05 -1.931368006385703264e-06 3.54 0.00021698837607 1.6e-09
-1.941505839485349019e-05 1.865727681322868037e+00 -4.353280233281631162e-03 1.340755875390798810e-04 3.555352198267822149e-05 7.085092652134829185e-07 3.54 0.00021698837607 1.6e-09
-1.953966872069028306e-05 3.526220415959787413e+00 5.403127511749054174e-02 2.162421752083336346e-04 3.437093297468355669e-06 4.073729717646314166e-07 3.54 0.00021698837607 1.6e-09
5.450731269213257481e-05 2.662878850784796469e+00 6.637374675162138749e-02 1.715222418865199982e-04 -2.249594622706265346e-05 -2.829221473830267646e-07 3.54 0.00021698837607 1.6e-09
3.027889623038365933e-05 3.985256460534972733e-01 -8.964788907378371668e-03 1.485049954125718542e-04 1.176282935429601454e-06 -2.760827099353535503e-06 3.54 0.00021698837607 1.6e-09
-4.501789523769050394e-05 2.680352116143510877e+00 2.511480544893735650e-02 1.723949189465093039e-04 2.223847070243608348e-05 7.588033021287248202e-07 3.54 0.00021698837607 1.6e-09
1.318294315676683489e-05 3.525818257061438032e+00 7.631825891211040103e-02 2.162184140012761414e-04 -3.592965652369418248e-06 2.293154509998619672e-07 3.54 0.00021698837607 1.6e-09
-2.053756090153161486e-05 1.849069029775757045e+00 5.544687817549795450e-02 1.333622723564883159e-04 -3.583539561365987853e-05 -9.683106689011266495e-07 3.54 0.00021698837607 1.6e-09
4.106802915240162358e-05 6.798002942344030242e-01 -1.906803474995873160e-02 1.135042039145407869e-04 5.511673419603355806e-05 7.188952707603262736e-09 3.54 0.00021698837607 1.6e-09
6.493565947233827045e-05 3.203265779600258600e+00 5.222009491355277672e-02 1.992199008942050929e-04 1.301278600477089803e-05 6.954613585448431019e-07 3.54 0.00021698837607 1.6e-09
-7.141759064156157674e-05 3.298647115698076782e+00 9.111381335779017432e-02 2.042178019689098187e-04 -1.094485587527671311e-05 1.379316674103430436e-08 3.54 0.00021698837607 1.6e-09
4.773332115501126787e-05 8.724568763429231266e-01 2.557377488726561565e-02 1.081719722686351411e-04 -5.405773668128837359e-05 -2.620223094420113989e-06 3.54 0.00021698837607 1.6e-09
3.404586249220274273e-05 1.597913663549730634e+00 4.552526724331927219e-03 1.233021311618111683e-04 4.040968358029328061e-05 1.336796907534782043e-06 3.54 0.00021698837607 1.6e-09
3.213633283636608531e-06 3.493307988635331984e+00 9.561880411956399928e-02 2.144866600434151664e-04 5.451077333025492342e-06 5.384402456091883039e-07 3.54 0.00021698837607 1.6e-09
3.086360660645322534e-05 2.852273912667964151e+00 1.036368148496854130e-01 1.810800310393712899e-04 -1.946513415210326560e-05 -4.994596304264216195e-07 3.54 0.00021698837607 1.6e-09
4.751485013498023426e-05 4.182197790352455424e-01 -8.422583410593730002e-03 1.439567693363940585e-04 -2.407531585632251758e-05 -3.564396718274091683e-06 3.54 0.00021698837607 1.6e-09
2.250037451962558991e-06 2.463790437782558129e+00 4.293932574440929850e-02 1.616925776655565665e-04 2.555571942048381304e-05 1.177395138689895511e-06 3.54 0.00021698837607 1.6e-09
-7.085603000191874237e-05 3.533967816930550399e+00 1.148186675144577951e-01 2.166652220344883158e-04 -1.629380963711613233e-06 2.659626262634832870e-07 3.54 0.00021698837607 1.6e-09
-1.419373538125946193e-05 2.085441145219789405e+00 8.180089361917429469e-02 1.437931259513757095e-04 -3.168006967077112738e-05 -1.235840239401365980e-06 3.54 0.00021698837607 1.6e-09
-5.838458401109157075e-05 5.422304496938317175e-01 -2.048532689589618178e-02 1.241975953327786430e-04 5.028695791283793119e-05 3.023624848750691290e-07 3.54 0.00021698837607 1.6e-09
-5.425650393378032854e-06 3.092515733514815679e+00 8.930825081265825194e-02 1.934439027394966649e-04 1.523692806903981884e-05 9.786525130591644594e-07 3.54 0.00021698837607 1.6e-09
-9.006766774405079810e-06 3.386966546310348658e+00 1.356177761047684949e-01 2.088615250102919053e-04 -8.845984806155275361e-06 -9.733014150400802339e-08 3.54 0.00021698837607 1.6e-09
4.485593920962671426e-05 1.129609801798895363e+00 4.167446128702639863e-02 1.096663713974605864e-04 -4.946178058486536057e-05 -2.866699400023198917e-06 3.54 0.00021698837607 1.6e-09
-2.023784495866998384e-05 1.314902178011361222e+00 9.206252654181963646e-03 1.139502915163306926e-04 4.583303501460741066e-05 2.026852567852617027e-06 3.54 0.00021698837607 1.6e-09
-1.005594617865308458e-04 3.434328010223167915e+00 1.285176153753009864e-01 2.113639028787804770e-04 7.456643591621376748e-06 6.307789728245481574e-07 3.54 0.00021698837607 1.6e-09
7.720909231312942950e-05 3.000598848366657467e+00 1.319146326686722048e-01 1.886875777350623367e-04 -1.688451031948809991e-05 -6.565073689288896043e-07 3.54 0.00021698837607 1.6e-09
3.827961902882966476e-05 4.768335928623695374e-01 -6.883137265737280380e-03 1.329853150024679998e-04 -4.223847793753917929e-05 -3.891064147562931709e-06 3.54 0.00021698837607 1.6e-09
-2.623051651771816486e-05 2.244606157895922216e+00 6.089316865815413288e-02 1.511758064504438882e-04 2.902575905561151142e-05 1.645316088259299723e-06 3.54 0.00021698837607 1.6e-09
-5.872079361075165256e-05 3.534161698897441362e+00 1.513805101367522998e-01 2.166794839304213196e-04 2.664426636687190329e-07 2.667292548270226945e-07 3.54 0.00021698837607 1.6e-09
-1.647353797210569193e-05 2.307145137126807910e+00 1.055970356669070492e-01 1.541385685251124116e-04 -2.798587717518241522e-05 -1.437841330989475537e-06 3.54 0.00021698837607 1.6e-09
5.433992420546511091e-05 4.551608028500510050e-01 -2.094574570898129207e-02 1.365429198082778513e-04 3.795605505292000046e-05 6.707316892198597468e-07 3.54 0.00021698837607 1.6e-09
-5.735022587011347726e-05 2.963479919234600413e+00 1.187758572046047900e-01 1.867670476278618960e-04 1.761119037298863172e-05 1.193855390839389194e-06 3.54 0.00021698837607 1.6e-09
7.603112140099852487e-05 3.460312537603408067e+00 1.674628453599140976e-01 2.127313888289465455e-04 -6.799027607614230518e-06 -2.107287776252590146e-07 3.54 0.00021698837607 1.6e-09
1.751043302362811742e-06 1.417472872059695188e+00 5.595555892737305581e-02 1.170034259929152908e-04 -4.379054517496554813e-05 -2.779715204899407038e-06 3.54 0.00021698837607 1.6e-09
-6.055750579537666110e-06 1.032414517817151101e+00 8.404369227230763795e-03 1.083545090234925185e-04 5.133655963758864207e-05 2.773703817970205081e-06 3.54 0.00021698837607 1.6e-09
-6.051923674062440617e-05 3.353036126338892142e+00 1.500353297727913260e-01 2.070788984190130382e-04 9.544719130462944170e-06 6.920171497632604953e-07 3.54 0.00021698837607 1.6e-09
9.334775573838783040e-05 3.124721072015314682e+00 1.495694907944332408e-01 1.951238530283991193e-04 -1.449845422263253661e-05 -7.513198638256403490e-07 3.54 0.00021698837607 1.6e-09
4.996283903239419447e-05 5.809054031420231023e-01 -4.368485529569465613e-03 1.203661394547967290e-04 -5.248265160534094974e-05 -3.786504210655242563e-06 3.54 0.00021698837607 1.6e-09
5.574654257740897079e-05 2.012514850381151632e+00 7.373035369404615236e-02 1.405005598215777122e-04 3.288367233600722472e-05 2.102350055023464682e-06 3.54 0.00021698837607 1.6e-09
5.221457459801276413e-05 3.529269834780595971e+00 1.770449127054591620e-01 2.164118173586004651e-04 2.226465963723956173e-06 2.302824186896152667e-07 3.54 0.00021698837607 1.6e-09
8.256802916028352173e-07 2.531023611679048990e+00 1.211208010634871879e-01 1.649843933134042433e-04 -2.444192330262184984e-05 -1.516194711859067978e-06 3.54 0.00021698837607 1.6e-09
-1.479689823234183041e-06 4.074304574066663909e-01 -2.116608597541119741e-02 1.463142209854149803e-04 1.688204787372287466e-05 8.859940852071983439e-07 3.54 0.00021698837607 1.6e-09
-6.369709698236195733e-05 2.796362542404837725e+00 1.306255974043706303e-01 1.782336490864637490e-04 2.035918965171913995e-05 1.305795029006244671e-06 3.54 0.00021698837607 1.6e-09
-1.220709478981540816e-05 3.508317473861000124e+00 1.769690385751529482e-01 2.152799748691792210e-04 -4.756250788277555216e-06 -2.943740126323740494e-07 3.54 0.00021698837607 1.6e-09
-1.569141900911185075e-05 1.699058107955161878e+00 6.203708592271284933e-02 1.271872019570614398e-04 -3.849031777004748429e-05 -2.460238646669248326e-06 3.54 0.00021698837607 1.6e-09
-1.724639560856225360e-05 7.901816181444979437e-01 4.829158414204940374e-03 1.095016977363027160e-04 5.494104454357436285e-05 3.535380162351863305e-06 3.54 0.00021698837607 1.6e-09
7.152789227106986375e-05 3.257689528427708758e+00 1.586727377876066547e-01 2.020711548093587565e-04 1.171999732056105179e-05 7.023355454463818241e-07 3.54 0.00021698837607 1.6e-09
5.612730004509112179e-05 3.235896497852387199e+00 1.540571800098056721e-01 2.009288122004375052e-04 -1.220357784710610373e-05 -7.905257506548197977e-07 3.54 0.00021698837607 1.6e-09
-2.724497135459742259e-05 7.460732556011331340e-01 -1.347060406158456011e-03 1.107426220329460302e-04 -5.521101998141059327e-05 -3.294875742202357322e-06 3.54 0.00021698837607 1.6e-09
3.619533239328940808e-06 1.756627537452240873e+00 7.568656406177184937e-02 1.295147572090699214e-04 3.739378616159900841e-05 2.437281587430159075e-06 3.54 0.00021698837607 1.6e-09
-1.929534233423398966e-05 3.512241809505527890e+00 1.803371196159299639e-01 2.154938786003630414e-04 4.291112103485173538e-06 1.515222373058625232e-07 3.54 0.00021698837607 1.6e-09
-7.157412155695664193e-05 2.747465344044427216e+00 1.196100653349795317e-01 1.757671771153386845e-04 -2.109481045998898123e-05 -1.433304878453992947e-06 3.54 0.00021698837607 1.6e-09
-4.146751894526360706e-05 4.019674363122848204e-01 -2.127026653477618462e-02 1.476564341321225820e-04 -1.002047417116100364e-05 8.904707087808333318e-07 3.54 0.00021698837607 1.6e-09
4.268686360175466055e-05 2.586825114689032645e+00 1.221129938958860628e-01 1.677384562140170972e-04 2.359409590331598737e-05 1.294904001949862419e-06 3.54 0.00021698837607 1.6e-09
2.793463101456727937e-05 3.528801934179638167e+00 1.618571501154483228e-01 2.163825954880134082e-04 -2.721734619855787066e-06 -3.341692861280258913e-07 3.54 0.00021698837607 1.6e-09
-4.104948568792570878e-05 1.954913514341647396e+00 5.673479339513040620e-02 1.379402307309876715e-04 -3.392247760591668025e-05 -1.989696879232733304e-06 3.54 0.00021698837607 1.6e-09
-1.880535610602573053e-05 6.135691200893590436e-01 1.030689598405140107e-03 1.176527174804391468e-04 5.376206184758063685e-05 4.120211900595151954e-06 3.54 0.00021698837607 1.6e-09
-5.115901939015406294e-05 3.152737263086354602e+00 1.503383252535632764e-01 1.965816030958335888e-04 1.397018342035465278e-05 6.310387934816796655e-07 3.54 0.00021698837607 1.6e-09
-6.947982154123955468e-05 3.335515839147685568e+00 1.406960895124579336e-01 2.061555114940488514e-04 -1.000769493068621183e-05 -7.653405106943743101e-07 3.54 0.00021698837607 1.6e-09
4.143087582910583540e-06 9.761237218840896901e-01 3.602788446621153252e-04 1.079499099286577101e-04 -5.241141357375531725e-05 -2.527545663883327980e-06 3.54 0.00021698837607 1.6e-09
-4.659533585085552562e-05 1.478755989212051203e+00 6.392807671465282338e-02 1.190366625644751034e-04 4.258343799349854799e-05 2.507715502514001880e-06 3.54 0.00021698837607 1.6e-09
-6.391840105266441972e-05 3.471234636589961564e+00 1.540888825958039443e-01 2.133133562527800384e-04 6.338436145805099195e-06 3.916753075328526580e-08 3.54 0.00021698837607 1.6e-09
1.096053722949710477e-05 2.924966371654384112e+00 9.556874531383122151e-02 1.847929869840890234e-04 -1.825070985839363357e-05 -1.195439414207147897e-06 3.54 0.00021698837607 1.6e-09
-1.035476314616838622e-05 4.393812927291672610e-01 -2.086783263941782707e-02 1.395539315574054846e-04 -3.315501816669140782e-05 8.981327127178670936e-07 3.54 0.00021698837607 1.6e-09
3.870981263067621543e-05 2.364400222457326173e+00 9.981624747357351057e-02 1.568799383201061439e-04 2.708230557357441505e-05 1.151817588160433108e-06 3.54 0.00021698837607 1.6e-09
-6.301324860444563818e-05 3.534789739127656816e+00 1.292503883535743303e-01 2.167121034708372937e-04 -7.539852617679969434e-07 -3.339165054442960340e-07 3.54 0.00021698837607 1.6e-09
-4.472372632487281690e-05 2.187177223481765687e+00 4.272636772788415693e-02 1.484842481137542023e-04 -2.999151402266340399e-05 -1.463993006830775970e-06 3.54 0.00021698837607 1.6e-09
3.736672519176688123e-05 4.982019908089310167e-01 -1.938341856144643136e-03 1.297308671288315680e-04 4.570008195417120497e-05 4.289359253746745371e-06 3.54 0.00021698837607 1.6e-09
4.952508313934803768e-05 3.036738389150851702e+00 1.244850692208907816e-01 1.905504249634153114e-04 1.629506221054654799e-05 4.766286896417772858e-07 3.54 0.00021698837607 1.6e-09
5.986895973295785003e-05 3.423772323005335849e+00 1.098482149211442160e-01 2.108018734634923338e-04 -7.905471165894971901e-06 -6.711216928968953816e-07 3.54 0.00021698837607 1.6e-09
-4.935749735807479091e-05 1.257229590899902050e+00 -1.304603076432270985e-03 1.124071200898914236e-04 -4.702798677565453726e-05 -1.685676393801559384e-06 3.54 0.00021698837607 1.6e-09
4.297004374191488578e-05 1.186219959912469868e+00 4.323003699867247751e-02 1.107756557999908320e-04 4.834167081222463271e-05 2.282286137718733026e-06 3.54 0.00021698837607 1.6e-09
2.682869623676248529e-05 3.403363076877188753e+00 1.075438883943798662e-01 2.097278027548189641e-04 8.413239099136657578e-06 -6.264948506784334854e-08 3.54 0.00021698837607 1.6e-09
9.139933078944277698e-05 3.065476144761064781e+00 5.862768147195560053e-02 1.920415262978943441e-04 -1.576245173368093783e-05 -8.580218918071576870e-07 3.54 0.00021698837607 1.6e-09
6.051240991806272954e-05 5.184843373393861476e-01 -1.936480527455305967e-02 1.270502308384057616e-04 -4.807478267543728584e-05 8.278331109209990148e-07 3.54 0.00021698837607 1.6e-09
-2.617678710157656807e-05 2.137411479849894214e+00 7.144618361798342476e-02 1.461785701904550817e-04 3.081443785111934132e-05 9.153062511169339186e-07 3.54 0.00021698837607 1.6e-09
-4.450546693268427143e-06 3.534898975908153940e+00 8.983120519355593248e-02 2.167175283679997487e-04 1.183388334464974715e-06 -2.927980514877503690e-07 3.54 0.00021698837607 1.6e-09
-2.569870632377463902e-05 2.411851236518526065e+00 2.618430987184083153e-02 1.591695225054590591e-04 -2.638122273514015338e-05 -9.672559988814998645e-07 3.54 0.00021698837607 1.6e-09
7.038112518253968400e-05 4.282769165012353940e-01 -4.115845607221946256e-03 1.417366840287754887e-04 2.934859809515822922e-05 3.862844535603557534e-06 3.54 0.00021698837607 1.6e-09
-8.458450583736083729e-05 2.894275877415660947e+00 8.552775676785609460e-02 1.832161249982523245e-04 1.886290190383445290e-05 2.703351117393705836e-07 3.54 0.00021698837607 1.6e-09
-1.033026257172482460e-05 3.490939629230776831e+00 6.762546728462219547e-02 2.143540195399832259e-04 -5.847878078351130568e-06 -5.180234906764896759e-07 3.54 0.00021698837607 1.6e-09
-3.471208212082328682e-06 1.551481472560162445e+00 -6.794870406647123690e-03 1.215768760076628690e-04 -4.134923959504257715e-05 -9.245295823016430968e-07 3.54 0.00021698837607 1.6e-09
2.808938506778631348e-05 9.125286350910470912e-01 2.273170019273570291e-02 1.079348194398959299e-04 5.347162701439793920e-05 1.797489444950709759e-06 3.54 0.00021698837607 1.6e-09
2.801441916036481695e-05 3.315178266938602292e+00 5.946568354478866392e-02 2.050868016021461463e-04 1.057715869072781899e-05 -1.082366395622004691e-07 3.54 0.00021698837607 1.6e-09
-8.484155222087140296e-05 3.184495340219827941e+00 2.544490821151376703e-02 1.982395341488606513e-04 -1.341004027542952535e-05 -5.114520315385643525e-07 3.54 0.00021698837607 1.6e-09
3.723069449808404953e-05 6.504437504557931682e-01 -1.598112637029783234e-02 1.151477336771431414e-04 -5.474436576822120184e-05 5.657284821723274999e-07 3.54 0.00021698837607 1.6e-09
1.359848094425641278e-05 1.893718684071341585e+00 4.372649303944821375e-02 1.352811193409384253e-04 3.502834487733040613e-05 6.549338437226085914e-07 3.54 0.00021698837607 1.6e-09
3.084282674284756948e-05 3.526743001040054004e+00 5.368512107668776956e-02 2.162733177471405372e-04 3.197923758900162571e-06 -2.174204159205521453e-07 3.54 0.00021698837607 1.6e-09
6.103701841412309623e-05 2.635442967287716876e+00 1.272444596273271389e-02 1.701557504073732976e-04 -2.291681157444676792e-05 -5.649213671021731254e-07 3.54 0.00021698837607 1.6e-09
-6.195445749217766928e-05 3.989839558145832354e-01 -5.249413912677304908e-03 1.483830882513883262e-04 4.773910074815175252e-06 2.816568192171343840e-06 3.54 0.00021698837607 1.6e-09
7.610986180340491053e-06 2.708279609647206598e+00 4.278679402020900413e-02 1.737921078554190190e-04 2.183507052889419763e-05 7.079725975574817520e-08 3.54 0.00021698837607 1.6e-09
5.005695298683338453e-05 3.526834601635580935e+00 2.591968472488820341e-02 2.162682011213818475e-04 -3.824323450560868058e-06 -3.211898715042168905e-07 3.54 0.00021698837607 1.6e-09
-6.094269095401633348e-05 1.823201684559467406e+00 -1.172018632313564721e-02 1.322649584836067393e-04 -3.634945574692166083e-05 -3.444995405352776205e-07 3.54 0.00021698837607 1.6e-09
-4.010549797369787736e-05 6.986502779416001729e-01 7.869872343654438218e-03 1.125926931992379018e-04 5.527329151154703596e-05 1.047950245640087974e-06 3.54 0.00021698837607 1.6e-09
-1.922355807039646965e-06 3.215175302342228481e+00 2.345918678378561967e-02 1.998431545475207270e-04 1.278433806730204926e-05 -7.462721965138516872e-08 3.54 0.00021698837607 1.6e-09
5.754331449800259275e-05 3.288945094676581249e+00 6.907977770638093311e-03 2.037086724777885784e-04 -1.119273273387011592e-05 -2.212082492368359256e-07 3.54 0.00021698837607 1.6e-09
-4.820349722518042117e-05 8.458721165625411320e-01 -9.476730897974523782e-03 1.084775171048444568e-04 -5.448471345331300480e-05 2.137744630367163415e-07 3.54 0.00021698837607 1.6e-09
1.064774782898910408e-05 1.628727286994808843e+00 1.961957821644978381e-02 1.244649063855854756e-04 3.985110541711462133e-05 3.811156353439450958e-07 3.54 0.00021698837607 1.6e-09
-2.970256634626392076e-06 3.499674169129368018e+00 2.452357854442722279e-02 2.148252008539238561e-04 5.238507867813712961e-06 -1.149466940674261042e-07 3.54 0.00021698837607 1.6e-09
-5.216617611661353618e-05 2.834613416945096276e+00 4.599054546950084171e-03 1.801821565619940587e-04 -1.979028072675405650e-05 -2.571351276540359510e-07 3.54 0.00021698837607 1.6e-09
4.928708260468920644e-05 4.132943772777282754e-01 -4.358252329130479774e-03 1.450473872330350074e-04 -2.141365114040297916e-05 1.377296391754128325e-06 3.54 0.00021698837607 1.6e-09
-1.034641184758488392e-05 2.491037082403958713e+00 8.632940727250557056e-03 1.630203494783708516e-04 2.518729110306023743e-05 -2.898012175547528089e-08 3.54 0.00021698837607 1.6e-09
-1.062010614200895633e-04 3.538322096656383309e+00 8.723417819448717019e-04 2.168931482650056451e-04 -1.821315862294980895e-06 -9.739561134076781247e-08 3.54 0.00021698837607 1.6e-09
-4.097895345785466069e-05 2.066283783273083596e+00 -7.334953875576352700e-03 1.429176640771103325e-04 -3.208943155431910577e-05 -2.924473950214158003e-08 3.54 0.00021698837607 1.6e-09
-5.649194119721165803e-05 5.526274350373476807e-01 -1.517646362299670832e-03 1.230871582594559644e-04 5.110057584942701632e-05 4.682819361775503779e-08 3.54 0.00021698837607 1.6e-09
8.981458646639095783e-05 3.105163939250664029e+00 5.416756433304271805e-03 1.941029628827217225e-04 1.503356875088434885e-05 5.667862930392451884e-08 3.54 0.00021698837607 1.6e-09
-6.982125725420802904e-05 3.381196712262029447e+00 7.957482975059992913e-03 2.085589264767898901e-04 -9.051096995830958640e-06 -8.205673427648082776e-09 3.54 0.00021698837607 1.6e-09
4.531937573478567600e-05 1.100537928188794590e+00 2.152374580055878197e-03 1.091919545410234994e-04 -5.014992527045807486e-05 -1.694012158554201434e-07 3.54 0.00021698837607 1.6e-09
-2.344691146730830826e-05 1.344385309015336594e+00 4.722271906898083214e-04 1.147863848875531117e-04 4.530688879379678288e-05 1.227023917072285957e-07 3.54 0.00021698837607 1.6e-09
-1.914486630292962482e-06 3.445415926672016127e+00 7.731079785031531176e-03 2.119491171495299989e-04 7.269885494235091193e-06 3.837964955851640031e-08 3.54 0.00021698837607 1.6e-09
-6.591087338413545102e-05 2.992350018361022101e+00 7.937675752730584400e-03 1.882611062294111781e-04 -1.712191688424186790e-05 -4.014184903545208547e-08 3.54 0.00021698837607 1.6e-09
5.410495621352326119e-05 4.688187424569394413e-01 -7.291161221759166582e-04 1.342732430425056021e-04 -4.096391428744137694e-05 -1.486309010546040195e-07 3.54 0.00021698837607 1.6e-09
-5.362129670966293631e-06 2.267185919600688937e+00 -8.338115321392051971e-03 1.522393496936972615e-04 2.873728543666715388e-05 7.910554750849504573e-08 3.54 0.00021698837607 1.6e-09
-3.033733636756020678e-05 3.540114731108535473e+00 3.916265503206414408e-03 2.169941707943374434e-04 1.135658708317390172e-07 1.276761422263361207e-07 3.54 0.00021698837607 1.6e-09
-5.846215651202949594e-05 2.293436874088754074e+00 1.258608981989487591e-02 1.534840241459967895e-04 -2.831250999081835030e-05 -1.241827100556489839e-09 3.54 0.00021698837607 1.6e-09
5.662266271799425252e-05 4.599472087328606573e-01 -6.966146518292580178e-03 1.357183198130915136e-04 3.922787859871909686e-05 -1.078994261903851918e-06 3.54 0.00021698837607 1.6e-09
1.258957900996390074e-05 2.977069580891387623e+00 6.044751005232627816e-03 1.874683638203312715e-04 1.744681083575131314e-05 2.885592504363115054e-07 3.54 0.00021698837607 1.6e-09
2.326070934819416742e-05 3.458860407967073947e+00 2.840193481733017944e-02 2.126559970922791473e-04 -6.971223378610854911e-06 1.251866304438242233e-07 3.54 0.00021698837607 1.6e-09
-3.831712465060900031e-05 1.392132492376126685e+00 2.023872333363206308e-02 1.162094474869767116e-04 -4.439611306860003517e-05 -5.534453726977156663e-07 3.54 0.00021698837607 1.6e-09
-1.425912525103564124e-05 1.055434093890728509e+00 -1.179861373894836030e-02 1.085934529083352747e-04 5.098841223373456837e-05 -2.237419458640171804e-08 3.54 0.00021698837607 1.6e-09
-5.152833724221809097e-05 3.366043724907915369e+00 1.170671870076698227e-02 2.077620730930050176e-04 9.392730185506172909e-06 2.651082227928358934e-07 3.54 0.00021698837607 1.6e-09
-1.079620628527274789e-05 3.121776804306052533e+00 3.018606905953435948e-02 1.949685701312024017e-04 -1.468775944098421040e-05 5.929005173193775625e-08 3.54 0.00021698837607 1.6e-09
-4.576371752173698113e-05 5.709259835913027548e-01 6.207245448567376075e-03 1.212896230145712041e-04 -5.209691351627029622e-05 -1.516785476631206483e-06 3.54 0.00021698837607 1.6e-09
-2.814522354174852985e-05 2.031345009180106853e+00 -8.142436862019496874e-03 1.413423928334339437e-04 3.267069370682662566e-05 4.512992418504763719e-07 3.54 0.00021698837607 1.6e-09
-7.271143283554305781e-05 3.535632571290560300e+00 3.419572448433969014e-02 2.167500058681299125e-04 2.101612177244545975e-06 3.280790552722952814e-07 3.54 0.00021698837607 1.6e-09
-7.312952350286701614e-05 2.519247241405300208e+00 4.719986435199352570e-02 1.644055455172185106e-04 -2.472558317278196431e-05 -1.816729436371212356e-07 3.54 0.00021698837607 1.6e-09
1.698667060306822312e-06 4.089453585872844799e-01 -9.546133152231291857e-03 1.459822489478704148e-04 1.847611557446253417e-05 -2.212889854629267828e-06 3.54 0.00021698837607 1.6e-09
-3.526315099616411717e-05 2.811840677376491016e+00 1.936753355012946903e-02 1.790198975610802438e-04 2.019777806710591230e-05 6.015576345282674913e-07 3.54 0.00021698837607 1.6e-09
7.673409256802238071e-05 3.509493261561960509e+00 6.155972439244379590e-02 2.153427035816387366e-04 -4.923752912563827960e-06 1.991468032792424931e-07 3.54 0.00021698837607 1.6e-09
-2.943507964121394420e-05 1.678164052544231843e+00 4.360151639404052926e-02 1.263650396623755166e-04 -3.895208628112333460e-05 -8.988176234889504613e-07 3.54 0.00021698837607 1.6e-09
-4.400247269522272969e-05 8.058054035068088483e-01 -1.767082701071739925e-02 1.091490402039958752e-04 5.491720575202144145e-05 4.075844646486047271e-08 3.54 0.00021698837607 1.6e-09
-9.042911307308957192e-05 3.270678050275616311e+00 3.745719699473237796e-02 2.027499685461055202e-04 1.158462295257442582e-05 5.509745450820247508e-07 3.54 0.00021698837607 1.6e-09
3.151204390511463016e-05 3.233674333225042830e+00 7.026990981540773284e-02 2.008108210570414172e-04 -1.238259708274331550e-05 3.600702573414118761e-08 3.54 0.00021698837607 1.6e-09
-4.786396771904297994e-05 7.330113041178110134e-01 1.709591955249329526e-02 1.111916940864424684e-04 -5.526793303042192365e-05 -2.475074978365032130e-06 3.54 0.00021698837607 1.6e-09
-2.603369860578787638e-05 1.774992584281813945e+00 1.722382197657973272e-03 1.302689318795703156e-04 3.717116825758989525e-05 1.040838340878999767e-06 3.54 0.00021698837607 1.6e-09
-1.022388827434055867e-04 3.517597212885825719e+00 7.828533735128462290e-02 2.157799317364235653e-04 4.146400169995456727e-06 4.806891277692903125e-07 3.54 0.00021698837607 1.6e-09
5.420127870354376901e-05 2.733578516689044058e+00 8.746544623452355560e-02 1.750679774653015664e-04 -2.138023070844546637e-05 -4.305890906147432414e-07 3.54 0.00021698837607 1.6e-09
3.230998467027448135e-05 4.007441861020462071e-01 -9.968741489951372589e-03 1.479752949769749532e-04 -8.158484014240381741e-06 -3.180004788964102269e-06 3.54 0.00021698837607 1.6e-09
7.374174662165517780e-05 2.605744508362385581e+00 3.746210265150588803e-02 1.686778419039718828e-04 2.336561094827959104e-05 9.813840912949627407e-07 3.54 0.00021698837607 1.6e-09
-8.354361760525625313e-05 3.529920678983856419e+00 9.949312150104658303e-02 2.164417583666085755e-04 -2.894694714955196185e-06 2.387668404389125003e-07 3.54 0.00021698837607 1.6e-09
-1.684934083042727377e-05 1.934120076980974989e+00 6.916536925935162783e-02 1.370291667592794999e-04 -3.430827842355180300e-05 -1.188188925512004383e-06 3.54 0.00021698837607 1.6e-09
-1.907171079043685496e-05 6.249806847593197823e-01 -1.986183986843004234e-02 1.168117864414122540e-04 5.420091082497841711e-05 3.184981448429896261e-07 3.54 0.00021698837607 1.6e-09
2.369676529541542970e-05 3.165575815606342491e+00 7.436178837201427860e-02 1.972505201060437336e-04 1.377870351177341946e-05 8.429864643967845815e-07 3.54 0.00021698837607 1.6e-09
1.027304841126648464e-04 3.330276623216259502e+00 1.163644870616264426e-01 2.058787140549765476e-04 -1.021491437643754490e-05 -6.482789713860042482e-08 3.54 0.00021698837607 1.6e-09
-2.597330806772526405e-05 9.565354525865327195e-01 3.141122402407807435e-02 1.078905703972606457e-04 -5.269871947160389210e-05 -2.925179632172274412e-06 3.54 0.00021698837607 1.6e-09
1.584617191897176193e-05 1.501090554191584658e+00 1.043456086628144833e-02 1.198105583059543309e-04 4.222617741094702250e-05 1.719813058366030433e-06 3.54 0.00021698837607 1.6e-09
5.529814254137984774e-05 3.475420779593163090e+00 1.176885045420498904e-01 2.135377125521814015e-04 6.137423621389353009e-06 5.813022631137043271e-07 3.54 0.00021698837607 1.6e-09
4.866117050112896299e-05 2.907631745792306432e+00 1.208648796696100147e-01 1.839072696253099255e-04 -1.852599514482636229e-05 -6.322083494318080404e-07 3.54 0.00021698837607 1.6e-09
-1.779101798197066874e-06 4.342889513717460570e-01 -9.158150867968298248e-03 1.405870617592630285e-04 -3.130818180724160356e-05 -3.718187228601573043e-06 3.54 0.00021698837607 1.6e-09
3.045803484364934042e-06 2.387650835165735508e+00 5.621699591876064273e-02 1.579993575808755571e-04 2.673541131502260343e-05 1.415013685554563683e-06 3.54 0.00021698837607 1.6e-09
-2.486163308855244577e-05 3.534124300123761220e+00 1.370033215828979634e-01 2.166762756754410358e-04 -9.707520617450399555e-07 2.480873154414474144e-07 3.54 0.00021698837607 1.6e-09
-1.041621272171780726e-05 2.163035211417302150e+00 9.356736196702436503e-02 1.473615988765098665e-04 -3.035624913989704902e-05 -1.417331225083130828e-06 3.54 0.00021698837607 1.6e-09
2.968522846725640281e-05 5.071545665834916727e-01 -2.052961905199631940e-02 1.284868021020160213e-04 4.691159011655060790e-05 7.449836056476337605e-07 3.54 0.00021698837607 1.6e-09
3.920904467204654913e-05 3.050269948488454563e+00 1.091883145512457243e-01 1.912509291619453149e-04 1.602981900450685789e-05 1.086193466557612470e-06 3.54 0.00021698837607 1.6e-09
6.191525705188827169e-05 3.414315868322741032e+00 1.552004214752774613e-01 2.103024879014892771e-04 -8.130142819173332471e-06 -1.875079949807117320e-07 3.54 0.00021698837607 1.6e-09
1.241656764234090534e-05 1.228270846321183773e+00 4.648485674232111231e-02 1.117002671944339142e-04 -4.750302429026762821e-05 -2.961876096022492189e-06 3.54 0.00021698837607 1.6e-09
-1.529121347882288933e-06 1.214825062334352168e+00 1.282495532440646943e-02 1.114088514919414239e-04 4.779263466868050416e-05 2.429779170104116492e-06 3.54 0.00021698837607 1.6e-09
7.939856694635603342e-05 3.407861529927005861e+00 1.442612390072137707e-01 2.099673754158231341e-04 8.159515667431665515e-06 6.436393910899047382e-07 3.54 0.00021698837607 1.6e-09
-9.056785455927749632e-05 3.045544679045537162e+00 1.423746396567908690e-01 1.910126600118133302e-04 -1.602723885467252909e-05 -7.561509876289571532e-07 3.54 0.00021698837607 1.6e-09
4.477332159649253905e-05 5.071100528584315814e-01 -7.532006995303356170e-03 1.285567733116781412e-04 -4.669829570977298552e-05 -3.790523920373244978e-06 3.54 0.00021698837607 1.6e-09
-8.127182998842098381e-06 2.165896291115468664e+00 7.178373386694507363e-02 1.474949131025397268e-04 3.030269738403544349e-05 1.856873826992962204e-06 3.54 0.00021698837607 1.6e-09
9.617698748244165078e-05 3.532790472527701287e+00 1.672391391592226717e-01 2.166052889935714005e-04 9.279317091742884411e-07 2.239498352568929439e-07 3.54 0.00021698837607 1.6e-09
3.718893155416594278e-05 2.384148463853337674e+00 1.123338025576011007e-01 1.578288290692724568e-04 -2.674722419704946155e-05 -1.544110319416361818e-06 3.54 0.00021698837607 1.6e-09
2.828086411831863791e-05 4.342435293261854290e-01 -2.071875100845961548e-02 1.404959485457086968e-04 3.167415488775969057e-05 1.138151409106780560e-06 3.54 0.00021698837607 1.6e-09
-1.061998829212507231e-05 2.910527023790788981e+00 1.304340304131326178e-01 1.840486413977632674e-04 1.850572749636721792e-05 1.236821936808559773e-06 3.54 0.00021698837607 1.6e-09
-5.736851829089113178e-05 3.480190103915798971e+00 1.755602478377653597e-01 2.137842395026468933e-04 -6.082060347348355021e-06 -2.905711917904165435e-07 3.54 0.00021698837607 1.6e-09
2.138612779705141917e-05 1.517502182387569398e+00 5.685655994747010333e-02 1.203650471691680842e-04 -4.187713561501556106e-05 -2.708964968875800517e-06 3.54 0.00021698837607 1.6e-09
2.322057650323411913e-05 9.419195264485347163e-01 9.948669286499966374e-03 1.078924696336506562e-04 5.293258048708198051e-05 3.165454688966074506e-06 3.54 0.00021698837607 1.6e-09
1.736168058258364912e-05 3.321021947438656863e+00 1.574785085111372329e-01 2.053955268990085355e-04 1.028974485950245753e-05 6.701585059231881874e-07 3.54 0.00021698837607 1.6e-09
-5.966788224351912207e-05 3.164478344872535764e+00 1.516189851915418774e-01 1.971966910319607798e-04 -1.368257092277899191e-05 -8.114029667681223377e-07 3.54 0.00021698837607 1.6e-09
4.195909368791883506e-05 6.304335222789541060e-01 -5.094267725789421164e-03 1.164542857339429557e-04 -5.423172831714348870e-05 -3.481493308005663591e-06 3.54 0.00021698837607 1.6e-09
-3.591162244854675500e-05 1.926636612960805017e+00 7.926120032690343875e-02 1.367040588127606759e-04 3.436967353328498784e-05 2.238331617739990054e-06 3.54 0.00021698837607 1.6e-09
-9.187953957535369576e-05 3.525296568118906126e+00 1.815345644172428052e-01 2.161959960167287556e-04 2.944379950910242393e-06 1.662128159986420226e-07 3.54 0.00021698837607 1.6e-09
5.159427257080785112e-05 2.608326185600321701e+00 1.195863524082529938e-01 1.688045667978551971e-04 -2.325153733885553100e-05 -1.526739488974207553e-06 3.54 0.00021698837607 1.6e-09
2.752822017918668920e-06 4.004866067114755679e-01 -2.089156624704593262e-02 1.479848011681059899e-04 7.841016205909562820e-06 1.275953499411839622e-06 3.54 0.00021698837607 1.6e-09
-4.938318889953468422e-05 2.727815596844365587e+00 1.310695073835597690e-01 1.747741677734978303e-04 2.142911604886494953e-05 1.271261471304082186e-06 3.54 0.00021698837607 1.6e-09
8.317483118611860378e-05 3.518232532640966248e+00 1.710282510141563073e-01 2.158106242792782103e-04 -4.055310632517392689e-06 -3.505875955334710140e-07 3.54 0.00021698837607 1.6e-09
-4.333047214682401820e-05 1.790562989147328699e+00 5.701490666653358241e-02 1.309040792755830520e-04 -3.683643712176255802e-05 -2.266344236169613441e-06 3.54 0.00021698837607 1.6e-09
5.157206807880053174e-05 7.216344570096908662e-01 5.342368199060698597e-03 1.116317459187271511e-04 5.519154142294462528e-05 3.833207726487067093e-06 3.54 0.00021698837607 1.6e-09
9.678307312497506747e-05 3.222539571468103325e+00 1.559875242478902801e-01 2.002301312241019503e-04 1.248631007137139260e-05 6.363649438700565198e-07 3.54 0.00021698837607 1.6e-09
9.708568617379567656e-05 3.271470332100318679e+00 1.459778135011730038e-01 2.027927047242543543e-04 -1.144366715659469091e-05 -8.057349507691881963e-07 3.54 0.00021698837607 1.6e-09
5.093287539574900546e-06 8.178492157985454147e-01 -2.725445417933170227e-03 1.089196847045322946e-04 -5.473596599732944004e-05 -2.849167314182389473e-06 3.54 0.00021698837607 1.6e-09
2.030416523510431012e-05 1.663595376131329129e+00 7.413947420881915329e-02 1.258032969417346709e-04 3.909557183512354158e-05 2.432448458622815721e-06 3.54 0.00021698837607 1.6e-09
6.414352993356553436e-05 3.501479414792429523e+00 1.697745833178153640e-01 2.149195397681382194e-04 4.991524775243969379e-06 7.085924963747807083e-08 3.54 0.00021698837607 1.6e-09
-7.420047219424532128e-05 2.813570383439963685e+00 1.070614045110575008e-01 1.791105638574066864e-04 -2.006400663751373980e-05 -1.350422560438162428e-06 3.54 0.00021698837607 1.6e-09
-2.239804506899645899e-05 4.101983910686674006e-01 -2.085296719111917260e-02 1.457281955031544348e-04 -1.875756178344563309e-05 1.225911762848050746e-06 3.54 0.00021698837607 1.6e-09
4.438500182499549335e-05 2.511006018898483294e+00 1.132373665576839744e-01 1.640014219497550746e-04 2.477513223476613199e-05 1.179335867848770278e-06 3.54 0.00021698837607 1.6e-09
1.054979322461069535e-04 3.532155195999470365e+00 1.444040431038391137e-01 2.165656433979199272e-04 -2.045046994726354376e-06 -3.630216673111616720e-07 3.54 0.00021698837607 1.6e-09
-1.530506236513826115e-05 2.036492714936302129e+00 4.665747323539143343e-02 1.415736139131510904e-04 -3.252781783549924894e-05 -1.726359633870636474e-06 3.54 0.00021698837607 1.6e-09
4.620821125852312160e-05 5.680488115886271894e-01 1.225771725764132018e-03 1.215480691572409376e-04 5.183677645911757923e-05 4.209474883366881036e-06 3.54 0.00021698837607 1.6e-09
1.502741953769836801e-05 3.114980140341457648e+00 1.375702847475305246e-01 1.946141041965494638e-04 1.475051054563069404e-05 5.243624751179414464e-07 3.54 0.00021698837607 1.6e-09
5.443943377472673477e-05 3.367294376027319291e+00 1.232044607190041774e-01 2.078266097169971180e-04 -9.291100534703422217e-06 -7.338983049940581362e-07 3.54 0.00021698837607 1.6e-09
-2.752695118002230617e-05 1.067272602274573101e+00 -2.267929390697306230e-03 1.087301526120642051e-04 -5.074129044663326399e-05 -2.044730722354723361e-06 3.54 0.00021698837607 1.6e-09
1.471425248739312324e-05 1.379987873722991143e+00 5.672137375021983619e-02 1.158457580224561375e-04 4.450684594767690257e-05 2.333674759263744689e-06 3.54 0.00021698837607 1.6e-09
-5.830891707817248762e-06 3.451455761772034059e+00 1.312682776687351116e-01 2.122666125776515988e-04 7.034455991596832407e-06 -3.950793781713229568e-08 3.54 0.00021698837607 1.6e-09
-3.644769360840559297e-05 2.976435245804988305e+00 7.509194420669335068e-02 1.874386102586928123e-04 -1.737576562668957224e-05 -1.043803908014073298e-06 3.54 0.00021698837607 1.6e-09
-5.678675515751824493e-06 4.612871947943534834e-01 -2.001404956194752921e-02 1.355342063995146470e-04 -3.918302222879675950e-05 1.151459609581194012e-06 3.54 0.00021698837607 1.6e-09
1.201468944978830697e-05 2.288420756405110446e+00 8.561217638884927039e-02 1.532494231651821987e-04 2.831941352851415007e-05 9.720206507184761298e-07 3.54 0.00021698837607 1.6e-09
-7.121587714175938734e-06 3.535840937465930089e+00 1.058378567663856573e-01 2.167691432333096371e-04 -1.014218507249142402e-07 -3.336088197189921497e-07 3.54 0.00021698837607 1.6e-09
3.939836256489674335e-05 2.263875287413762205e+00 3.071429684680400743e-02 1.520846186606909030e-04 -2.875214265529009249e-05 -1.185639865809929312e-06 3.54 0.00021698837607 1.6e-09
-3.943680494088268589e-05 4.697446480563620685e-01 -1.822544781099744724e-03 1.340575883959505682e-04 4.114644943865294934e-05 4.086019401420118919e-06 3.54 0.00021698837607 1.6e-09
1.091805561722213774e-06 2.992528878887400268e+00 1.044403200137251908e-01 1.882646740355630940e-04 1.713524079604253041e-05 3.484685781906530606e-07 3.54 0.00021698837607 1.6e-09
5.329982077563581732e-06 3.449807269211028427e+00 8.666033282772526991e-02 2.121766593815131588e-04 -7.201789907822734262e-06 -6.006390974896460998e-07 3.54 0.00021698837607 1.6e-09
1.362793279631965113e-05 1.357642617332353474e+00 -5.136792737564594737e-03 1.151598943353490364e-04 -4.506969657004234050e-05 -1.251601848589227396e-06 3.54 0.00021698837607 1.6e-09
-5.408241664683216960e-05 1.088884989926514280e+00 3.426443098021825923e-02 1.090279427873960697e-04 5.028674276248479074e-05 1.956452355775670731e-06 3.54 0.00021698837607 1.6e-09
4.613836522861234545e-05 3.375638072577701543e+00 8.084029716829056744e-02 2.082668685684176569e-04 9.137677054143829341e-06 -1.146831015089225189e-07 3.54 0.00021698837607 1.6e-09
1.506147968628139528e-05 3.107981696325488041e+00 3.795172407610053478e-02 1.942498663328028757e-04 -1.495260267222220485e-05 -6.795007452081575716e-07 3.54 0.00021698837607 1.6e-09
2.281376607333289249e-05 5.566041174150863080e-01 -1.767821243407812978e-02 1.226956109237876903e-04 -5.123112128047174052e-05 9.140504195256739347e-07 3.54 0.00021698837607 1.6e-09
1.285874055842477535e-05 2.057232111049788870e+00 5.591225803759349022e-02 1.425152798871310092e-04 3.218155230006288425e-05 7.155782215764841236e-07 3.54 0.00021698837607 1.6e-09
-9.111344636014852933e-05 3.533680699777545620e+00 6.693092526827570943e-02 2.166499405831411235e-04 1.862599551490726343e-06 -2.629050768379358085e-07 3.54 0.00021698837607 1.6e-09
5.851316268591465327e-05 2.488364058273472068e+00 1.606636575231991382e-02 1.628931936893362716e-04 -2.519383694494571510e-05 -7.236493483063171987e-07 3.54 0.00021698837607 1.6e-09
7.245454475980816686e-05 4.135710939325373259e-01 -3.894095183232578611e-03 1.449274874411951445e-04 2.177333795779997933e-05 3.343891463252160359e-06 3.54 0.00021698837607 1.6e-09
-8.354262834487352206e-05 2.836534654795459964e+00 6.299494086947129978e-02 1.802716765478346505e-04 1.981893458576903359e-05 1.506500508679257148e-07 3.54 0.00021698837607 1.6e-09
-7.340185275219625999e-06 3.506653441029008889e+00 4.459977774778491055e-02 2.151893382348816336e-04 -5.163442711200981449e-06 -4.202205373503972306e-07 3.54 0.00021698837607 1.6e-09
-3.200097810445885478e-05 1.646470846019669754e+00 -1.009092989332310841e-02 1.251283195099118942e-04 -3.957381834518300867e-05 -5.908612508053264938e-07 3.54 0.00021698837607 1.6e-09
1.839508059881087183e-05 8.325602470570743208e-01 1.529382462959354844e-02 1.086752709432659773e-04 5.461165594098535506e-05 1.338371277906811940e-06 3.54 0.00021698837607 1.6e-09
9.205045030857946160e-05 3.282821192535311461e+00 3.702593934978865020e-02 2.033878182916286261e-04 1.131434588794214241e-05 -1.164835098386830999e-07 3.54 0.00021698837607 1.6e-09
-9.256246216331293574e-06 3.221614571911732838e+00 1.137043602374957288e-02 2.001798337908289511e-04 -1.264899197872694385e-05 -3.468730613012395598e-07 3.54 0.00021698837607 1.6e-09
3.872300928330346393e-05 7.094757296616855946e-01 -1.290098664719828772e-02 1.121115963806655527e-04 -5.532003561016526710e-05 5.071043953762333369e-07 3.54 0.00021698837607 1.6e-09
3.402719972039232863e-05 1.806294450347470493e+00 2.982442818826271796e-02 1.315708404274465915e-04 3.659503289929491262e-05 4.695450297177824290e-07 3.54 0.00021698837607 1.6e-09
-6.450065839724920510e-05 3.520385588720462700e+00 3.569316505963845282e-02 2.159311110359539670e-04 3.896557890762818835e-06 -1.632381232006007401e-07 3.54 0.00021698837607 1.6e-09
-6.988509508459704199e-05 2.707227666943327726e+00 6.949819865385382586e-03 1.737463238975438902e-04 -2.179919880745550639e-05 -3.792776970494200340e-07 3.54 0.00021698837607 1.6e-09
-2.472431985908397136e-05 3.989408677762404931e-01 -4.494205677168741468e-03 1.484134380969338559e-04 -4.448936217700305944e-06 2.059443917443493420e-06 3.54 0.00021698837607 1.6e-09
-4.334811580423845101e-05 2.636647072245390966e+00 2.359420605698826778e-02 1.702103114218870422e-04 2.294330716524164393e-05 -7.256633814919205475e-10 3.54 0.00021698837607 1.6e-09
-5.534932804625288330e-06 3.532529607216414291e+00 1.031636580638559814e-02 2.165760666732211514e-04 -3.141189032770764951e-06 -2.066567892807773114e-07 3.54 0.00021698837607 1.6e-09
-4.737654998594024200e-06 1.907919520287802762e+00 -1.083175849253822931e-02 1.358830069161544437e-04 -3.484377644831734188e-05 -1.461313496392555755e-07 3.54 0.00021698837607 1.6e-09
-4.560772606148586232e-05 6.423789694694514996e-01 2.592461203554634851e-03 1.156473948497903549e-04 5.463912250041437014e-05 4.748440281570370852e-07 3.54 0.00021698837607 1.6e-09
-6.671563309838345176e-05 3.179460870851348986e+00 9.742119795311102171e-03 1.979755518275995668e-04 1.354001945028330203e-05 -2.722888277842360669e-08 3.54 0.00021698837607 1.6e-09
9.387173778320407377e-05 3.321499356109740120e+00 3.122940358628878595e-03 2.054179979481631543e-04 -1.046674651740570354e-05 -9.032578545801691826e-08 3.54 0.00021698837607 1.6e-09
-3.433128214761810195e-05 9.260041829360783350e-01 -4.066420388622846854e-03 1.078895205058699286e-04 -5.332528194099742634e-05 5.895781119133622637e-08 3.54 0.00021698837607 1.6e-09
-1.159620073621300354e-05 1.534586118611371397e+00 8.563270440919930337e-03 1.209880943406777540e-04 4.162587990660156917e-05 2.342917567204394060e-07 3.54 0.00021698837607 1.6e-09
-4.659822719156741524e-06 3.484351226497297560e+00 1.422323342568170695e-02 2.140111219819701058e-04 5.919803313282682956e-06 -3.270180046186902670e-08 3.54 0.00021698837607 1.6e-09
-8.762539063555657823e-05 2.891848733634237778e+00 5.608360953175708236e-03 1.831005861933299931e-04 -1.884935350324092317e-05 -1.309231627105847729e-07 3.54 0.00021698837607 1.6e-09
-3.303507045393744117e-05 4.274474732390880494e-01 -2.693926562790395149e-03 1.419848438169215839e-04 -2.889162334491321465e-05 5.237201463607530072e-07 3.54 0.00021698837607 1.6e-09
2.577421315966995610e-05 2.416210848199483507e+00 -2.402795392555866823e-03 1.593771700613083944e-04 2.635413305314990043e-05 -1.533385184839549472e-09 3.54 0.00021698837607 1.6e-09
1.865118031430796741e-05 3.539515275643256409e+00 -1.072086415697125900e-03 2.169597789621641073e-04 -1.174784740069527936e-06 2.104393354432777525e-08 3.54 0.00021698837607 1.6e-09
5.721789207951148888e-06 2.143419871985363656e+00 1.065310092656599709e-03 1.464494672232349479e-04 -3.078747423449684149e-05 1.558888396249218093e-08 3.54 0.00021698837607 1.6e-09
6.350818942468149575e-05 5.164439504300025741e-01 -5.110589726187029364e-03 1.272863742694351874e-04 4.802905115988449910e-05 -5.686038052394398903e-07 3.54 0.00021698837607 1.6e-09
-4.090807585441959683e-05 3.065077801371901778e+00 2.459805224134671564e-03 1.920191068679507739e-04 1.582648794914477425e-05 1.663366792457356559e-07 3.54 0.00021698837607 1.6e-09
7.926415742974504046e-05 3.409649448462321430e+00 1.589827049076837640e-02 2.100575147579780894e-04 -8.353265587976876243e-06 7.978162016582188377e-08 3.54 0.00021698837607 1.6e-09
-4.327114926140447821e-05 1.196844283169839818e+00 1.081635222168701380e-02 1.109921012680111993e-04 -4.824730651286417648e-05 -3.900546248775174714e-07 3.54 0.00021698837607 1.6e-09
7.044321203965761118e-06 1.245541666429483385e+00 -6.783045156516070637e-03 1.121312897424332398e-04 4.725599846620256084e-05 6.601188967451516951e-08 3.54 0.00021698837607 1.6e-09
6.167111113098409404e-05 3.420916932672268373e+00 8.737098737482280539e-03 2.106552306860869539e-04 7.967980173335132565e-06 1.556332038376706357e-07 3.54 0.00021698837607 1.6e-09
-1.654501699820893002e-05 3.038068681053756048e+00 1.880819885237326045e-02 1.906232195880297876e-04 -1.628927203249293275e-05 1.711767094692423972e-08 3.54 0.00021698837607 1.6e-09
-2.479333726467425848e-05 4.972884357086535534e-01 1.991736586950735872e-03 1.299114612418045126e-04 -4.562604615691230364e-05 -9.762306322304639175e-07 3.54 0.00021698837607 1.6e-09
4.554963717193567021e-05 2.189941939606508736e+00 -1.010482895273391232e-02 1.486113482218329781e-04 2.999863398168504440e-05 2.402499385445718126e-07 3.54 0.00021698837607 1.6e-09
9.935268887495144678e-05 3.539462840994772819e+00 1.674931955625195978e-02 2.169587029340542855e-04 7.628730570002694885e-07 2.361285237566024655e-07 3.54 0.00021698837607 1.6e-09
2.646359752532204490e-05 2.369220101529389666e+00 2.887797824838420069e-02 1.571075849632110879e-04 -2.709859460602046449e-05 -8.378109129683119540e-08 3.54 0.00021698837607 1.6e-09
6.974707034202717393e-05 4.382982305098407361e-01 -9.341181739595539810e-03 1.397109575744163556e-04 3.323791952185763679e-05 -1.655735230324526893e-06 3.54 0.00021698837607 1.6e-09
-8.423919367459818685e-05 2.926522981958370906e+00 1.245837442606919851e-02 1.848690780668406114e-04 1.832945952334781315e-05 4.526837672895380504e-07 3.54 0.00021698837607 1.6e-09
1.034174440440616550e-04 3.479524060580870604e+00 4.592971175616290813e-02 2.137495938434868928e-04 -6.282202927851639002e-06 1.723206391963906627e-07 3.54 0.00021698837607 1.6e-09
4.504001413771080024e-05 1.491248776565850420e+00 3.205833221471489358e-02 1.194529764517860939e-04 -4.247991766867085411e-05 -7.996131331994237769e-07 3.54 0.00021698837607 1.6e-09
-2.608290270902988687e-05 9.643509524959470447e-01 -1.539846857391441448e-02 1.079157623892620992e-04 5.265722078507009782e-05 6.710685545667431627e-08 3.54 0.00021698837607 1.6e-09
-8.683513183821514071e-05 3.334975001248809523e+00 2.496744897351828654e-02 2.061271214961351336e-04 1.012953797639992308e-05 4.120698768142536558e-07 3.54 0.00021698837607 1.6e-09
-7.347144136000140463e-05 3.161010487157791538e+00 5.091675630520133000e-02 1.970135236554448855e-04 -1.389112732406099091e-05 4.454235535255964360e-08 3.54 0.00021698837607 1.6e-09
-5.326213680048935890e-05 6.184098002629255797e-01 1.018037063169780973e-02 1.173061671518692685e-04 -5.397800598913887629e-05 -2.191316127220856473e-06 3.54 0.00021698837607 1.6e-09
5.188129892786634697e-05 1.947299008910615026e+00 -2.935049260017856976e-03 1.376087173470116540e-04 3.411491139468643776e-05 7.425977198267039215e-07 3.54 0.00021698837607 1.6e-09
1.092097975766382424e-05 3.531613877502972620e+00 5.741753606132934257e-02 2.165323491280378063e-04 2.783730569663114518e-06 4.132794093332237995e-07 3.54 0.00021698837607 1.6e-09
2.575701937886987810e-05 2.594459202924448871e+00 6.833321167075298574e-02 1.681165086380240344e-04 -2.355464815940034299e-05 -3.323399846798616959e-07 3.54 0.00021698837607 1.6e-09
-1.971241364035408589e-05 4.012244992383155462e-01 -1.101098573512017051e-02 1.478230007758124086e-04 9.701290423137210302e-06 -2.683417465821521737e-06 3.54 0.00021698837607 1.6e-09
-2.023101393965276657e-05 2.745570353243931283e+00 3.122244011299795882e-02 1.756696110077018329e-04 2.122787017514176324e-05 8.055566620127400999e-07 3.54 0.00021698837607 1.6e-09
6.166972857704360771e-05 3.519105415684802729e+00 8.411907659194077513e-02 2.158569605841600134e-04 -4.233827999173596486e-06 2.146820514238322475e-07 3.54 0.00021698837607 1.6e-09
5.005126558081282020e-05 1.768475424964134568e+00 5.692711627276846043e-02 1.299926945467700572e-04 -3.728743861273303131e-05 -1.136685186022509163e-06 3.54 0.00021698837607 1.6e-09
-4.878668672322876177e-05 7.364795364107017406e-01 -1.891641053180548315e-02 1.110607833266015650e-04 5.532160240109588540e-05 3.040596977228747490e-07 3.54 0.00021698837607 1.6e-09
3.277350703838843410e-05 3.235718719145125988e+00 5.861400403441319878e-02 2.009181632744088211e-04 1.231990641039941981e-05 7.026395112241860335e-07 3.54 0.00021698837607 1.6e-09
2.272359917168227325e-05 3.267579055452545234e+00 9.569058769878351078e-02 2.025874038085718164e-04 -1.163178092084059083e-05 -3.243066331712768240e-08 3.54 0.00021698837607 1.6e-09
-3.082619729311597995e-05 8.022989020193133092e-01 2.213511254324494054e-02 1.092223831048822825e-04 -5.486365454661258233e-05 -2.903577176563570656e-06 3.54 0.00021698837607 1.6e-09
-4.080861491205727378e-05 1.684038535665219660e+00 8.980753959618215793e-03 1.266046184522725171e-04 3.881767980278304681e-05 1.408169064964941345e-06 3.54 0.00021698837607 1.6e-09
