-3.826802070315442811e-05 2.651782503961719328e+00 -3.941557227072134471e-05 1.708435698107648197e-04 -2.483663198928877665e-05 -7.577172898949570267e-10 3.79 0.00023024361386 1.6e-09
1.338399831435057647e-05 3.920671367370752725e-01 -1.581687646540372912e-03 1.492489109958636978e-04 1.076893933890195933e-05 1.135685927580425855e-07 3.79 0.00023024361386 1.6e-09
-1.322364767349073822e-05 2.823789846834191763e+00 -1.076321186342066001e-03 1.795058984846390621e-04 2.243931327874892337e-05 8.636544677272701769e-09 3.79 0.00023024361386 1.6e-09
3.722503727339897050e-05 3.801148853880381928e+00 1.497798235021189847e-04 2.308289381773411322e-04 -1.333117630862303040e-06 1.287467568134126244e-08 3.79 0.00023024361386 1.6e-09
-3.866131760046510727e-05 2.511785302563705358e+00 1.157634394663667465e-03 1.638756002995357328e-04 -2.703333938001924896e-05 3.344361408185284947e-09 3.79 0.00023024361386 1.6e-09
1.508740694357919949e-05 4.088612060466010889e-01 -2.670214171971706588e-03 1.449874994085928893e-04 2.653823619304825608e-05 -1.447622568944362313e-07 3.79 0.00023024361386 1.6e-09
3.792559806504339177e-05 2.953866415120272038e+00 5.446754462622625803e-03 1.861295147727691089e-04 2.079028548593126401e-05 1.044366718245494586e-07 3.79 0.00023024361386 1.6e-09
-7.162829446530802574e-05 3.822291472288880776e+00 1.231694753773897484e-02 2.319407672520426393e-04 -2.175538614054460684e-06 2.921389169339868806e-08 3.79 0.00023024361386 1.6e-09
3.995255450172258702e-05 2.442612632367700876e+00 1.002886708524342030e-02 1.604479397643456917e-04 -2.828439037416270889e-05 -9.815601753870688401e-08 3.79 0.00023024361386 1.6e-09
-5.774428873657652640e-05 4.222780828798148867e-01 -4.723897162840476685e-03 1.417723458446054738e-04 3.367540809578874834e-05 -2.825378305857854909e-07 3.79 0.00023024361386 1.6e-09
3.567215789703817710e-05 3.021398048383366230e+00 1.524615349086878499e-02 1.895772143634930659e-04 2.011519924548037762e-05 2.319660810918671057e-07 3.79 0.00023024361386 1.6e-09
-1.129270985749337633e-04 3.852263853827079032e+00 2.958792221123102140e-02 2.335258951726786026e-04 -2.382657344986456611e-06 4.922244630225987460e-08 3.79 0.00023024361386 1.6e-09
6.637138977406131237e-05 2.460804065037413224e+00 2.256330294369997269e-02 1.612932826228330842e-04 -2.825870436359021934e-05 -2.384848585950508053e-07 3.79 0.00023024361386 1.6e-09
-3.541493004765641897e-05 4.173409823120855511e-01 -6.677452113706458699e-03 1.425821523199924325e-04 3.284760671595845111e-05 -3.426315673229346577e-07 3.79 0.00023024361386 1.6e-09
-1.076295024777007466e-05 3.023552520973940005e+00 2.597519713449111117e-02 1.896529478499011127e-04 2.041432304775515677e-05 3.604177521029346123e-07 3.79 0.00023024361386 1.6e-09
-8.203942755827687422e-05 3.890669087608047860e+00 4.747304539015789748e-02 2.355669636649384700e-04 -1.936525286155981583e-06 6.512424595246694657e-08 3.79 0.00023024361386 1.6e-09
-6.963688129932669708e-05 2.567951390226633102e+00 3.583659553225720940e-02 1.665308660513274068e-04 -2.693913502209979098e-05 -3.615221282247701062e-07 3.79 0.00023024361386 1.6e-09
-3.173832583572642866e-05 3.964897207839412907e-01 -7.736183570858632709e-03 1.471695536378957278e-04 2.337522942534160474e-05 -4.051802583986328314e-07 3.79 0.00023024361386 1.6e-09
-3.617023355252316089e-05 2.954189976921555605e+00 3.370631609433308307e-02 1.860431924946890194e-04 2.167962319952079049e-05 4.590200122484185448e-07 3.79 0.00023024361386 1.6e-09
2.153310736455894662e-05 3.927135637588881067e+00 6.025089836952725320e-02 2.375105742502695363e-04 -9.113069700420976890e-07 7.480465286357756079e-08 3.79 0.00023024361386 1.6e-09
3.288016512933850393e-05 2.740741048954135284e+00 4.609643149886744062e-02 1.751508584715668932e-04 -2.470266704026305001e-05 -4.174045717126401356e-07 3.79 0.00023024361386 1.6e-09
5.426203229792498500e-05 3.802434326533546960e-01 -7.495098693111185151e-03 1.512347427261308513e-04 4.334551688213234669e-06 -5.889652885911562244e-07 3.79 0.00023024361386 1.6e-09
3.715405937959526583e-05 2.808768501450985333e+00 3.172623248976357002e-02 1.785922214411651962e-04 2.380457483713765895e-05 4.882129929773327168e-07 3.79 0.00023024361386 1.6e-09
9.913972414771931490e-05 3.937159349259097496e+00 6.013420292535669176e-02 2.380450530756292207e-04 4.426670833577330222e-07 9.062135568053993141e-08 3.79 0.00023024361386 1.6e-09
-8.808616129592111471e-05 2.914478433950791647e+00 4.840611504380940011e-02 1.839937781853137123e-04 -2.231056530674058170e-05 -3.713713141226952881e-07 3.79 0.00023024361386 1.6e-09
-1.204158210396479766e-05 3.889844654885052933e-01 -5.916842945363565490e-03 1.490066986808845806e-04 -1.768605157817281363e-05 -9.128675724334463216e-07 3.79 0.00023024361386 1.6e-09
2.362302685657740101e-05 2.622581549774694487e+00 2.054041036480483418e-02 1.692259954926054566e-04 2.630645391561894756e-05 4.620438525696364569e-07 3.79 0.00023024361386 1.6e-09
1.657478956970166755e-05 3.912260821098453967e+00 5.001228196599901560e-02 2.367153614334827788e-04 1.732867628609690348e-06 1.329447433842547473e-07 3.79 0.00023024361386 1.6e-09
-8.296631048354973675e-05 3.030097673959750715e+00 4.574393825232156430e-02 1.899714562622555579e-04 -2.050360550224712052e-05 -2.600437383015797793e-07 3.79 0.00023024361386 1.6e-09
4.947171107587378883e-05 4.161038061596972204e-01 -3.313504351559027651e-03 1.427581106213449201e-04 -3.277892633826752364e-05 -1.325817793287960217e-06 3.79 0.00023024361386 1.6e-09
-5.529156376749673284e-05 2.465481108594639537e+00 8.731519980721963795e-03 1.614900964269278308e-04 2.837210240863462086e-05 4.456205946689382615e-07 3.79 0.00023024361386 1.6e-09
3.607933771553136664e-06 3.874487109188927025e+00 4.183243394409685845e-02 2.347015538236797347e-04 2.617207876640655798e-06 2.020585504430568936e-07 3.79 0.00023024361386 1.6e-09
8.314793645832093110e-05 3.080204641060699799e+00 4.642011468651617567e-02 1.925966134790081370e-04 -1.951157837704649227e-05 -1.605255319090062819e-07 3.79 0.00023024361386 1.6e-09
3.426579343772398153e-05 4.389452133538112588e-01 -5.512166664866769263e-04 1.382676040284420060e-04 -3.935501882218983788e-05 -1.851390993731406610e-06 3.79 0.00023024361386 1.6e-09
-5.927623243055209288e-05 2.377380582329481129e+00 5.812353030504166171e-04 1.572411763143096906e-04 2.946998144144848174e-05 4.711245549157915368e-07 3.79 0.00023024361386 1.6e-09
-9.996858674647265909e-05 3.841716824469218139e+00 4.017604923037125519e-02 2.329599415780780967e-04 2.979824693737395055e-06 2.819688613652383045e-07 3.79 0.00023024361386 1.6e-09
3.507766847492997463e-05 3.075403113439871827e+00 5.228192093313624444e-02 1.923763218945589569e-04 -1.929390831818521978e-05 -1.061748742743805761e-07 3.79 0.00023024361386 1.6e-09
-6.654489881933909831e-05 4.429652530785564979e-01 1.157447258463515380e-03 1.377059089341984253e-04 -3.964709401428237023e-05 -2.482350541409778652e-06 3.79 0.00023024361386 1.6e-09
4.634418433979824311e-06 2.365318777763389502e+00 -3.650584402717789792e-03 1.566959188402503218e-04 2.945247667685609722e-05 5.302825660626805424e-07 3.79 0.00023024361386 1.6e-09
-1.056833034343486222e-04 3.817854888460892937e+00 4.350508565159190433e-02 2.316988682870620045e-04 2.793561846590942391e-06 3.543894572826610632e-07 3.79 0.00023024361386 1.6e-09
-8.101647968483659549e-05 3.019473291870509613e+00 6.055524785311849900e-02 1.895083049217496495e-04 -1.984340170708264329e-05 -9.948765863720973146e-08 3.79 0.00023024361386 1.6e-09
-7.573251308846254480e-06 4.272563662846518007e-01 6.745538731624380144e-04 1.410007347359417773e-04 -3.421515622500496842e-05 -3.145153120795199360e-06 3.79 0.00023024361386 1.6e-09
-1.642352561328800308e-07 2.426493226795468861e+00 -3.724420055397062359e-03 1.596935118016355813e-04 2.834480627221410193e-05 6.025536463062802811e-07 3.79 0.00023024361386 1.6e-09
1.580722136408185645e-05 3.800852723017136725e+00 4.978663417460508361e-02 2.308072781380218113e-04 2.055211429570744869e-06 3.999826567487872486e-07 3.79 0.00023024361386 1.6e-09
-6.875931356873193055e-05 2.909376097984822440e+00 6.794594001325901522e-02 1.838693557423314506e-04 -2.121962845600290022e-05 -1.449224782193670734e-07 3.79 0.00023024361386 1.6e-09
1.128392455718137740e-05 4.031214304076015109e-01 -2.642505536683260620e-03 1.465291548022058907e-04 -2.150463186381430526e-05 -3.624572498303321617e-06 3.79 0.00023024361386 1.6e-09
4.522189724609451298e-05 2.553914089231982487e+00 2.669348898946244039e-03 1.659719719598348828e-04 2.629053391585808630e-05 6.846312585737156058e-07 3.79 0.00023024361386 1.6e-09
-2.510238704508877320e-05 3.789744086151181079e+00 6.010954900502051002e-02 2.302277084209825237e-04 8.340132051641474885e-07 4.009152278974290418e-07 3.79 0.00023024361386 1.6e-09
7.566882372059955037e-06 2.749928655465047278e+00 7.341342770632797166e-02 1.757753887951713000e-04 -2.339152861295720612e-05 -2.678815726261803017e-07 3.79 0.00023024361386 1.6e-09
2.608463514905870660e-05 3.898079865457743098e-01 -8.281525526039109492e-03 1.498818772965373200e-04 -1.519938716467396477e-06 -3.542570472893049927e-06 3.79 0.00023024361386 1.6e-09
-2.574741665812467842e-05 2.724472806861390595e+00 1.883268850759464708e-02 1.744921574252040531e-04 2.376240184959648987e-05 7.973024055689754447e-07 3.79 0.00023024361386 1.6e-09
-3.107974673523463972e-05 3.789176952569071499e+00 7.901130240565798490e-02 2.301981092807979870e-04 -6.243296258608996135e-07 3.569451285178983230e-07 3.79 0.00023024361386 1.6e-09
-5.472138748016626620e-05 2.578491316137752509e+00 7.996525202122803377e-02 1.671902300886042873e-04 -2.590076511742536199e-05 -5.033590137503974947e-07 3.79 0.00023024361386 1.6e-09
-1.815558052574536258e-05 3.994357190893542686e-01 -1.424309220747356670e-02 1.473437904697093032e-04 1.897507779784277370e-05 -2.776272009076097863e-06 3.79 0.00023024361386 1.6e-09
-4.467216123463872680e-05 2.888662619205321302e+00 4.267745020708296061e-02 1.828071038355435975e-04 2.152901248835995557e-05 9.348268826421158043e-07 3.79 0.00023024361386 1.6e-09
-8.592090576373090892e-05 3.802552641694027180e+00 1.059821092363176370e-01 2.308978110978785131e-04 -1.850293564492062871e-06 2.939734864025558732e-07 3.79 0.00023024361386 1.6e-09
-4.844809005548027909e-05 2.454551239303726984e+00 9.008069654847253305e-02 1.610595886079075223e-04 -2.789496784024004064e-05 -8.183737683647306917e-07 3.79 0.00023024361386 1.6e-09
2.419959464203823949e-05 4.200224326752313164e-01 -1.854505312367910747e-02 1.423985344875006870e-04 3.186363143976431633e-05 -1.798828240890993523e-06 3.79 0.00023024361386 1.6e-09
7.668105591796544154e-05 3.000095185603783410e+00 6.776786752886758414e-02 1.884992004017514125e-04 2.017708461177572261e-05 1.070390078812886041e-06 3.79 0.00023024361386 1.6e-09
5.476031954621218113e-05 3.827182288756721285e+00 1.344990320639930514e-01 2.321937723559488684e-04 -2.499850170328081128e-06 2.357810685956340919e-07 3.79 0.00023024361386 1.6e-09
-3.551848098364607421e-05 2.415764947512017979e+00 1.026199126695949704e-01 1.591263596464651095e-04 -2.869802145960561961e-05 -1.111082363807804220e-06 3.79 0.00023024361386 1.6e-09
4.636982689100897570e-05 4.282783596866672760e-01 -2.082260203707107793e-02 1.404039276014248342e-04 3.590447827136122264e-05 -1.074688740775498982e-06 3.79 0.00023024361386 1.6e-09
-7.813828909049231111e-05 3.043846196484343736e+00 9.035630122914517504e-02 1.907225625406709950e-04 1.987987415647991265e-05 1.203407963770792117e-06 3.79 0.00023024361386 1.6e-09
-3.220581558657019085e-05 3.862402474752398618e+00 1.609955572739050211e-01 2.340594504124569007e-04 -2.431326117162897244e-06 1.931184319779807180e-07 3.79 0.00023024361386 1.6e-09
-3.495714712343655931e-06 2.474166633509514046e+00 1.171526637928531622e-01 1.619291953115036247e-04 -2.808331814421649895e-05 -1.308372420533719642e-06 3.79 0.00023024361386 1.6e-09
5.098907971175008837e-05 4.138773028446052216e-01 -2.167931159171342798e-02 1.432074615478375057e-04 3.166017897537756005e-05 -8.001041935872257484e-07 3.79 0.00023024361386 1.6e-09
-9.047491430303374320e-05 3.016461339754386906e+00 1.080211248806184632e-01 1.892684376302617593e-04 2.060571135661811131e-05 1.343205273892941366e-06 3.79 0.00023024361386 1.6e-09
-4.232996067501777434e-06 3.904689479030718058e+00 1.836027626402115254e-01 2.363094831536835961e-04 -1.680848169574841234e-06 1.732685726942744964e-07 3.79 0.00023024361386 1.6e-09
-2.852246703699859546e-05 2.623013075179831066e+00 1.333634255841668614e-01 1.692507202408330869e-04 -2.618252113083941032e-05 -1.382445321569376886e-06 3.79 0.00023024361386 1.6e-09
3.860866930738588863e-06 3.889306283561934086e-01 -2.145651690627442543e-02 1.489419293570489551e-04 1.744745124584274557e-05 -1.123798375903142394e-06 3.79 0.00023024361386 1.6e-09
-8.763396419574561737e-05 2.908636858567773764e+00 1.162032326826821504e-01 1.836903102420109259e-04 2.234169038592782725e-05 1.485047214764634143e-06 3.79 0.00023024361386 1.6e-09
-1.161471062975935685e-04 3.934338281984143926e+00 1.975732553916799139e-01 2.378906777311849078e-04 -3.932042220707280614e-07 1.802061289865256486e-07 3.79 0.00023024361386 1.6e-09
4.262956427248525170e-05 2.815642936553384601e+00 1.471117007784159547e-01 1.789379919115644934e-04 -2.363580453085989435e-05 -1.343116094996292267e-06 3.79 0.00023024361386 1.6e-09
6.208103017948260146e-05 3.809749366475471133e-01 -1.997635334485238501e-02 1.510001896992711951e-04 -5.349690271215284189e-06 -1.950498727825559752e-06 3.79 0.00023024361386 1.6e-09
6.574726433623686520e-05 2.728671770305197697e+00 1.121091742141074737e-01 1.745373623735552615e-04 2.481433290299022882e-05 1.615428506981397665e-06 3.79 0.00023024361386 1.6e-09
-7.246740857033339095e-05 3.925390711961560086e+00 1.993214551399052625e-01 2.374127528070613135e-04 1.031366433277913291e-06 2.090639458335234178e-07 3.79 0.00023024361386 1.6e-09
5.572626801242976926e-05 2.970579235297283738e+00 1.530698108728785756e-01 1.868820424961693751e-04 -2.139083431702528743e-05 -1.246590417331791618e-06 3.79 0.00023024361386 1.6e-09
-4.147629915013193992e-05 4.007530163424435354e-01 -1.763995927268764349e-02 1.461503745597774286e-04 -2.553685634914189769e-05 -2.667638884638290682e-06 3.79 0.00023024361386 1.6e-09
4.536830854619795339e-05 2.542713554797833453e+00 1.034408719254382159e-01 1.652741103481498107e-04 2.725421544573090378e-05 1.733705469386241789e-06 3.79 0.00023024361386 1.6e-09
6.549775243082042210e-05 3.888223715088540366e+00 1.959973166865232042e-01 2.354304366471359161e-04 2.160783444847145817e-06 2.412109393976369624e-07 3.79 0.00023024361386 1.6e-09
6.169020964780924524e-08 3.051469125132188154e+00 1.539233784768571367e-01 1.910920867124258878e-04 -1.996511189299790816e-05 -1.172591360321186638e-06 3.79 0.00023024361386 1.6e-09
2.351976514399983513e-05 4.276440691538394012e-01 -1.585389639143892915e-02 1.404115458126226187e-04 -3.619406314302779312e-05 -2.963990874705619580e-06 3.79 0.00023024361386 1.6e-09
7.643828532417997520e-05 2.418071196844681303e+00 9.841795549265011656e-02 1.592012009169803551e-04 2.883726137435775356e-05 1.823525041247784542e-06 3.79 0.00023024361386 1.6e-09
-1.085200229723187472e-04 3.849424583185331539e+00 1.942368391870163968e-01 2.333661293210888190e-04 2.768223991163218504e-06 2.521597910324901579e-07 3.79 0.00023024361386 1.6e-09
-4.425935707780085120e-05 3.066395103705209735e+00 1.528595140872339442e-01 1.918986660230423522e-04 -1.943006274459145268e-05 -1.160265669478397233e-06 3.79 0.00023024361386 1.6e-09
-2.822072994914707708e-05 4.393379413842028458e-01 -1.573714304104906897e-02 1.383139539182375206e-04 -3.880256873345431216e-05 -2.895375369104474909e-06 3.79 0.00023024361386 1.6e-09
2.051589092244157379e-05 2.376302661307260422e+00 9.844637316070886657e-02 1.572170721109077628e-04 2.923824434762261400e-05 1.848158134578123817e-06 3.79 0.00023024361386 1.6e-09
4.545955214338490683e-05 3.819380017530052740e+00 1.933462778246219371e-01 2.317753381572662226e-04 2.752526591051436830e-06 2.275937344045667395e-07 3.79 0.00023024361386 1.6e-09
2.985847280828573906e-05 3.022783979499355400e+00 1.485305500461490402e-01 1.896716134162692029e-04 -1.977304881653223600e-05 -1.204030776470907833e-06 3.79 0.00023024361386 1.6e-09
1.444302945567837540e-05 4.288122607069875247e-01 -1.728705695333054154e-02 1.406184156070214959e-04 -3.482091509867794751e-05 -2.420483201269211103e-06 3.79 0.00023024361386 1.6e-09
-9.960425466107135492e-07 2.418065079751169577e+00 1.021481213589055803e-01 1.592799781187489365e-04 2.839746066006749797e-05 1.769320328092599325e-06 3.79 0.00023024361386 1.6e-09
-8.122659948696463845e-05 3.797735516599231698e+00 1.900141260835786494e-01 2.306373171245601809e-04 2.138514461736760466e-06 1.607883057042384305e-07 3.79 0.00023024361386 1.6e-09
4.788061942724123894e-05 2.918600397902889387e+00 1.381362063867419554e-01 1.843382778063526657e-04 -2.103014876865691928e-05 -1.286184868656115344e-06 3.79 0.00023024361386 1.6e-09
1.925100528246365768e-05 4.052613032772076629e-01 -1.925428669911144128e-02 1.459861611327769562e-04 -2.294803802700021717e-05 -1.349983512325113377e-06 3.79 0.00023024361386 1.6e-09
-9.739594014363565585e-06 2.537701650894376382e+00 1.082762000765691707e-01 1.651711394300928322e-04 2.644291452463021737e-05 1.574085913562571682e-06 3.79 0.00023024361386 1.6e-09
4.864479179290858639e-05 3.784137193154413215e+00 1.820665327768550279e-01 2.299272609182443088e-04 9.386795871502589557e-07 4.991014824095586197e-08 3.79 0.00023024361386 1.6e-09
4.480283903913424089e-05 2.758688125512807954e+00 1.203708484833063419e-01 1.762187149743671584e-04 -2.318553684637146399e-05 -1.385441617450780333e-06 3.79 0.00023024361386 1.6e-09
2.746840649195297413e-05 3.901237739085789413e-01 -1.956824049335215143e-02 1.497884604551471383e-04 -2.822745478220564523e-06 3.713312246008688908e-07 3.79 0.00023024361386 1.6e-09
-5.817046768425703797e-05 2.710665571524782713e+00 1.168840516851208239e-01 1.737982413613329571e-04 2.388231059228721988e-05 1.316134700815273311e-06 3.79 0.00023024361386 1.6e-09
6.569923564923326300e-05 3.784389632944220150e+00 1.720858848350228509e-01 2.299423670982732358e-04 -5.384751088202139029e-07 -9.086310228836356288e-08 3.79 0.00023024361386 1.6e-09
7.855634719114092015e-05 2.585292081802477160e+00 9.925791018475771388e-02 1.675283765895125708e-04 -2.574500405540206959e-05 -1.477651010797916270e-06 3.79 0.00023024361386 1.6e-09
4.713693762559747471e-05 3.986035987532010605e-01 -1.707834018282494704e-02 1.475444088476043133e-04 1.820576894771059917e-05 2.163735060479227364e-06 3.79 0.00023024361386 1.6e-09
-8.710441545459048725e-05 2.879421258549579754e+00 1.268595241003122043e-01 1.823336101223798278e-04 2.161639583970558192e-05 1.089077553941474659e-06 3.79 0.00023024361386 1.6e-09
-1.053323372959924335e-04 3.801299870241381385e+00 1.647561336345957916e-01 2.308301202478496388e-04 -1.761231664249703040e-06 -2.246922751135369609e-07 3.79 0.00023024361386 1.6e-09
-4.483031678140482820e-05 2.464577699937325228e+00 8.197407262294491292e-02 1.615489521964561697e-04 -2.772506044280949940e-05 -1.539122303298073776e-06 3.79 0.00023024361386 1.6e-09
2.573590430237057193e-05 4.179992764398601235e-01 -1.323859549206565095e-02 1.428253294834497624e-04 3.109491029449028266e-05 3.377422062281098722e-06 3.79 0.00023024361386 1.6e-09
7.650769479420862140e-05 2.991138538655603973e+00 1.343879787163141382e-01 1.880340800202411479e-04 2.029977667138927410e-05 9.322645941989174820e-07 3.79 0.00023024361386 1.6e-09
7.223182097249321418e-05 3.830163664848944105e+00 1.597490554792567741e-01 2.323518064381438822e-04 -2.373096741958100273e-06 -3.203902108922198717e-07 3.79 0.00023024361386 1.6e-09
-7.881140186097533834e-06 2.434978568181578318e+00 7.100686932399316587e-02 1.600572137322831901e-04 -2.843931247489307418e-05 -1.541526726319422208e-06 3.79 0.00023024361386 1.6e-09
1.263955329185502570e-05 4.239298036516327417e-01 -1.045498237572898594e-02 1.412815975390330561e-04 3.454463729188641770e-05 4.059494059121918107e-06 3.79 0.00023024361386 1.6e-09
6.362434697715904023e-06 3.030677136105551561e+00 1.367080721378101105e-01 1.900363528095626873e-04 2.010089857089870260e-05 8.307303236939882105e-07 3.79 0.00023024361386 1.6e-09
-1.139615952495318097e-06 3.869758849106092580e+00 1.539737480486959020e-01 2.344516729170770361e-04 -2.226916168928359129e-06 -3.725865740318076121e-07 3.79 0.00023024361386 1.6e-09
-4.371199286940115179e-05 2.507306919170199322e+00 6.457672602291761321e-02 1.635512374293304890e-04 -2.766468863468282425e-05 -1.465380726190126865e-06 3.79 0.00023024361386 1.6e-09
6.753320734696528652e-05 4.075741362463319306e-01 -9.965404509519971976e-03 1.446009532293340534e-04 2.896611152342391874e-05 4.435166083485003662e-06 3.79 0.00023024361386 1.6e-09
-7.786940357071015775e-06 2.994226257654351464e+00 1.312207089405964811e-01 1.881136252886926293e-04 2.099195351452963834e-05 7.488536663385004081e-07 3.79 0.00023024361386 1.6e-09
-4.992145985888211235e-05 3.915287259428303912e+00 1.427071266406857719e-01 2.368760586202330574e-04 -1.367630565091182736e-06 -3.897204820696582159e-07 3.79 0.00023024361386 1.6e-09
2.435659100294644672e-05 2.671555029715567020e+00 5.830514723659012410e-02 1.716728022070522432e-04 -2.560078138578441380e-05 -1.301877161444734682e-06 3.79 0.00023024361386 1.6e-09
5.423731579407183712e-05 3.844107006551671368e-01 -1.150868846921515240e-02 1.500904438264358026e-04 1.252403154942815383e-05 4.431549154031206443e-06 3.79 0.00023024361386 1.6e-09
8.222388451790450608e-05 2.871137122129753916e+00 1.129459655011162411e-01 1.817658482110346590e-04 2.294225062660793245e-05 6.349911331760646696e-07 3.79 0.00023024361386 1.6e-09
9.601745206356128003e-06 3.943023976839032052e+00 1.182970506699900226e-01 2.383559319167368037e-04 3.327290476684710214e-09 -3.790828523496370420e-07 3.79 0.00023024361386 1.6e-09
7.648940059583702569e-05 2.871320031765654868e+00 4.506003158171700829e-02 1.817734813934043965e-04 -2.297306746641637667e-05 -1.048194263455263504e-06 3.79 0.00023024361386 1.6e-09
-5.529953145220574331e-05 3.837885615160821495e-01 -1.338798800232334635e-02 1.502485330449538953e-04 -1.172513321976766945e-05 3.851147278018827045e-06 3.79 0.00023024361386 1.6e-09
-4.853456716529342882e-05 2.675786998606128009e+00 8.286216723568304299e-02 1.718731666690066794e-04 2.563812653569202721e-05 4.697965358184783701e-07 3.79 0.00023024361386 1.6e-09
-4.338595177855470445e-05 3.927455906404043517e+00 8.170138164593285235e-02 2.375241400953478910e-04 1.474200916744019493e-06 -3.377315946931951998e-07 3.79 0.00023024361386 1.6e-09
-4.757987224175285764e-05 3.020972954034331970e+00 2.470637354877541422e-02 1.894847334916669173e-04 -2.076117548480352083e-05 -7.458473395377592024e-07 3.79 0.00023024361386 1.6e-09
-2.098089886015087080e-05 4.115471927709085653e-01 -1.335958636511635350e-02 1.436559745005378474e-04 -3.110702115277196988e-05 2.997376253839457538e-06 3.79 0.00023024361386 1.6e-09
6.448947605138232722e-05 2.485711867850034285e+00 5.302980654610575662e-02 1.624683326132534853e-04 2.814556406344765873e-05 2.958220792076845731e-07 3.79 0.00023024361386 1.6e-09
6.671385909270418453e-05 3.886310314450680536e+00 4.768824529184920863e-02 2.353291457455245861e-04 2.586570756963572130e-06 -2.677798251417090159e-07 3.79 0.00023024361386 1.6e-09
9.271494368365344437e-05 3.093722100506013817e+00 7.928515206150336947e-03 1.932867833405322298e-04 -1.943330612391167618e-05 -4.747099252721023856e-07 3.79 0.00023024361386 1.6e-09
-5.699488859995000022e-05 4.421083462487594429e-01 -1.086629343356420793e-02 1.375794570388125628e-04 -4.035735254605127818e-05 2.210888200768801674e-06 3.79 0.00023024361386 1.6e-09
-5.320987190311549428e-05 2.365704795049525799e+00 2.909550982093157476e-02 1.566666281383876248e-04 2.970087942184830804e-05 1.429842949433441001e-07 3.79 0.00023024361386 1.6e-09
3.626438842541791871e-05 3.847423070476637896e+00 2.278682242261366453e-02 2.332603483604560411e-04 3.140926372537258834e-06 -1.790206792821513324e-07 3.79 0.00023024361386 1.6e-09
1.219051064457384330e-05 3.103156821471965809e+00 -9.387976169294460094e-04 1.938097301468348394e-04 -1.897050230868557174e-05 -2.583789609124730725e-07 3.79 0.00023024361386 1.6e-09
-4.539379684715144517e-06 4.531246655067889817e-01 -6.779361811777773715e-03 1.357673534888444405e-04 -4.227628074617457841e-05 1.513392220844980938e-06 3.79 0.00023024361386 1.6e-09
4.296614194202258365e-05 2.330943854800083148e+00 9.252220329097046725e-03 1.550355317976916396e-04 3.001301861277670698e-05 1.419876635321036845e-08 3.79 0.00023024361386 1.6e-09
2.127384805019345550e-05 3.819647966232746938e+00 4.369729204651606573e-03 2.317903090377757588e-04 3.101423024586791549e-06 -7.886448221436663384e-08 3.79 0.00023024361386 1.6e-09
1.565030006973733545e-05 3.058694658060675309e+00 -4.234821912618298365e-03 1.915314602264921629e-04 -1.933613023085286478e-05 -7.623946029114215108e-08 3.79 0.00023024361386 1.6e-09
2.011196799294303548e-05 4.398966771394320352e-01 -2.352815358249934347e-03 1.384238295234729280e-04 -3.843171344731385300e-05 7.931675646180332016e-07 3.79 0.00023024361386 1.6e-09
7.079435441744817562e-05 2.377033048984241503e+00 -8.810019829012850218e-03 1.572903581483893433e-04 2.912406543768158735e-05 -9.462312619309862389e-08 3.79 0.00023024361386 1.6e-09
-2.027076053727034863e-05 3.801707743124636885e+00 -1.134089717328557942e-02 2.308488348330132891e-04 2.490331628753011512e-06 2.245020285039368354e-08 3.79 0.00023024361386 1.6e-09
-2.595354364247873827e-05 2.960901291708482042e+00 -5.453753727702184521e-03 1.865095977841342177e-04 -2.052175003885544822e-05 9.255305903782945487e-08 3.79 0.00023024361386 1.6e-09
1.021024971896336808e-05 4.128796341854898411e-01 9.643568277431294449e-04 1.442422427440037366e-04 -2.775442151934605489e-05 -4.422919866846558608e-08 3.79 0.00023024361386 1.6e-09
6.968380388618064850e-05 2.494133431815684698e+00 -2.431845578657397186e-02 1.630214228991931863e-04 2.721090486031280933e-05 -1.677653940062017571e-07 3.79 0.00023024361386 1.6e-09
-1.051511242307016908e-04 3.791308786425923394e+00 -2.452450540958900360e-02 2.303085448386956488e-04 1.367368591344800556e-06 1.073795748448755436e-07 3.79 0.00023024361386 1.6e-09
-1.719757265614557131e-05 2.813467153151698152e+00 -6.302897031651970988e-03 1.789916883517211443e-04 -2.250390401913014501e-05 2.405231894474172154e-07 3.79 0.00023024361386 1.6e-09
-6.499795904396203107e-05 3.919421471642458021e-01 1.758903836882451171e-03 1.493578744899941172e-04 -9.413014071037699985e-06 -9.440987689872319029e-07 3.79 0.00023024361386 1.6e-09
1.393064869931077705e-05 2.659922388010839356e+00 -3.174784840316945828e-02 1.712511679918282161e-04 2.471031511579303657e-05 -1.491368955792924338e-07 3.79 0.00023024361386 1.6e-09
-3.032213241427618423e-05 3.789860209503016719e+00 -2.801470270347927380e-02 2.302360015113336566e-04 -6.957494578972513159e-08 1.618206729073537153e-07 3.79 0.00023024361386 1.6e-09
2.685807650672174374e-05 2.643256143109354639e+00 -3.557734556905207610e-03 1.704164479709961298e-04 -2.496543971476659419e-05 3.026701081662296512e-07 3.79 0.00023024361386 1.6e-09
1.705545019365457401e-05 3.928559064283959623e-01 -4.742674208260893665e-04 1.490553937175654556e-04 1.178415550192291357e-05 -1.641783336990957615e-06 3.79 0.00023024361386 1.6e-09
5.214843819266539685e-05 2.831093270925694405e+00 -2.682815969328185973e-02 1.798789139620727325e-04 2.231823708078964718e-05 -9.248136396871283596e-09 3.79 0.00023024361386 1.6e-09
5.052125128928033833e-05 3.799757494930426471e+00 -1.489568330031944970e-02 2.307547557845737122e-04 -1.412471838740179891e-06 1.944877401150338479e-07 3.79 0.00023024361386 1.6e-09
7.059068753826986070e-05 2.500590809996045660e+00 7.458758571549683677e-03 1.633247745709578394e-04 -2.719976054247222281e-05 2.093009441200227534e-07 3.79 0.00023024361386 1.6e-09
6.949489644451578249e-05 4.111522461918036830e-01 -4.658034487486027372e-03 1.444748848075766662e-04 2.759349174356333066e-05 -1.956485441738310178e-06 3.79 0.00023024361386 1.6e-09
-5.690583628384679015e-05 2.961938786093032849e+00 -1.333899532879298522e-02 1.865459420795667384e-04 2.065953470269846256e-05 1.943517760708274924e-07 3.79 0.00023024361386 1.6e-09
4.000895961556445415e-05 3.819351744251111569e+00 9.890558933870266523e-03 2.317839896900855809e-04 -2.287168744598919641e-06 2.214582752895650043e-07 3.79 0.00023024361386 1.6e-09
7.886454915797897413e-05 2.426206110487054257e+00 2.490442953834430193e-02 1.596504050845685410e-04 -2.851615285451256516e-05 -2.550164586709608892e-09 3.79 0.00023024361386 1.6e-09
-3.679810405100926619e-05 4.264110939182190751e-01 -8.970219762595006002e-03 1.409145403874006931e-04 3.499353802043042138e-05 -2.018365425569950115e-06 3.79 0.00023024361386 1.6e-09
7.867729702939481968e-05 3.032401844931502666e+00 3.781878520245185275e-03 1.901487482154618196e-04 1.992785731346840994e-05 4.060542091022227234e-07 3.79 0.00023024361386 1.6e-09
-1.006858460634092625e-04 3.848189150620569876e+00 3.869963677010698072e-02 2.333082051985897786e-04 -2.526418054790094250e-06 2.440008615051722639e-07 3.79 0.00023024361386 1.6e-09
-2.811735781011408304e-05 2.438525822736416160e+00 4.477910266335922290e-02 1.602090131834750335e-04 -2.855896085721714903e-05 -2.445994564306308011e-07 3.79 0.00023024361386 1.6e-09
-2.980093816069701233e-05 4.226542052482494816e-01 -1.204264609128867861e-02 1.414488992392011328e-04 3.465808938479988781e-05 -2.037455954532463197e-06 3.79 0.00023024361386 1.6e-09
8.397890880670219019e-05 3.038804702201975516e+00 2.229516616748278279e-02 1.904447971289381419e-04 2.016306708816684279e-05 6.099659618480877827e-07 3.79 0.00023024361386 1.6e-09
8.403736948438936846e-05 3.886350249445345462e+00 6.798012367484268514e-02 2.353355631346505466e-04 -2.127249223104717076e-06 2.587313234243931755e-07 3.79 0.00023024361386 1.6e-09
-7.964733999755452948e-05 2.541213474768115876e+00 6.546574886814521266e-02 1.652090499034335820e-04 -2.729704550124612523e-05 -4.527568905134098902e-07 3.79 0.00023024361386 1.6e-09
-3.662623655491274781e-05 4.009233314674287563e-01 -1.318572490587429508e-02 1.460937418341047773e-04 2.593859330830918143e-05 -2.182875052871557536e-06 3.79 0.00023024361386 1.6e-09
-1.253210292528016395e-06 2.974560767260736149e+00 3.879348154854254244e-02 1.870934483800426140e-04 2.137040123958506888e-05 7.947247080465202576e-07 3.79 0.00023024361386 1.6e-09
-4.200871582236561736e-05 3.924424229151131538e+00 9.360479275345476302e-02 2.373647308350706293e-04 -1.109646532002843020e-06 2.681187858369826709e-07 3.79 0.00023024361386 1.6e-09
2.143081305383668272e-05 2.714095250074611609e+00 8.480772581623803597e-02 1.738065408590506978e-04 -2.505273815800884176e-05 -5.814450765434251979e-07 3.79 0.00023024361386 1.6e-09
-8.858196491417004729e-06 3.814385497990855356e-01 -1.224535395322231407e-02 1.508958558930132397e-04 7.421221808555084941e-06 -2.554173369426127346e-06 3.79 0.00023024361386 1.6e-09
-6.588928759605761076e-06 2.832896460776108682e+00 4.645692133088613618e-02 1.798189111804000579e-04 2.346146365341463357e-05 9.334142485662305627e-07 3.79 0.00023024361386 1.6e-09
4.515803966262954154e-05 3.937474609290155581e+00 1.080144581264505660e-01 2.380609227138375276e-04 2.509421347065969569e-07 2.832226412398704819e-07 3.79 0.00023024361386 1.6e-09
-2.391007354431784547e-05 2.893287464802256181e+00 9.761523439836579386e-02 1.829051202195907094e-04 -2.259779997170825494e-05 -6.070769409523173140e-07 3.79 0.00023024361386 1.6e-09
2.407443975382359634e-05 3.867271305448388707e-01 -9.735296264916702344e-03 1.495648143091091089e-04 -1.512267387044053627e-05 -3.005048621128591572e-06 3.79 0.00023024361386 1.6e-09
-7.275831997405534594e-05 2.645409713744659719e+00 4.393652931840057868e-02 1.703637858324359700e-04 2.598072813567429181e-05 1.028219948565191735e-06 3.79 0.00023024361386 1.6e-09
-6.569468327300433629e-05 3.913942733010783659e+00 1.110773667462721936e-01 2.368044145132152203e-04 1.572311992988094481e-06 3.172581155990815366e-07 3.79 0.00023024361386 1.6e-09
6.961661787818487432e-05 3.014512609688678069e+00 1.035369280514630286e-01 1.891621045192079477e-04 -2.072317291969042564e-05 -5.685561202885001739e-07 3.79 0.00023024361386 1.6e-09
-5.373507376175061339e-06 4.122549938916411638e-01 -6.835677680005758372e-03 1.435980891824548676e-04 -3.104377115084957801e-05 -3.344335155004355492e-06 3.79 0.00023024361386 1.6e-09
-6.423224655339035210e-05 2.484071104590428902e+00 3.949257681479491355e-02 1.623996490175448409e-04 2.808515904917709431e-05 1.120738907410270488e-06 3.79 0.00023024361386 1.6e-09
-8.965649559779520765e-05 3.875475222182614310e+00 1.129994367933291610e-01 2.347537243383590209e-04 2.486526467538751297e-06 3.635361843409680433e-07 3.79 0.00023024361386 1.6e-09
1.865419621887353459e-05 3.067287798514545472e+00 1.088838581938620098e-01 1.919253617454702381e-04 -1.967195075858203378e-05 -5.435373177898765573e-07 3.79 0.00023024361386 1.6e-09
4.878578202498878700e-05 4.348100949520820047e-01 -4.924929374911513058e-03 1.390649555682110881e-04 -3.810571376486885297e-05 -3.622056997019405295e-06 3.79 0.00023024361386 1.6e-09
4.553440647468143650e-05 2.392829943960761874e+00 3.854875760431376863e-02 1.579899417811489242e-04 2.920395366802126677e-05 1.222979833978862600e-06 3.79 0.00023024361386 1.6e-09
-3.740771582193571206e-05 3.841219659080319815e+00 1.186565928848482138e-01 2.329333301913535080e-04 2.850195138465586255e-06 4.018733662202361025e-07 3.79 0.00023024361386 1.6e-09
-3.180440255908982490e-05 3.061867212038062114e+00 1.154679359502522873e-01 1.916747034211000356e-04 -1.944770127707372282e-05 -5.691205748582968652e-07 3.79 0.00023024361386 1.6e-09
3.708692874531678118e-05 4.387250828395867774e-01 -5.099187120422935329e-03 1.385075301532079080e-04 -3.842352098681717199e-05 -3.846410424406042865e-06 3.79 0.00023024361386 1.6e-09
7.812115940525423449e-05 2.380634033048333542e+00 4.199436818781994429e-02 1.574384799223147314e-04 2.917243875142316417e-05 1.311000335384901377e-06 3.79 0.00023024361386 1.6e-09
-8.405723667717279941e-05 3.815587072850474826e+00 1.267823597279551240e-01 2.315784934527802350e-04 2.648257959772368031e-06 4.137660609114744000e-07 3.79 0.00023024361386 1.6e-09
5.519744527625547676e-05 3.001528286554071556e+00 1.207537678732055475e-01 1.885823747889992517e-04 -2.005458038579905331e-05 -6.495852831690270894e-07 3.79 0.00023024361386 1.6e-09
2.421894460681859438e-05 4.228400845286540699e-01 -7.796813344746959806e-03 1.419302929887663505e-04 -3.243601479105579654e-05 -3.872385126177737175e-06 3.79 0.00023024361386 1.6e-09
5.718567412856583802e-06 2.445726073274085088e+00 4.988175002135928487e-02 1.606348297866672689e-04 2.799506072469341346e-05 1.352171790091945319e-06 3.79 0.00023024361386 1.6e-09
8.634933630620334074e-05 3.796897490723319279e+00 1.350858340185129014e-01 2.305976758495514281e-04 1.855244634804343714e-06 3.833465591637438696e-07 3.79 0.00023024361386 1.6e-09
2.220960433879091468e-05 2.883196004917522259e+00 1.216156152796513401e-01 1.825320485668507973e-04 -2.153210269374657271e-05 -7.861276851101093389e-07 3.79 0.00023024361386 1.6e-09
-2.007211573463127350e-05 3.996415514756204157e-01 -1.240266475340982832e-02 1.473708466480724984e-04 -1.852704964867774105e-05 -3.388479744979861308e-06 3.79 0.00023024361386 1.6e-09
8.253751973146714559e-05 2.580290848503840273e+00 6.322394154810352662e-02 1.672821842748143631e-04 2.583638718821786978e-05 1.336571549271304723e-06 3.79 0.00023024361386 1.6e-09
-1.397416852636725775e-06 3.785644850124239014e+00 1.435775729114172616e-01 2.300096396045190738e-04 5.768487618435903796e-07 3.015075371668534372e-07 3.79 0.00023024361386 1.6e-09
-2.192562796976018740e-05 2.716686796122172787e+00 1.173456062845099485e-01 1.741014083962932565e-04 -2.380881892072050129e-05 -9.847382053059907207e-07 3.79 0.00023024361386 1.6e-09
-6.690524899008261817e-05 3.899150586226051707e-01 -1.698715174050503124e-02 1.498303078737140380e-04 2.416974857296837256e-06 -2.138539556017217071e-06 3.79 0.00023024361386 1.6e-09
1.340538520116084945e-05 2.754792253248320666e+00 8.275582901919782686e-02 1.760200639307807390e-04 2.328823719932701826e-05 1.294613767445819622e-06 3.79 0.00023024361386 1.6e-09
8.162442099837391505e-05 3.788016543236227829e+00 1.550696720498947467e-01 2.301335970674444633e-04 -8.823585683774444074e-07 1.823591275575332947e-07 3.79 0.00023024361386 1.6e-09
-7.012144656160801957e-06 2.550072578595858452e+00 1.118318966784767055e-01 1.657789649863424582e-04 -2.629537035316898157e-05 -1.234870042864221349e-06 3.79 0.00023024361386 1.6e-09
6.384628362253059737e-05 4.030044580916996022e-01 -1.942863543685682121e-02 1.464369196111355107e-04 2.198110846817889519e-05 -5.025910481217191564e-07 3.79 0.00023024361386 1.6e-09
-4.279749898102814458e-05 2.912045539040625464e+00 1.047802591646145587e-01 1.839969896940822397e-04 2.120084082924341031e-05 1.259623517843330830e-06 3.79 0.00023024361386 1.6e-09
-7.864291859870218735e-05 3.805369191550461050e+00 1.692423781879733857e-01 2.310432425850594655e-04 -1.993811248361425159e-06 6.233175533111521433e-08 3.79 0.00023024361386 1.6e-09
6.387000552912355594e-05 2.444207295211763942e+00 1.090829329982364593e-01 1.605443031173302943e-04 -2.806509362667909891e-05 -1.474781892958424353e-06 3.79 0.00023024361386 1.6e-09
-2.421363550949792460e-05 4.219938904804118041e-01 -1.960046710750928955e-02 1.419081552923856645e-04 3.294392640410948438e-05 8.254077060683430327e-07 3.79 0.00023024361386 1.6e-09
-8.409072108469359979e-05 3.008998635748000083e+00 1.239605473218752807e-01 1.889484040943426035e-04 2.009861048170037803e-05 1.245153054654962208e-06 3.79 0.00023024361386 1.6e-09
7.570610267499536055e-06 3.833978673523660063e+00 1.826313134894554102e-01 2.325519172478968891e-04 -2.470480477533776566e-06 -3.144061141478516719e-08 3.79 0.00023024361386 1.6e-09
6.547824951684624330e-05 2.430282291511340453e+00 1.098801767599494883e-01 1.598195379550896092e-04 -2.852337094148655000e-05 -1.630414891408952596e-06 3.79 0.00023024361386 1.6e-09
6.332985657979642194e-05 4.245141973152273818e-01 -1.902454022137490403e-02 1.411136284855220909e-04 3.494360766070953213e-05 1.636950696843090049e-06 3.79 0.00023024361386 1.6e-09
-7.607754317132853661e-05 3.035656284224391488e+00 1.374538630774008174e-01 1.902881231703439243e-04 2.006126155299553981e-05 1.254856227119641471e-06 3.79 0.00023024361386 1.6e-09
7.197619051262888292e-05 3.873177353971506420e+00 1.929322889437667388e-01 2.346315574409422121e-04 -2.221634079813234740e-06 -8.913338387518598759e-08 3.79 0.00023024361386 1.6e-09
-5.812874647994939031e-05 2.515705547056364288e+00 1.138531210514501235e-01 1.639585735705360826e-04 -2.753292273713992821e-05 -1.665697876194647236e-06 3.79 0.00023024361386 1.6e-09
5.663521747259326711e-05 4.055040763357653510e-01 -1.895485101697705690e-02 1.450401153602327126e-04 2.813151779207757815e-05 1.928131629714639660e-06 3.79 0.00023024361386 1.6e-09
-6.080893994066451796e-05 2.987580120801939465e+00 1.424186284542444669e-01 1.877673156085595571e-04 2.108063493583237040e-05 1.281006935836465318e-06 3.79 0.00023024361386 1.6e-09
-3.196465308612088282e-05 3.916114277702023472e+00 1.969181226171944910e-01 2.369184509923204988e-04 -1.285803435894083410e-06 -1.090991923518240795e-07 3.79 0.00023024361386 1.6e-09
-7.210001855681740966e-05 2.685294362132697010e+00 1.184931554904762180e-01 1.723606222675701639e-04 -2.536682245438041551e-05 -1.577033459648894611e-06 3.79 0.00023024361386 1.6e-09
-7.277443959080472080e-05 3.831927001922356135e-01 -1.940283629455640674e-02 1.504006657988357111e-04 1.076241926051419099e-05 1.578157650981993132e-06 3.79 0.00023024361386 1.6e-09
-5.786595258295020554e-05 2.855706538162819719e+00 1.343997107975350713e-01 1.809787929542313982e-04 2.310114903095825004e-05 1.300055715273574307e-06 3.79 0.00023024361386 1.6e-09
-2.320779430477682201e-05 3.937434561870636340e+00 1.888346370374829053e-01 2.380561221124641552e-04 9.040046291445973170e-08 -9.541948286620941958e-08 3.79 0.00023024361386 1.6e-09
-3.850330427267218303e-06 2.876415874107337345e+00 1.176096502743254474e-01 1.820375366702636950e-04 -2.281729169482656587e-05 -1.392743675808240062e-06 3.79 0.00023024361386 1.6e-09
-4.147728190849705771e-05 3.847625752112836528e-01 -1.928230668827083175e-02 1.500229211821824083e-04 -1.281225854523310346e-05 7.196899898730894484e-07 3.79 0.00023024361386 1.6e-09
5.931284906139064382e-05 2.663749012791151394e+00 1.154254897029565602e-01 1.712777981985931118e-04 2.569787149859995492e-05 1.299736037881658160e-06 3.79 0.00023024361386 1.6e-09
-6.059461229740392382e-06 3.917554578809305355e+00 1.700238634206243937e-01 2.369951226246635328e-04 1.479287661325728842e-06 -5.834002007181825406e-08 3.79 0.00023024361386 1.6e-09
1.877794291470708855e-05 3.010721742320639827e+00 1.094690183974891956e-01 1.889610585904568361e-04 -2.079371275572344943e-05 -1.183840627301482415e-06 3.79 0.00023024361386 1.6e-09
-3.675504503406584847e-05 4.104377459560747399e-01 -1.797519693948924566e-02 1.439577951008814874e-04 -3.038068839551579973e-05 -3.409872905922962863e-08 3.79 0.00023024361386 1.6e-09
7.618044100467211729e-05 2.490156621505377643e+00 9.651275260075785345e-02 1.626960922292127539e-04 2.797126798179185803e-05 1.283652668706728213e-06 3.79 0.00023024361386 1.6e-09
3.001778876934611736e-05 3.877443531306365099e+00 1.512814374213453106e-01 2.348573107362339626e-04 2.468112014811910187e-06 -1.754227126853137404e-08 3.79 0.00023024361386 1.6e-09
7.057666202282791141e-05 3.069593236885731713e+00 1.002741676115927738e-01 1.920414349770285713e-04 -1.965910266240200615e-05 -1.021662211283473900e-06 3.79 0.00023024361386 1.6e-09
-3.705196265835017800e-06 4.347513753689895011e-01 -1.616957825185335457e-02 1.390505420356206437e-04 -3.819640241992958510e-05 -4.246709220145494450e-07 3.79 0.00023024361386 1.6e-09
1.147891966908171454e-05 2.390649396884509059e+00 8.291343479442114806e-02 1.578834668341527075e-04 2.921655250783251450e-05 1.237113977928681595e-06 3.79 0.00023024361386 1.6e-09
1.010072818222505715e-04 3.840879162850107331e+00 1.366504721917087273e-01 2.329148017709367787e-04 2.867013256483653749e-06 1.032941561975068695e-08 3.79 0.00023024361386 1.6e-09
-4.319340051093502276e-05 3.064464020566022739e+00 9.218576941872930197e-02 1.918090366682845445e-04 -1.941402740121664534e-05 -9.185536901938023242e-07 3.79 0.00023024361386 1.6e-09
1.112957915090843531e-05 4.389344652485946963e-01 -1.461032620930523968e-02 1.384589150147882172e-04 -3.857843691487339652e-05 -4.961045613915935258e-07 3.79 0.00023024361386 1.6e-09
4.163999597414977773e-05 2.377680015550729387e+00 7.348713527146139013e-02 1.572978667152002150e-04 2.919615618092867332e-05 1.135456290073938372e-06 3.79 0.00023024361386 1.6e-09
4.080566978603043045e-05 3.814127219522769785e+00 1.235023148333575516e-01 2.315016824449314084e-04 2.652286493366978744e-06 1.841430116861075764e-08 3.79 0.00023024361386 1.6e-09
6.179468836006553399e-06 3.000180619889504019e+00 8.307791606607750623e-02 1.885151312190893799e-04 -2.007007883213590368e-05 -8.524328685520754202e-07 3.79 0.00023024361386 1.6e-09
-6.514703894358298247e-05 4.217878266431393519e-01 -1.336963955874383679e-02 1.421661552021937012e-04 -3.210254481555651859e-05 -2.679117510997264502e-07 3.79 0.00023024361386 1.6e-09
4.904893936282948077e-05 2.448467910917027979e+00 6.618413618745017102e-02 1.607725945446489171e-04 2.793893135276207944e-05 9.637491366184589094e-07 3.79 0.00023024361386 1.6e-09
-1.591307674117304244e-05 3.796025616738598618e+00 1.085094097751915926e-01 2.305530510202403191e-04 1.824357786867305226e-06 1.756957305409666564e-09 3.79 0.00023024361386 1.6e-09
4.028325253441962539e-05 2.876119825921332307e+00 7.039558243135862758e-02 1.821730888803484941e-04 -2.164607290010206122e-05 -7.992509151506714356e-07 3.79 0.00023024361386 1.6e-09
5.404707013443091606e-05 3.980445216970773803e-01 -1.202334850389333472e-02 1.477660329668294018e-04 -1.738558953499366153e-05 2.833003411189332413e-07 3.79 0.00023024361386 1.6e-09
-8.004130320545147046e-05 2.590644632420761262e+00 6.125628564404331233e-02 1.677950310745053976e-04 2.571583254950954425e-05 7.503623917861642017e-07 3.79 0.00023024361386 1.6e-09
-1.118710290196380652e-04 3.787734638399262721e+00 9.233788109907700714e-02 2.301220788171846887e-04 5.099396179327341651e-07 -4.353823157764543422e-08 3.79 0.00023024361386 1.6e-09
6.776223811920776164e-06 2.708731563082889426e+00 5.460816187366701602e-02 1.737009629983877318e-04 -2.397393233670163266e-05 -7.526895507313348187e-07 3.79 0.00023024361386 1.6e-09
-2.413706184304872417e-05 3.896293864890932879e-01 -1.019463243708113379e-02 1.498966858455868145e-04 3.761484332699152669e-06 1.029843985004778184e-06 3.79 0.00023024361386 1.6e-09
-5.131673440236460656e-05 2.766631076242134668e+00 6.149986253060669983e-02 1.766140622596468874e-04 2.319034418741980309e-05 5.781193839449552795e-07 3.79 0.00023024361386 1.6e-09
-6.487319549038233243e-05 3.794342749523615943e+00 8.179769553116850167e-02 2.304702080092055165e-04 -9.144661365802254780e-07 -1.057320308389478454e-07 3.79 0.00023024361386 1.6e-09
2.299396356993105086e-05 2.551225922482576625e+00 4.160735182531136167e-02 1.658309731022304168e-04 -2.637194864364055536e-05 -7.393175502741040823e-07 3.79 0.00023024361386 1.6e-09
2.137209889466299843e-05 4.026547029424170088e-01 -8.204514214092614721e-03 1.464976178129340483e-04 2.226476383795977033e-05 1.646757880345484989e-06 3.79 0.00023024361386 1.6e-09
-2.823949365496030545e-05 2.916681780527457413e+00 6.628875601976332022e-02 1.842290348373241070e-04 2.123530488303954948e-05 4.928460011050827702e-07 3.79 0.00023024361386 1.6e-09
-3.520041846498803194e-05 3.814572302842115903e+00 8.009959371975286513e-02 2.315333906308270225e-04 -1.947130763009159239e-06 -1.570859174427003384e-07 3.79 0.00023024361386 1.6e-09
-1.981968878291744205e-05 2.459391160597940384e+00 3.581980336112933205e-02 1.612797049464940948e-04 -2.794756154566428605e-05 -7.681599470760205558e-07 3.79 0.00023024361386 1.6e-09
-6.125439315351377978e-05 4.186384561569206353e-01 -6.873135832171362904e-03 1.426059460749010317e-04 3.195636210770513906e-05 2.004253900522580871e-06 3.79 0.00023024361386 1.6e-09
1.435345625676677956e-05 3.003878109359552795e+00 7.174079541020819684e-02 1.886794167210558023e-04 2.028215331051806547e-05 4.703734026070616859e-07 3.79 0.00023024361386 1.6e-09
8.537684624246793608e-05 3.844749459476292319e+00 8.311175549165636389e-02 2.331273194900637647e-04 -2.328916471584573842e-06 -1.846278598972435999e-07 3.79 0.00023024361386 1.6e-09
7.188757826243783670e-05 2.458545803913679606e+00 3.566276575816658412e-02 1.611921435195393223e-04 -2.822459163573841641e-05 -8.014027041268282859e-07 3.79 0.00023024361386 1.6e-09
8.874044449089418579e-06 4.179908197667711045e-01 -6.626130003287778944e-03 1.424846850102593041e-04 3.284014906365173239e-05 2.214657954317823593e-06 3.79 0.00023024361386 1.6e-09
7.327878778345575021e-05 3.021201719734223801e+00 7.528805621492792866e-02 1.895371138452400231e-04 2.037600465332667696e-05 4.751167019576299657e-07 3.79 0.00023024361386 1.6e-09
-5.063130389872452108e-05 3.884186726103839860e+00 8.622339600552983430e-02 2.352216006478656768e-04 -1.989538400053725744e-06 -1.939377022868081917e-07 3.79 0.00023024361386 1.6e-09
1.387254249385287116e-05 2.553277102285147482e+00 3.782220408138944889e-02 1.658088412792244342e-04 -2.710801552526897256e-05 -8.008150125323079610e-07 3.79 0.00023024361386 1.6e-09
5.898717601075822406e-05 3.989403051827855040e-01 -7.267520221625275827e-03 1.465969672298452929e-04 2.472846298574016741e-05 2.338910392992118855e-06 3.79 0.00023024361386 1.6e-09
1.490549337331198621e-05 2.963762492584725905e+00 7.352504032421343372e-02 1.865379570564170471e-04 2.151285844683524704e-05 4.668338949144077966e-07 3.79 0.00023024361386 1.6e-09
1.135120885107589910e-04 3.924476837915315208e+00 8.359329402683715604e-02 2.373681674607343067e-04 -1.025099983653955366e-06 -1.929648075473072377e-07 3.79 0.00023024361386 1.6e-09
-2.634116303152187367e-05 2.724521527295392431e+00 3.759834012051996299e-02 1.743337932297925189e-04 -2.491173702219245489e-05 -7.330295506515050815e-07 3.79 0.00023024361386 1.6e-09
4.749059491340793221e-06 3.808282616669868559e-01 -8.159199022529560474e-03 1.510600040903932332e-04 6.344571084473724274e-06 2.245660095889648584e-06 3.79 0.00023024361386 1.6e-09
-2.657616710759055982e-05 2.824442681061245519e+00 6.066434489378179362e-02 1.793858991147631696e-04 2.360736394620109048e-05 3.957394384200594094e-07 3.79 0.00023024361386 1.6e-09
-9.553542285774756877e-05 3.940381257582256325e+00 6.747703564673393495e-02 2.382163627486698311e-04 3.623462779711197335e-07 -1.781945847908024681e-07 3.79 0.00023024361386 1.6e-09
3.975917470585860897e-05 2.908120809596736578e+00 2.919777053181973198e-02 1.836630439999680365e-04 -2.243734530565869581e-05 -5.724236788571657255e-07 3.79 0.00023024361386 1.6e-09
2.242214502386411968e-05 3.877732110641560759e-01 -8.256043715551952128e-03 1.492749235344256048e-04 -1.669420631797430147e-05 1.822158543780861424e-06 3.79 0.00023024361386 1.6e-09
-7.353117170803172926e-05 2.632501836109923943e+00 3.832537362199422981e-02 1.697145240353890925e-04 2.620854270208980750e-05 2.653903472836670038e-07 3.79 0.00023024361386 1.6e-09
-4.664319572762705207e-05 3.917573525275065194e+00 4.131555138563494656e-02 2.369978623146410193e-04 1.716287587753710622e-06 -1.333575348972680353e-07 3.79 0.00023024361386 1.6e-09
9.662833229663769948e-06 3.034986219585826372e+00 1.583862269384908247e-02 1.902186208467945209e-04 -2.049123030369305159e-05 -3.553749405548070684e-07 3.79 0.00023024361386 1.6e-09
-3.362988411077174087e-05 4.166357971781449177e-01 -6.612945182119776139e-03 1.426041644920892260e-04 -3.312030749126349807e-05 1.209098424331169548e-06 3.79 0.00023024361386 1.6e-09
-1.790380454660951790e-05 2.462746369849734052e+00 1.651503309066637559e-02 1.613511147687383572e-04 2.844279747887012749e-05 1.409008549989183148e-07 3.79 0.00023024361386 1.6e-09
7.185549851918704043e-05 3.878103595001237913e+00 1.881649924560824944e-02 2.348929092254976533e-04 2.679331836502162835e-06 -5.570102684782263868e-08 3.79 0.00023024361386 1.6e-09
1.315625368810666206e-05 3.092866081719115812e+00 7.616204633062357426e-03 1.932503250836357456e-04 -1.937045894230916005e-05 -1.583555746994834691e-07 3.79 0.00023024361386 1.6e-09
-5.039511026572631293e-05 4.430517147808286649e-01 -3.447419498602030934e-03 1.374563968538289262e-04 -4.052785114732265970e-05 5.094484893338717712e-07 3.79 0.00023024361386 1.6e-09
-1.738092163473998770e-09 2.362848596596649919e+00 -7.045680288641732389e-04 1.565358078476477904e-04 2.971068447222619717e-05 6.206227895047315944e-08 3.79 0.00023024361386 1.6e-09
7.203389820923723243e-05 3.843348878786732925e+00 4.933253246117033294e-03 2.330449561482276371e-04 3.112585400134818042e-06 4.333069494984116203e-08 3.79 0.00023024361386 1.6e-09
-6.294482056477929111e-05 3.094251453683425801e+00 7.188716651436877908e-03 1.933520643473030814e-04 -1.905124957216031926e-05 -8.066730948800434061e-09 3.79 0.00023024361386 1.6e-09
-6.139668774623465667e-06 4.499531539287765503e-01 1.063217937058761025e-04 1.363757187620584380e-04 -4.151512237789890965e-05 -2.777876283352849951e-07 3.79 0.00023024361386 1.6e-09
3.443405175791769727e-05 2.341346680081556997e+00 -1.423128375989148389e-02 1.555378912102167071e-04 2.983919702025718832e-05 3.093642833052225894e-08 3.79 0.00023024361386 1.6e-09
-1.736818941688128922e-05 3.818732328185797886e+00 -2.521698683846312211e-03 2.317430664160683579e-04 3.003388965206872134e-06 1.499177782049234170e-07 3.79 0.00023024361386 1.6e-09
6.773934729510449563e-05 3.045579800283197081e+00 1.178106723676602963e-02 1.908541877748226947e-04 -1.950995055286129588e-05 1.032165935452881367e-07 3.79 0.00023024361386 1.6e-09
-5.283378572689561604e-05 4.353476946714778251e-01 2.635275571211146382e-03 1.393403874278236593e-04 -3.703066910707995319e-05 -1.181077650481087646e-06 3.79 0.00023024361386 1.6e-09
-2.029740871932745512e-05 2.393899059254766648e+00 -2.482654951991541958e-02 1.581059094999687101e-04 2.886786252509127679e-05 3.685757353340848782e-08 3.79 0.00023024361386 1.6e-09
-1.547064807347713192e-05 3.802288158041668531e+00 -6.286524793126073429e-03 2.308807934623281614e-04 2.352601035036136310e-06 2.470914156994487013e-07 3.79 0.00023024361386 1.6e-09
8.334564232789814153e-05 2.945556189030555938e+00 1.790156022588853396e-02 1.857206194130086815e-04 -2.074611033268139405e-05 1.808722372094177981e-07 3.79 0.00023024361386 1.6e-09
-4.537796021900097378e-05 4.095576307214326972e-01 2.758288491837406538e-03 1.450102558508878348e-04 -2.584413012756058096e-05 -2.151119682019792267e-06 3.79 0.00023024361386 1.6e-09
-4.558813153050111531e-05 2.512559251508733382e+00 -3.045958989078503820e-02 1.639262857311660519e-04 2.694054027488861211e-05 8.534411483670768482e-08 3.79 0.00023024361386 1.6e-09
-6.149667881368129946e-05 3.791768830535642287e+00 -5.575169764493948660e-03 2.303335611422811791e-04 1.212009469481901969e-06 3.142982578475487694e-07 3.79 0.00023024361386 1.6e-09
-1.716216992347045908e-05 2.796142046743725462e+00 2.408350990393517965e-02 1.781120933030453757e-04 -2.275483421047877735e-05 2.028137305775398384e-07 3.79 0.00023024361386 1.6e-09
2.380710191968575212e-05 3.910722876997933528e-01 -3.305230209119867620e-04 1.495742633007079525e-04 -7.205111611671217425e-06 -2.931246858026170278e-06 3.79 0.00023024361386 1.6e-09
7.179375919651214332e-05 2.677960573884083040e+00 -2.594931827200601046e-02 1.721559775661592141e-04 2.443911396739108092e-05 2.107987556341394135e-07 3.79 0.00023024361386 1.6e-09
-1.122190564641330966e-04 3.789390014419685038e+00 5.939440254942059474e-03 2.302109209002164958e-04 -2.253932817398783815e-07 3.401112940313261653e-07 3.79 0.00023024361386 1.6e-09
-9.980499350766054863e-06 2.623709816725992461e+00 3.318753312047689752e-02 1.694411382347007784e-04 -2.524709940763286250e-05 1.067833832961516336e-07 3.79 0.00023024361386 1.6e-09
2.807035956834246101e-05 3.947161869604695061e-01 -5.958589170957906064e-03 1.485710959603957280e-04 1.399552985677585674e-05 -3.161477592702241305e-06 3.79 0.00023024361386 1.6e-09
-3.463350805764090536e-05 2.848411124817982198e+00 -9.600532435883202959e-03 1.807596811981496544e-04 2.207352412974444481e-05 4.147927010825194068e-07 3.79 0.00023024361386 1.6e-09
-2.015066875315280526e-05 3.799036765711993446e+00 3.160650738263380555e-02 2.307153510188206615e-04 -1.564661486132420340e-06 3.385383078446541733e-07 3.79 0.00023024361386 1.6e-09
-5.957391580680958536e-05 2.481577114462149680e+00 4.838446560085246650e-02 1.623919549510301555e-04 -2.747036136779493001e-05 -1.378162839041269274e-07 3.79 0.00023024361386 1.6e-09
4.105870436201729213e-06 4.148526171524404282e-01 -1.201200705432884513e-02 1.436116995906919409e-04 2.934081230113464096e-05 -2.874432018171148360e-06 3.79 0.00023024361386 1.6e-09
2.635376985054741590e-05 2.976946179961080574e+00 1.286785953727456744e-02 1.873166223570041551e-04 2.044745594209534028e-05 6.390080570799955338e-07 3.79 0.00023024361386 1.6e-09
7.195015946716808164e-05 3.819564036283463082e+00 6.439098478785967861e-02 2.317932305643635488e-04 -2.411203980504556698e-06 3.293585773871988298e-07 3.79 0.00023024361386 1.6e-09
-7.067710932812362235e-05 2.413161641458625439e+00 6.741197908471617539e-02 1.590147325482670743e-04 -2.869796436208578541e-05 -4.514029697961489275e-07 3.79 0.00023024361386 1.6e-09
5.879244022029812377e-06 4.295004630456713546e-01 -1.663684876990339373e-02 1.402447944941952131e-04 3.598359330525215436e-05 -2.470120969893675677e-06 3.79 0.00023024361386 1.6e-09
-1.210651409753898299e-05 3.042379146618126917e+00 3.651574653272425530e-02 1.906601134082426974e-04 1.981038285022072528e-05 8.516293664395972218e-07 3.79 0.00023024361386 1.6e-09
8.651873890833057306e-05 3.850300329876593430e+00 9.785910717194545860e-02 2.334181584186128026e-04 -2.590284736893541097e-06 3.192052135742376324e-07 3.79 0.00023024361386 1.6e-09
-7.772977168850922318e-05 2.436915615421889836e+00 8.786154107776891764e-02 1.601255036032390284e-04 -2.857751112495698258e-05 -7.353301757476332673e-07 3.79 0.00023024361386 1.6e-09
-6.024943368000604922e-05 4.227779122233693565e-01 -1.917324470129784519e-02 1.413712278561087086e-04 3.473034567209873423e-05 -2.263160073888971346e-06 3.79 0.00023024361386 1.6e-09
-6.787816450893590921e-05 3.040661149920601325e+00 5.914538017201446951e-02 1.905339382417151420e-04 2.017365207110698107e-05 1.057106787789840183e-06 3.79 0.00023024361386 1.6e-09
8.060147643411501577e-06 3.890547838697320238e+00 1.298546693553847553e-01 2.355571693334635732e-04 -2.076708123852601222e-06 3.124071587558921925e-07 3.79 0.00023024361386 1.6e-09
5.378122912805240673e-06 2.554533902522066136e+00 1.096498846243194880e-01 1.658601744059534796e-04 -2.711072764476422892e-05 -9.335511875143060271e-07 3.79 0.00023024361386 1.6e-09
5.433496568562666356e-05 3.985680465699215080e-01 -1.959911402757928342e-02 1.466131671008242534e-04 2.448960427006718638e-05 -2.453062825148277354e-06 3.79 0.00023024361386 1.6e-09
1.700945026050388204e-05 2.964037626392317382e+00 7.704738767440535985e-02 1.865456310969348128e-04 2.153172313048883613e-05 1.257685070512287318e-06 3.79 0.00023024361386 1.6e-09
-5.623878754954538651e-05 3.928040435723946899e+00 1.568626392350355170e-01 2.375556183283643926e-04 -9.609066063869447837e-07 3.162143096026477534e-07 3.79 0.00023024361386 1.6e-09
-6.853287116068138072e-05 2.738925832902299184e+00 1.309208440765701753e-01 1.750545918147776393e-04 -2.468952980568359806e-05 -1.022372060520663976e-06 3.79 0.00023024361386 1.6e-09
3.620832695667269006e-05 3.806194977699671744e-01 -1.798486076970401068e-02 1.510857607228320251e-04 4.225314761794947714e-06 -3.092226040832432459e-06 3.79 0.00023024361386 1.6e-09
5.842552696223476374e-05 2.807618660808224753e+00 8.421362526660501613e-02 1.785312717175528653e-04 2.377937361810659352e-05 1.438281535421375911e-06 3.79 0.00023024361386 1.6e-09
-9.102984285379364779e-05 3.935084400959035111e+00 1.723916984008060094e-01 2.379311254618378412e-04 4.633667730143705424e-07 3.365357658434187747e-07 3.79 0.00023024361386 1.6e-09
3.199796562513728310e-05 2.916401929515803015e+00 1.458337201807207717e-01 1.840890539974774883e-04 -2.223005717517189365e-05 -1.017493941521459889e-06 3.79 0.00023024361386 1.6e-09
6.890921592713100707e-05 3.903823899143432086e-01 -1.500954514315777644e-02 1.486284267455437831e-04 -1.843204104015357098e-05 -3.770981486857668663e-06 3.79 0.00023024361386 1.6e-09
6.160262507066007842e-05 2.614278584523092253e+00 8.219311679610293020e-02 1.688138052948755133e-04 2.634210911892507348e-05 1.599768763292927284e-06 3.79 0.00023024361386 1.6e-09
-3.526882343874236496e-05 3.905594726378185833e+00 1.781664574525470557e-01 2.363569694600147191e-04 1.755446728068347355e-06 3.699672266787742655e-07 3.79 0.00023024361386 1.6e-09
-5.807293425650678136e-05 3.027125166394971423e+00 1.536167185253592415e-01 1.898189960489572530e-04 -2.044367239068834856e-05 -9.855611317508642860e-07 3.79 0.00023024361386 1.6e-09
6.932270313812377322e-05 4.176671206465626396e-01 -1.231335560975130999e-02 1.424249448741879691e-04 -3.299743193482992650e-05 -4.118564058270885906e-06 3.79 0.00023024361386 1.6e-09
-5.516623895846653274e-07 2.460027662374304036e+00 8.026730062275858057e-02 1.612290780705303574e-04 2.834057884857014010e-05 1.751226623768100883e-06 3.79 0.00023024361386 1.6e-09
5.344240294251623440e-05 3.865400090778124298e+00 1.831740771944576629e-01 2.342154289712937822e-04 2.584414239068833990e-06 3.954579399538899225e-07 3.79 0.00023024361386 1.6e-09
5.790501771626577340e-05 3.068382837936833418e+00 1.588469066259856621e-01 1.919873700863001641e-04 -1.954494247955273589e-05 -9.951726598248847768e-07 3.79 0.00023024361386 1.6e-09
5.885041298026449528e-05 4.377730518866033149e-01 -1.149048772238609253e-02 1.385180602642335356e-04 -3.868180766664907374e-05 -4.187470988160806173e-06 3.79 0.00023024361386 1.6e-09
-1.884339958269841365e-05 2.382360584090805311e+00 8.291602685648463700e-02 1.574907967138153210e-04 2.926072271296728566e-05 1.870651324038449549e-06 3.79 0.00023024361386 1.6e-09
-2.887921276042287199e-05 3.831569984255218664e+00 1.900010216915364591e-01 2.324193135505454302e-04 2.848116840005553136e-06 3.912863775456219822e-07 3.79 0.00023024361386 1.6e-09
6.010439797008426124e-05 3.050977744386226043e+00 1.618328550610595995e-01 1.911161488739057343e-04 -1.948976415809851242e-05 -1.065620313362523014e-06 3.79 0.00023024361386 1.6e-09
-3.639147777447031387e-05 4.370753976329864177e-01 -1.321467304067543494e-02 1.388739566236579705e-04 -3.768269480464580699e-05 -3.979686166049254323e-06 3.79 0.00023024361386 1.6e-09
7.013787936813544767e-05 2.386684684596949602e+00 9.022501543004063373e-02 1.577407472761475817e-04 2.896637058367489880e-05 1.916390110463773725e-06 3.79 0.00023024361386 1.6e-09
-1.029741910179278279e-04 3.806550568486110731e+00 1.963708234564593702e-01 2.310989551110727259e-04 2.515692843008331720e-06 3.437771467462294575e-07 3.79 0.00023024361386 1.6e-09
-5.525417160731136540e-05 2.976021936550965474e+00 1.598385941934314380e-01 1.872755385999919293e-04 -2.029260144127658500e-05 -1.191348287136502394e-06 3.79 0.00023024361386 1.6e-09
5.813431859301967832e-05 4.174321583895775900e-01 -1.692133774956450926e-02 1.431371861898719463e-04 -2.987780328144353100e-05 -3.291824194363021240e-06 3.79 0.00023024361386 1.6e-09
-3.502415346614454574e-05 2.470511948708172589e+00 1.013429830313554020e-01 1.618552843232069609e-04 2.750810611420600270e-05 1.851107515887397451e-06 3.79 0.00023024361386 1.6e-09
-5.911538514603189415e-05 3.788573682694372557e+00 1.994219600251375679e-01 2.301569827762974050e-04 1.578837862511969525e-06 2.446333121029168170e-07 3.79 0.00023024361386 1.6e-09
1.684087683062359243e-05 2.840700586558958740e+00 1.501634576517875685e-01 1.803711896880771741e-04 -2.203377748557386760e-05 -1.362117276442033079e-06 3.79 0.00023024361386 1.6e-09
4.811926954547639777e-05 3.951680742008003566e-01 -2.062996087879279128e-02 1.484954580374323713e-04 -1.344632216904712274e-05 -1.817962088001453838e-06 3.79 0.00023024361386 1.6e-09
-4.272885347286688477e-05 2.622451833346678640e+00 1.158224316436815698e-01 1.693822155918622190e-04 2.513640512179463618e-05 1.677642325718474041e-06 3.79 0.00023024361386 1.6e-09
-3.717620234614333805e-05 3.780304352640342813e+00 1.987274479731698795e-01 2.297256698679894338e-04 1.797546725122873647e-07 9.724118367271876053e-08 3.79 0.00023024361386 1.6e-09
-5.601536216505650109e-05 2.664687301201121628e+00 1.334624878241693346e-01 1.714935074250121031e-04 -2.450080135966789952e-05 -1.556749906474444584e-06 3.79 0.00023024361386 1.6e-09
-1.081405474301191710e-05 3.918902598393506631e-01 -2.170793830693332552e-02 1.492993759009845556e-04 8.686770828385102731e-06 3.179877940851569293e-07 3.79 0.00023024361386 1.6e-09
-4.195058250257369939e-05 2.802066161518556697e+00 1.326267974422734308e-01 1.784092450884807390e-04 2.258861219780070121e-05 1.463451166633546697e-06 3.79 0.00023024361386 1.6e-09
1.696512103263045557e-05 3.788444746032311627e+00 1.973176854234797162e-01 2.301524009809847592e-04 -1.254514145167419638e-06 -6.905039386375467046e-08 3.79 0.00023024361386 1.6e-09
6.053043179794867935e-05 2.508407496159628991e+00 1.157357898861307854e-01 1.637171406866088383e-04 -2.692440576197642244e-05 -1.731981205573127273e-06 3.79 0.00023024361386 1.6e-09
4.946338325600431566e-05 4.097345335907646158e-01 -1.946123448468752015e-02 1.448000052268647270e-04 2.641923427590917061e-05 2.249437726076114236e-06 3.79 0.00023024361386 1.6e-09
5.201555002306434842e-05 2.947110464361684112e+00 1.478130076345828825e-01 1.857870286900479792e-04 2.073301429637378350e-05 1.282296457490777401e-06 3.79 0.00023024361386 1.6e-09
4.889249212458754662e-06 3.811087283450538266e+00 1.965379534625826818e-01 2.313421467431570630e-04 -2.212054497486060506e-06 -2.120069097283669281e-07 3.79 0.00023024361386 1.6e-09
4.571251605204138945e-05 2.428322605009320512e+00 1.023468845252824277e-01 1.597575617574918238e-04 -2.835869593569848225e-05 -1.834946454281390861e-06 3.79 0.00023024361386 1.6e-09
-2.071565674063074723e-05 4.258074585433540560e-01 -1.610873841013393815e-02 1.410249065465943676e-04 3.459580473907311203e-05 3.481669463240677138e-06 3.79 0.00023024361386 1.6e-09
-7.570893023206440656e-05 3.024252428074365007e+00 1.574978500859025021e-01 1.897243242165896665e-04 1.996595584690124566e-05 1.156267208756537112e-06 3.79 0.00023024361386 1.6e-09
-9.528507991624670910e-05 3.844901543411591405e+00 1.947354206218958883e-01 2.331298118117612031e-04 -2.452019825595757033e-06 -3.085936293549393838e-07 3.79 0.00023024361386 1.6e-09
-2.633515392334016643e-05 2.447186521478135646e+00 9.422534547522938564e-02 1.606292416637583641e-04 -2.835661371486701625e-05 -1.831645383986659924e-06 3.79 0.00023024361386 1.6e-09
3.740486842644107925e-06 4.206690089457805204e-01 -1.414274948848791291e-02 1.418303700639739467e-04 3.386987494259303727e-05 4.168171077578570272e-06 3.79 0.00023024361386 1.6e-09
-4.667950704270596297e-05 3.028411061530297488e+00 1.594658297002371217e-01 1.898995481479338551e-04 2.028422725894625788e-05 1.071965079788428140e-06 3.79 0.00023024361386 1.6e-09
1.122224896806126384e-04 3.889076401225579183e+00 1.891911484888038064e-01 2.354774916654134558e-04 -1.967610192447646043e-06 -3.570794496273747832e-07 3.79 0.00023024361386 1.6e-09
-4.171287809324360761e-05 2.567387368823718319e+00 8.940963191815921862e-02 1.664972605185081759e-04 -2.690286916661124663e-05 -1.714048956517731257e-06 3.79 0.00023024361386 1.6e-09
-2.690659361110194701e-05 3.968856120621473416e-01 -1.453317189681994741e-02 1.470031654211935500e-04 2.345096626507392262e-05 4.398590313239530355e-06 3.79 0.00023024361386 1.6e-09
4.922338971895650066e-05 2.952129432698271216e+00 1.500932052439058473e-01 1.859292007596303434e-04 2.168990426440079382e-05 9.961700411864030954e-07 3.79 0.00023024361386 1.6e-09
-5.619741316245873791e-05 3.931107848672379390e+00 1.743598264191862368e-01 2.377185382992703824e-04 -8.069982809145870749e-07 -3.644900728807425820e-07 3.79 0.00023024361386 1.6e-09
-5.548736153864586946e-06 2.760848727179722850e+00 8.244687667139591336e-02 1.761593744936650334e-04 -2.442290222371022918e-05 -1.489299544996098373e-06 3.79 0.00023024361386 1.6e-09
3.776257589173396742e-05 3.800794325672389729e-01 -1.641326410481130926e-02 1.512010466831182590e-04 2.080067166155881492e-06 3.977611224341398211e-06 3.79 0.00023024361386 1.6e-09
-4.339468524391329349e-05 2.788618527272157088e+00 1.259535899594496633e-01 1.775605117381761949e-04 2.408216954431977025e-05 8.902514776678597821e-07 3.79 0.00023024361386 1.6e-09
-7.321245797035262973e-05 3.939645936993927844e+00 1.449143059309052073e-01 2.381743409493088657e-04 6.788175466027365535e-07 -3.384022668583535166e-07 3.79 0.00023024361386 1.6e-09
4.244617403085338770e-05 2.946105779743047659e+00 6.706269633574016287e-02 1.856113281030029056e-04 -2.188974931604543018e-05 -1.191325771591181695e-06 3.79 0.00023024361386 1.6e-09
-1.341979250314189861e-05 3.938369190347736915e-01 -1.751600514201225034e-02 1.477341326711924241e-04 -2.149135711140697194e-05 3.055185401363299495e-06 3.79 0.00023024361386 1.6e-09
4.616700715759502614e-05 2.584683484762909877e+00 9.519960946508153332e-02 1.673382168188253748e-04 2.680574325014529986e-05 7.596979615802421545e-07 3.79 0.00023024361386 1.6e-09
-6.950286720932682331e-05 3.907633061473721803e+00 1.096777180774441002e-01 2.364657224060565447e-04 2.020835646243954082e-06 -2.864485789367016061e-07 3.79 0.00023024361386 1.6e-09
-6.241365026363316878e-05 3.057560399489615222e+00 4.823133595106997989e-02 1.913940464205469353e-04 -2.008779128801271304e-05 -8.995238852589375037e-07 3.79 0.00023024361386 1.6e-09
-6.106507813877883929e-05 4.254149675335904268e-01 -1.641267052195058765e-02 1.407736672245147767e-04 -3.588825981248461576e-05 2.214697293366407791e-06 3.79 0.00023024361386 1.6e-09
-1.852398462766166343e-05 2.425593102851414606e+00 6.895909858885464205e-02 1.595498103845041985e-04 2.889342949444498267e-05 6.231387074757829872e-07 3.79 0.00023024361386 1.6e-09
-7.017216338256240782e-05 3.865218912147367902e+00 8.048619815076230033e-02 2.342063726995278561e-04 2.859634324448045813e-06 -2.230313976689581845e-07 3.79 0.00023024361386 1.6e-09
-3.959380786563515900e-07 3.095310698089682955e+00 3.395827787825192456e-02 1.933870091084939310e-04 -1.922314306458382949e-05 -6.674506416995331249e-07 3.79 0.00023024361386 1.6e-09
-6.394332347228282119e-05 4.465527833742578001e-01 -1.352672971882004638e-02 1.368651590145100402e-04 -4.103038736882157466e-05 1.641899321361203307e-06 3.79 0.00023024361386 1.6e-09
3.153179321959229825e-05 2.350873873845880091e+00 4.836005238370177928e-02 1.559760807695832676e-04 2.978571918513087563e-05 4.779903706283143490e-07 3.79 0.00023024361386 1.6e-09
2.834692933474761449e-05 3.831253934352223389e+00 5.784696572148825822e-02 2.324043580380523238e-04 3.076631366108330399e-06 -1.564195640757781884e-07 3.79 0.00023024361386 1.6e-09
-5.010257039278168828e-06 3.072773384495927296e+00 2.443103184085319152e-02 1.922491066991611933e-04 -1.924044953599884439e-05 -4.833670848864387498e-07 3.79 0.00023024361386 1.6e-09
5.898917479388590207e-05 4.433731627532760955e-01 -9.713639491431686618e-03 1.376695022883971944e-04 -3.959906015728460163e-05 1.248196187449495827e-06 3.79 0.00023024361386 1.6e-09
-1.485270314242571269e-05 2.363477090028428318e+00 3.046994276785513697e-02 1.566225965879623869e-04 2.939585202989928345e-05 3.155605282822053955e-07 3.79 0.00023024361386 1.6e-09
-9.069063842045774887e-05 3.808118738775358114e+00 3.772275676047449205e-02 2.311852797652514551e-04 2.691005128685376407e-06 -9.073542861599932658e-08 3.79 0.00023024361386 1.6e-09
-4.784465157974364933e-05 2.993306296032658853e+00 1.665372883768843904e-02 1.881691856611905709e-04 -2.012697899704179652e-05 -3.166126322362417699e-07 3.79 0.00023024361386 1.6e-09
2.727969517259199784e-05 4.203617141037795379e-01 -5.790041786414070260e-03 1.425237873919947356e-04 -3.141563239719482865e-05 9.108946241539104567e-07 3.79 0.00023024361386 1.6e-09
4.652183265967133952e-05 2.456449480498923421e+00 1.369427378968378871e-02 1.611689032845769099e-04 2.781539889759212963e-05 1.417664965510456479e-07 3.79 0.00023024361386 1.6e-09
2.176783998206987235e-05 3.793794435998294912e+00 1.751720541289675595e-02 2.304375650027162738e-04 1.711417516310055402e-06 -3.535721869445364030e-08 3.79 0.00023024361386 1.6e-09
6.210496992964861514e-05 2.858334580200846187e+00 8.141351946579547180e-03 1.812703061975745697e-04 -2.189361896043535383e-05 -1.495879239035589906e-07 3.79 0.00023024361386 1.6e-09
2.126435076867344391e-05 3.958604066858954496e-01 -2.734100992190771542e-03 1.483440060282055918e-04 -1.512990906020212156e-05 5.475773260124577090e-07 3.79 0.00023024361386 1.6e-09
-1.182225973229302207e-05 2.611657356088955328e+00 9.480696343556465223e-04 1.688411678587753873e-04 2.542469973504749849e-05 9.916968907221343401e-09 3.79 0.00023024361386 1.6e-09
-9.108823135488607417e-05 3.789263946295665875e+00 1.229882396954537233e-03 2.302043475133999130e-04 3.368929676297350196e-07 -2.510155641235246966e-09 3.79 0.00023024361386 1.6e-09
4.041898480527712659e-05 2.689575722855138018e+00 5.185217985229986781e-04 1.727377463290497592e-04 -2.427985800816159225e-05 -1.176809682706016088e-08 3.79 0.00023024361386 1.6e-09
-5.956522171769699386e-06 3.900823807917449537e-01 -1.498555071539434038e-03 1.497850381614638333e-04 6.178835972572797214e-06 1.685765740014296902e-07 3.79 0.00023024361386 1.6e-09
8.046804970755423757e-05 2.787134221938175394e+00 -2.374940124328100630e-03 1.776504625805312341e-04 2.292652086269111311e-05 -7.795511488746727815e-09 3.79 0.00023024361386 1.6e-09
-2.247651943979669015e-05 3.797611052326198333e+00 -1.952881152946651933e-03 2.306432191062248566e-04 -1.060518566810664379e-06 1.235715261351319645e-08 3.79 0.00023024361386 1.6e-09
-7.791978193642394622e-05 2.538212757223548888e+00 -1.869360017094014062e-04 1.651852107093543004e-04 -2.659847361702835259e-05 2.115993123742724609e-08 3.79 0.00023024361386 1.6e-09
-6.460504386444276749e-05 4.045594810147121190e-01 -2.265999995381273811e-03 1.460354161271551206e-04 2.375303044260111847e-05 -1.255305527266656781e-07 3.79 0.00023024361386 1.6e-09
-6.632680736970489311e-05 2.929691613693795826e+00 2.934985173458795268e-03 1.848940490259857539e-04 2.108533715064590819e-05 7.586613567268125956e-08 3.79 0.00023024361386 1.6e-09
-1.531361201656850795e-06 3.816719446392319082e+00 8.331696169627528584e-03 2.316470332992100417e-04 -2.042235048623388917e-06 2.783875122339590905e-08 3.79 0.00023024361386 1.6e-09
6.555164651427481065e-05 2.450743269191833384e+00 7.460643930378848057e-03 1.608535448100257333e-04 -2.811243945316566466e-05 -6.318668024903104734e-08 3.79 0.00023024361386 1.6e-09
-3.853750515554135324e-05 4.205850582123537573e-01 -4.243071256120440130e-03 1.421907584671513276e-04 3.279564180028635801e-05 -2.912564741330547376e-07 3.79 0.00023024361386 1.6e-09
2.191164836193953654e-05 3.011895613591922150e+00 1.232716887726871893e-02 1.890938559307338285e-04 2.018104766164812206e-05 2.014313953034806313e-07 3.79 0.00023024361386 1.6e-09
-9.183606779685915685e-05 3.844578541749712031e+00 2.510834759550252537e-02 2.331184347944612717e-04 -2.396702092626063895e-06 4.806313576562437081e-08 3.79 0.00023024361386 1.6e-09
-7.546087585416389344e-05 2.448381983025171404e+00 1.961519045235658384e-02 1.606975909238014648e-04 -2.837681454395356160e-05 -2.018772919426614038e-07 3.79 0.00023024361386 1.6e-09
6.397560230185458691e-05 4.203635975638962963e-01 -6.330839173922256369e-03 1.419936911549590916e-04 3.373403351973147755e-05 -3.650512941001206033e-07 3.79 0.00023024361386 1.6e-09
9.237338795393490540e-05 3.029239254548059090e+00 2.317705712906213689e-02 1.899556437457660101e-04 2.025164570589535817e-05 3.334247734362229008e-07 3.79 0.00023024361386 1.6e-09
4.781522321786619016e-05 3.881397926477579752e+00 4.343267180162943553e-02 2.350733206831316646e-04 -2.105306114685083565e-06 6.564774009686141022e-08 3.79 0.00023024361386 1.6e-09
6.993306971061439290e-05 2.535893416172490422e+00 3.310941791802415879e-02 1.649515464962010352e-04 -2.735473257823702124e-05 -3.349454563811848364e-07 3.79 0.00023024361386 1.6e-09
-5.303539301028038940e-05 4.018451387826241783e-01 -7.652017827267130340e-03 1.459210534726945621e-04 2.644074372239423111e-05 -4.193265029556857281e-07 3.79 0.00023024361386 1.6e-09
-9.208155600501838128e-05 2.977103888157322409e+00 3.230909675497400935e-02 1.872288612622913066e-04 2.130712471354777521e-05 4.441078676474292786e-07 3.79 0.00023024361386 1.6e-09
1.046205562372076454e-04 3.920133594630866192e+00 5.833376790990114219e-02 2.371369135421036597e-04 -1.196122030716728309e-06 7.636684804208855367e-08 3.79 0.00023024361386 1.6e-09
-4.667326882660022047e-05 2.697986635321955262e+00 4.469490401761370968e-02 1.730011687060490689e-04 -2.526029683486879699e-05 -4.121494976514772032e-07 3.79 0.00023024361386 1.6e-09
2.396407009176397952e-06 3.821924167626561397e-01 -7.712257377007794915e-03 1.507201978296497636e-04 9.402212024425305354e-06 -5.691819460790835854e-07 3.79 0.00023024361386 1.6e-09
6.231329353344895576e-05 2.848145614098958056e+00 3.315293166533876679e-02 1.805979922608060245e-04 2.325301393146801852e-05 4.928551756940976559e-07 3.79 0.00023024361386 1.6e-09
5.551313392537913680e-05 3.938298326652970971e+00 6.179409489248503806e-02 2.381058721434710606e-04 1.239137144186015933e-07 8.883686716852404461e-08 3.79 0.00023024361386 1.6e-09
-5.766946299705304988e-05 2.878351065686749255e+00 4.918406837803204062e-02 1.821412386958096217e-04 -2.282821948529687285e-05 -3.910862955865184851e-07 3.79 0.00023024361386 1.6e-09
-1.635392466733509898e-05 3.846107449367762166e-01 -6.409833982247249880e-03 1.501100274289032626e-04 -1.297371660921882967e-05 -8.686062789231276792e-07 3.79 0.00023024361386 1.6e-09
3.242261872780805850e-05 2.665254004412745292e+00 2.352946854405699867e-02 1.713548174029077024e-04 2.574051475102479870e-05 4.756990755779555518e-07 3.79 0.00023024361386 1.6e-09
-1.069584187809531135e-04 3.920065880705841721e+00 5.312658778096364387e-02 2.371318163768718827e-04 1.471071189928388531e-06 1.239868343448584171e-07 3.79 0.00023024361386 1.6e-09
7.283076536522590063e-05 3.009519131753541910e+00 4.700553147121229458e-02 1.889001284188841800e-04 -2.086113431836483681e-05 -2.888730124527979651e-07 3.79 0.00023024361386 1.6e-09
-6.071207121873466276e-05 4.094375340211860448e-01 -3.974972472684017155e-03 1.442068981751656116e-04 -3.009689713544052582e-05 -1.258495486872922334e-06 3.79 0.00023024361386 1.6e-09
-5.981905531852239774e-05 2.496331733269258280e+00 1.138185954500005315e-02 1.629949985801507160e-04 2.797061573515548087e-05 4.540677569688328455e-07 3.79 0.00023024361386 1.6e-09
-1.892679033025802663e-05 3.883080905413115680e+00 4.393440196122158636e-02 2.351591258350268902e-04 2.459091128985792079e-06 1.878793679783889562e-07 3.79 0.00023024361386 1.6e-09
7.760515188808674318e-06 3.073700878082186616e+00 4.658575967449164745e-02 1.922525830847624006e-04 -1.966803012411545058e-05 -1.831072197448178552e-07 3.79 0.00023024361386 1.6e-09
5.878805374198606097e-05 4.349882853049282794e-01 -1.155817179661748975e-03 1.389895318501560182e-04 -3.845437133266512542e-05 -1.753478142991410916e-06 3.79 0.00023024361386 1.6e-09
5.421316794896647879e-05 2.391124381891902573e+00 2.431116038184813043e-03 1.578988158778730588e-04 2.930298010272717237e-05 4.711217226535064584e-07 3.79 0.00023024361386 1.6e-09
-4.418185407108427085e-05 3.848428191939829102e+00 4.096235578044193915e-02 2.333158811815943786e-04 2.940336800401453928e-06 2.664508925876941832e-07 3.79 0.00023024361386 1.6e-09
-4.791251363834508426e-05 3.080743671786799975e+00 5.147879006556495274e-02 1.926474595692863540e-04 -1.927366915722760415e-05 -1.190718303067654635e-07 3.79 0.00023024361386 1.6e-09
-4.419593966898793786e-05 4.438508692325218163e-01 8.755927226499460835e-04 1.374917579493352144e-04 -4.003969642105384180e-05 -2.359337953160007424e-06 3.79 0.00023024361386 1.6e-09
-7.381515701737148701e-05 2.361804278102090038e+00 -2.546064543031075628e-03 1.565171046939312647e-04 2.955417716402460932e-05 5.253741457355606584e-07 3.79 0.00023024361386 1.6e-09
1.139835191031536061e-04 3.822605346827517181e+00 4.349593564420588254e-02 2.319492172315141469e-04 2.867793148166289525e-06 3.414886923110314404e-07 3.79 0.00023024361386 1.6e-09
-9.109384930669849989e-05 3.036562048938005631e+00 5.951985644204652037e-02 1.903856242316567630e-04 -1.964998174581670246e-05 -1.029853600276795554e-07 3.79 0.00023024361386 1.6e-09
-5.327034302799866882e-05 4.320685350541836334e-01 9.381037783493700096e-04 1.399777253518004927e-04 -3.598493045611035943e-05 -3.020194876956494115e-06 3.79 0.00023024361386 1.6e-09
1.509469390941404782e-05 2.406708241573320084e+00 -3.539778416689196537e-03 1.587247966406203940e-04 2.868231384067678868e-05 5.962998676498668182e-07 3.79 0.00023024361386 1.6e-09
2.737721528567996129e-05 3.804234369406310101e+00 4.925780517535228997e-02 2.309839753893698120e-04 2.265056151534616275e-06 3.939891872616893585e-07 3.79 0.00023024361386 1.6e-09
-4.583229763615875201e-05 2.938937165956007291e+00 6.728920019076627124e-02 1.853795768754150060e-04 -2.083831257449504767e-05 -1.368311010520462160e-07 3.79 0.00023024361386 1.6e-09
5.771666211696090999e-05 4.083162897866441932e-01 -1.761801100642675305e-03 1.452740240265437265e-04 -2.508974219620729084e-05 -3.560211188409685858e-06 3.79 0.00023024361386 1.6e-09
2.314758434708219032e-05 2.520267971886910541e+00 1.190897203562022279e-03 1.643063346953574160e-04 2.681809890628688751e-05 6.742008020349746120e-07 3.79 0.00023024361386 1.6e-09
2.442967712761324995e-07 3.791564448400409848e+00 5.836492997882822970e-02 2.303224516314637620e-04 1.141721470130045995e-06 4.049696392881876277e-07 3.79 0.00023024361386 1.6e-09
6.719329562168344224e-05 2.788797539887794663e+00 7.297794573216864755e-02 1.777385708210721166e-04 -2.285244801856720233e-05 -2.402174740892354621e-07 3.79 0.00023024361386 1.6e-09
-7.384785824316066191e-05 3.909059048035138373e-01 -7.011999430827851355e-03 1.496030244607027477e-04 -6.390393823534923310e-06 -3.622197566552598029e-06 3.79 0.00023024361386 1.6e-09
1.808032845692936902e-05 2.684586472276718538e+00 1.513023829124751987e-02 1.724882825728575749e-04 2.433247049583140580e-05 7.771532849483047312e-07 3.79 0.00023024361386 1.6e-09
-1.745806084323838739e-05 3.788047254548390530e+00 7.499407457291058787e-02 2.301390134998979498e-04 -2.997905229885079378e-07 3.684714936795624430e-07 3.79 0.00023024361386 1.6e-09
-6.669586278603212358e-05 2.614892884447029164e+00 7.879070967841120265e-02 1.690024801681900321e-04 -2.534755444113504544e-05 -4.502833260485691082e-07 3.79 0.00023024361386 1.6e-09
5.124415995220387251e-05 3.955055931196177488e-01 -1.309406145466934790e-02 1.483540299318106205e-04 1.482603020843466121e-05 -2.970443514555030677e-06 3.79 0.00023024361386 1.6e-09
3.099944123878573563e-05 2.855197592391028660e+00 3.783018297229996663e-02 1.811047810286059586e-04 2.196179184717837849e-05 9.097589604935104599e-07 3.79 0.00023024361386 1.6e-09
1.145356070954852795e-04 3.798461272235624797e+00 1.005613767873423381e-01 2.306832053919491898e-04 -1.628885138006429895e-06 3.061828142163446520e-07 3.79 0.00023024361386 1.6e-09
6.139894767052386576e-05 2.475837893855761251e+00 8.797617011942139575e-02 1.621076196144580336e-04 -2.754077558090913121e-05 -7.553999501995260538e-07 3.79 0.00023024361386 1.6e-09
-6.442281374501131663e-05 4.156781045581696699e-01 -1.781513720873889595e-02 1.433948307158575694e-04 2.979347247086019642e-05 -1.980428349326528607e-06 3.79 0.00023024361386 1.6e-09
-2.489167164042598355e-05 2.980757063341027191e+00 6.306906833375515442e-02 1.875091718420471938e-04 2.039644076450343333e-05 1.044757007854281155e-06 3.79 0.00023024361386 1.6e-09
-1.297456003820241920e-05 3.820765430408867402e+00 1.290377888042816557e-01 2.318551470781712517e-04 -2.410848158136812186e-06 2.449506083922341324e-07 3.79 0.00023024361386 1.6e-09
-1.475287467761280649e-06 2.416326844245312078e+00 9.991221393956885299e-02 1.591633546114121548e-04 -2.863909325936942596e-05 -1.060296121335215244e-06 3.79 0.00023024361386 1.6e-09
-4.649640562473657490e-05 4.282868476379665390e-01 -2.046512323833121760e-02 1.404525379143637168e-04 3.571543413392465707e-05 -1.172220742782530795e-06 3.79 0.00023024361386 1.6e-09
-9.427834149056838820e-05 3.039905548398202484e+00 8.633672794213836932e-02 1.905266875575559724e-04 1.986168091683762892e-05 1.175686513302970257e-06 3.79 0.00023024361386 1.6e-09
-8.459190662048246794e-05 3.853636079751201926e+00 1.559414936737704704e-01 2.335940326748176584e-04 -2.502512964772235053e-06 1.976707439142149067e-07 3.79 0.00023024361386 1.6e-09
7.941764086336598489e-05 2.452812610198786381e+00 1.138236759375889778e-01 1.608935398884694132e-04 -2.834600252175625758e-05 -1.281122216150340743e-06 3.79 0.00023024361386 1.6e-09
-3.832298691181412927e-05 4.187256556538231922e-01 -2.156600200366193612e-02 1.421966167945253176e-04 3.339631172148708668e-05 -7.817008525936431325e-07 3.79 0.00023024361386 1.6e-09
2.572498815317463520e-05 3.029023794979113227e+00 1.052907219759457030e-01 1.899266700533649359e-04 2.034859691303416720e-05 1.312134333956267407e-06 3.79 0.00023024361386 1.6e-09
1.031129286667345068e-04 3.895315072432612880e+00 1.794907780754089743e-01 2.358098661394487830e-04 -1.908903367173822687e-06 1.719225807333443526e-07 3.79 0.00023024361386 1.6e-09
6.483373011531109900e-05 2.583616569630705850e+00 1.296918921129657509e-01 1.672960532435447648e-04 -2.669822956144363648e-05 -1.381593877799159235e-06 3.79 0.00023024361386 1.6e-09
-5.317596459844168124e-05 3.939881825952362693e-01 -2.159230396861068491e-02 1.476964586656141461e-04 2.156664735912012945e-05 -9.600409899648959409e-07 3.79 0.00023024361386 1.6e-09
7.569628762316934253e-05 2.939899495831576282e+00 1.159234543871323631e-01 1.853002415936251014e-04 2.186418292656122024e-05 1.453447811556528210e-06 3.79 0.00023024361386 1.6e-09
-6.282045609546460334e-05 3.930476300819537805e+00 1.957182211929343330e-01 2.376844728237268909e-04 -7.098261891353825368e-07 1.728690326051702542e-07 3.79 0.00023024361386 1.6e-09
1.064709488725021933e-06 2.773349818631727359e+00 1.444335240345534510e-01 1.767928776829159258e-04 -2.420540824801523368e-05 -1.362672682155283056e-06 3.79 0.00023024361386 1.6e-09
-5.521899615365888163e-05 3.801138659725191715e-01 -2.041899218738299840e-02 1.512178201406281933e-04 1.745175268240826913e-09 -1.715504978549423879e-06 3.79 0.00023024361386 1.6e-09
-7.342253485135487204e-05 2.772287943123999288e+00 1.141058847888257177e-01 1.767381225223531717e-04 2.424030461025695191e-05 1.585252041824403274e-06 3.79 0.00023024361386 1.6e-09
-8.790663557516010997e-05 3.930865674606400795e+00 1.996994632125517755e-01 2.377049202113591382e-04 7.262551644659695796e-07 1.978857080157610618e-07 3.79 0.00023024361386 1.6e-09
-2.290331703089422020e-05 2.942393316316301188e+00 1.520338583343290306e-01 1.854269908059864467e-04 -2.182221679622713145e-05 -1.270341535119918201e-06 3.79 0.00023024361386 1.6e-09
1.942608160028377762e-05 3.947290874633230806e-01 -1.819373180708101084e-02 1.475657324446288477e-04 -2.183540996382039547e-05 -2.507798090094669487e-06 3.79 0.00023024361386 1.6e-09
3.915741552729654941e-06 2.580361820288147534e+00 1.053572779920079749e-01 1.671312208853955824e-04 2.676751707074035363e-05 1.705097747966887654e-06 3.79 0.00023024361386 1.6e-09
-9.111690527829563132e-05 3.897386050648166567e+00 1.964328319573128423e-01 2.359185766775221684e-04 1.959452281189157335e-06 2.316601030880721574e-07 3.79 0.00023024361386 1.6e-09
3.059562110265472119e-05 3.039678057948729695e+00 1.534310024662168537e-01 1.904737257286965430e-04 -2.020550463492181537e-05 -1.184388283037276860e-06 3.79 0.00023024361386 1.6e-09
-5.103744422026906867e-05 4.223989076572814971e-01 -1.616156568578923022e-02 1.414577028714728273e-04 -3.460102098011013532e-05 -2.898622422601396247e-06 3.79 0.00023024361386 1.6e-09
2.581602126083654104e-05 2.438846042102955192e+00 9.907897160464247677e-02 1.602029543171231774e-04 2.858576339163169244e-05 1.802429121024429663e-06 3.79 0.00023024361386 1.6e-09
-1.358870477103595026e-05 3.857436777144211959e+00 1.940028638487802382e-01 2.337917081314179902e-04 2.681166181420111279e-06 2.491139235510003602e-07 3.79 0.00023024361386 1.6e-09
-3.339443618519335756e-05 3.068220452554355937e+00 1.526808141153535581e-01 1.919859868668185015e-04 -1.947454700213790426e-05 -1.156551423597198611e-06 3.79 0.00023024361386 1.6e-09
1.867286326610052748e-05 4.386311581065094334e-01 -1.561904164865740748e-02 1.383965870366815208e-04 -3.880359163308277654e-05 -2.909895626559195792e-06 3.79 0.00023024361386 1.6e-09
7.974654642540285538e-06 2.378339001143080722e+00 9.793904728610286492e-02 1.573060130838115284e-04 2.925820414799531918e-05 1.843568695999334197e-06 3.79 0.00023024361386 1.6e-09
2.070865514767168745e-06 3.825287527500467633e+00 1.930079854278645146e-01 2.320871932499051892e-04 2.809087192984971040e-06 2.335012568864452015e-07 3.79 0.00023024361386 1.6e-09
-9.252715124863329101e-05 3.037530510359999880e+00 1.492310549132215836e-01 1.904279948633072527e-04 -1.961468623578028987e-05 -1.187815855179370983e-06 3.79 0.00023024361386 1.6e-09
-4.610543979296440910e-06 4.327981245279562406e-01 -1.683166602166624032e-02 1.397637661678836365e-04 -3.630021331563086027e-05 -2.540584640727306587e-06 3.79 0.00023024361386 1.6e-09
5.207947911529942336e-05 2.401857846060670987e+00 1.008250153725751275e-01 1.584852319012371299e-04 2.868426860511098450e-05 1.789050804020212113e-06 3.79 0.00023024361386 1.6e-09
3.099427996872417679e-05 3.801961786342999972e+00 1.903408280256919660e-01 2.308588015636032706e-04 2.321881826501068788e-06 1.770059242793075849e-07 3.79 0.00023024361386 1.6e-09
-3.616821470348033298e-05 2.947020037579737739e+00 1.403542351924662590e-01 1.857909323200658709e-04 -2.066551284961447337e-05 -1.261461431079010251e-06 3.79 0.00023024361386 1.6e-09
4.190198775835768879e-05 4.105708820126998115e-01 -1.882835425995894180e-02 1.447164007669751902e-04 -2.635543021797351776e-05 -1.624897218609182884e-06 3.79 0.00023024361386 1.6e-09
-2.216331719644295775e-05 2.505339811436444464e+00 1.062982833220769835e-01 1.635713365949278703e-04 2.695469396732626466e-05 1.617121126171611759e-06 3.79 0.00023024361386 1.6e-09
2.099539530789448267e-05 3.786315189609998910e+00 1.832615986668462704e-01 2.300406580455711990e-04 1.243773783200721964e-06 7.628797490261152984e-08 3.79 0.00023024361386 1.6e-09
9.944735463098549157e-06 2.797499470885830064e+00 1.241034537914151026e-01 1.781806777638603667e-04 -2.264409824378922490e-05 -1.357064707896506744e-06 3.79 0.00023024361386 1.6e-09
-4.900769401991906258e-05 3.915902401347750583e-01 -1.964275868438408040e-02 1.494119120488222180e-04 -7.728712926839660259e-06 -3.390735236161000545e-08 3.79 0.00023024361386 1.6e-09
-4.776828852332501722e-06 2.670416619040384631e+00 1.141884753390994545e-01 1.717792500757254776e-04 2.445479950590985426e-05 1.364961665935770044e-06 3.79 0.00023024361386 1.6e-09
-9.107729054876506939e-06 3.782895419243143209e+00 1.731620755550564716e-01 2.298638011807317748e-04 -2.087561844123405347e-07 -5.952196985053343856e-08 3.79 0.00023024361386 1.6e-09
3.509229538395048969e-06 2.621341014598578489e+00 1.031223825147302431e-01 1.693251932994744994e-04 -2.518827857635706768e-05 -1.450948321120446183e-06 3.79 0.00023024361386 1.6e-09
1.061541140434825708e-06 3.948894016540936969e-01 -1.772758075280733009e-02 1.485001704950802168e-04 1.406077705930301928e-05 1.804852685687418129e-06 3.79 0.00023024361386 1.6e-09
-6.735658457818503647e-05 2.845784193209815793e+00 1.240430374529306878e-01 1.806238899978353935e-04 2.204882363929473656e-05 1.125913871670034522e-06 3.79 0.00023024361386 1.6e-09
7.792772265746316827e-05 3.796490587625579671e+00 1.650622386826213206e-01 2.305773251896375180e-04 -1.544841023915530450e-06 -1.974595840731618842e-07 3.79 0.00023024361386 1.6e-09
6.318557787752821777e-05 2.484375205640562356e+00 8.463872147957593461e-02 1.625259291999858963e-04 -2.738510125768001200e-05 -1.520471301346626069e-06 3.79 0.00023024361386 1.6e-09
1.561908054163647805e-05 4.140761609793238707e-01 -1.398251714620723195e-02 1.437456609961766034e-04 2.909069584446732053e-05 3.153367890162820427e-06 3.79 0.00023024361386 1.6e-09
-1.304275334935329909e-05 2.972467602052059732e+00 1.323620040375554363e-01 1.870795424558960546e-04 2.050170959794992090e-05 9.549710892431300217e-07 3.79 0.00023024361386 1.6e-09
9.001452617399003514e-05 3.822968451885807362e+00 1.598226367221276256e-01 2.319715303305570084e-04 -2.302957483629313555e-06 -3.020665533216049575e-07 3.79 0.00023024361386 1.6e-09
-2.668995763623780652e-06 2.433117304006655157e+00 7.243327594695744831e-02 1.599769778530598242e-04 -2.840634455595224649e-05 -1.538054358254539295e-06 3.79 0.00023024361386 1.6e-09
3.095256527477463867e-05 4.245254778966005560e-01 -1.082825629225684858e-02 1.412184967483597607e-04 3.451000941430426312e-05 3.922465039837670746e-06 3.79 0.00023024361386 1.6e-09
8.355032158823633094e-05 3.028130447576737883e+00 1.359886808089204868e-01 1.899137844850776430e-04 2.004961262415837347e-05 8.447750715944460666e-07 3.79 0.00023024361386 1.6e-09
1.836386082418030264e-05 3.860207711470624581e+00 1.545991188165804497e-01 2.339441033369521765e-04 -2.321906151109140756e-06 -3.628074844530240141e-07 3.79 0.00023024361386 1.6e-09
-2.683692018505163548e-06 2.482842743199856095e+00 6.535610950237075167e-02 1.623590536452043220e-04 -2.796022139629104696e-05 -1.480851821640641634e-06 3.79 0.00023024361386 1.6e-09
1.187901366281172936e-05 4.126154132451531620e-01 -9.820622796655270603e-03 1.435127502763044538e-04 3.104637098103784823e-05 4.355075944001075741e-06 3.79 0.00023024361386 1.6e-09
-7.684578479416644798e-05 3.009178066537006924e+00 1.326191777359057022e-01 1.888932403738918071e-04 2.070807995336417293e-05 7.634317469897225641e-07 3.79 0.00023024361386 1.6e-09
1.131143707510943639e-05 3.905602774059463211e+00 1.452351944944530737e-01 2.363596474171507106e-04 -1.614737387383823414e-06 -3.865556916380228308e-07 3.79 0.00023024361386 1.6e-09
5.599776041678441671e-05 2.629417568589241583e+00 5.967350364968856957e-02 1.695710899899200092e-04 -2.614183997725771805e-05 -1.338503551258973592e-06 3.79 0.00023024361386 1.6e-09
-6.200565542043248615e-05 3.885172732532078399e-01 -1.100964998429218578e-02 1.490495021276707710e-04 1.714519486122599058e-05 4.457772788327400980e-06 3.79 0.00023024361386 1.6e-09
-4.833848247395771476e-05 2.905918529324786448e+00 1.176277723213251802e-01 1.835484315981196957e-04 2.243696971526568714e-05 6.613860683114917067e-07 3.79 0.00023024361386 1.6e-09
-1.182099757623375534e-04 3.940236762763071887e+00 1.243858851469989146e-01 2.382070911344312102e-04 -3.170328882664142237e-07 -3.819333597398989378e-07 3.79 0.00023024361386 1.6e-09
5.183184606026430016e-05 2.829010530435653870e+00 4.855387999727444476e-02 1.796158792986595127e-04 -2.354498311611559548e-05 -1.104925276065943630e-06 3.79 0.00023024361386 1.6e-09
-7.188104105266297642e-05 3.809888141198435330e-01 -1.300564080475146919e-02 1.509745511931941499e-04 -6.322147689859451811e-06 4.001956380824108557e-06 3.79 0.00023024361386 1.6e-09
-8.733497880947969038e-06 2.721771274863510115e+00 8.936407770511829718e-02 1.741824991329515978e-04 2.501974035658320483e-05 5.051696576304286130e-07 3.79 0.00023024361386 1.6e-09
-3.892293738966272245e-05 3.934311151644859450e+00 8.948054063297625205e-02 2.378901503178915849e-04 1.166277367253919000e-06 -3.478133435601280575e-07 3.79 0.00023024361386 1.6e-09
-1.267106074082080796e-07 2.994641283012154265e+00 2.902222262859378843e-02 1.881183138127872560e-04 -2.118282702134289964e-05 -8.072074429447311817e-07 3.79 0.00023024361386 1.6e-09
4.908386801711371648e-05 4.040678745284815854e-01 -1.350684474235204838e-02 1.453204199210863449e-04 -2.773973473821368370e-05 3.171912798004366578e-06 3.79 0.00023024361386 1.6e-09
-3.889034921871919765e-05 2.523085310327203068e+00 5.864826853546856872e-02 1.642974168890161900e-04 2.766058453455661831e-05 3.294565518410207297e-07 3.79 0.00023024361386 1.6e-09
7.128527923742939570e-05 3.895901851085453060e+00 5.392199149862742652e-02 2.358402951965373720e-04 2.383741493811412034e-06 -2.832901782658247748e-07 3.79 0.00023024361386 1.6e-09
4.198464994482599627e-05 3.083593691482017896e+00 1.077278880524218038e-02 1.927534494177050254e-04 -1.964844729075385934e-05 -5.251406262530551664e-07 3.79 0.00023024361386 1.6e-09
1.695549063441223424e-05 4.364630737812379424e-01 -1.150228026701286682e-02 1.386071096665533547e-04 -3.906936211370512523e-05 2.361008096615144620e-06 3.79 0.00023024361386 1.6e-09
3.110858584403540056e-05 2.385031375479726989e+00 3.349518787926623886e-02 1.575920539508774755e-04 2.945501747268285499e-05 1.714871380799852186e-07 3.79 0.00023024361386 1.6e-09
-2.814641161003236510e-05 3.855169409258960567e+00 2.716228196723303318e-02 2.336715830068914271e-04 3.073774408323479795e-06 -1.978093948566387454e-07 3.79 0.00023024361386 1.6e-09
9.662624592104061773e-05 3.105847901422187807e+00 3.204975032954361343e-04 1.939420939428523655e-04 -1.900547848070773102e-05 -2.982947468889627362e-07 3.79 0.00023024361386 1.6e-09
-1.685930636462438641e-05 4.528529670385228467e-01 -7.666896526244824928e-03 1.357692400288477031e-04 -4.235450850686023068e-05 1.649896806289017096e-06 3.79 0.00023024361386 1.6e-09
-2.709811009245063887e-05 2.331458824184650780e+00 1.304612288606826764e-02 1.550504641711845629e-04 3.005420019553431106e-05 3.873066596836880257e-08 3.79 0.00023024361386 1.6e-09
