-3.160709252470948977e-05 2.038369565346990875e+00 -5.902225223595109128e-05 1.418136965430434235e-04 -3.126898543171037281e-05 -1.061334445761588028e-09 3.38 0.00020860244371 1.6e-09
-3.724126066235539318e-05 5.598037874906882649e-01 -4.743620438665836769e-03 1.229086312679891313e-04 4.982128841480470998e-05 -4.578311428180045765e-07 3.38 0.00020860244371 1.6e-09
-1.061412099750743413e-05 3.026968835225411603e+00 1.203652596416487745e-03 1.901567636949278535e-04 1.389528799708757828e-05 1.398919055260055733e-07 3.38 0.00020860244371 1.6e-09
3.237055893636903430e-05 3.115445510274091667e+00 1.251807648677997174e-02 1.947385837627534327e-04 -1.194671508428075032e-05 6.339370353708072167e-08 3.38 0.00020860244371 1.6e-09
4.226147418455683492e-05 6.775749682138400010e-01 4.647054582043366917e-03 1.140534617589315206e-04 -5.387473635679040240e-05 -6.167114710703708194e-07 3.38 0.00020860244371 1.6e-09
-3.236117313270588233e-05 1.840023944736045802e+00 -4.709613422582624789e-03 1.331503533660662096e-04 3.485242551778930972e-05 3.149582487422105090e-07 3.38 0.00020860244371 1.6e-09
5.832739855870655848e-05 3.383924960574500318e+00 2.345381963434119144e-02 2.087969779165381912e-04 1.792048540045115788e-06 2.072719080481793021e-07 3.38 0.00020860244371 1.6e-09
2.420779641559767909e-05 2.251721923874612230e+00 2.871446712894385953e-02 1.516209694945711462e-04 -2.771372345809436588e-05 -1.951806384597345598e-07 3.38 0.00020860244371 1.6e-09
-6.062818046869703008e-05 4.696342490000315895e-01 -1.004470400101889309e-02 1.346043671839921695e-04 3.902023980032495818e-05 -1.032632556235646694e-06 3.38 0.00020860244371 1.6e-09
-8.462372700896079688e-06 2.921007155334145899e+00 2.137119860445400865e-02 1.846769479717837994e-04 1.636681541688294689e-05 4.551261182501010093e-07 3.38 0.00020860244371 1.6e-09
6.801746801007064883e-05 3.234322873085794026e+00 4.956411100106392770e-02 2.009088749929096381e-04 -9.459077729846046778e-06 6.833719129166673254e-08 3.38 0.00020860244371 1.6e-09
1.912718828495621113e-05 9.151984069167560243e-01 1.679396087550237560e-02 1.081446637698693370e-04 -5.264588842991864415e-05 -1.449303690334224251e-06 3.38 0.00020860244371 1.6e-09
-3.395824238361281700e-05 1.535607464667396060e+00 3.164437183155994040e-04 1.211652227124690006e-04 4.072478446843071044e-05 8.000101960111817857e-07 3.38 0.00020860244371 1.6e-09
-4.973191393330632891e-05 3.377967102309892500e+00 5.579665014280984353e-02 2.084480010851636096e-04 4.504242011042885319e-06 3.293520864247793643e-07 3.38 0.00020860244371 1.6e-09
-1.499072944442747887e-05 2.559687239846856421e+00 5.796074554268013101e-02 1.664617401368627858e-04 -2.282229234824352006e-05 -3.899832943462458797e-07 3.38 0.00020860244371 1.6e-09
4.883770053514400653e-05 4.059305906759518301e-01 -1.010924768463025702e-02 1.471177202698591038e-04 9.349948421620174905e-06 -1.489559699166692192e-06 3.38 0.00020860244371 1.6e-09
6.913744298794036918e-05 2.702497778704004538e+00 3.657466805803352705e-02 1.735652334287806817e-04 2.050211108078679888e-05 6.756621860623716865e-07 3.38 0.00020860244371 1.6e-09
5.462435522061141356e-05 3.354877298532926932e+00 7.347784795143022518e-02 2.072193717236483048e-04 -6.019767697304082685e-06 4.984974307785980502e-08 3.38 0.00020860244371 1.6e-09
-3.216104626712432016e-05 1.349993071982196646e+00 3.150454802832605011e-02 1.150780329728608360e-04 -4.440800212022189800e-05 -1.365091979265795639e-06 3.38 0.00020860244371 1.6e-09
-5.130829199871216040e-05 1.084772005572688158e+00 -4.021863577792949423e-03 1.091480110001986014e-04 4.965666727540391792e-05 9.642235383824525915e-07 3.38 0.00020860244371 1.6e-09
9.020055544653796369e-05 3.289657187898535007e+00 6.051681428712398642e-02 2.038006824493009757e-04 8.010222588009350577e-06 3.957299889341264830e-07 3.38 0.00020860244371 1.6e-09
1.437369041791246326e-07 2.838194555589242718e+00 6.723878623873758009e-02 1.804383540070053464e-04 -1.799647677303055577e-05 -3.290889249921735302e-07 3.38 0.00020860244371 1.6e-09
-2.754315170400942846e-05 4.334408926438442777e-01 -5.705316935767073411e-03 1.412376849908920820e-04 -2.827230193233287817e-05 -2.087879348801640024e-06 3.38 0.00020860244371 1.6e-09
5.995535514536777630e-05 2.382165070855614353e+00 2.607367559398511558e-02 1.578213899899415099e-04 2.561570247035056331e-05 7.707917514107132871e-07 3.38 0.00020860244371 1.6e-09
-5.601567945832587088e-05 3.384728204884848601e+00 7.164234546333139719e-02 2.088250457391293831e-04 -2.897719805055277334e-06 1.452279840898018806e-07 3.38 0.00020860244371 1.6e-09
-4.112507688906405501e-05 1.719670312614081098e+00 4.281404740012388632e-02 1.281805584630451049e-04 -3.711053704194286018e-05 -1.026833326885518563e-06 3.38 0.00020860244371 1.6e-09
1.594528345941627589e-05 7.636529720999641890e-01 -1.267311954299029687e-02 1.105614921232418843e-04 5.413590929839505277e-05 5.793664277682723183e-07 3.38 0.00020860244371 1.6e-09
-3.391654828290919843e-05 3.161602972804407052e+00 5.427391298762569705e-02 1.971359900749577575e-04 1.087289226620781552e-05 5.277732627102371739e-07 3.38 0.00020860244371 1.6e-09
2.393229613382867501e-05 2.974794102557145159e+00 7.423381396206743532e-02 1.874636487878739198e-04 -1.499719632825499967e-05 -1.931593623688501110e-07 3.38 0.00020860244371 1.6e-09
2.921454316929540166e-05 5.127321025548905453e-01 6.722194680947451983e-04 1.283965761968172779e-04 -4.541825103938986906e-05 -2.745205669756523786e-06 3.38 0.00020860244371 1.6e-09
5.219462906840114546e-05 2.139720623287541201e+00 1.914729348270412940e-02 1.464258754942357238e-04 2.948716139303260946e-05 9.841681027283928024e-07 3.38 0.00020860244371 1.6e-09
5.744982690994030670e-05 3.375875002845317052e+00 8.178859155893833388e-02 2.083859903050021235e-04 -9.308900646798835023e-07 2.763799031980983576e-07 3.38 0.00020860244371 1.6e-09
-2.768321404646058163e-05 1.928562611819267136e+00 5.999223830205936692e-02 1.369629832014164082e-04 -3.314171409191842281e-05 -1.007178398046475912e-06 3.38 0.00020860244371 1.6e-09
-2.241165360787995291e-05 6.201306211430491766e-01 -1.785472077272732064e-02 1.176941287591481343e-04 5.254539573806730828e-05 2.472813852081530226e-07 3.38 0.00020860244371 1.6e-09
-4.721753386116165680e-05 3.071924050353069369e+00 6.527397092615389029e-02 1.924906005170039572e-04 1.275032478191350780e-05 7.398571517841119492e-07 3.38 0.00020860244371 1.6e-09
-7.323885354434907019e-05 3.054100376262542937e+00 9.730418206710499118e-02 1.915683957846637023e-04 -1.313471494063664710e-05 -1.703613987776206491e-07 3.38 0.00020860244371 1.6e-09
4.534308724577892284e-05 5.983252569040743429e-01 7.145013179246717701e-03 1.194094276559685481e-04 -5.165363095436384454e-05 -3.438843726297680853e-06 3.38 0.00020860244371 1.6e-09
-2.169287615196781207e-06 1.968114866784112849e+00 2.382356349721348812e-02 1.386944461704711716e-04 3.244492022589848257e-05 1.389021130650171005e-06 3.38 0.00020860244371 1.6e-09
-5.535104343203083195e-05 3.375403080813707213e+00 1.092812873727765088e-01 2.083616352177882609e-04 5.740841399538339505e-07 3.733312719531695372e-07 3.38 0.00020860244371 1.6e-09
1.993450707910260052e-05 2.100424700082260010e+00 8.366180120718869073e-02 1.446239210898067769e-04 -3.011999165935181678e-05 -1.186628594593690859e-06 3.38 0.00020860244371 1.6e-09
3.817230248743801749e-06 5.288438003380321328e-01 -2.082613799309733157e-02 1.263156840333674370e-04 4.726708664803926845e-05 2.198834258207719786e-07 3.38 0.00020860244371 1.6e-09
-1.347972299462426335e-05 2.994861652550661280e+00 8.993940998828524325e-02 1.884938389429480698e-04 1.458354373801601004e-05 9.866834744924516087e-07 3.38 0.00020860244371 1.6e-09
-7.685158408033157214e-05 3.147655545224308682e+00 1.304636424098232217e-01 1.964070222311698453e-04 -1.120227365420304123e-05 -2.321553475008264327e-07 3.38 0.00020860244371 1.6e-09
-1.297960066896697079e-05 7.381556269268578774e-01 1.609015268391998654e-02 1.113761780833970403e-04 -5.408945360560937624e-05 -3.823333398645726795e-06 3.38 0.00020860244371 1.6e-09
-1.592754079059085834e-05 1.755540726074073188e+00 3.314893037236710249e-02 1.296286338088284049e-04 3.641186097816760664e-05 1.967761300942636540e-06 3.38 0.00020860244371 1.6e-09
8.337023804363596013e-05 3.384282668985193698e+00 1.435913286334989380e-01 2.088023960166622366e-04 2.583100162543844963e-06 4.350952840091769838e-07 3.38 0.00020860244371 1.6e-09
4.669653397436292382e-05 2.349499853993518350e+00 1.111888243697740780e-01 1.562500331484442792e-04 -2.608645178725245959e-05 -1.326747588404427081e-06 3.38 0.00020860244371 1.6e-09
-2.733813695093391865e-05 4.405173707040245801e-01 -2.200095743138221621e-02 1.397283899603583986e-04 3.121822995585261647e-05 3.911529693908871784e-08 3.38 0.00020860244371 1.6e-09
4.530361980869028281e-05 2.859556546550493739e+00 1.136921775383987476e-01 1.815189141751185047e-04 1.760673587791987941e-05 1.241259877181060826e-06 3.38 0.00020860244371 1.6e-09
-5.349144773657717709e-05 3.283927528094898296e+00 1.616405129571625299e-01 2.034928549362386341e-04 -8.233574492331992490e-06 -2.792824209599339561e-07 3.38 0.00020860244371 1.6e-09
-4.076653344083630554e-05 1.064908672730874528e+00 3.456122703696030279e-02 1.088625337795726957e-04 -4.994867308161026701e-05 -3.448534623056363284e-06 3.38 0.00020860244371 1.6e-09
2.287243585359330603e-05 1.372343562467277511e+00 2.951619763273886921e-02 1.157471581164127460e-04 4.389603254939329662e-05 2.640270994906352329e-06 3.38 0.00020860244371 1.6e-09
-9.897793530891312139e-05 3.354906690267004166e+00 1.610752186836411082e-01 2.072210486311607848e-04 5.830694008511138857e-06 4.975199286641830725e-07 3.38 0.00020860244371 1.6e-09
-6.077683098253116727e-05 2.685287785632976210e+00 1.314023805374458786e-01 1.727012119050508104e-04 -2.070588859926187980e-05 -1.216876424442123432e-06 3.38 0.00020860244371 1.6e-09
2.072643877810092413e-05 4.052535558644110303e-01 -2.050181028520146886e-02 1.472643667366545044e-04 -7.217718916511324097e-06 -1.178436074618362224e-06 3.38 0.00020860244371 1.6e-09
6.344859579499455044e-05 2.573899918802124986e+00 1.089205136983120020e-01 1.671595344583150103e-04 2.253880915528009215e-05 1.451181014273603210e-06 3.38 0.00020860244371 1.6e-09
-2.240561277474700704e-05 3.375470842929198412e+00 1.657203145864407090e-01 2.083116193666013330e-04 -4.614119302355904116e-06 -2.156252878329200903e-07 3.38 0.00020860244371 1.6e-09
4.813119779430070379e-06 1.525735402458384460e+00 5.440582514153455285e-02 1.208021807600271176e-04 -4.084261981348948664e-05 -2.593873595225922629e-06 3.38 0.00020860244371 1.6e-09
3.118740698273193715e-05 9.243062253709390941e-01 9.614666983848734264e-03 1.081449735668568116e-04 5.238229739682201348e-05 3.136806613180309106e-06 3.38 0.00020860244371 1.6e-09
2.156447475526879486e-05 3.230768455960729479e+00 1.503641497230024660e-01 2.007277147534503189e-04 9.323980005742167940e-06 5.849952967696259877e-07 3.38 0.00020860244371 1.6e-09
7.771866454929701057e-05 2.905635765339462662e+00 1.324203959108033457e-01 1.838942406815406814e-04 -1.651225233148035688e-05 -9.892159899187114909e-07 3.38 0.00020860244371 1.6e-09
2.034633782242792411e-05 4.652499341930539933e-01 -1.647251513787805974e-02 1.354101024213762096e-04 -3.765921506790608376e-05 -2.244151347691247763e-06 3.38 0.00020860244371 1.6e-09
-9.349431653726537591e-06 2.265457800793551968e+00 9.204019022332857181e-02 1.522726525820290863e-04 2.736995664268934903e-05 1.652613759532796962e-06 3.38 0.00020860244371 1.6e-09
-5.440127532169257831e-05 3.376638662695415682e+00 1.587697728199260472e-01 2.084142724144574744e-04 -1.961300012075560219e-06 -1.240497098776319122e-07 3.38 0.00020860244371 1.6e-09
1.517860482100424644e-05 1.816174427365540245e+00 6.406028778051706118e-02 1.321520509996961835e-04 -3.517993791385595206e-05 -2.125401327334312320e-06 3.38 0.00020860244371 1.6e-09
-3.424275462873190712e-06 6.936155165957305080e-01 -1.568724373186026425e-03 1.132899916343015881e-04 5.384351340028087178e-05 3.395694838210691890e-06 3.38 0.00020860244371 1.6e-09
-1.363302093499768250e-05 3.115890032139815968e+00 1.442517671397038348e-01 1.947701424579171333e-04 1.167543799757709682e-05 6.656374323354600654e-07 3.38 0.00020860244371 1.6e-09
-4.402067373951125883e-05 3.001724887811276332e+00 1.333519297554446592e-01 1.888631516905540225e-04 -1.419854712334297426e-05 -8.895756392783606080e-07 3.38 0.00020860244371 1.6e-09
-1.802204774235655445e-05 5.431418083128181085e-01 -1.359182969159680038e-02 1.247613273500635940e-04 -4.828340599076629967e-05 -2.575765066822417413e-06 3.38 0.00020860244371 1.6e-09
-5.302573155664988102e-05 2.071149097730710764e+00 8.690785457446835449e-02 1.433067050543759932e-04 3.052508344755319888e-05 1.860976807917796505e-06 3.38 0.00020860244371 1.6e-09
-3.491648676554765120e-05 3.366871087112284222e+00 1.605829918846778670e-01 2.079195018345279659e-04 -4.038403941869253963e-07 -1.002993616804728943e-07 3.38 0.00020860244371 1.6e-09
-1.236965855571820096e-05 1.978087944421589750e+00 6.950973855476139107e-02 1.391454249858372087e-04 -3.215868821043669069e-05 -1.982830328851703275e-06 3.38 0.00020860244371 1.6e-09
3.434670189514148154e-05 5.918486953970480968e-01 -5.345769688856500702e-03 1.199785522812403890e-04 5.129271975326008079e-05 3.770303160942624593e-06 3.38 0.00020860244371 1.6e-09
4.146088747912006581e-05 3.043628076664042670e+00 1.475670550243218804e-01 1.910317625635051604e-04 1.321650906898667890e-05 7.088014622039554788e-07 3.38 0.00020860244371 1.6e-09
-9.475914345899078581e-05 3.068713480548376005e+00 1.370866888466121258e-01 1.923294696160104478e-04 -1.266499174760897063e-05 -8.897215203050605674e-07 3.38 0.00020860244371 1.6e-09
4.833145752032475554e-05 6.231075774183771898e-01 -1.263394318352340992e-02 1.175047770317906007e-04 -5.253537196391727931e-05 -2.604576823948211784e-06 3.38 0.00020860244371 1.6e-09
4.223891223309768616e-05 1.923881549977870531e+00 8.817897928221368753e-02 1.367649948869087439e-04 3.312173339452139265e-05 2.077297620132384310e-06 3.38 0.00020860244371 1.6e-09
-5.347994073363227668e-05 3.370451403079812280e+00 1.654202057419587035e-01 2.081019173132650122e-04 9.403688463890829881e-07 -1.260625271349932688e-07 3.38 0.00020860244371 1.6e-09
4.700283919751961637e-05 2.137409299361796577e+00 7.292340759911986048e-02 1.463198082862746693e-04 -2.945017904125342569e-05 -1.898464158455238615e-06 3.38 0.00020860244371 1.6e-09
3.147001445566311568e-06 5.133081615908714479e-01 -7.602947962131340401e-03 1.282704186530024461e-04 4.547882590696706472e-05 4.376214886862131864e-06 3.38 0.00020860244371 1.6e-09
-7.883744263616207569e-05 2.972678439053483501e+00 1.519434936097132371e-01 1.873499604565717896e-04 1.500554052069391244e-05 7.197043843586378663e-07 3.38 0.00020860244371 1.6e-09
-2.870463902197793298e-05 3.164267777836204942e+00 1.389768931727382861e-01 1.972703084097161277e-04 -1.077923144857945842e-05 -9.012086057526997646e-07 3.38 0.00020860244371 1.6e-09
-5.447053784990569088e-05 7.724011026667156887e-01 -1.149283210795799294e-02 1.102907691871184885e-04 -5.408600747192369778e-05 -2.466907080263290346e-06 3.38 0.00020860244371 1.6e-09
-2.995698805000622837e-05 1.708044191851265214e+00 8.586153312191821541e-02 1.277100562742168491e-04 3.723815066385838805e-05 2.343138883524427083e-06 3.38 0.00020860244371 1.6e-09
-4.189076783214201846e-05 3.382790138846083483e+00 1.634265615575164754e-01 2.087184001212428227e-04 3.031407317956321869e-06 -1.720130025639644894e-07 3.38 0.00020860244371 1.6e-09
-2.638529891067112971e-05 2.398399415457485695e+00 7.289118232505724382e-02 1.585976452711342272e-04 -2.532017330484007117e-05 -1.692194361564428297e-06 3.38 0.00020860244371 1.6e-09
5.592139897080165644e-05 4.299324555487382682e-01 -1.177783816920676893e-02 1.418248177461054523e-04 2.693625158161747128e-05 4.941930891677765693e-06 3.38 0.00020860244371 1.6e-09
7.838641371677702808e-05 2.826763346862086745e+00 1.414502920783296258e-01 1.798431340895871231e-04 1.826412712989587775e-05 6.677612715481982379e-07 3.38 0.00020860244371 1.6e-09
4.284445785204967459e-05 3.307736139333226077e+00 1.252310814158610897e-01 2.047371755992695832e-04 -7.658388611645835199e-06 -8.398089236126275490e-07 3.38 0.00020860244371 1.6e-09
1.966015821811108253e-05 1.137752855931961626e+00 -8.901870554431395854e-03 1.099552138830314980e-04 -4.867535276580871523e-05 -1.936846220837099139e-06 3.38 0.00020860244371 1.6e-09
-5.835257975811940771e-06 1.295617132028094698e+00 6.234996847467771941e-02 1.135399653309450337e-04 4.541319348761671006e-05 2.562412466416341607e-06 3.38 0.00020860244371 1.6e-09
3.883763764638760332e-05 3.345204252269661893e+00 1.273939402825861045e-01 2.067050670999758379e-04 6.473985402600426466e-06 -2.288090971731252780e-07 3.38 0.00020860244371 1.6e-09
2.195878298939820094e-05 2.743837252426074347e+00 5.162381925789211179e-02 1.756387020748256453e-04 -1.981948071922239165e-05 -1.221728017245006373e-06 3.38 0.00020860244371 1.6e-09
2.641747270694862502e-05 4.105572150462533654e-01 -1.703671438939801525e-02 1.460077188990026645e-04 -1.454705100114956024e-05 4.103983056542444513e-06 3.38 0.00020860244371 1.6e-09
-6.559385458942344456e-05 2.513550248219877936e+00 9.348835706237013099e-02 1.641827225438056244e-04 2.360921233559286166e-05 4.543368993932759728e-07 3.38 0.00020860244371 1.6e-09
-2.581197336373985659e-05 3.390024961226270950e+00 7.385975120579768571e-02 2.090802354398679569e-04 -3.945039185114497337e-06 -6.408591655725225635e-07 3.38 0.00020860244371 1.6e-09
-3.994479176800042243e-05 1.611779011091680092e+00 -1.379146579987746216e-02 1.239444573878142734e-04 -3.929925082302574471e-05 -9.968753693605726609e-07 3.38 0.00020860244371 1.6e-09
1.112353088241354890e-05 8.513206518343625628e-01 2.804212729889184533e-02 1.086768630915368940e-04 5.343284339696978890e-05 2.396710137600476155e-06 3.38 0.00020860244371 1.6e-09
4.973532168284419133e-05 3.207585883749814570e+00 6.732067919442558113e-02 1.995166503190172024e-04 1.004557638091939866e-05 -2.325098068625834596e-07 3.38 0.00020860244371 1.6e-09
2.263729956197488291e-05 2.949827762223740990e+00 1.688091007448793562e-02 1.861605579165829345e-04 -1.574237573807086459e-05 -6.878868821112502266e-07 3.38 0.00020860244371 1.6e-09
1.356160138400675576e-05 4.882935287364431054e-01 -1.656500426353613512e-02 1.317216204540666590e-04 -4.220123543415151522e-05 2.388163022354698616e-06 3.38 0.00020860244371 1.6e-09
1.690300708063035011e-05 2.199652417915632263e+00 4.771280460697811115e-02 1.491859305499796306e-04 2.855486673773911747e-05 2.597211944855303389e-07 3.38 0.00020860244371 1.6e-09
-4.791897660014730626e-05 3.383938341680410744e+00 3.241783231067303650e-02 2.088006342407682013e-04 -1.343617202107150593e-06 -3.912084772304622080e-07 3.38 0.00020860244371 1.6e-09
5.948154225458146928e-05 1.890867216069110901e+00 -1.441762985224613949e-02 1.353148525932087467e-04 -3.392984477499554150e-05 -4.389410203678165723e-07 3.38 0.00020860244371 1.6e-09
3.870312452178828526e-05 6.445351250656270459e-01 1.001162281527215661e-02 1.160120068545257631e-04 5.321758815938781330e-05 1.699841698385713259e-06 3.38 0.00020860244371 1.6e-09
9.363869841701982885e-05 3.091411693191325583e+00 3.395735143876492390e-02 1.934976975401564079e-04 1.239049319627787645e-05 -1.249553826199102265e-07 3.38 0.00020860244371 1.6e-09
-8.461406524429024929e-05 3.042451066039695728e+00 7.218186975051024863e-03 1.909626721769359979e-04 -1.347624534338254346e-05 -3.544392624165916210e-07 3.38 0.00020860244371 1.6e-09
3.102075126074118195e-05 5.796365121613493709e-01 -1.125415882496139455e-02 1.210256210964188713e-04 -5.088806803421536465e-05 9.959782120058375671e-07 3.38 0.00020860244371 1.6e-09
5.502066021283307808e-05 2.000340969830572746e+00 2.455462752048956712e-02 1.401256496078269530e-04 3.188044552642669107e-05 2.612932480410876183e-07 3.38 0.00020860244371 1.6e-09
-1.939520159071613870e-05 3.375419914976546476e+00 2.329650286001125337e-02 2.083658757277677691e-04 2.744479826050941964e-07 -1.723103409762119319e-07 3.38 0.00020860244371 1.6e-09
3.174881610835427110e-05 2.062996641992266511e+00 -2.039111466528509969e-03 1.429299942297504759e-04 -3.080760776843415673e-05 -3.036885538592283492e-07 3.38 0.00020860244371 1.6e-09
-3.443756914767918362e-05 5.473588815541812203e-01 4.445198148317125106e-04 1.242500228475159913e-04 4.884810368595124050e-05 1.006471570076690379e-06 3.38 0.00020860244371 1.6e-09
-5.175096340527008136e-05 3.012562197387555152e+00 2.739350820815161097e-02 1.894169954580328754e-04 1.414384489653625510e-05 6.808892942070223541e-08 3.38 0.00020860244371 1.6e-09
8.868383801879605767e-05 3.121318225635671517e+00 1.988310251549545160e-02 1.950471981585170521e-04 -1.174799935350996687e-05 -1.974874702744539854e-07 3.38 0.00020860244371 1.6e-09
-2.885897868922271571e-05 6.908914445277367644e-01 -4.703562799001550360e-03 1.134012709241751914e-04 -5.396680045490794128e-05 -1.657983972462818944e-07 3.38 0.00020860244371 1.6e-09
-5.563557536520567998e-05 1.820001345349036015e+00 1.741712634836585505e-02 1.323146132486672003e-04 3.519280289691866642e-05 4.871539222166844787e-07 3.38 0.00020860244371 1.6e-09
-8.398950236500484531e-05 3.380686181537919666e+00 3.635129863967179187e-02 2.086284865449227410e-04 1.940399078256770760e-06 -8.861291395925327477e-09 3.38 0.00020860244371 1.6e-09
8.279402491162882443e-06 2.263134109998317545e+00 1.801785876670970385e-02 1.521631228671070321e-04 -2.750013424456553473e-05 -3.902475607595998045e-07 3.38 0.00020860244371 1.6e-09
2.912458467272724310e-05 4.658702161791355989e-01 -5.217384480493334614e-03 1.352628749718196141e-04 3.814072809380807442e-05 7.152629046913674156e-07 3.38 0.00020860244371 1.6e-09
-9.160410664465390874e-05 2.912671945513279237e+00 3.762327679142864895e-02 1.842518544848294323e-04 1.650423184900924972e-05 2.807305788300787147e-07 3.38 0.00020860244371 1.6e-09
1.084584870641563384e-05 3.236359219389859376e+00 4.272297903013404230e-02 2.010176174903555906e-04 -9.357793630099421741e-06 -1.660840328124636570e-07 3.38 0.00020860244371 1.6e-09
-1.014405713068308138e-05 9.238446370550716935e-01 2.690081050744889610e-03 1.081288780122083813e-04 -5.251464830759123778e-05 -8.866005068848583092e-07 3.38 0.00020860244371 1.6e-09
-2.257192220495129033e-05 1.525441475078927134e+00 1.702006000356652907e-02 1.208071391638065200e-04 4.090939063215628512e-05 8.168357181474838207e-07 3.38 0.00020860244371 1.6e-09
5.513489274430662546e-05 3.376103944224636333e+00 5.201363088102804733e-02 2.083507534282946837e-04 4.571549612248228252e-06 6.700409190894974035e-08 3.38 0.00020860244371 1.6e-09
7.173494503693141544e-06 2.565210040109927370e+00 3.400197928056895857e-02 1.667357269927395493e-04 -2.273080853748165773e-05 -4.592025805846852683e-07 3.38 0.00020860244371 1.6e-09
-3.753436543077587318e-05 4.054646136678168311e-01 -7.177539293863477096e-03 1.472335699346146711e-04 8.740214816132815763e-06 6.014881321404586246e-07 3.38 0.00020860244371 1.6e-09
6.268183899683883254e-05 2.697820472032581574e+00 3.818950912010347920e-02 1.733303353852326837e-04 2.058994893437416903e-05 3.538967167757676826e-07 3.38 0.00020860244371 1.6e-09
-3.990088347902671982e-05 3.356936227115775218e+00 4.693168517971525733e-02 2.073280358812967989e-04 -5.951248941479728392e-06 -1.438120515533065552e-07 3.38 0.00020860244371 1.6e-09
4.112670654063157576e-05 1.357795072093153976e+00 8.534050798381773509e-03 1.153053283438410567e-04 -4.428785158151324390e-05 -7.759597561232962165e-07 3.38 0.00020860244371 1.6e-09
-1.340925309798948281e-05 1.077669836227755251e+00 6.495658697407773532e-03 1.090487985499242281e-04 4.980176273000002193e-05 7.386065691480752451e-07 3.38 0.00020860244371 1.6e-09
-3.723682087647300410e-07 3.289019207425426750e+00 3.579424359833773689e-02 2.037658051643913889e-04 8.088658949095871645e-06 8.130487298399106572e-08 3.38 0.00020860244371 1.6e-09
5.224586501339600723e-05 2.845021884066273099e+00 2.674808409674888504e-02 1.807841328475924330e-04 -1.790684660269409149e-05 -2.681377690292780887e-07 3.38 0.00020860244371 1.6e-09
-2.482024167732994587e-06 4.348947403977340143e-01 -4.942161397746471646e-03 1.409313641817719885e-04 -2.902073795943118295e-05 -9.352894960014778119e-10 3.38 0.00020860244371 1.6e-09
6.574388939884458151e-06 2.375255932639465328e+00 1.320979128470014738e-02 1.574859236334102746e-04 2.576021080711580656e-05 2.658725889737613074e-07 3.38 0.00020860244371 1.6e-09
-4.515173895458684020e-05 3.387923596831141637e+00 2.601250879346123090e-02 2.089922003855713571e-04 -2.804406741290978674e-06 6.521615106878928433e-09 3.38 0.00020860244371 1.6e-09
-2.463754598822596591e-05 1.733285686747129795e+00 1.217926681559227536e-02 1.287230657785797612e-04 -3.689936344836993809e-05 -3.665457410814708770e-07 3.38 0.00020860244371 1.6e-09
1.268672443538435796e-05 7.539219728468634640e-01 -6.208871277080897644e-03 1.108496290876317410e-04 5.420366382034105823e-05 -8.104446980727763281e-09 3.38 0.00020860244371 1.6e-09
4.823389340908358782e-05 3.159000401894793253e+00 1.322862137320985829e-02 1.969982235159419882e-04 1.100161996547043886e-05 1.949537425536865419e-07 3.38 0.00020860244371 1.6e-09
-4.856760726515348429e-05 2.985542483785573964e+00 2.372862552241589845e-02 1.880144423232837328e-04 -1.483270280805308388e-05 -1.320480617118488300e-08 3.38 0.00020860244371 1.6e-09
-1.106152872924444971e-05 5.190959062457520812e-01 1.525063122166503155e-03 1.275573813976810548e-04 -4.626978560024284503e-05 -1.032285300300840571e-06 3.38 0.00020860244371 1.6e-09
3.474087727090129096e-05 2.124683762468708714e+00 -3.936133516106756804e-03 1.457304708289895679e-04 2.978330205013080684e-05 3.435117783556624388e-07 3.38 0.00020860244371 1.6e-09
-1.292674476098741002e-05 3.379945498716546481e+00 2.618954915641012043e-02 2.085979731970218662e-04 -7.523373526420834278e-07 2.154461802138571846e-07 3.38 0.00020860244371 1.6e-09
4.440554640280530458e-05 1.952567576986807163e+00 2.903083929156921247e-02 1.380042137572345441e-04 -3.277730305819029301e-05 -3.048847584118541690e-07 3.38 0.00020860244371 1.6e-09
-4.964642845903738589e-05 6.064633118751847629e-01 -1.413054092671509575e-02 1.187114533214448173e-04 5.214314899255298756e-05 -8.241134243900257093e-07 3.38 0.00020860244371 1.6e-09
8.566201035143378834e-06 3.064961415567922121e+00 1.613875561500559275e-02 1.921253863307230219e-04 1.300678875482342211e-05 4.490361955471943657e-07 3.38 0.00020860244371 1.6e-09
-3.178732709792713947e-05 3.072157004612361408e+00 4.674253710607426809e-02 1.924978604005355104e-04 -1.284780245467667075e-05 9.807821834969863407e-08 3.38 0.00020860244371 1.6e-09
3.263191009108577854e-05 6.164075840848657339e-01 1.030200030133260336e-02 1.179550129817782955e-04 -5.245340858978396253e-05 -2.177636144112334302e-06 3.38 0.00020860244371 1.6e-09
-2.862518877065261399e-05 1.936808166023028299e+00 -4.883115406561182661e-03 1.373131013938943298e-04 3.306595914734657116e-05 7.108606961175594753e-07 3.38 0.00020860244371 1.6e-09
-9.132231968576217372e-05 3.381083955864811141e+00 5.382261214375322345e-02 2.086553010778930588e-04 9.102788841964386374e-07 3.994643115942574305e-07 3.38 0.00020860244371 1.6e-09
2.737101607771578429e-06 2.145074171097489213e+00 5.866896303888372022e-02 1.466620600868011890e-04 -2.944006445508875032e-05 -5.196726907172783105e-07 3.38 0.00020860244371 1.6e-09
-2.443756195068505130e-05 5.096413075025814088e-01 -1.870564297064418111e-02 1.287026236688937797e-04 4.527855199464016439e-05 -1.359797349039977525e-06 3.38 0.00020860244371 1.6e-09
5.519422271364966045e-05 2.976847872327916811e+00 4.111305800453914083e-02 1.875572913120831598e-04 1.510313173288042022e-05 7.841132680661762433e-07 3.38 0.00020860244371 1.6e-09
1.895129197676480960e-05 3.177940009664992349e+00 8.801529072151688393e-02 1.979755785706489380e-04 -1.067022488686151445e-05 7.714884930924665314e-08 3.38 0.00020860244371 1.6e-09
2.461744615815687889e-05 7.890782731909160574e-01 2.319122855531948607e-02 1.098261368210362734e-04 -5.400372131311626954e-05 -2.926470554667289562e-06 3.38 0.00020860244371 1.6e-09
-5.038148786673793866e-05 1.688303347587380765e+00 3.866789771047303946e-03 1.269209445074190377e-04 3.775403547592962603e-05 1.325964228873023234e-06 3.38 0.00020860244371 1.6e-09
9.171310208741268203e-05 3.386907376222827892e+00 9.599315257959326053e-02 2.089314642203782117e-04 3.203933125663988840e-06 5.335238165198643019e-07 3.38 0.00020860244371 1.6e-09
3.272215882582655752e-05 2.423577047640422144e+00 9.523988080845954829e-02 1.598102595618276550e-04 -2.496574495547240321e-05 -7.614894712072179929e-07 3.38 0.00020860244371 1.6e-09
5.291300526138393895e-05 4.242071888255143364e-01 -1.907984617123852089e-02 1.430153045580468307e-04 2.434027085890754210e-05 -2.002468009343768521e-06 3.38 0.00020860244371 1.6e-09
-6.999201914409621027e-05 2.811175509558704988e+00 7.035272259825567365e-02 1.790509694485024742e-04 1.858742166263582796e-05 1.129661448731859208e-06 3.38 0.00020860244371 1.6e-09
-1.060130390603333670e-05 3.314937452229465897e+00 1.298409626564646091e-01 2.051163457958929837e-04 -7.440304254468087472e-06 2.385349559794421240e-08 3.38 0.00020860244371 1.6e-09
2.582043073775532570e-05 1.168024979641038907e+00 4.586737268528110617e-02 1.105314156533490091e-04 -4.797950054000626227e-05 -2.767254797568052049e-06 3.38 0.00020860244371 1.6e-09
3.555594887659599038e-05 1.264542427439169892e+00 3.881000272797858856e-03 1.127446735233700683e-04 4.609226350802713063e-05 1.966131308764200084e-06 3.38 0.00020860244371 1.6e-09
2.118421619184758558e-05 3.334986179923544292e+00 1.228245803050887486e-01 2.061735356758784168e-04 6.638352763639144492e-06 6.395001438541177077e-07 3.38 0.00020860244371 1.6e-09
-4.421655136148245594e-05 2.748736827341208944e+00 1.225637333278911945e-01 1.758941946918055987e-04 -1.962891255881185761e-05 -7.809855993489434587e-07 3.38 0.00020860244371 1.6e-09
6.724092589518573045e-05 4.123873883969166876e-01 -1.470074629446428000e-02 1.456569996816655483e-04 -1.603421310038872060e-05 -3.113838512155303588e-06 3.38 0.00020860244371 1.6e-09
3.352256621250474070e-05 2.500630178555395489e+00 7.310701207232539467e-02 1.635608541418581393e-04 2.371872605142241635e-05 1.405284889444931843e-06 3.38 0.00020860244371 1.6e-09
-8.598766543839265000e-05 3.380708135777817702e+00 1.443513796637772018e-01 2.085972416654872182e-04 -3.933936728481570388e-06 6.178053856719202270e-08 3.38 0.00020860244371 1.6e-09
3.501492953257282121e-05 1.604446054470378469e+00 6.682200777802654867e-02 1.236857454950861875e-04 -3.929082583514534977e-05 -2.206684806969661005e-06 3.38 0.00020860244371 1.6e-09
4.065436848803516369e-05 8.558808521325154128e-01 -7.100565428743122257e-03 1.086486588819994504e-04 5.336122900555729436e-05 2.264724897983390107e-06 3.38 0.00020860244371 1.6e-09
-3.763595392976942631e-05 3.203110058259496906e+00 1.254589191870035536e-01 1.992901281009642686e-04 9.931703153203482755e-06 7.595017336571490498e-07 3.38 0.00020860244371 1.6e-09
-5.001344870337778154e-05 2.932474332608919543e+00 1.331499113759656572e-01 1.852788757516223538e-04 -1.589973258604915400e-05 -6.858165064153178440e-07 3.38 0.00020860244371 1.6e-09
-6.837393046709869872e-06 4.825337136380821734e-01 -9.006400539618319989e-03 1.326585385081225775e-04 -4.100312737903287247e-05 -3.678788049674044671e-06 3.38 0.00020860244371 1.6e-09
-4.247856067047424953e-06 2.216306743937744628e+00 6.845145531088930868e-02 1.499702560264619421e-04 2.817478102549588284e-05 1.696403394760248704e-06 3.38 0.00020860244371 1.6e-09
-8.854142394647749714e-06 3.374884599154126086e+00 1.530039961265642345e-01 2.083274967379652000e-04 -1.571424813645873013e-06 1.212992009276732274e-07 3.38 0.00020860244371 1.6e-09
-8.826418322914461926e-07 1.858015104721506994e+00 8.061830132934288962e-02 1.339225776350221942e-04 -3.437497389085648869e-05 -1.996718960657413228e-06 3.38 0.00020860244371 1.6e-09
-2.310708297543706899e-05 6.646114384536534470e-01 -1.261307538348481472e-02 1.148091678227089002e-04 5.352790268026971559e-05 2.486984538589492682e-06 3.38 0.00020860244371 1.6e-09
4.743820941731896449e-05 3.098490909488921030e+00 1.340659612477989038e-01 1.938687132771665597e-04 1.205373468047530144e-05 8.817895717740813237e-07 3.38 0.00020860244371 1.6e-09
3.917610725030686719e-05 3.018885623410847430e+00 1.460112334665326639e-01 1.897492707427255094e-04 -1.381689343479396243e-05 -6.888508093961183995e-07 3.38 0.00020860244371 1.6e-09
3.331567132012919490e-05 5.617690893373636918e-01 -5.545115661225217575e-03 1.227775935655886280e-04 -4.963303276417776815e-05 -3.861512410029438756e-06 3.38 0.00020860244371 1.6e-09
1.141360982963827178e-05 2.034963124706427706e+00 7.296046455705149092e-02 1.416736692031260567e-04 3.116779124179649713e-05 2.032943430023540574e-06 3.38 0.00020860244371 1.6e-09
-4.280958955884666415e-05 3.368451938185843986e+00 1.690609223999679500e-01 2.080006820929883608e-04 -6.736438484627646433e-08 1.235699427462077986e-07 3.38 0.00020860244371 1.6e-09
-6.682547533944338232e-05 2.019986625986778250e+00 9.186704804000977997e-02 1.410028330512244003e-04 -3.141134569938384751e-05 -2.010947113517848204e-06 3.38 0.00020860244371 1.6e-09
9.823970229190561858e-06 5.685701989020526259e-01 -1.438591188738589863e-02 1.220705201218235422e-04 5.016605121859486332e-05 2.994367856449859565e-06 3.38 0.00020860244371 1.6e-09
7.095589829428211300e-06 3.026434881193477811e+00 1.496663951989429808e-01 1.901360235001540631e-04 1.367434935711105353e-05 9.733677903297578843e-07 3.38 0.00020860244371 1.6e-09
-3.940710409131589303e-05 3.095495728338698349e+00 1.605342302611064698e-01 1.937098823277340668e-04 -1.214818323470672105e-05 -7.597415528023235480e-07 3.38 0.00020860244371 1.6e-09
-4.803819361996823330e-05 6.600524113852483943e-01 -3.248926828296859991e-03 1.150653005828176933e-04 -5.340887727696805754e-05 -3.818616037342224817e-06 3.38 0.00020860244371 1.6e-09
-4.773560385097039586e-06 1.866555546494097051e+00 8.036420818875580907e-02 1.342809790674773414e-04 3.421264058143004007e-05 2.412096278386796329e-06 3.38 0.00020860244371 1.6e-09
-1.669374165847151197e-05 3.376023693944692816e+00 1.851939040124976343e-01 2.083841943898734903e-04 1.525110429717231763e-06 8.572715551327265445e-08 3.38 0.00020860244371 1.6e-09
-5.638718493153689517e-05 2.215550193872708906e+00 1.016004152144581174e-01 1.499294436446635750e-04 -2.816460541133854374e-05 -1.992013744070805638e-06 3.38 0.00020860244371 1.6e-09
-9.741326581200159798e-06 4.821050487432249620e-01 -1.604572284563945961e-02 1.326181033998696497e-04 4.119898797478861686e-05 3.637219531700862484e-06 3.38 0.00020860244371 1.6e-09
1.589705628883391882e-05 2.934507209041325115e+00 1.614588956749611337e-01 1.853716091891071836e-04 1.593894147344910277e-05 1.035370227454464479e-06 3.38 0.00020860244371 1.6e-09
-8.983357522547566931e-05 3.214148963419397376e+00 1.700104483144946055e-01 1.998565628701020550e-04 -9.771289794994135442e-06 -7.993559280781271738e-07 3.38 0.00020860244371 1.6e-09
-1.920511885625131123e-05 8.776627859398613563e-01 2.623497838065052060e-03 1.083776177554226990e-04 -5.310593195446019186e-05 -3.426172350244045632e-06 3.38 0.00020860244371 1.6e-09
4.693588968303422500e-05 1.579728805246566115e+00 7.628622475260038449e-02 1.227605473173359267e-04 3.972726419744080143e-05 2.857989894667365371e-06 3.38 0.00020860244371 1.6e-09
-4.902267431905292646e-05 3.379555132066915046e+00 1.857595499561022767e-01 2.085299209107125914e-04 4.182661707695752755e-06 4.788087223134500283e-08 3.38 0.00020860244371 1.6e-09
-2.181205534761036246e-05 2.530186046338231964e+00 1.052894475607502878e-01 1.650040031726885195e-04 -2.323773140415389432e-05 -1.735887497002056213e-06 3.38 0.00020860244371 1.6e-09
-1.021709414761252428e-05 4.088004353139481628e-01 -1.958156741052102454e-02 1.463818407668341986e-04 1.294111301896626476e-05 3.505610598987071695e-06 3.38 0.00020860244371 1.6e-09
-5.180802069549791006e-05 2.725163153919837100e+00 1.461844008632913750e-01 1.746955667553861324e-04 2.009011416643308125e-05 1.033563868437616132e-06 3.38 0.00020860244371 1.6e-09
6.173586922069641456e-05 3.351264526915159081e+00 1.543356783441476865e-01 2.070220804885671570e-04 -6.216888322632930467e-06 -7.089959218319189506e-07 3.38 0.00020860244371 1.6e-09
-5.878089013355033385e-06 1.327907977468297140e+00 1.219153694895755598e-02 1.144228985986336369e-04 -4.486266438411704927e-05 -2.459623934098341717e-06 3.38 0.00020860244371 1.6e-09
-3.725951515167003699e-05 1.107455928094489117e+00 4.544364923457634708e-02 1.094659047591739086e-04 4.910520926524682584e-05 3.247597689260637992e-06 3.38 0.00020860244371 1.6e-09
-1.572672780283434818e-05 3.296149744414770488e+00 1.470415769168832987e-01 2.041340433008862268e-04 7.893821886684480237e-06 4.088716130849951993e-08 3.38 0.00020860244371 1.6e-09
4.887047360493837304e-05 2.836800872566141773e+00 8.526910236064635940e-02 1.803586635376943910e-04 -1.805745507647767449e-05 -1.240779980567020641e-06 3.38 0.00020860244371 1.6e-09
-2.246603318627870478e-05 4.323558383927151860e-01 -2.131601026349044803e-02 1.413919257124214741e-04 -2.778675965546287423e-05 1.862542605374779707e-06 3.38 0.00020860244371 1.6e-09
1.862779309973834532e-05 2.385037897688492947e+00 1.013757911834035907e-01 1.579533711639737525e-04 2.555224168738723470e-05 9.546977019647059050e-07 3.38 0.00020860244371 1.6e-09
-2.637192784105454592e-05 3.386810745406565459e+00 1.120610564359777322e-01 2.089305706047262499e-04 -2.875296329015210961e-06 -5.112142823751307801e-07 3.38 0.00020860244371 1.6e-09
5.645057717378306128e-05 1.725657820327595848e+00 1.296813161208664258e-02 1.284094508713364241e-04 -3.703466546407106666e-05 -1.540852093705702223e-06 3.38 0.00020860244371 1.6e-09
3.366938750204394033e-05 7.603650627790528027e-01 1.832540229952689392e-02 1.106597319716569778e-04 5.404404988668579888e-05 3.256794058241016593e-06 3.38 0.00020860244371 1.6e-09
-7.195834000076004055e-05 3.158710887294429170e+00 1.051770098340861492e-01 1.969841447377656738e-04 1.093609386985958840e-05 8.223671724708168413e-08 3.38 0.00020860244371 1.6e-09
4.726421492719073676e-05 2.978688272981198093e+00 6.362479967114316459e-02 1.876627231433624450e-04 -1.491751048286801609e-05 -8.521502682764644436e-07 3.38 0.00020860244371 1.6e-09
6.242643219268398662e-05 5.152525721575600404e-01 -1.867955052782357961e-02 1.280515721727878389e-04 -4.572633395961004971e-05 6.041033341840221300e-07 3.38 0.00020860244371 1.6e-09
-4.218779886002411929e-05 2.131703519783670675e+00 7.089445350111531208e-02 1.460594789893532048e-04 2.958646418504046655e-05 9.180107765671274773e-07 3.38 0.00020860244371 1.6e-09
-5.016389360747455729e-05 3.373842474146025783e+00 8.725726745977613330e-02 2.082811030534307997e-04 -8.712032877668614688e-07 -3.453313330536263448e-07 3.38 0.00020860244371 1.6e-09
5.148494652217062951e-05 1.930798552608736118e+00 1.510862255261344669e-02 1.370626671826971881e-04 -3.311269800754443451e-05 -1.127413753728714108e-06 3.38 0.00020860244371 1.6e-09
1.137644970944523423e-05 6.196906656384442158e-01 6.537932719701045926e-03 1.177629366946252948e-04 5.241380704290015405e-05 2.932052204519057662e-06 3.38 0.00020860244371 1.6e-09
8.552794107644620442e-05 3.068327809882111179e+00 8.522389957360301804e-02 1.923106436709396349e-04 1.274140348279983651e-05 1.561124983988806214e-07 3.38 0.00020860244371 1.6e-09
-6.224216805627254333e-05 3.048331419641411077e+00 5.785773328739671900e-02 1.912757474917688139e-04 -1.319140554940294473e-05 -6.475450126931044652e-07 3.38 0.00020860244371 1.6e-09
2.681802538063423951e-05 5.925530942437766679e-01 -1.497381571378976484e-02 1.199248363510558603e-04 -5.141168051324014588e-05 -1.582916109057354145e-07 3.38 0.00020860244371 1.6e-09
-1.714082908842771513e-05 1.976063150557574311e+00 5.654144818283574070e-02 1.390592512523484330e-04 3.223842814620947017e-05 9.699558439952290308e-07 3.38 0.00020860244371 1.6e-09
4.531155180289097814e-06 3.369372791969238889e+00 8.099848895165573381e-02 2.080525131450624318e-04 4.220878518862841128e-07 -2.295269643507591654e-07 3.38 0.00020860244371 1.6e-09
-5.527485048580963963e-05 2.072250588439072505e+00 2.190107265145238569e-02 1.433586455543385063e-04 -3.058271341561697321e-05 -9.884218266776108058e-07 3.38 0.00020860244371 1.6e-09
-4.710106651742493181e-05 5.428451031835279661e-01 2.511080008042020778e-04 1.247716020569567268e-04 4.835923670600848832e-05 2.728282289434016520e-06 3.38 0.00020860244371 1.6e-09
-7.055805280273252098e-05 3.004423970296394408e+00 8.038089961813271733e-02 1.890012020577144748e-04 1.423347711586639979e-05 2.523591972267314665e-07 3.38 0.00020860244371 1.6e-09
4.908107048918077637e-05 3.120035420908820356e+00 6.276749167134962337e-02 1.949844489855889849e-04 -1.168385554201887522e-05 -5.518398368940292312e-07 3.38 0.00020860244371 1.6e-09
1.160906527087842734e-05 6.934750608538509109e-01 -1.160561216547440107e-02 1.132903427978877264e-04 -5.394277929855800297e-05 -7.548632038590546704e-07 3.38 0.00020860244371 1.6e-09
1.607011211658800350e-05 1.815601652351333861e+00 5.102725918943865763e-02 1.321356665273270051e-04 3.522002793451145270e-05 1.142571020592938085e-06 3.38 0.00020860244371 1.6e-09
-7.209515488574522743e-05 3.377846728896892081e+00 8.520320288195154523e-02 2.084804920370645579e-04 1.957351417681622175e-06 -1.571960633730240096e-07 3.38 0.00020860244371 1.6e-09
7.551666970764602882e-05 2.261933413185859276e+00 3.128424760398972049e-02 1.521082019833618136e-04 -2.749307152580442992e-05 -9.520267267797693372e-07 3.38 0.00020860244371 1.6e-09
5.271166337172070464e-05 4.663762419437865736e-01 -4.400177165673996131e-03 1.351835113596991421e-04 3.813659467362443239e-05 2.873637916304281134e-06 3.38 0.00020860244371 1.6e-09
3.835685030962995487e-05 2.911573094751738644e+00 8.223401081417305858e-02 1.841966683112680574e-04 1.648841099121311701e-05 3.375716074908145952e-07 3.38 0.00020860244371 1.6e-09
-1.372032900867654887e-05 3.235088160673332602e+00 6.985855661829630525e-02 2.009514566199575511e-04 -9.355095857913069455e-06 -5.139573581285438963e-07 3.38 0.00020860244371 1.6e-09
3.570518843802375475e-05 9.229140168907479236e-01 -8.356689233399732311e-03 1.081293208846635613e-04 -5.252638728485773941e-05 -1.075476929778048013e-06 3.38 0.00020860244371 1.6e-09
-2.796254050063719525e-06 1.526227164028407302e+00 4.490960126937434960e-02 1.208316169481760816e-04 4.086808043528433070e-05 1.369507703652492208e-06 3.38 0.00020860244371 1.6e-09
3.835830582197909030e-05 3.376561022689708036e+00 8.276325885787719217e-02 2.083730659510463603e-04 4.583948205735768091e-06 -1.472372767695090828e-07 3.38 0.00020860244371 1.6e-09
8.765218705646740931e-06 2.567804207789647464e+00 3.297067604732926982e-02 1.668616983467847514e-04 -2.269368916425493760e-05 -8.317471393907685035e-07 3.38 0.00020860244371 1.6e-09
-3.205027777733533332e-05 4.054074563611674842e-01 -8.205116165638638367e-03 1.472231992987327732e-04 8.484499263261694442e-06 2.989939627239071471e-06 3.38 0.00020860244371 1.6e-09
2.674164412081719014e-05 2.695970772154377748e+00 6.629771862206482180e-02 1.732334922662241618e-04 2.064331585478614516e-05 2.705490279393497594e-07 3.38 0.00020860244371 1.6e-09
-8.109053267101685785e-05 3.360574530243040314e+00 5.245403603980774987e-02 2.075168363648166332e-04 -5.882704235408350168e-06 -4.395444008839113888e-07 3.38 0.00020860244371 1.6e-09
-3.022694319399053272e-05 1.368922938848763149e+00 -8.910377351778278956e-03 1.156322257260707900e-04 -4.408049464606921984e-05 -7.224325478164498357e-07 3.38 0.00020860244371 1.6e-09
1.239227569349596209e-05 1.067544085841569013e+00 2.404758642341914276e-02 1.089086870825801837e-04 4.999097644132117796e-05 1.213684311295584079e-06 3.38 0.00020860244371 1.6e-09
6.762954748972690674e-05 3.287843236633186894e+00 4.356485847583181636e-02 2.037011119963936384e-04 8.193324171677116111e-06 -1.793748372091267379e-07 3.38 0.00020860244371 1.6e-09
2.363822769317419707e-05 2.856029833355334002e+00 8.853014063629630406e-03 1.813413681668520506e-04 -1.774040921997001291e-05 -4.604052002259189699e-07 3.38 0.00020860244371 1.6e-09
-2.942788498252660702e-05 4.381635673395872788e-01 -8.755508958721076873e-03 1.402545794505648713e-04 -3.029493422191082108e-05 2.094610267756860681e-06 3.38 0.00020860244371 1.6e-09
-3.072107710658427343e-05 2.361752134872080688e+00 2.497312509067380754e-02 1.568334564193913164e-04 2.600334882824364925e-05 4.069842859867944835e-08 3.38 0.00020860244371 1.6e-09
3.894934271364324717e-05 3.391180585246464041e+00 1.134511492630403337e-02 2.091622447810661449e-04 -2.652554145196253107e-06 -2.329537839667374331e-07 3.38 0.00020860244371 1.6e-09
-2.398500538150168305e-05 1.755139492785446897e+00 -1.211373891765614094e-02 1.296031085031280851e-04 -3.651291997135613964e-05 -1.461429012460079068e-07 3.38 0.00020860244371 1.6e-09
-4.154448114120104599e-05 7.379811112778753568e-01 4.865760049384835854e-03 1.113759549064404430e-04 5.425379985922756823e-05 3.858197288561574666e-07 3.38 0.00020860244371 1.6e-09
-9.346374645654897994e-05 3.152110592364570252e+00 4.535736741136669678e-03 1.966372056276093354e-04 1.121125169265725883e-05 -9.384650892101782936e-08 3.38 0.00020860244371 1.6e-09
1.940914539527621897e-05 2.998245375587640815e+00 -5.628583381886876659e-03 1.886665161938898098e-04 -1.460455483662816045e-05 -8.751313986994336091e-08 3.38 0.00020860244371 1.6e-09
-2.284408733361211689e-05 5.289187081785806654e-01 -3.354086691381016720e-03 1.263251263842248028e-04 -4.733783120680074691e-05 6.830344838172594268e-07 3.38 0.00020860244371 1.6e-09
-1.365417731488558157e-05 2.102624718312390506e+00 -2.224470514011010064e-03 1.447186242500816998e-04 3.017644291267450700e-05 -2.714980842813303804e-09 3.38 0.00020860244371 1.6e-09
3.155200326221438385e-05 3.381734164610279869e+00 -7.454781710267710266e-04 2.086911093922393784e-04 -5.413652482457442199e-07 2.285593497680991090e-08 3.38 0.00020860244371 1.6e-09
-3.841160172370594562e-05 1.979256800883696377e+00 1.340599889735188347e-03 1.391770717606444772e-04 -3.231907993603194197e-05 1.073271052467508181e-08 3.38 0.00020860244371 1.6e-09
-4.829445471109740411e-05 5.915276931565730534e-01 -5.925757628665474092e-03 1.199363718194054631e-04 5.157368967551078168e-05 -6.206444844408855633e-07 3.38 0.00020860244371 1.6e-09
-4.949742727264571485e-05 3.054291329795869370e+00 -2.622011352207674964e-03 1.915707572933086932e-04 1.328333113512389669e-05 1.508638394183298445e-07 3.38 0.00020860244371 1.6e-09
4.090642424785706412e-05 3.087005536824362295e+00 1.145911469420579989e-02 1.932647746835144519e-04 -1.256364852007421206e-05 1.010080846059643667e-07 3.38 0.00020860244371 1.6e-09
6.798840451220969204e-06 6.347770726691250864e-01 5.465054903767361735e-03 1.166334595021401336e-04 -5.306259000166928014e-05 -7.367587733957831693e-07 3.38 0.00020860244371 1.6e-09
5.833374951860232645e-05 1.906273096499119468e+00 -9.346494270007305039e-03 1.359863959214794617e-04 3.362356317406184851e-05 2.732737396708499042e-07 3.38 0.00020860244371 1.6e-09
2.887871654025349962e-05 3.382667657651323267e+00 2.003884323680962462e-02 2.087363342225492964e-04 1.190097442027225844e-06 2.470087132745128727e-07 3.38 0.00020860244371 1.6e-09
-1.518485942871387331e-05 2.179803955864566767e+00 2.977314270525641821e-02 1.482652071226852318e-04 -2.888543839008272479e-05 -1.644178405869755010e-07 3.38 0.00020860244371 1.6e-09
4.615876920439356093e-05 4.958042988402644458e-01 -1.199000138643496402e-02 1.306134402296331475e-04 4.348918947664938693e-05 -1.323280088208685072e-06 3.38 0.00020860244371 1.6e-09
1.827585411651451132e-05 2.959888277530128065e+00 1.656825086500560845e-02 1.866814303536140835e-04 1.550391098893743377e-05 4.843888886825953720e-07 3.38 0.00020860244371 1.6e-09
-3.450325546708804737e-05 3.196538503509073870e+00 4.978462046609967440e-02 1.989428148614747307e-04 -1.028389000915272045e-05 1.230636540167585054e-07 3.38 0.00020860244371 1.6e-09
4.960998708648367545e-05 8.259530299186130797e-01 1.769811380283109470e-02 1.090546690507587948e-04 -5.377274381217650331e-05 -1.730397903416441102e-06 3.38 0.00020860244371 1.6e-09
-1.106605388076845731e-05 1.641544836980124877e+00 -3.421774510043994275e-03 1.251012455889933086e-04 3.865808809863104621e-05 7.982477110497186099e-07 3.38 0.00020860244371 1.6e-09
1.012721842598918518e-04 3.385359027593429104e+00 5.788322506187107419e-02 2.088465951539158138e-04 3.603871210419100770e-06 3.988453601613959917e-07 3.38 0.00020860244371 1.6e-09
-4.359496662730433930e-05 2.466523376223844544e+00 6.412794392191045745e-02 1.618967132863014392e-04 -2.430214289538753120e-05 -4.158849596744565271e-07 3.38 0.00020860244371 1.6e-09
3.539150090948310916e-05 4.167668907378274112e-01 -1.286783813193600676e-02 1.446394158033024427e-04 2.002071512959521825e-05 -1.879295195786116654e-06 3.38 0.00020860244371 1.6e-09
6.609383631530038367e-05 2.779913579578574545e+00 4.118421531431522287e-02 1.774677443239644969e-04 1.915869247823578610e-05 7.884185460932757791e-07 3.38 0.00020860244371 1.6e-09
9.428663287795412931e-05 3.328978445711703760e+00 8.633991481185693262e-02 2.058549289717658025e-04 -7.013569375654396101e-06 8.128518300692373173e-08 3.38 0.00020860244371 1.6e-09
3.897389789163136794e-05 1.222333179281066329e+00 3.575463884569660133e-02 1.117051378937270920e-04 -4.695512378207658923e-05 -1.804651842110692874e-06 3.38 0.00020860244371 1.6e-09
3.784680840474212400e-05 1.209354098226340657e+00 -3.157073633240373156e-03 1.114311108253982944e-04 4.720888666280731612e-05 1.208567803324279311e-06 3.38 0.00020860244371 1.6e-09
1.206824207487903626e-05 3.323153198104457307e+00 7.764531223947136740e-02 2.055538655718825358e-04 7.056311802163002946e-06 4.865340821797269321e-07 3.38 0.00020860244371 1.6e-09
7.236435503412952375e-05 2.777451806707646575e+00 8.448543525436280621e-02 1.773478638300477839e-04 -1.914599580592583081e-05 -4.480346969175605207e-07 3.38 0.00020860244371 1.6e-09
-5.905602377941420676e-05 4.172043377473920733e-01 -8.725250649670899042e-03 1.446170214754397411e-04 -1.983424528485870181e-05 -2.586866065857975550e-06 3.38 0.00020860244371 1.6e-09
7.924412054083895005e-05 2.466343870890177037e+00 3.946115419736580254e-02 1.618903887004393316e-04 2.428583556840613442e-05 9.608741063167639247e-07 3.38 0.00020860244371 1.6e-09
2.014441082555284610e-06 3.383460243825324287e+00 9.381888181102129853e-02 2.087472838480263946e-04 -3.631466348370785059e-06 1.337839815182032289e-07 3.38 0.00020860244371 1.6e-09
5.864130443331223489e-05 1.638808419478155143e+00 5.065947336334164497e-02 1.249948299959630885e-04 -3.867086604366285065e-05 -1.417653717521048641e-06 3.38 0.00020860244371 1.6e-09
-2.344389541495206652e-05 8.273956365329283580e-01 -1.165658248672639744e-02 1.090666897361742920e-04 5.370863067994607421e-05 1.092687323147027558e-06 3.38 0.00020860244371 1.6e-09
-8.663090735553527293e-05 3.192372272792687316e+00 7.522838179232291256e-02 1.987327230707129719e-04 1.021463151416298202e-05 6.024069550691478237e-07 3.38 0.00020860244371 1.6e-09
-2.879629270609636727e-06 2.945971522084965599e+00 9.224093100081813545e-02 1.859747061245513734e-04 -1.564851372772151929e-05 -3.361451035460649620e-07 3.38 0.00020860244371 1.6e-09
-5.378206242348633687e-05 4.904036234349365975e-01 -2.588135466535823950e-03 1.314892740563469936e-04 -4.235080985327950261e-05 -3.131974130020728385e-06 3.38 0.00020860244371 1.6e-09
1.279141590050000664e-05 2.195264562368419270e+00 3.300834308811863294e-02 1.489908624124921903e-04 2.856335783728888083e-05 1.182590896133458853e-06 3.38 0.00020860244371 1.6e-09
-1.568577816967086844e-06 3.376715227984377954e+00 1.022159391279597873e-01 2.084259001045113088e-04 -1.390497843159586911e-06 2.374211664289879216e-07 3.38 0.00020860244371 1.6e-09
5.613276106765849034e-05 1.878255377788666136e+00 6.594970328799695802e-02 1.347862044059254744e-04 -3.405459899549317633e-05 -1.311224504058906262e-06 3.38 0.00020860244371 1.6e-09
-1.658965813185425095e-05 6.513647222274816517e-01 -1.684665141375525643e-02 1.155916591014573432e-04 5.333284494815857001e-05 9.051840175444727484e-07 3.38 0.00020860244371 1.6e-09
-5.618819377626979486e-05 3.092665427233858733e+00 8.419556431233571336e-02 1.935657716335407357e-04 1.226013595930142201e-05 7.794079940561463117e-07 3.38 0.00020860244371 1.6e-09
-1.898140418051627885e-05 3.030208987956539257e+00 1.108480362624616189e-01 1.903336610287543530e-04 -1.363307932346957604e-05 -3.144744806167330351e-07 3.38 0.00020860244371 1.6e-09
-5.929471824451832963e-05 5.714245560855122363e-01 2.888799081050000099e-03 1.218299367379695566e-04 -5.025283808322645381e-05 -3.651011107343075468e-06 3.38 0.00020860244371 1.6e-09
-5.418119785439820437e-05 2.017045285732375959e+00 3.708076958443272397e-02 1.408682025616702846e-04 3.155152265285694388e-05 1.549309442162202874e-06 3.38 0.00020860244371 1.6e-09
-8.786893149735439535e-05 3.372183595585066307e+00 1.252010594878364136e-01 2.081956351915832725e-04 1.129723276461766688e-07 3.071063490100507798e-07 3.38 0.00020860244371 1.6e-09
4.916689163528441459e-06 2.043285486255698835e+00 8.522617645262717256e-02 1.420427792177161148e-04 -3.106405337947181514e-05 -1.435848686565361968e-06 3.38 0.00020860244371 1.6e-09
5.893135067721146699e-05 5.563305171728636367e-01 -1.952865440919280410e-02 1.232851018724555900e-04 4.944653690380679435e-05 1.035176957972511993e-06 3.38 0.00020860244371 1.6e-09
-4.679135922376362284e-05 3.019308566559398166e+00 1.055958642156395733e-01 1.897635878313788888e-04 1.393995216219540907e-05 9.759309622941105124e-07 3.38 0.00020860244371 1.6e-09
-6.972823079167669771e-05 3.111957110377659319e+00 1.378632546261918668e-01 1.945601120916423720e-04 -1.188392617498784807e-05 -3.788872662978346335e-07 3.38 0.00020860244371 1.6e-09
-1.060066979922033638e-05 6.812690519714985626e-01 8.897271422099495980e-03 1.138768048235348892e-04 -5.373509768632343971e-05 -3.968642841476500372e-06 3.38 0.00020860244371 1.6e-09
-9.607272669355344054e-06 1.835597334644802459e+00 4.650064251110645752e-02 1.329620503292120760e-04 3.486290617483904980e-05 2.051649540496044626e-06 3.38 0.00020860244371 1.6e-09
-4.753207144550252751e-05 3.380244442286294060e+00 1.546039209020096117e-01 2.086014170111652542e-04 1.830000128912651627e-06 3.383234213380435932e-07 3.38 0.00020860244371 1.6e-09
-6.091301604684639195e-05 2.255438400912339159e+00 1.070774790209856331e-01 1.517951750279247498e-04 -2.755313204738412053e-05 -1.555729623228516549e-06 3.38 0.00020860244371 1.6e-09
-6.542776634179047694e-05 4.678804356835649658e-01 -2.112862019827966426e-02 1.348638103820647702e-04 3.857964921743157517e-05 1.219236657036093980e-06 3.38 0.00020860244371 1.6e-09
-1.920489859605160052e-05 2.914982060592942403e+00 1.280548904003691035e-01 1.843638964188824792e-04 1.642521564078767613e-05 1.173566248467858689e-06 3.38 0.00020860244371 1.6e-09
-6.389638103328948752e-05 3.236812691241987672e+00 1.644684363659764392e-01 2.010355870498986444e-04 -9.318423525828438146e-06 -4.383295220244017963e-07 3.38 0.00020860244371 1.6e-09
-4.141978425618576099e-05 9.314300678699565239e-01 2.163400967472790468e-02 1.080970512277608625e-04 -5.228664967978203886e-05 -3.713155542632954859e-06 3.38 0.00020860244371 1.6e-09
-4.582166993514827765e-05 1.518370583542249186e+00 4.645227841432078564e-02 1.205436036553762563e-04 4.098669245084357582e-05 2.667988645697779718e-06 3.38 0.00020860244371 1.6e-09
5.256537263536164987e-05 3.374352383353694140e+00 1.722842097024416264e-01 2.082520275093023695e-04 4.665337480722887189e-06 3.659070932947714513e-07 3.38 0.00020860244371 1.6e-09
-2.382343201875249003e-05 2.579534078288452825e+00 1.251997143959979186e-01 1.674367236316485542e-04 -2.243970348047062970e-05 -1.446235074967727291e-06 3.38 0.00020860244371 1.6e-09
1.609658275808705264e-05 4.047702881704170474e-01 -2.175841689019754333e-02 1.473439210248369115e-04 6.731343741110378975e-06 4.669995137657151040e-07 3.38 0.00020860244371 1.6e-09
-1.319286886433221231e-06 2.680710080719820532e+00 1.263364187003496730e-01 1.724678643250118857e-04 2.081434833894157510e-05 1.334052345099586187e-06 3.38 0.00020860244371 1.6e-09
-8.376846414301803443e-05 3.359613774057704561e+00 1.685910878302783189e-01 2.074662076003005388e-04 -5.719905516582525910e-06 -3.871167373489589498e-07 3.38 0.00020860244371 1.6e-09
-4.012632912763859693e-05 1.389453756144209517e+00 4.035484406191304496e-02 1.162580073757341894e-04 -4.356512376666576015e-05 -2.798239003499974622e-06 3.38 0.00020860244371 1.6e-09
4.424267872801341601e-05 1.048751332662900548e+00 2.397376432326078083e-02 1.087023439840669966e-04 5.022858524743101022e-05 3.217126330831099924e-06 3.38 0.00020860244371 1.6e-09
-8.636609616639753751e-05 3.275589960859810468e+00 1.567389258440130551e-01 2.030623720228534970e-04 8.319332677461173831e-06 4.238521013197442686e-07 3.38 0.00020860244371 1.6e-09
-8.690473021239988492e-05 2.856068203905393066e+00 1.229594560049731833e-01 1.813493530447548088e-04 -1.758246944158529745e-05 -1.134258335088145890e-06 3.38 0.00020860244371 1.6e-09
-4.664757346091260882e-05 4.407395378507500405e-01 -1.947435912708898875e-02 1.397857552681898582e-04 -3.090382869053090854e-05 -9.863571627940775339e-07 3.38 0.00020860244371 1.6e-09
-7.236982935335343342e-05 2.350262252370892035e+00 1.007165194704557620e-01 1.562910191716785388e-04 2.605099247951257144e-05 1.459212119216970413e-06 3.38 0.00020860244371 1.6e-09
2.786905530802724206e-05 3.381244868979104812e+00 1.510076092518508606e-01 2.086447193191205067e-04 -2.637851339706618138e-06 -2.597160006032502420e-07 3.38 0.00020860244371 1.6e-09
-1.154149407187174316e-05 1.747113481575130134e+00 4.928426571283797686e-02 1.292902564146919191e-04 -3.653472636542859955e-05 -2.088081038929898605e-06 3.38 0.00020860244371 1.6e-09
6.383415244583065691e-06 7.437012942767058377e-01 5.997646974293833685e-03 1.112173705071293334e-04 5.405402607183389520e-05 3.453718631647959872e-06 3.38 0.00020860244371 1.6e-09
8.874791066522733215e-05 3.146288772888839791e+00 1.383361867776046750e-01 1.963435385360374336e-04 1.107990110444336519e-05 4.961386792928877078e-07 3.38 0.00020860244371 1.6e-09
2.281464381434129157e-05 2.979667754153305204e+00 1.164725345313767646e-01 1.877191853636462628e-04 -1.477330960322806688e-05 -9.256518619780925102e-07 3.38 0.00020860244371 1.6e-09
-2.024010828945659764e-05 5.199369095184516176e-01 -1.623690085649815568e-02 1.274907147903913058e-04 -4.615001778528940565e-05 -1.656738996850399223e-06 3.38 0.00020860244371 1.6e-09
3.111551251406116843e-05 2.121147543096493671e+00 8.626153710834677524e-02 1.455807184932414369e-04 2.969597161190627314e-05 1.597352825804640666e-06 3.38 0.00020860244371 1.6e-09
-4.840611848192602235e-05 3.369244308584744552e+00 1.433732388749041631e-01 2.080416225280272923e-04 -8.156730659030248941e-07 -1.875044288295621782e-07 3.38 0.00020860244371 1.6e-09
-1.367847643789712347e-05 1.933336351673235587e+00 5.385020523276824733e-02 1.371792389830687087e-04 -3.299140190943725939e-05 -1.818250667864454195e-06 3.38 0.00020860244371 1.6e-09
-3.216071784796198493e-05 6.179337188066195141e-01 -8.063132607601338799e-04 1.178935919829951398e-04 5.231723207835076649e-05 3.612778847605490473e-06 3.38 0.00020860244371 1.6e-09
3.703161945217884709e-05 3.064036192581856000e+00 1.333426660876366743e-01 1.920894403045959756e-04 1.276098630418382284e-05 5.466095845052876798e-07 3.38 0.00020860244371 1.6e-09
-4.510294219377380931e-05 3.046428581662890434e+00 1.162258783292871439e-01 1.911784659019886382e-04 -1.315649931718004459e-05 -8.566114263257032564e-07 3.38 0.00020860244371 1.6e-09
5.364196539506532470e-05 5.938426755685684011e-01 -1.448872743896754793e-02 1.198184989903634573e-04 -5.142946456331708063e-05 -1.888062439256884328e-06 3.38 0.00020860244371 1.6e-09
-3.210172730461523856e-05 1.973642460765155704e+00 8.237195707627006924e-02 1.389507626391822096e-04 3.222999708902930869e-05 1.749307878601987921e-06 3.38 0.00020860244371 1.6e-09
-2.002375123167264776e-05 3.367451644076948192e+00 1.438005942867250364e-01 2.079503409615611627e-04 4.484536406778511304e-07 -1.730358986891996228e-07 3.38 0.00020860244371 1.6e-09
-5.045627722919638578e-05 2.075175868656130795e+00 5.731816541343975197e-02 1.434896038210400513e-04 -3.048906434369677858e-05 -1.710441059954318920e-06 3.38 0.00020860244371 1.6e-09
3.369112156388475853e-05 5.415120141866782699e-01 -3.986912913252503576e-03 1.249108302133177385e-04 4.818223661640011880e-05 3.968290582652268429e-06 3.38 0.00020860244371 1.6e-09
7.326978488534730081e-05 3.001215150823956179e+00 1.346979496719669378e-01 1.888334823169478412e-04 1.426773041283983443e-05 5.739791174765575527e-07 3.38 0.00020860244371 1.6e-09
-2.091621824073316445e-05 3.123256251115560822e+00 1.181348194473342689e-01 1.951491561894594081e-04 -1.158369818591782990e-05 -8.419550323380878884e-07 3.38 0.00020860244371 1.6e-09
-5.043428223577796007e-05 7.010358248811683346e-01 -1.352300133733616398e-02 1.129289508651655364e-04 -5.398047645619121371e-05 -1.959277215734342057e-06 3.38 0.00020860244371 1.6e-09
2.466157242164667676e-05 1.804594709791486729e+00 8.087405184018559012e-02 1.316681766233643584e-04 3.538549183485370850e-05 1.951772643579413382e-06 3.38 0.00020860244371 1.6e-09
-5.790304272421703844e-05 3.378575369220512492e+00 1.447788603707931832e-01 2.085136606276471105e-04 2.094790634049405264e-06 -1.901345430837536498e-07 3.38 0.00020860244371 1.6e-09
4.863146892724347348e-05 2.281671890129167934e+00 5.975549292123937678e-02 1.530343500699813297e-04 -2.715700208317586376e-05 -1.582236247919475179e-06 3.38 0.00020860244371 1.6e-09
3.704939020455414437e-05 4.603691717706495101e-01 -7.566273045915519746e-03 1.361621317692431965e-04 3.671354627038499809e-05 4.542871181738880092e-06 3.38 0.00020860244371 1.6e-09
-8.204798867852611515e-05 2.899506011407015027e+00 1.322671618921703596e-01 1.835702178465312931e-04 1.676202088326436262e-05 5.662060065152732796e-07 3.38 0.00020860244371 1.6e-09
1.137021069074067316e-05 3.249586373885577029e+00 1.142163538566983716e-01 2.017029703764855464e-04 -9.042839579785981092e-06 -8.107544771654918860e-07 3.38 0.00020860244371 1.6e-09
8.202240985733911616e-06 9.609413051320084831e-01 -1.182304573282240076e-02 1.081047096594016442e-04 -5.191783219460627404e-05 -1.791891980589708013e-06 3.38 0.00020860244371 1.6e-09
-2.575584996799139579e-05 1.483527705412172715e+00 6.863230078006254953e-02 1.193315156698192096e-04 4.167552678704522230e-05 2.176532971314294645e-06 3.38 0.00020860244371 1.6e-09
-3.055734713929768006e-08 3.373716317586230140e+00 1.271108057760938492e-01 2.082150722739543566e-04 4.981259556723099634e-06 -2.360594479882858985e-07 3.38 0.00020860244371 1.6e-09
-8.024433761789155606e-05 2.611402576107259677e+00 5.024314349177906591e-02 1.690147451744824949e-04 -2.200105144457996831e-05 -1.263947942118474007e-06 3.38 0.00020860244371 1.6e-09
-2.393994734211742006e-05 4.036257469118273433e-01 -1.290500854749589664e-02 1.476062118905930123e-04 3.164832297793720183e-06 4.533871127748782940e-06 3.38 0.00020860244371 1.6e-09
-2.376848577067364551e-05 2.655797770139248115e+00 1.001981002151544065e-01 1.712179717520622649e-04 2.132799804490243385e-05 4.065643247587563622e-07 3.38 0.00020860244371 1.6e-09
-4.825213443994276475e-05 3.373146131831916694e+00 7.785202759929102378e-02 2.081772414468712948e-04 -5.371286300351716451e-06 -6.762604847387480475e-07 3.38 0.00020860244371 1.6e-09
-7.245747472937267555e-06 1.437889244918143739e+00 -1.470291240703395022e-02 1.177886622865873385e-04 -4.272669847517008765e-05 -1.057749259176642280e-06 3.38 0.00020860244371 1.6e-09
3.197786751681995200e-05 1.003731693827053739e+00 3.626147617506304821e-02 1.082901759668428035e-04 5.112481678160728140e-05 2.091160590956964234e-06 3.38 0.00020860244371 1.6e-09
-7.609085732473137398e-06 3.267863518318661953e+00 6.993859407193614430e-02 2.026546439167092341e-04 8.732925667222510367e-06 -2.790233330591670382e-07 3.38 0.00020860244371 1.6e-09
7.304591663263472067e-05 2.888571662313247579e+00 1.488413495261928232e-02 1.830038508026424454e-04 -1.711337783448363059e-05 -7.326537176406511690e-07 3.38 0.00020860244371 1.6e-09
5.001898473009601658e-05 4.515748886967742570e-01 -1.495845801838695602e-02 1.377105478523988442e-04 -3.450300798292016343e-05 3.063227934615127248e-06 3.38 0.00020860244371 1.6e-09
-6.516489595197159121e-05 2.311064960722641892e+00 4.846980561042316116e-02 1.544149809315716634e-04 2.680497951206091460e-05 1.449094980082068731e-07 3.38 0.00020860244371 1.6e-09
-5.677021423383618343e-05 3.390835501829001508e+00 2.630149280955635174e-02 2.091490717956468468e-04 -2.214028001815145262e-06 -4.283361869746100500e-07 3.38 0.00020860244371 1.6e-09
6.169773339709189251e-05 1.802826027038179069e+00 -1.987679912201756327e-02 1.315694172147070643e-04 -3.561531447057768784e-05 -3.503710137124994474e-07 3.38 0.00020860244371 1.6e-09
1.932246146533635376e-05 7.036595681455444229e-01 1.305481719489741746e-02 1.127756095597241245e-04 5.409123783960462006e-05 1.418175515311843273e-06 3.38 0.00020860244371 1.6e-09
6.672125759611549980e-05 3.131742006479753204e+00 2.488436444947740925e-02 1.955822859418173960e-04 1.161142100543912663e-05 -2.031477566279276016e-07 3.38 0.00020860244371 1.6e-09
9.373014326788197239e-05 3.014433752900053776e+00 -4.089441098178910397e-03 1.895053062386163839e-04 -1.421383139433910491e-05 -3.165756725637880050e-07 3.38 0.00020860244371 1.6e-09
4.086356183523689491e-06 5.457127333219142784e-01 -1.047425915705548112e-02 1.244034970920800446e-04 -4.874402438354289346e-05 1.479391503095776305e-06 3.38 0.00020860244371 1.6e-09
1.035366458148030900e-05 2.066665866556815168e+00 1.779918588540203156e-02 1.430909675653987197e-04 3.076574229366935598e-05 6.823160788961480452e-08 3.38 0.00020860244371 1.6e-09
3.880074552332482470e-05 3.379100873651684545e+00 8.295836069400418580e-03 2.085557180458633532e-04 -2.625046581657593555e-07 -1.760242401874733379e-07 3.38 0.00020860244371 1.6e-09
4.415849159303916369e-05 2.007261726442245653e+00 -9.649100496833627055e-03 1.404230831100487169e-04 -3.180876467213093100e-05 -1.249876361601701025e-07 3.38 0.00020860244371 1.6e-09
-3.710785738669992225e-05 5.760901089462326929e-01 1.228969067395740793e-03 1.213407073753775391e-04 5.076219655232271631e-05 5.404696659390998409e-07 3.38 0.00020860244371 1.6e-09
-6.194873079916471056e-06 3.039834705490775946e+00 1.188603441490530474e-02 1.908261426244138581e-04 1.355402411770761670e-05 -2.546760020931766112e-09 3.38 0.00020860244371 1.6e-09
3.005305993365729218e-05 3.096007410407993987e+00 5.913099434182670505e-03 1.937342573244533973e-04 -1.231842740374562115e-05 -1.031570852454007898e-07 3.38 0.00020860244371 1.6e-09
2.010291039247114498e-07 6.499319144802776504e-01 -3.197724152366169907e-03 1.156621708175301967e-04 -5.338648169074574202e-05 1.045177390551306774e-07 3.38 0.00020860244371 1.6e-09
3.495425156475998773e-05 1.881809880071812380e+00 6.961518507134214703e-03 1.349385215866189219e-04 3.404734333220174055e-05 2.593186432685612948e-07 3.38 0.00020860244371 1.6e-09
-8.492889198887049944e-05 3.380246851431547128e+00 1.985337266210462220e-02 2.086103959665417513e-04 1.383164785042434020e-06 3.067627399415286955e-08 3.38 0.00020860244371 1.6e-09
5.628751727849840139e-05 2.197609913628273404e+00 1.250241382530933865e-02 1.490955166678836557e-04 -2.857662897645204983e-05 -2.114014898331312856e-07 3.38 0.00020860244371 1.6e-09
4.683309562406962013e-05 4.889148831621746294e-01 -5.601275047535676961e-03 1.316414225190987511e-04 4.242880038236978424e-05 -3.835503820136108328e-09 3.38 0.00020860244371 1.6e-09
2.614234971842119531e-05 2.948916547720118242e+00 2.235834480281777281e-02 1.861197557154091941e-04 1.570023975450631653e-05 2.585108175038264226e-07 3.38 0.00020860244371 1.6e-09
-5.854640779296254981e-05 3.201771919802284483e+00 3.335299803593760881e-02 1.992178223229162091e-04 -1.012117375454555873e-05 -4.938239834546890528e-08 3.38 0.00020860244371 1.6e-09
-3.159033587762494194e-05 8.401857879892122849e-01 5.533587154205346810e-03 1.088406609578060325e-04 -5.362809802351256084e-05 -8.865560186545647479e-07 3.38 0.00020860244371 1.6e-09
-2.302687265210376580e-05 1.623774870519732350e+00 8.257356384772866764e-03 1.244268915659126409e-04 3.898687291771651292e-05 6.449026533362135815e-07 3.38 0.00020860244371 1.6e-09
-6.469563293295240369e-05 3.382876984566188128e+00 4.462142913657553972e-02 2.087166188882917282e-04 3.745969350166552297e-06 1.547047311412289647e-07 3.38 0.00020860244371 1.6e-09
6.254095124901828343e-05 2.477640458944415869e+00 3.683489834948851238e-02 1.624403609647005363e-04 -2.412579398172580853e-05 -3.746980040704638760e-07 3.38 0.00020860244371 1.6e-09
5.880099027889521435e-05 4.150225722801267336e-01 -7.994356838411757760e-03 1.450481540189321272e-04 1.885346985718797124e-05 -2.319836417572886048e-07 3.38 0.00020860244371 1.6e-09
3.860451639438309038e-05 2.771051948346563876e+00 3.515000194237001552e-02 1.770207813311088169e-04 1.931448648830584201e-05 4.444901874336134457e-07 3.38 0.00020860244371 1.6e-09
-1.238567026384686362e-05 3.331690196014450045e+00 5.414603516453792009e-02 2.059991216292362008e-04 -6.902384957791412250e-06 -5.914471380152192892e-08 3.38 0.00020860244371 1.6e-09
-3.118514523148868049e-05 1.234059836698303769e+00 1.559297995366284474e-02 1.119867107907974172e-04 -4.674915961931887037e-05 -1.039649368212236075e-06 3.38 0.00020860244371 1.6e-09
-5.194890625562088561e-05 1.197730815482741296e+00 4.113787522710575170e-03 1.111719471300243081e-04 4.745616444404122334e-05 8.103164986337299553e-07 3.38 0.00020860244371 1.6e-09
4.194208505177600540e-05 3.321216032865149437e+00 4.673556880568199151e-02 2.054524555927021929e-04 7.150060212343224140e-06 1.947933719649628151e-07 3.38 0.00020860244371 1.6e-09
4.067839859227746936e-05 2.784598020736707369e+00 4.250985347928147584e-02 1.777102767148583341e-04 -1.903885779501494701e-05 -3.150263442767690827e-07 3.38 0.00020860244371 1.6e-09
-6.915264999614605026e-05 4.181234072430808912e-01 -5.889532199124800256e-03 1.444177456634247064e-04 -2.065189072060334984e-05 -7.058718182230914690e-07 3.38 0.00020860244371 1.6e-09
-2.404048404850332667e-05 2.459403417274232062e+00 2.066585825305286561e-02 1.615504901142617803e-04 2.443092810525718624e-05 4.417101084018806820e-07 3.38 0.00020860244371 1.6e-09
5.848527445676220116e-05 3.386166058342615859e+00 4.393616626294962607e-02 2.088897980542594210e-04 -3.551015760320901782e-06 3.570361805586231648e-08 3.38 0.00020860244371 1.6e-09
-2.155967986575202521e-05 1.649851348037880694e+00 2.183831665777692665e-02 1.254196863442280738e-04 -3.850140626120831177e-05 -6.552963455917017220e-07 3.38 0.00020860244371 1.6e-09
2.790710676398989022e-05 8.189931984670146825e-01 -7.252489275930237844e-03 1.092123536651524182e-04 5.381452170051419291e-05 3.029664640915060316e-07 3.38 0.00020860244371 1.6e-09
9.668827609026265139e-05 3.190857724485654856e+00 2.838844762333651156e-02 1.986528678209442374e-04 1.030847544634209007e-05 2.843644502772006200e-07 3.38 0.00020860244371 1.6e-09
-5.940687623433752265e-05 2.954530234987363002e+00 3.966207885696593216e-02 1.864128991760954012e-04 -1.552923562103197618e-05 -9.762609221995144725e-08 3.38 0.00020860244371 1.6e-09
5.324467853823098098e-05 4.941309523646615354e-01 2.969461233756039490e-05 1.309210218793280364e-04 -4.309341079656111738e-05 -1.508931947401947648e-06 3.38 0.00020860244371 1.6e-09
-5.454884437248766043e-05 2.185042451321097978e+00 4.325043341230571346e-03 1.485114386967462357e-04 2.878240007787895771e-05 5.160735161409122793e-07 3.38 0.00020860244371 1.6e-09
1.927278368561292612e-05 3.380597369054783030e+00 4.202241444232823753e-02 2.086287943804975887e-04 -1.267070913064266037e-06 2.131117549375005564e-07 3.38 0.00020860244371 1.6e-09
7.454495333370085065e-06 1.895701693266055088e+00 3.598472449563515363e-02 1.355312711518353468e-04 -3.379860776247816561e-05 -5.263843204978667293e-07 3.38 0.00020860244371 1.6e-09
-5.296815054388217501e-05 6.407878842689636034e-01 -1.487818141840730607e-02 1.162417769973657269e-04 5.316495696643889352e-05 -3.992802446475911495e-07 3.38 0.00020860244371 1.6e-09
-4.256594618624199710e-05 3.088936782983822127e+00 2.895678497184473593e-02 1.933687194166458533e-04 1.244731775843362292e-05 5.018932531890920563e-07 3.38 0.00020860244371 1.6e-09
2.531062722050993885e-05 3.044400233828919333e+00 5.806065964824311254e-02 1.910628433688414869e-04 -1.343038491254465965e-05 1.443990399890430310e-08 3.38 0.00020860244371 1.6e-09
-4.527893552147453312e-05 5.829461882014375096e-01 7.799043506407398081e-03 1.207331043833223907e-04 -5.100743401757481751e-05 -2.498294081378717635e-06 3.38 0.00020860244371 1.6e-09
1.730041758860975556e-05 1.995450787321616515e+00 2.432194089133221139e-03 1.399008798040465504e-04 3.199328717910784946e-05 8.421586330239379282e-07 3.38 0.00020860244371 1.6e-09
4.283843792250247246e-05 3.377922733386789389e+00 6.525579201530357087e-02 2.084936368029428129e-04 3.482489172816345379e-07 3.773301988140277078e-07 3.38 0.00020860244371 1.6e-09
-1.760048161220251889e-05 2.076976774806369441e+00 6.178919151067816667e-02 1.435567063068554834e-04 -3.056274732834956393e-05 -6.934534090729434967e-07 3.38 0.00020860244371 1.6e-09
5.132126776723321007e-05 5.401227727029804804e-01 -1.954633394245315278e-02 1.250054015932154151e-04 4.828859697522090721e-05 -8.253967211297968238e-07 3.38 0.00020860244371 1.6e-09
8.603128784470757268e-05 3.008162766021563961e+00 5.064572625866211458e-02 1.891811955433349052e-04 1.432189177114908960e-05 7.995847315628522550e-07 3.38 0.00020860244371 1.6e-09
-7.930844201736308042e-06 3.137236949102807593e+00 9.439714858071411585e-02 1.958659640736340577e-04 -1.147632377871109368e-05 -1.005884986533106496e-09 3.38 0.00020860244371 1.6e-09
1.655153752509020510e-05 7.159051974284520448e-01 1.811776316422760574e-02 1.122352733856415703e-04 -5.408099229163497944e-05 -3.260167233104989493e-06 3.38 0.00020860244371 1.6e-09
3.998626835776388714e-05 1.785925375231620649e+00 1.083316016500763916e-02 1.308790226922570954e-04 3.586694700572936711e-05 1.408989872719954372e-06 3.38 0.00020860244371 1.6e-09
-1.009748714370016195e-04 3.385903102014634847e+00 1.043746400856485901e-01 2.088909272793850456e-04 2.324317220697500422e-06 4.982465605476280490e-07 3.38 0.00020860244371 1.6e-09
-6.469133442243717896e-05 2.318366640349971419e+00 9.511753244804005414e-02 1.547668532662542311e-04 -2.660861447881120417e-05 -9.289857281454724267e-07 3.38 0.00020860244371 1.6e-09
-5.291150512654745774e-05 4.488639535478932685e-01 -2.110701809366682946e-02 1.381610938433053401e-04 3.387845383512992094e-05 -1.231151849407379960e-06 3.38 0.00020860244371 1.6e-09
-4.205864698350738018e-05 2.881045733981849377e+00 8.085300309181246703e-02 1.826183041012565517e-04 1.721538543791408573e-05 1.127741145861551816e-06 3.38 0.00020860244371 1.6e-09
2.339282934430142051e-05 3.270673238665539273e+00 1.362759525540963579e-01 2.028003977449433957e-04 -8.611002592421282311e-06 -6.185728993937029724e-08 3.38 0.00020860244371 1.6e-09
-3.993816491060443497e-05 1.019234502960801425e+00 3.750516917962736646e-02 1.083962948277791035e-04 -5.080038109561480403e-05 -3.236649217345455380e-06 3.38 0.00020860244371 1.6e-09
2.067976957537344501e-05 1.420900615621274454e+00 1.411492503953005670e-02 1.172603627325979447e-04 4.296631575035165455e-05 2.105352579821089414e-06 3.38 0.00020860244371 1.6e-09
8.710527975545815217e-05 3.363686528416145904e+00 1.363785862133797544e-01 2.076853880521633069e-04 5.435279737971293476e-06 5.947890936090970907e-07 3.38 0.00020860244371 1.6e-09
9.829434900626813102e-06 2.652206476696592929e+00 1.255539027246597716e-01 1.710466474281421053e-04 -2.127974223839098602e-05 -9.730950165920275089e-07 3.38 0.00020860244371 1.6e-09
6.626092898663744587e-05 4.037658634969292226e-01 -1.852659143493946836e-02 1.476105452606333614e-04 -2.780694896120913555e-06 -2.345414356256031810e-06 3.38 0.00020860244371 1.6e-09
-4.948670095017432139e-06 2.610298724780115709e+00 8.968378511928036534e-02 1.689607658909701195e-04 2.197854595508663927e-05 1.412395532984069021e-06 3.38 0.00020860244371 1.6e-09
2.790186321172931919e-05 3.371500516189373631e+00 1.561213450008978598e-01 2.080989588786492646e-04 -4.987352510816739437e-06 -4.375206557319564373e-08 3.38 0.00020860244371 1.6e-09
4.546479104860426927e-05 1.481416469819838433e+00 6.118039128160034090e-02 1.192571850610579765e-04 -4.171384842230345294e-05 -2.564470749900962110e-06 3.38 0.00020860244371 1.6e-09
-4.311507443176070507e-05 9.631707972737260093e-01 1.116707842828994516e-03 1.081336030347890720e-04 5.180109977647098113e-05 2.602572594214383804e-06 3.38 0.00020860244371 1.6e-09
6.828464559332172068e-05 3.246170807485190046e+00 1.394907626977278658e-01 2.015298596827245180e-04 8.983522811585997189e-06 7.028568719853874283e-07 3.38 0.00020860244371 1.6e-09
4.374346813427714277e-05 2.889377339492479990e+00 1.367510973513023365e-01 1.830584510854830343e-04 -1.686863907600817263e-05 -8.416491012295123027e-07 3.38 0.00020860244371 1.6e-09
-8.674182345519572244e-06 4.567159300188201043e-01 -1.321754729456721400e-02 1.368737945852812276e-04 -3.558456100259706206e-05 -3.263713166299285000e-06 3.38 0.00020860244371 1.6e-09
3.234907220131182190e-05 2.293972830128730322e+00 8.075018397646221979e-02 1.536174982209436574e-04 2.692910383918764773e-05 1.681483277313835152e-06 3.38 0.00020860244371 1.6e-09
7.020272865960538067e-05 3.378262692948329260e+00 1.595588636120872095e-01 2.084955549860576548e-04 -2.196665802443776556e-06 2.785144873136867222e-08 3.38 0.00020860244371 1.6e-09
3.689585912035166031e-05 1.793631031186421421e+00 7.535426825250229887e-02 1.312076908048227884e-04 -3.560224111139750577e-05 -2.163144976436907407e-06 3.38 0.00020860244371 1.6e-09
1.548667459913185610e-05 7.090160282391601010e-01 -7.971218975248769295e-03 1.125751962603306177e-04 5.399464966131012518e-05 2.871365660245287714e-06 3.38 0.00020860244371 1.6e-09
-3.864656695284126448e-05 3.126091280073887368e+00 1.415433966890460860e-01 1.952967494884578635e-04 1.148263479836022214e-05 8.136308329163828841e-07 3.38 0.00020860244371 1.6e-09
-8.762706131701127586e-06 2.995118195171253994e+00 1.448091866370370129e-01 1.885191153660770451e-04 -1.437320787579655546e-05 -7.896586428994779869e-07 3.38 0.00020860244371 1.6e-09
9.923468013525815030e-06 5.364697370092794682e-01 -9.465633074339920711e-03 1.255031062680925865e-04 -4.771266594377112226e-05 -3.527842481946882637e-06 3.38 0.00020860244371 1.6e-09
3.434003317905594488e-05 2.086038998569543779e+00 8.053266265191208473e-02 1.439788923161547320e-04 3.028168823253407692e-05 1.976947110382668815e-06 3.38 0.00020860244371 1.6e-09
8.925669508693663101e-06 3.368366923936037871e+00 1.696318417047582849e-01 2.079955908125854223e-04 -5.151827633872524542e-07 4.289994776090382475e-08 3.38 0.00020860244371 1.6e-09
9.519563430779992824e-06 1.969002468208716827e+00 8.477560029831177069e-02 1.387400862371985784e-04 -3.231568194244930563e-05 -2.085944589785901812e-06 3.38 0.00020860244371 1.6e-09
-3.344116288387662768e-05 5.965951970405825033e-01 -1.086706918029385974e-02 1.195550546780413674e-04 5.156638794435200413e-05 3.326251961945814713e-06 3.38 0.00020860244371 1.6e-09
-4.790235788385395027e-05 3.048343826603239215e+00 1.521983989615936228e-01 1.912726093163751679e-04 1.313706322862980371e-05 8.885782751539398962e-07 3.38 0.00020860244371 1.6e-09
-6.517933727289717226e-05 3.066996377904092963e+00 1.550155516437716208e-01 1.922379209239136210e-04 -1.272046673854713570e-05 -8.331586491105002656e-07 3.38 0.00020860244371 1.6e-09
3.813815063861814269e-05 6.208836684461473965e-01 -7.893872919360177959e-03 1.176558591109406018e-04 -5.245249060368380927e-05 -3.509857509950666556e-06 3.38 0.00020860244371 1.6e-09
-5.132836446982481135e-05 1.928339425569413290e+00 8.613115790101066871e-02 1.369525344623803308e-04 3.305582143474424125e-05 2.289028207750314448e-06 3.38 0.00020860244371 1.6e-09
2.276044530112775768e-05 3.371528167393130104e+00 1.818588953829364807e-01 2.081561950182144447e-04 9.170895108826945541e-07 5.563340586442138487e-09 3.38 0.00020860244371 1.6e-09
4.043527606025430190e-05 2.138443844014765283e+00 9.168206816892800204e-02 1.463635810577627178e-04 -2.942136526594611606e-05 -2.053709442262518882e-06 3.38 0.00020860244371 1.6e-09
3.722135174804495862e-05 5.126181854418909722e-01 -1.244890074787846981e-02 1.283433228306140759e-04 4.544708872539125158e-05 4.016105518362532935e-06 3.38 0.00020860244371 1.6e-09
-2.526029390930375367e-05 2.972380352204669229e+00 1.627314295357098484e-01 1.873317401163754662e-04 1.501959338076015645e-05 9.266127367509753701e-07 3.38 0.00020860244371 1.6e-09
1.459087050272531714e-05 3.167169066391469556e+00 1.622511490616413699e-01 1.974183888329157752e-04 -1.072717853165053879e-05 -8.782718990880449940e-07 3.38 0.00020860244371 1.6e-09
4.642729083960966686e-05 7.787604085034036672e-01 -5.262620358784945301e-03 1.101005632220422397e-04 -5.405446958317188845e-05 -3.254280211889167138e-06 3.38 0.00020860244371 1.6e-09
-2.283092329596908164e-06 1.700452686499854593e+00 8.621598218217066401e-02 1.274037624965671336e-04 3.737457369784565671e-05 2.652160806515965579e-06 3.38 0.00020860244371 1.6e-09
2.740170543510631626e-05 3.382906109649500337e+00 1.851145336028275634e-01 2.087215441677851965e-04 3.109668718135982120e-06 -4.590312856211436905e-08 3.38 0.00020860244371 1.6e-09
-6.225427675308835935e-05 2.409991197474945501e+00 9.506376794134538399e-02 1.591544917269142878e-04 -2.511878903878803478e-05 -1.855650356548981526e-06 3.38 0.00020860244371 1.6e-09
-5.083879427121848141e-05 4.273573101660235740e-01 -1.603741064698239321e-02 1.423328081819418120e-04 2.583883307593972680e-05 4.455868635081986669e-06 3.38 0.00020860244371 1.6e-09
-1.524045512716267224e-05 2.817853943282486284e+00 1.554169525270713004e-01 1.793876333265265665e-04 1.842107505086854719e-05 9.117191534292536515e-07 3.38 0.00020860244371 1.6e-09
-4.214944126055903599e-06 3.312267234932879667e+00 1.524744185794088547e-01 2.049735600285375998e-04 -7.506600189395535582e-06 -8.247597659925083970e-07 3.38 0.00020860244371 1.6e-09
-3.011704983578496349e-05 1.157668395434624742e+00 1.438339909132571592e-03 1.103231077670001380e-04 -4.825959842660451426e-05 -2.522374950205215923e-06 3.38 0.00020860244371 1.6e-09
5.366531832380276427e-05 1.275729878391296923e+00 6.170937638051976482e-02 1.130178147130595813e-04 4.577541515176236110e-05 3.004797226617572048e-06 3.38 0.00020860244371 1.6e-09
-5.652834077056832350e-05 3.339484085050958839e+00 1.527304987001385506e-01 2.064042641580242149e-04 6.626622830428104240e-06 -8.446215268696692200e-08 3.38 0.00020860244371 1.6e-09
-7.342484913707392170e-05 2.753880623359306945e+00 7.801221961550171280e-02 1.761468996816848006e-04 -1.960666733905036801e-05 -1.373566480363888133e-06 3.38 0.00020860244371 1.6e-09
-7.068712049265796140e-05 4.122621088814872881e-01 -2.026718810275342231e-02 1.456317637523303296e-04 -1.603542606396938519e-05 3.277261341053435708e-06 3.38 0.00020860244371 1.6e-09
-9.440405735539937355e-07 2.498958693597107761e+00 1.101260263134697381e-01 1.634710424665599391e-04 2.379651879796307247e-05 7.782126901511746243e-07 3.38 0.00020860244371 1.6e-09
8.540030576530767458e-05 3.388117825053408083e+00 1.065217513792421078e-01 2.089823960116156702e-04 -3.840042785870589950e-06 -6.299388292966109554e-07 3.38 0.00020860244371 1.6e-09
6.316163183356572646e-06 1.622216125677185650e+00 1.240441834959114115e-03 1.243431187277217037e-04 -3.907263055141505848e-05 -1.489259139886039856e-06 3.38 0.00020860244371 1.6e-09
4.366496267247071110e-05 8.427458610993792121e-01 2.745085253748289975e-02 1.088074425147416639e-04 5.347227204446789112e-05 3.057967128145095437e-06 3.38 0.00020860244371 1.6e-09
5.222827639815496247e-05 3.201303840468514128e+00 9.905185245816709727e-02 1.991920229966034277e-04 1.011303637510423240e-05 -7.094849893982743258e-08 3.38 0.00020860244371 1.6e-09
-8.833619211271938494e-05 2.949086084573994793e+00 4.792569198506030359e-02 1.861269016933698723e-04 -1.568484317301901585e-05 -8.757474844653967692e-07 3.38 0.00020860244371 1.6e-09
-5.410273343845937132e-05 4.892750821490785551e-01 -1.927873702366841857e-02 1.316032172227782240e-04 -4.227199050403994922e-05 1.642383251298897659e-06 3.38 0.00020860244371 1.6e-09
4.362042092381745431e-05 2.196340096699129774e+00 6.851524791002860937e-02 1.490367864833684088e-04 2.856233322245595754e-05 6.598798570393065781e-07 3.38 0.00020860244371 1.6e-09
1.039388116949750479e-04 3.380285979261134166e+00 6.933352556256042187e-02 2.086111371840127784e-04 -1.362439801946328855e-06 -4.169453310312615395e-07 3.38 0.00020860244371 1.6e-09
-2.263554656833855134e-05 1.885087519334730732e+00 1.031254385652584848e-03 1.350743159915395223e-04 -3.399550069384576145e-05 -9.155026619044090301e-07 3.38 0.00020860244371 1.6e-09
-5.348300463311343505e-05 6.481713196627297835e-01 1.058661399848149012e-02 1.157925913480314337e-04 5.323211819755698816e-05 2.622544716997412091e-06 3.38 0.00020860244371 1.6e-09
-6.037385799502793002e-05 3.091104788402383896e+00 6.860970803900226511e-02 1.934849646209986442e-04 1.232931008822842363e-05 6.974610368679995067e-09 3.38 0.00020860244371 1.6e-09
-4.541159427667565602e-05 3.034376113935319808e+00 3.673494309917393202e-02 1.905491330626244307e-04 -1.358190269758856452e-05 -5.817440611406252908e-07 3.38 0.00020860244371 1.6e-09
1.674655063218185750e-05 5.730552106186197481e-01 -1.502176839740740344e-02 1.216642306093149346e-04 -5.045296859088168527e-05 5.597030927329641936e-07 3.38 0.00020860244371 1.6e-09
6.721715372760394668e-05 2.012004415113755496e+00 4.725355632210029300e-02 1.406513249119820228e-04 3.162907136886209194e-05 6.607325579887787484e-07 3.38 0.00020860244371 1.6e-09
-9.709964064014360889e-05 3.371484069605620082e+00 5.756973255881804585e-02 2.081623328194876985e-04 1.337064033260033134e-07 -2.500417959836914768e-07 3.38 0.00020860244371 1.6e-09
6.757947664043480131e-05 2.040898774755228295e+00 8.651552962538350960e-03 1.419404072118781628e-04 -3.115555689260292337e-05 -7.238437703326208577e-07 3.38 0.00020860244371 1.6e-09
1.757829076034307233e-05 5.583997335335764145e-01 2.132433218451598375e-03 1.231148207233964307e-04 4.953297438988279138e-05 2.167614982786927210e-06 3.38 0.00020860244371 1.6e-09
-6.458376150123679811e-05 3.020022689597376520e+00 5.928637569245302774e-02 1.898079376470033965e-04 1.389071003135008159e-05 1.329168965276131352e-07 3.38 0.00020860244371 1.6e-09
8.514887737384500908e-05 3.104106823725026665e+00 4.188345228441935075e-02 1.941593172882425636e-04 -1.203918823420783410e-05 -4.359283877613952546e-07 3.38 0.00020860244371 1.6e-09
3.313836240180568810e-05 6.672883236077020719e-01 -1.040594038120955418e-02 1.146575405266509959e-04 -5.363216864257325830e-05 -2.947012453321124882e-07 3.38 0.00020860244371 1.6e-09
-1.197550934228145566e-05 1.854416518805984460e+00 3.887468244812986029e-02 1.337756432544814314e-04 3.450558754490263235e-05 8.163398387831732384e-07 3.38 0.00020860244371 1.6e-09
-6.114650487198902381e-05 3.376610190094215369e+00 6.245557178184794889e-02 2.084205673654670403e-04 1.586805342033666063e-06 -1.301688709982393239e-07 3.38 0.00020860244371 1.6e-09
-1.995269835026992371e-05 2.216554938354571735e+00 2.144317741254686202e-02 1.499842866788283330e-04 -2.822339874765926148e-05 -7.139170939165884534e-07 3.38 0.00020860244371 1.6e-09
-4.514338509327345662e-05 4.818786403575747168e-01 -3.404122323358072834e-03 1.327117498083565006e-04 4.118704712371338943e-05 2.061476373055639297e-06 3.38 0.00020860244371 1.6e-09
1.323343826729245952e-05 2.936499644018101485e+00 6.285167441603289884e-02 1.854825831825829513e-04 1.592543774729137494e-05 2.721008647034671811e-07 3.38 0.00020860244371 1.6e-09
-7.900053547344247867e-06 3.208766163383937275e+00 5.484902039582265076e-02 1.995830629944489345e-04 -9.920616937609736102e-06 -3.859525732451229718e-07 3.38 0.00020860244371 1.6e-09
4.892188791451841461e-05 8.596491278742661724e-01 -5.812631446036280354e-03 1.085829112159303724e-04 -5.339832602858426297e-05 -8.831117695438796265e-07 3.38 0.00020860244371 1.6e-09
-9.879515522527337516e-06 1.599923967114699863e+00 3.560046012657257231e-02 1.235270264974615176e-04 3.942568180791590764e-05 1.081423864290293960e-06 3.38 0.00020860244371 1.6e-09
1.007132666303982711e-04 3.380825654125453994e+00 6.974197118930929029e-02 2.086066233929873112e-04 3.938797305126599401e-06 -7.838271269491367359e-08 3.38 0.00020860244371 1.6e-09
-3.384392231336641504e-05 2.498733950584235419e+00 3.122331988032021888e-02 1.634714085993673610e-04 -2.377755646147319276e-05 -6.989513137201826632e-07 3.38 0.00020860244371 1.6e-09
4.662612723061395378e-05 4.121688360899599113e-01 -6.983156725387887689e-03 1.456808845363242598e-04 1.652786420141258617e-05 2.174492804153444934e-06 3.38 0.00020860244371 1.6e-09
8.748086395746516256e-05 2.754166453499383937e+00 5.872557361616582983e-02 1.761656587802596643e-04 1.961992883461766168e-05 2.988514032749289612e-07 3.38 0.00020860244371 1.6e-09
-8.321667336533627936e-05 3.339904026923627534e+00 5.252257171102427125e-02 2.064296916054586106e-04 -6.645988142476080750e-06 -3.474544188184880857e-07 3.38 0.00020860244371 1.6e-09
-8.360548254964269676e-06 1.267739779550369539e+00 -3.080478962950941417e-03 1.128127869189365375e-04 -4.609547181866802297e-05 -7.891034420212288531e-07 3.38 0.00020860244371 1.6e-09
-3.174343765898693658e-05 1.164753147757130014e+00 2.144582528110663272e-02 1.104838988648443245e-04 4.811004045851060434e-05 1.063428850044480980e-06 3.38 0.00020860244371 1.6e-09
7.481386269760422088e-05 3.314503609874512868e+00 4.600725893819779255e-02 2.050980080180543131e-04 7.424702718900319947e-06 -9.565963669785117597e-08 3.38 0.00020860244371 1.6e-09
2.004043238628192133e-05 2.806683792017684809e+00 1.742869725917237100e-02 1.788279648270486052e-04 -1.866765266615139871e-05 -4.434446568989367515e-07 3.38 0.00020860244371 1.6e-09
3.503863549278257527e-05 4.228549746736784964e-01 -7.484106539089959223e-03 1.433698739655402262e-04 -2.358013180079952703e-05 1.591410660683021368e-06 3.38 0.00020860244371 1.6e-09
-1.553556055634151736e-06 2.432273427155502432e+00 2.536290351451036401e-02 1.602304370606054287e-04 2.488521767623902967e-05 1.205712972791377690e-07 3.38 0.00020860244371 1.6e-09
9.055589721271582780e-05 3.390196048160153630e+00 1.883437612770472516e-02 2.091025890392251023e-04 -3.271222409232420325e-06 -1.858851733018998458e-07 3.38 0.00020860244371 1.6e-09
3.324756572455564316e-05 1.685804052316675739e+00 -5.202082593143455592e-03 1.268161182508769724e-04 -3.784442797619705584e-05 -2.516382426932256052e-07 3.38 0.00020860244371 1.6e-09
3.797298492215758011e-06 7.908145407512843228e-01 3.262969634750226017e-03 1.098001485179088128e-04 5.407057403537115993e-05 3.426617287141432128e-07 3.38 0.00020860244371 1.6e-09
-7.579987307094797290e-05 3.179422188701355179e+00 8.485251235885137022e-03 1.980550824205821190e-04 1.062991886205319673e-05 -3.284124699408478384e-08 3.38 0.00020860244371 1.6e-09
-7.713807262065524976e-05 2.972911353954218239e+00 1.745163012680977024e-03 1.873570485144872972e-04 -1.517975992929784869e-05 -8.941154380404868880e-08 3.38 0.00020860244371 1.6e-09
-1.526857955159826091e-05 5.065472833992867852e-01 -2.549749519595643880e-03 1.291682977101744727e-04 -4.488016364307508747e-05 3.724387827159891622e-07 3.38 0.00020860244371 1.6e-09
7.252503808073400174e-05 2.154028925752355939e+00 -2.319456663782541207e-03 1.470749152658079356e-04 2.931304645178792404e-05 5.963974264979368945e-08 3.38 0.00020860244371 1.6e-09
-3.255619499796034950e-05 3.382989443960226161e+00 4.114677889305868273e-03 2.087542411491839149e-04 -9.666926467538421696e-07 5.478400378037012457e-08 3.38 0.00020860244371 1.6e-09
-3.524776046517898392e-05 1.932250658194565762e+00 6.093065894922736550e-03 1.371112790592608158e-04 -3.316726151801629736e-05 -4.802332915101090817e-08 3.38 0.00020860244371 1.6e-09
2.372955014262973042e-05 6.188253980083071593e-01 -7.577440468412915617e-03 1.177632467449632242e-04 5.260022642403153344e-05 -6.570918591976744446e-07 3.38 0.00020860244371 1.6e-09
2.842587183627439117e-05 3.075230859814434226e+00 -1.055031183852888970e-03 1.926556246364495703e-04 1.280906700989212048e-05 1.937081012103673547e-07 3.38 0.00020860244371 1.6e-09
-9.101232663950095810e-05 3.065264373063119940e+00 1.593323969082714037e-02 1.921395668753439186e-04 -1.302797597712687709e-05 1.096888571726266856e-07 3.38 0.00020860244371 1.6e-09
-4.599085825280723442e-05 6.055759978253304476e-01 6.019211684793178765e-03 1.187916921089890519e-04 -5.211513128153938933e-05 -9.906687454300154562e-07 3.38 0.00020860244371 1.6e-09
4.050562226636998892e-05 1.954982114141039062e+00 -1.065467145393067527e-02 1.381097404317772534e-04 3.274041929908129038e-05 3.105862755486977963e-07 3.38 0.00020860244371 1.6e-09
-5.475160441783239840e-05 3.381486927457753033e+00 2.263785929118295251e-02 2.086773360890437968e-04 7.508617684550990460e-07 2.797926696060939355e-07 3.38 0.00020860244371 1.6e-09
-5.704179156215719536e-06 2.126740122753731477e+00 3.337795473096168142e-02 1.458201252357844535e-04 -2.976483489559153317e-05 -2.001519355498519476e-07 3.38 0.00020860244371 1.6e-09
-1.101339878783185605e-05 5.177570980541004175e-01 -1.393137196529627489e-02 1.276603828331746742e-04 4.623293125912591225e-05 -1.401290302467358694e-06 3.38 0.00020860244371 1.6e-09
3.045148713612451266e-06 2.986398074974168093e+00 1.677383608899277179e-02 1.880517430150724888e-04 1.489128337215242387e-05 5.262134573777743041e-07 3.38 0.00020860244371 1.6e-09
9.581827851650080653e-05 3.167437882906631863e+00 5.353316729739608648e-02 1.974308021143162230e-04 -1.090461158280389318e-05 1.419360561257688806e-07 3.38 0.00020860244371 1.6e-09
-2.285281847342545910e-06 7.667407275926221288e-01 1.787758363510176529e-02 1.104305395320342954e-04 -5.416112743708430776e-05 -2.042629062470185772e-06 3.38 0.00020860244371 1.6e-09
5.899602239171941495e-05 1.716764214582486847e+00 -4.738927557039114905e-03 1.280589390775483749e-04 3.720418692481094162e-05 8.424154870467794422e-07 3.38 0.00020860244371 1.6e-09
-8.973490130857709416e-05 3.387541253635881322e+00 6.200552389718387569e-02 2.089690820784461832e-04 2.957869016446270247e-06 4.443067808162388051e-07 3.38 0.00020860244371 1.6e-09
-3.154717148791651306e-05 2.393005673777465425e+00 6.935415760675382735e-02 1.583372497381002207e-04 -2.546317651538360517e-05 -4.716126417051301237e-07 3.38 0.00020860244371 1.6e-09
-4.918855609740695759e-05 4.305450833134882860e-01 -1.548888651489444164e-02 1.417097344028958724e-04 2.743527628998939250e-05 -2.001490033309240689e-06 3.38 0.00020860244371 1.6e-09
2.724731907083986359e-05 2.833665944845984441e+00 4.587541701836492236e-02 1.801978750162695612e-04 1.816971061916082737e-05 8.713627657351313848e-07 3.38 0.00020860244371 1.6e-09
-7.538817513806964597e-05 3.302903031070523632e+00 9.643702843785420531e-02 2.044870317185365927e-04 -7.796870086441510798e-06 9.146546565770297634e-08 3.38 0.00020860244371 1.6e-09
2.634217084617904443e-05 1.120266629169862638e+00 3.720652237997577189e-02 1.096623563857226718e-04 -4.895385520012789430e-05 -2.218690099739486668e-06 3.38 0.00020860244371 1.6e-09
-2.735986109642326479e-05 1.313260645113093705e+00 -1.332823591612678892e-03 1.140372557912950658e-04 4.513972310952885504e-05 1.400494426613482542e-06 3.38 0.00020860244371 1.6e-09
9.865884474012620012e-06 3.345965558109953442e+00 9.183262670943084793e-02 2.067516801805649744e-04 6.266984599405258704e-06 5.493288480211987064e-07 3.38 0.00020860244371 1.6e-09
6.125047930630444235e-05 2.720085918970554850e+00 9.750616066094897061e-02 1.744498945609042979e-04 -2.016129500102478711e-05 -5.628479137359663747e-07 3.38 0.00020860244371 1.6e-09
-2.084687966069483781e-05 4.082202465325676100e-01 -1.173368874669959185e-02 1.466100865683446768e-04 -1.187050544728076015e-05 -2.855285383764165200e-06 3.38 0.00020860244371 1.6e-09
-5.726943901757271249e-06 2.536990620893101678e+00 5.200055081775439847e-02 1.653429890521187595e-04 2.317304330300024728e-05 1.109655570280341352e-06 3.38 0.00020860244371 1.6e-09
-1.014155315126806332e-04 3.379721913245763432e+00 1.128369768673565809e-01 2.085414172161765319e-04 -4.269643281985821353e-06 1.139319028761514842e-07 3.38 0.00020860244371 1.6e-09
-3.935504978272886812e-06 1.565127914834971712e+00 5.607874898626583754e-02 1.222273847800132789e-04 -4.009322194401214315e-05 -1.788213781054448549e-06 3.38 0.00020860244371 1.6e-09
4.862658887797472211e-05 8.891304976096641166e-01 -9.724528645350741241e-03 1.083205249147114622e-04 5.295983891300380816e-05 1.524906334963998566e-06 3.38 0.00020860244371 1.6e-09
-5.780943177306308527e-05 3.218852268707997233e+00 9.424753863288658218e-02 2.001087013181993717e-04 9.632507838343638248e-06 6.605981629858877754e-07 3.38 0.00020860244371 1.6e-09
6.880357941967297922e-05 2.919867774294260698e+00 1.078901632551697715e-01 1.846277888487832036e-04 -1.623306968804656797e-05 -4.720057059843712267e-07 3.38 0.00020860244371 1.6e-09
-3.172095458665475927e-05 4.732093566140556096e-01 -5.662116689611865900e-03 1.341206424091189798e-04 -3.931397150019078779e-05 -3.418604794877306751e-06 3.38 0.00020860244371 1.6e-09
-4.508858800017924684e-05 2.242980413557267738e+00 4.620767519909775578e-02 1.512161205853985156e-04 2.778442708559389059e-05 1.351586948291547034e-06 3.38 0.00020860244371 1.6e-09
1.626139095825376629e-05 3.377858884915507787e+00 1.207917255512500065e-01 2.084809590690039113e-04 -1.781285879382398230e-06 1.977137354646121674e-07 3.38 0.00020860244371 1.6e-09
3.917498794450458732e-05 1.837024194741998961e+00 7.095380722395493167e-02 1.330293218187953569e-04 -3.480949099011419181e-05 -1.595002100070384173e-06 3.38 0.00020860244371 1.6e-09
-4.935181675118669131e-05 6.785412776869326201e-01 -1.541099849531989661e-02 1.140364459697758558e-04 5.377121709585238040e-05 1.477089475169555510e-06 3.38 0.00020860244371 1.6e-09
-1.565689865719995872e-05 3.109571421642557620e+00 1.018519519471522972e-01 1.944415124483264527e-04 1.187294973607471113e-05 8.139976916413351766e-07 3.38 0.00020860244371 1.6e-09
4.547008845927710428e-05 3.012692238531981648e+00 1.233859956104232658e-01 1.894276413346020573e-04 -1.401278566396686872e-05 -4.492997240647298190e-07 3.38 0.00020860244371 1.6e-09
-5.022404831577726092e-05 5.531175283993501335e-01 -7.231432943456619781e-04 1.236736833453401995e-04 -4.903838325631000290e-05 -3.803061210348804949e-06 3.38 0.00020860244371 1.6e-09
-5.211450265196651381e-05 2.052550561931292261e+00 4.966495396194542389e-02 1.424620598608756345e-04 3.091079461470351835e-05 1.697500782139720974e-06 3.38 0.00020860244371 1.6e-09
5.235989687761647684e-06 3.370488968833646126e+00 1.403216811299138056e-01 2.081073258066027439e-04 -2.168832335369222164e-07 2.457915299428718867e-07 3.38 0.00020860244371 1.6e-09
5.289679668594771166e-06 2.004566520927137940e+00 8.704426305898607663e-02 1.403133081691337490e-04 -3.171574597310098927e-05 -1.664426949604489013e-06 3.38 0.00020860244371 1.6e-09
-2.193189142539213448e-05 5.765157734179151561e-01 -1.786016489775318905e-02 1.213114009027843360e-04 5.066881646524230143e-05 1.724213884926027359e-06 3.38 0.00020860244371 1.6e-09
1.160058028403796783e-05 3.035164037307132467e+00 1.206148598896260027e-01 1.905875654306768180e-04 1.351261680219498591e-05 9.711464100954149904e-07 3.38 0.00020860244371 1.6e-09
-4.022602219865697927e-05 3.088490093737729758e+00 1.454272951409205095e-01 1.933472959462297254e-04 -1.233074765031566653e-05 -5.148875296616657259e-07 3.38 0.00020860244371 1.6e-09
9.892433297539347716e-06 6.481985911868175521e-01 3.473715335932367476e-03 1.157835622823533405e-04 -5.317212463264431842e-05 -4.015873871664523327e-06 3.38 0.00020860244371 1.6e-09
-1.565004217172079779e-05 1.885520179951295283e+00 5.879176992080344111e-02 1.350940725976999238e-04 3.390080483533501230e-05 2.140605437148246456e-06 3.38 0.00020860244371 1.6e-09
1.000005837886998680e-04 3.376315111798224855e+00 1.651766156277594266e-01 2.084018353659977153e-04 1.334691472849892837e-06 2.509128700515721269e-07 3.38 0.00020860244371 1.6e-09
