2.509927816034481644e-14
2.349827116772933459e-14
6.146594298927932872e-15
6.320801934801197710e-15
1.615158980576966265e-13
3.283295342417574897e-13
1.649231505406588283e-13
5.214302728507056131e-15
4.316855786733601189e-15
1.424244372700289661e-15
2.582575028746439474e-13
2.053480398821983816e-12
1.614287342325570158e-13
9.091135741751157370e-13
4.173201456596967392e-12
5.334383280832526641e-14
1.961277541921060646e-13
8.837432588439673558e-14
2.537080903518803323e-14
3.191644246541868606e-13
9.445824659495677288e-13
1.271265157036407157e-12
6.666518971174867558e-14
1.426643177965670967e-15
4.297633108045150744e-14
1.568033222656949412e-14
4.367213394161644187e-16
9.309060907925766454e-15
9.097453428464737562e-15
6.497964570467386674e-17
1.355596070619488146e-14
1.311711864602074081e-12
1.756603525762263063e-14
2.727357360179026011e-12
4.939095565268826643e-13
2.916380574447579835e-13
3.499983870142637329e-13
1.134194749136081292e-12
2.377840380333954130e-13
7.651863096073467583e-13
8.357235586891571419e-13
9.404957877776886543e-14
9.546830875610527676e-12
8.141961826067241934e-12
1.048469173534655808e-11
4.165006838672560459e-12
4.793042061182091986e-12
5.303013884402915285e-12
3.572601794343014555e-12
8.499866293418038336e-12
9.335145171409274294e-13
4.703514121767687528e-11
3.400230956462824816e-12
1.709486326890835944e-13
3.592483226579768900e-11
5.162459771203431293e-12
1.504923852072203165e-12
2.356037684446333929e-12
2.658772144375583020e-12
8.108230625154656352e-13
4.197628368525063646e-12
2.659438845359369107e-13
2.584747647392995022e-12
4.981253797768466411e-12
1.494833302602663101e-12
1.764946049527288450e-15
2.617512260822705833e-14
2.513450024220363880e-15
8.773683753966191794e-15
8.187185818003022569e-13
7.899982705913800534e-13
2.383132150468693168e-16
1.050908816735113137e-15
6.683899181411825597e-17
2.412078917929580357e-16
1.079272868884751306e-16
2.883610465520509084e-17
9.704777857394844571e-13
2.633734865439933089e-12
5.360827973363723790e-13
6.146110307906798264e-13
4.128268555993995300e-15
5.018656869576359090e-14
6.561754966702487893e-12
7.444990429190366129e-12
8.810948893144772889e-12
6.741867518176664083e-13
3.994395568982861279e-14
2.599627036220048475e-12
1.840360890765307013e-11
5.307905316158157254e-12
2.430987919886995431e-11
5.357289926909376851e-12
1.861992432248016497e-13
1.355375032680599404e-11
2.961840839221905599e-12
8.808880139109313811e-12
2.660326877025013717e-12
6.462462121741340481e-12
1.038190525318088853e-12
2.080780264928579353e-12
1.139563754688754745e-13
2.330940942098108302e-12
1.915312125104064672e-12
2.250669418560620683e-13
3.445238226172856639e-13
9.376960229654305989e-13
2.518963897088859136e-13
2.818331629591700378e-13
9.723770431253785242e-13
4.958726656883593999e-13
3.981912638084665587e-13
1.520050179684304897e-12
3.658112074902969489e-12
1.122266013180465453e-12
6.250300672340137652e-13
2.259694570349381494e-14
1.814448451548002804e-11
2.420826932613214592e-12
1.304332854495892617e-12
3.113259102123854269e-13
6.044164722543620394e-12
1.608745586503956467e-13
4.009457319683853418e-12
2.485492725613570871e-15
4.347970080076573364e-13
7.526101328236841311e-12
3.439585382810255948e-12
1.507466509715578583e-13
2.968267827874751300e-13
1.068406981764826997e-12
9.585920147943490156e-13
4.772416001036044816e-13
2.220413746690234911e-13
5.673903571333756781e-14
1.497937641043878050e-12
5.296950714636888989e-15
1.420470864328757392e-12
1.676839685942277314e-12
8.418507312901498349e-12
3.213476229787819530e-12
1.219039804190248899e-11
4.761983386524128631e-12
3.245196073741154399e-12
5.933039624094590353e-13
4.008023469846385496e-13
3.313218041694133564e-14
5.454996406084112953e-13
3.209869681976784344e-12
2.875005342558649309e-12
1.318418784721476348e-12
5.047988657765265042e-13
9.038179423989496569e-15
4.179120435429817052e-15
2.238051095103209779e-14
1.054288565794691338e-14
1.590735122699694533e-13
1.379075097880028863e-14
5.562786294920311333e-15
6.984034658035668859e-16
8.536929593489278251e-15
8.986746130949905525e-15
5.031048275294188212e-14
2.266490704137022759e-14
2.449142569444191004e-12
3.415768700460196513e-12
4.763776515153912191e-12
9.696527650278015423e-13
3.815936876024076870e-12
4.114690189596412741e-12
4.631821253554508852e-12
5.818237509784007624e-13
1.849999609430943208e-12
1.273100139971751356e-12
2.348318853242925924e-13
1.338173155049514450e-13
2.102088013995053425e-13
2.685870130136369144e-13
4.652471064857243484e-12
4.313275428693680270e-12
5.753645175035437365e-12
3.357727477483712837e-14
4.978785061803598551e-13
3.775354255311634173e-12
9.293341479067988732e-13
1.713945241075439386e-13
8.156513559960111621e-13
1.460265808540603671e-12
3.500407712644487933e-12
3.835545798029941486e-12
9.744357262225834133e-14
4.021887498792734856e-12
6.622039436002041495e-14
1.182275575503690346e-11
1.699394087481297184e-12
1.365448234162941964e-12
5.821919766294554705e-12
3.383570088888374938e-12
1.605154869053331801e-12
5.493728175456195979e-13
4.794232341200094794e-12
3.566538308652014863e-12
2.380468588087532744e-12
6.254854622694712654e-13
3.151932152114571630e-12
8.951398900081614794e-12
6.477751266964819095e-12
1.254438834237421333e-12
3.116165641383098861e-13
1.031430139422943960e-12
8.594680030896777425e-13
1.231130686133039830e-13
5.807229139696241259e-13
1.636963737530387236e-12
7.428445544426439604e-16
4.676642406861318712e-13
4.692903391701798483e-13
4.031793071850432257e-13
1.035074957810903937e-12
6.883886936635141990e-13
5.701596578601915469e-13
3.527866126569244195e-13
1.017340185471869351e-12
1.356723620022938135e-13
3.169058797175618398e-13
4.422812008555317996e-12
4.325376454890440253e-14
5.208855295020561528e-12
9.158416999008678109e-13
5.358073972923443529e-13
2.789171388074967884e-13
5.561142404872849946e-13
7.452558628906936316e-13
3.157867964973916381e-14
9.615159174234947371e-14
2.964538975196053742e-14
4.935200609198405711e-14
2.531162460098745369e-13
4.358476008036171870e-12
6.161081976908848880e-13
2.493223380186758465e-13
3.819632694250071163e-12
1.580656205034350333e-13
2.020596874388413176e-11
2.899229819443473059e-12
3.819163070124865873e-12
1.169365847863731167e-13
2.096282142257026494e-12
1.222197915736007084e-13
2.874173779654415372e-13
4.341639642281398643e-12
3.118425115138491359e-12
2.320232579188082783e-11
3.281850980770440179e-12
2.663444220765276949e-12
8.638552397788494619e-13
5.341426879556196242e-13
7.923124314755802648e-13
4.224053664581963169e-13
1.731486643400336667e-12
5.395246389796486623e-13
1.666761404338800469e-12
4.138732830445626928e-13
1.577133689718057220e-12
1.632031299995604197e-12
3.282334541838024730e-13
1.557651054275239307e-13
2.715485404161411915e-13
1.037254891148634554e-12
2.295741642702031240e-12
5.475968818061595359e-13
1.942499271379135098e-13
9.322871557482848612e-12
9.055775325279471471e-13
3.124329301623223486e-12
5.737831703082723350e-15
1.105763020931962930e-15
1.720704141482634224e-12
8.976458198098663842e-13
4.487648114830161211e-13
2.631298105785777419e-12
1.188794766268221431e-12
3.321624572118718338e-13
7.862753491737826556e-14
2.299090977773663224e-12
6.068438183716954802e-13
2.993142575307471454e-12
7.152241210895117867e-12
8.938213107389622355e-12
4.114471508797498382e-12
4.701806712543833031e-14
8.417754940012589359e-13
1.966775796730742936e-12
2.938696938836567802e-12
7.845840649498129561e-12
2.827360025975352768e-12
1.827869439140044340e-13
3.380425561466746355e-14
2.295082331458893179e-13
8.392972862070818841e-13
4.727428056362947585e-14
3.668396929014282614e-13
1.528657463888777351e-13
8.505925836114066161e-14
1.756352631040341471e-14
5.017852693836061359e-15
2.028903958279831228e-13
1.287272773112766393e-13
1.837005302032569242e-13
1.121004293582004837e-13
2.486323413590190464e-14
5.394593030089761123e-13
3.726417936632095393e-13
1.227106411329306039e-13
1.318048621185452402e-12
9.383471783642108205e-14
1.245941222521199280e-14
2.117301600897773884e-13
4.533406970122962432e-13
3.489446673258569573e-13
1.023388902618135252e-13
5.571015263208688199e-15
6.284342793643283256e-13
2.050686675282044071e-12
8.706738669511309445e-13
3.667856763370195855e-12
1.560647681678944739e-12
9.317663456134151778e-12
4.220178589783823346e-12
3.675750216913480405e-12
1.219640182805147438e-11
4.844155277765026417e-12
1.021226077480271257e-11
2.260176547894541599e-11
4.439254623935283585e-12
2.813517610193500794e-11
1.136486056923126869e-11
4.992050333850457440e-12
2.149798140322362993e-12
1.002110215893248712e-13
6.026570576919652311e-13
6.035741536230920326e-12
1.049133987746876328e-12
4.251167460890816749e-12
1.322644630433190401e-12
7.268042109982777320e-13
1.877079079150789977e-13
4.708170958679417814e-13
3.355586151315656050e-14
5.496780718567137085e-13
5.999728342883219707e-13
8.309998763408966758e-14
8.552862932546479236e-13
6.201180457221514237e-13
2.104118351856693199e-13
2.040979030939281497e-12
7.763298086722007913e-13
5.327623541245966410e-14
5.113991935267427698e-14
5.677181123972647830e-12
1.559706367131182448e-12
9.358701083798893207e-14
6.272631349363410881e-13
6.956318985072122524e-12
2.296818868885891431e-13
5.142728795193264318e-12
1.885227351035383872e-12
1.477003619465267817e-12
3.409077379737305019e-13
3.755707825609665953e-12
3.430578334147835178e-12
3.410603104692994463e-12
9.995089161686564092e-14
2.728087443420675568e-13
6.584206750263376260e-13
4.924284777187613048e-13
9.708142362016974203e-13
2.407453149631758020e-12
3.765233576743236436e-12
1.978373124574002517e-11
6.478831561479543330e-13
8.719050617123315242e-12
5.170839166347814926e-12
1.751822683758592577e-11
3.100229702110781793e-12
3.200858548480071503e-12
6.606366114882315736e-12
3.734361701692120349e-12
3.983787675243822999e-12
5.553588269949372284e-12
3.686232158501213849e-11
5.673870345712650321e-13
1.208164939828324397e-12
2.251012587464608945e-12
6.051264548551711768e-13
5.446025160256640542e-12
2.619364677839021077e-11
5.425186492014269148e-13
6.608002378736724119e-14
3.467455170664151764e-12
3.556871425315441352e-12
3.241460796014566928e-12
3.444658258292760377e-13
6.945451790787633260e-13
5.068065422932062243e-14
1.448994811609110546e-12
1.817749493844060811e-12
5.278395293703400449e-14
1.697323121232824073e-12
2.274344136976346352e-12
1.280287579015728224e-12
1.302771226573833912e-13
2.747320799640939504e-12
1.982975328843760304e-12
1.976830691519982022e-12
1.832350604299284013e-13
5.378399584766898767e-15
3.418343841809802789e-12
6.113048986817218859e-12
2.529883599526068098e-13
5.198508443332874728e-12
1.529946054750686171e-12
7.444340659021366445e-15
2.270972400045215172e-12
7.206932289273842553e-13
7.165868437122700169e-12
4.896564202508590290e-12
2.983575002981319665e-14
6.724720334263870160e-12
5.433870833874538287e-12
3.930616852765126217e-13
9.307018195692426900e-12
3.168583221648135778e-13
7.162496146791330077e-12
1.079717951367415295e-11
7.195079359226665480e-12
2.339847074080607630e-12
1.391874861293240003e-12
6.772601441249900585e-12
4.547701545260709257e-12
1.830839725579593242e-12
4.355592352306355007e-12
1.143223211220266457e-12
4.865425141665107445e-12
2.504132732596239996e-12
1.125543422521005314e-13
2.935939098308345262e-13
1.296421538727745573e-12
3.987608559432500852e-13
5.136838962809132862e-13
1.150602850891350566e-13
8.411656209081480794e-13
6.060385019937989627e-13
1.592599371904993567e-13
2.877023657004422680e-14
1.195928750139335979e-13
9.178417637576579568e-14
2.451035569048871999e-14
1.004767933671217492e-13
7.355708578760063123e-13
7.882386177904440009e-14
1.986370857454662987e-13
4.426724959918799085e-14
5.578290587590714601e-13
5.364067771960915747e-14
3.675618916332719832e-14
4.682090495860141153e-13
1.291354975136757421e-14
7.189649968437003770e-13
1.530889452445478538e-13
1.898083247433535074e-14
1.989780243247586903e-13
4.441772098115526481e-15
1.158508574470965802e-14
3.010181759997567925e-13
2.322698288303376940e-14
3.216061749122181894e-14
4.751734313873633098e-14
2.778558564708380718e-14
1.324323900682796150e-14
2.365245468334683581e-14
3.153417862906925085e-14
1.983468737650202128e-14
1.233110657753880298e-13
4.268859931913587429e-14
3.210018165955401745e-13
1.895192392083852897e-14
2.789868416018569345e-13
1.135458151503349603e-13
2.191137903074189172e-12
2.682603228711333775e-12
6.658822714688549098e-13
7.724346830787674384e-13
5.830133354230125956e-12
1.201294389350376102e-12
3.800712940383149281e-12
8.968187870870417329e-14
6.938580497990501614e-12
8.238203856471719725e-12
1.303986497500994048e-11
2.296952560050024803e-12
4.944956877927358844e-12
1.954835657370634542e-12
2.712427807025093004e-12
1.872598847418896858e-12
9.801997205362085266e-13
4.192687468736825223e-12
3.657552386113217633e-12
3.066934227553554266e-13
2.244484286566323312e-12
3.046760517080009516e-12
1.096874050414451279e-12
1.046597127236567897e-12
2.139460064617066493e-14
1.055290892727376108e-12
1.618363801243042389e-12
1.732373104561873200e-12
1.169713733416793409e-13
2.278329004632813514e-12
1.461734718905108654e-12
4.361701497267272447e-14
2.984398148567747198e-13
4.136168104547775443e-13
2.481340472827597407e-13
1.635205341572081758e-13
1.260665008292707441e-12
3.008951748158681030e-13
7.602673731431056416e-14
2.203620908412050228e-14
4.300165926084347615e-14
7.686552464581062583e-15
5.624730834717224958e-13
2.322801441473545800e-14
4.627741499233707243e-14
8.114343802580878493e-14
5.474129794655154808e-12
8.246589574919633688e-13
5.924863236851899861e-13
1.091289022581819804e-12
3.046494388049851536e-13
2.057688072085673610e-13
8.675432086200343066e-13
1.975612520291671236e-13
6.981732826519756355e-13
1.119183009017950501e-12
2.211595354209366363e-12
1.466210360599480525e-13
1.821990956335772976e-13
2.566284504603735111e-12
4.739946007150499723e-12
1.259102394899161358e-11
3.182173780644575607e-12
4.615927433004716887e-13
1.259270168603962577e-13
1.539785717437218927e-12
1.150762310907884720e-11
2.935590672619580589e-12
4.256618898029656955e-13
5.916315988503910985e-13
8.264869860836453277e-14
7.992285791347833636e-13
1.678486769997177330e-12
1.991004732550319040e-12
3.709808624257796379e-12
2.277586197391445164e-12
4.162826342389043993e-12
3.400753072753631893e-13
7.896050628773966734e-12
7.711810288733324272e-14
3.072982824046578836e-13
3.638451206023256991e-13
1.763971196199086598e-12
1.660617976851978317e-12
8.439522770517484589e-13
1.782943853508129801e-12
2.084592392387299281e-13
7.116643472289919067e-13
7.848786021645377355e-12
2.784684716473417102e-12
1.456322310457267098e-13
1.898519875744480778e-13
4.194202323192755633e-13
1.290699137322108761e-12
1.211819583356192015e-12
6.954229329068706915e-13
7.028266566077152591e-12
2.017268311783536969e-12
7.098696066199208834e-12
1.384702604199648308e-11
3.837411746548535483e-13
5.808434011174754891e-13
2.465032369120688393e-12
5.423158517824420680e-12
2.331508334858400206e-12
2.019087171164384924e-12
5.096066123146419411e-12
2.612151467314525559e-12
7.280739347780201213e-13
1.199092391482276133e-12
3.851891711828101482e-13
1.824611277739957591e-12
7.157136090225242755e-12
1.587898720883504178e-12
1.106841460816536793e-12
4.574710667333707438e-12
1.516215834151331750e-12
1.260380378140711629e-12
5.830814131385303437e-12
9.775463872538048364e-14
8.417536940608704025e-13
1.019401434179602206e-12
8.433684212136060599e-14
3.788014402912626375e-12
1.402585359941207011e-15
7.397759102053133780e-14
3.384512020656660035e-13
4.811277131361107595e-13
6.982256228095129936e-13
7.760552748886788024e-13
4.492453063778044617e-14
2.474255085196455467e-12
1.268215086622867366e-13
4.538781752336822195e-16
2.027694526988009860e-14
2.441786128370536655e-13
2.651347410631808171e-13
4.679092597081958118e-13
9.182789653888053864e-14
6.855785566715892473e-13
5.519814094291719921e-13
2.524469466238379507e-12
3.006970452762269204e-13
1.938467676795244250e-12
1.680150296439347776e-12
1.083256778673992693e-12
6.601266718297919669e-14
6.986162060712865149e-13
1.497404157041112062e-12
2.095503284362819770e-12
1.498278964154894935e-12
1.028538598808298680e-12
1.665213830477776936e-12
1.097532109642920060e-12
3.423585644196556226e-13
8.243555699449682157e-13
1.713882979715835901e-12
2.571122941955668281e-13
2.526779058849063608e-12
2.737276289740858333e-13
1.197965877197864463e-13
8.938293918988449064e-13
7.348987990517827727e-13
3.178544524518595113e-12
1.019247094435271238e-13
5.113749237119773648e-12
2.050139825147873061e-13
1.198788191127818982e-13
8.217142381004180767e-13
6.613778882332987658e-14
3.695377700111015511e-13
4.434043455616067572e-12
1.294276974151973027e-11
1.945206850928909437e-12
2.294713289469665171e-12
6.423224425077188410e-13
2.299737888646945338e-12
4.172718481566208113e-12
2.444690869729068071e-12
2.871469345367855324e-12
1.277170861049856049e-12
5.436053277850541048e-12
1.397138801780706557e-12
6.224821026206002587e-13
4.123122737732805571e-12
6.888674872618944407e-12
4.430910269217313529e-12
4.193683156941682292e-13
5.233375633942390664e-12
1.398457479881518777e-12
2.045720291782224826e-12
1.311722836443288239e-13
2.163373589337621818e-13
1.147253508536168025e-15
5.256936638770597779e-13
1.474407329408798394e-12
4.991246812832490851e-14
2.706953564646016188e-14
1.743400697522249413e-13
6.810337357904134768e-14
3.619086906063090540e-14
2.849430683260789598e-16
7.280043629476136405e-15
2.613347120752450045e-14
7.977459596681085759e-14
4.905319315121075088e-15
5.673590267898854060e-14
1.668145679796095635e-14
5.434189871886313546e-14
4.839726788788156651e-14
8.067577759327260648e-15
2.709147110381153905e-15
1.626995059377068643e-14
3.445650672427425356e-14
5.706983808622518304e-15
2.753140451391079216e-15
2.041967496095144341e-14
5.851263601578246885e-14
2.773196399906783971e-14
2.101342247078978006e-14
1.349253762167484180e-13
9.160837535587946026e-14
3.542203692210881272e-15
4.739682051252606359e-14
8.860210697591355138e-13
8.370933277824819195e-13
3.262168357368281503e-14
5.688158566215722420e-13
1.811962453721020778e-12
1.949491831189602944e-12
3.840448694763939443e-14
3.514714998561055341e-13
2.813564101190133493e-12
6.050709734317297005e-13
4.005323932548984047e-13
8.886375328414266106e-14
1.296059425171547994e-12
1.572490136285519304e-12
7.838962869423731331e-13
2.429733752938022291e-14
7.358753312664067130e-13
1.268479163554279843e-12
1.002507531846039899e-13
1.836576489917835024e-12
1.320859934892134649e-12
1.215219849382014556e-12
1.427595238680578760e-12
6.767824455029893533e-13
1.949877141903556708e-12
5.095249230195646590e-14
7.321776814160570034e-13
1.574382681248008319e-12
3.484983922780731168e-12
1.718305359833657536e-12
1.645620016505489958e-13
3.522406566436211411e-12
3.458510008380549248e-12
4.025495886792053365e-13
8.176419484274768990e-14
2.873501268032910997e-13
2.295625439965571128e-13
1.362830691496830599e-13
7.713442354416937970e-14
1.525377115471723150e-13
4.714729310635987670e-15
1.089077232607164589e-14
6.444723707457471771e-15
5.222423057123158788e-15
2.929596463460580662e-14
2.003987464334063850e-15
1.767340939715254057e-14
7.576579876186263754e-16
4.202230337368842396e-15
1.086955817646736194e-14
2.115803505491323549e-13
1.226494272418270576e-14
8.855279407462476554e-14
8.926202553629590152e-15
3.647372916158947160e-14
1.436205607831151939e-13
2.537454307394566864e-14
8.708914923824170918e-16
7.519437654631879198e-14
2.217364468199750873e-13
6.346902108597831556e-13
3.739487918438820311e-13
1.448306153925168416e-12
2.828451083778569506e-13
7.358708280337991441e-13
2.108313245807286369e-13
3.100003474372693597e-14
1.173542696909948489e-12
6.942365969797922653e-13
1.493127432138598825e-12
4.727300948993244458e-13
1.416550350966209213e-12
8.099054721693447696e-13
4.383130005142675799e-13
1.625325377335961693e-13
2.505511587132863417e-15
6.328796848636808978e-14
1.562477652338790658e-13
6.685174672200463074e-16
3.346740691219519460e-14
1.347426207592506108e-14
4.048588340169751749e-14
1.173714370432574427e-13
8.247768907617402334e-14
9.309242519017482224e-14
3.641727632691219459e-13
3.095832647322432828e-14
2.572016955296146895e-13
1.626386877483982650e-13
3.344426091981117663e-13
1.524160044673638450e-13
2.465340584975677425e-13
8.090632747614573077e-13
1.956823542314216771e-12
6.156904371484705802e-13
1.121562525674975909e-12
5.566125968972647019e-12
1.519147897311150912e-12
1.045739753491559256e-12
3.117177323294300184e-12
1.149569876960091629e-11
5.770980190678667504e-12
1.308535354813698146e-12
3.254442730044051826e-13
1.540295828655333769e-13
1.696534968975114985e-12
9.684696101959330248e-13
5.744110854591961079e-14
1.203159752957569812e-11
2.483515347749959728e-12
6.888840932827626784e-12
5.251716576737011436e-13
3.895038758548863382e-13
3.259881119423707892e-13
1.121226389319576524e-14
1.113313441888892112e-13
4.693920217283644403e-14
5.077788825081082323e-13
9.413068666925443787e-15
1.119768195762904490e-13
7.428182358711369321e-13
2.407789186568624600e-14
1.721633624544520981e-13
9.467442906519246843e-14
4.058357421719831860e-16
1.432534224592039653e-15
3.001180230254666729e-14
8.242065608716649761e-15
6.236064362909801615e-15
2.582587789590151683e-14
8.749112247786327359e-14
1.437262476029271193e-14
3.605486666375336182e-14
1.801590272708537298e-14
8.979787922444863259e-15
3.136374057219899068e-13
5.590972029934110456e-13
6.946533849255675670e-13
5.304370281222071654e-13
1.385766064287989880e-12
1.235829032928388279e-12
1.892286147707910802e-12
7.857764865346772989e-13
3.162406047384582730e-12
2.371998830081270759e-13
1.761453544371660317e-12
1.033287845270140568e-12
1.368361907959844857e-12
7.018730639194414949e-13
3.636232416322550750e-14
6.318247286505545647e-13
1.076567327575997338e-12
6.817343822566315181e-13
1.793434826642012557e-13
2.842757565155990414e-13
1.168025593735024621e-12
2.155733774495841497e-13
1.379227384861669295e-13
5.404976453168578171e-13
2.312979042375841521e-12
1.365448062527089251e-12
1.139936895804628755e-13
7.518224667402904179e-13
3.069335787014310803e-12
6.872872150055910629e-13
1.646162421054378025e-13
3.282478654177273799e-12
3.799256994622794081e-13
1.117240069123610858e-11
4.027220803720147402e-12
1.257247127205608316e-12
6.078679093886863642e-13
9.033198823638105988e-14
1.688818099144016731e-13
4.806605898571403657e-12
2.670584843736241140e-12
6.596343810840023584e-15
5.677734884650642161e-13
1.618267201598925008e-13
4.468459575160007833e-13
3.916011296661132244e-12
3.987422396488956825e-13
1.142782813761383146e-13
8.149447812661439992e-14
1.606742086057823043e-13
1.443025733920206388e-13
6.441856649799457131e-14
1.356086993792840454e-14
4.810886267106675536e-14
4.970708340109158005e-14
5.203281919411130387e-15
1.298080363888451199e-14
1.843139123948008908e-14
3.968739658060735129e-14
4.260709830770424236e-15
6.320327865041666335e-15
3.839494862090952811e-14
1.056674855367359373e-14
5.444082564845539216e-14
5.187033681679748037e-14
5.354523022136727909e-14
2.262802514021756024e-15
2.146314920712697198e-14
4.394218929111864140e-15
2.071789775262943543e-13
1.472998569877200814e-13
9.334109353004446027e-15
7.325892484651111231e-14
1.500039289983614515e-13
3.836289472985458067e-13
4.308455652014865725e-14
8.498988459404116048e-13
4.197791536333823776e-13
1.026467304165576374e-12
2.084046149601966374e-13
5.025462328855242866e-12
7.742478097873678171e-13
3.892391164796756638e-12
3.222905650253261822e-12
1.961471105393335078e-12
1.669260679838152426e-12
8.503458958254874366e-12
5.439939812752130179e-13
4.051912398647638479e-12
2.918954092093819460e-13
1.737911106604042234e-12
4.332113724614836692e-12
1.359160726375217910e-12
1.350458962509255992e-12
5.205694090170533768e-13
2.945316928636545938e-13
1.456446812284472595e-13
5.775201846522678236e-13
9.840651540918588189e-13
2.478972869525088621e-14
3.232616889187378811e-13
5.228844983508679883e-13
6.448386384082334355e-13
9.485968010682919093e-14
1.382977372020237928e-13
2.054212331694537202e-12
4.559726597573306594e-13
1.025380141504096091e-12
2.055116963377529270e-12
1.794171054142709752e-12
5.170386293218430560e-14
4.217163828845119959e-13
4.346752785459863856e-12
2.609898017067749989e-12
1.355178559424393915e-12
8.804273634813646834e-13
3.251655375537636355e-12
1.610752762873929214e-12
7.803302767478078202e-13
9.373643326118511673e-15
3.772363334864186657e-13
7.503777599188526972e-14
1.133867366542712424e-13
3.592446019470094674e-15
2.829177598055162464e-13
2.309597734536621835e-15
4.285591008365509494e-15
1.219754388667466758e-15
5.995350054801160387e-15
1.009137975967163226e-15
1.628875704622856387e-14
1.667393417872308366e-16
5.003278343597155066e-16
1.839025788990376879e-14
4.217035145035825797e-15
1.737687538387250093e-14
9.957926121409190735e-16
1.355639700335325020e-14
2.090577788413727919e-16
2.002079924019356199e-14
2.543949263209167559e-14
3.498202427711439062e-15
3.973646892911079558e-14
3.230951714832039226e-14
1.147327031671066711e-13
9.381479788085379428e-14
2.320144919325036973e-14
1.058739060538967928e-13
7.944143943080090352e-14
1.247629307681847750e-14
1.587436506736578294e-13
6.768648279501534772e-14
8.848481164017452475e-14
1.104273534317950760e-13
3.554257805220921970e-15
9.826061795059930077e-14
7.187335547657521646e-14
3.385186582666329738e-14
1.381905645554080045e-14
4.889245217451020723e-14
6.227047309190665566e-15
3.298994532682597281e-14
1.657571199909797161e-14
8.088716876567135288e-15
1.305300002998791593e-14
5.050169422771097852e-15
1.658784877273266088e-14
4.416527422265324049e-14
3.146066812329289360e-14
1.075635098890550476e-14
5.493381754116015225e-14
2.607798035548791453e-15
4.569514564205035067e-14
1.002624529969897702e-14
9.455713617858580385e-15
5.394601733185342771e-14
1.670287398243576792e-13
3.393329948589045670e-13
4.007308011006009456e-14
7.211127409108154492e-13
2.106949220161907769e-13
1.346311017185796845e-13
6.985817991829244479e-13
5.226929479877061055e-13
2.132850153139678777e-14
4.511606321416802066e-14
2.796669516201257373e-13
7.421720718617560645e-13
5.883888108500433715e-13
1.371617558533591942e-13
1.415936035114407334e-12
2.086859506547586775e-15
2.902625163506330527e-14
3.466507427813360783e-14
1.262502217823915261e-14
1.417959504764201075e-13
7.801766541415122978e-15
4.452818536474074394e-14
1.385690616422019964e-14
4.163246240123061041e-14
4.343476182354808991e-15
3.201700974503849643e-15
1.387663338346524953e-16
1.769241990779974750e-15
3.592420455253321593e-13
1.406494606677004861e-13
3.514413917457848066e-13
5.729591733061959745e-14
3.662147225409544500e-15
2.194145159211407847e-13
3.346246233860397987e-13
3.773873353228325047e-13
5.718698693920962148e-13
7.250926348914745495e-12
6.839751085678786220e-12
1.776082840552960329e-12
1.313938560000401887e-12
4.259181411535031353e-13
1.477324850843821597e-13
8.121687904050123766e-12
9.515069745489494407e-12
2.957070029814758695e-12
3.908514781707762485e-12
1.209754045671913442e-12
1.676554308932517466e-12
1.285458344923909149e-12
1.034466951288373376e-12
7.138656570567334219e-13
4.294778503961504213e-13
1.698116164514322767e-13
9.170204025478672359e-13
7.847014582140167834e-13
3.447084901620597565e-13
2.451407997503793790e-13
1.393625738327018054e-14
2.232716864722045433e-13
9.045675652476903383e-14
3.800950577184376298e-14
2.955554214370201087e-14
4.094491436299706583e-13
3.561317088614888308e-14
2.280798910832857437e-14
1.111313729180828008e-14
1.778493119986060181e-13
3.763141949534613690e-14
4.890332452421923795e-14
7.922135425367526173e-14
2.380475667393490938e-13
4.560175047566047283e-14
1.214187541544004716e-14
3.965489087926460177e-14
1.719604595398189116e-14
2.849651072611884411e-15
1.655540285460294368e-14
3.185299385663148684e-14
1.134104476159198295e-14
2.905765368343483062e-14
3.102589492057224173e-14
2.357640696804310174e-14
3.178749735240471349e-14
4.865955236251915905e-15
4.371486524492472332e-15
5.518967734451182445e-14
2.257879859992166557e-15
2.508990351356688218e-14
1.765585573479810179e-14
2.006963625292024074e-14
1.263518691760366528e-14
1.385620285643889185e-14
7.904760261961014570e-14
4.905068596620745756e-14
3.386984895035264816e-14
2.815824329047573849e-13
1.545868905650617185e-15
1.711038401214141886e-13
1.985974870746751498e-13
2.592961958557035514e-13
2.212927289248225820e-13
6.397264862409345343e-14
4.803402330993115832e-13
1.226776656207129020e-12
3.608331203875853275e-15
1.346146409383026966e-12
3.407439670797624496e-12
6.246274895307600075e-12
4.420245892724196000e-12
2.789498879941870244e-13
1.116320595291403061e-11
4.177368798116713425e-12
9.446514892960972388e-12
6.527031452423122143e-13
6.948868056726558566e-13
6.584227766735502068e-14
1.119628820311876607e-12
3.207804386973915182e-13
9.846715794819864486e-13
7.057526696828824430e-13
1.069867777265232020e-11
5.283041994613958458e-13
2.686782484744533960e-12
9.709942957792092069e-12
7.396262624114862351e-13
2.873139763596047308e-12
1.155629646030294702e-13
3.866262592666391388e-13
1.390600556258315901e-13
1.364397505450873954e-12
1.506975627283625755e-12
3.335277559188996147e-13
6.403630312734148737e-14
1.090995881501990134e-12
1.346735205251896362e-12
7.992270301099767122e-13
2.042268576009759302e-13
7.196636679122201084e-13
2.178985297811668952e-12
2.885335314858817419e-12
4.839053146801562238e-12
2.849034933617135900e-12
4.487153528432538963e-13
1.369514449747328970e-13
5.061885573632234464e-12
3.971704193707416685e-12
5.029165259220769243e-13
4.007468610672349783e-12
6.031884456504593601e-13
3.041631071379812596e-12
9.140167991710684419e-13
2.642414738587370168e-13
3.387107921566220713e-12
2.914366628427461946e-12
2.185841647175133827e-12
1.029220213657716792e-14
3.079449760489186771e-13
1.422574286337938232e-13
1.866194525995162973e-14
8.675335088777071115e-15
1.122814777713059423e-15
4.830802352212296409e-15
1.007064489149981765e-13
1.116764178184679958e-13
2.854959276107683894e-14
1.171477909180554403e-15
6.032766993868342901e-15
2.623165666576531396e-15
3.992680324825780826e-15
1.690817903565553191e-14
1.696579473959207042e-15
1.856127755043985414e-16
4.495714382084798285e-15
2.809501774638704144e-15
1.671254148278476314e-14
7.442159725991740421e-16
1.143448144713511211e-14
1.814305172135318846e-14
7.001456941619754428e-15
1.333518213909666777e-15
2.340860362168686577e-14
1.359678000930847904e-14
7.360129672897430893e-15
1.948122992466200904e-15
4.462400275657608694e-14
1.629115692673728029e-13
5.473707733041848408e-14
6.339131501608737779e-14
9.277858876190035189e-15
9.201562021102012974e-14
1.316332840712329331e-13
9.504352634004447666e-14
1.324575776782448841e-13
1.810185305328780353e-13
1.366792123693244959e-12
8.505247641619692446e-13
2.095128930949393577e-13
1.836826512332762564e-13
1.076673768646263403e-12
8.814098775784766174e-14
7.720949883125458884e-14
2.867484622572137923e-13
6.607243557245522226e-13
1.373779874483297528e-13
1.914105626906716802e-13
5.000468893882573429e-13
1.143760171189154851e-13
8.908542038659208446e-14
6.109805646447480965e-14
7.705292538793214546e-15
4.124790662383458577e-14
1.479651890391957859e-13
3.458647990229739046e-14
4.618632040842831513e-16
1.502424982848580552e-14
3.420148567651645287e-14
2.322909403885360033e-14
3.747790081255002848e-15
3.007451403013431592e-14
2.877365074329598307e-14
1.529782569616443080e-14
8.071678759256780684e-15
2.687259443483872911e-14
2.706974338702049655e-14
2.801275083303926701e-14
5.230872813929329287e-14
7.111300268264810663e-14
1.434591895872128259e-13
2.164217579570588234e-14
5.258520841861440160e-14
3.371971642836698795e-15
9.080532848165494043e-15
3.993009125940905891e-15
1.104891580530721522e-14
1.396774786455801919e-15
1.708881837231366570e-15
1.352826197621172663e-16
5.263013025214006673e-16
1.546350309429198112e-15
4.992070062785871625e-16
1.916905063040238615e-14
4.250161622156698381e-13
7.667219575683950408e-13
4.933681069462387540e-13
6.373201406858793470e-14
5.099876946016817360e-14
7.123549362693220508e-15
9.381051470153036994e-13
4.905383514396349575e-13
2.041398691364997590e-12
1.073941261342773604e-11
1.864992592166104986e-11
1.677181097644972122e-11
2.497119219918405055e-12
2.065679624833367459e-12
4.297554636500463555e-12
3.660988943462205902e-12
8.422583740115146835e-12
1.455809319587392016e-11
1.972909351797532244e-11
1.139509567175992133e-13
4.297190141747603816e-13
9.590807670403627013e-13
1.345238897223764974e-12
1.225243744645041207e-12
1.721732498479144034e-13
3.115242450672937543e-13
1.120965141207814517e-12
4.241945319797113052e-13
2.441203539855195412e-13
9.335428744517837238e-14
4.071004124089847759e-13
2.217788556203915373e-14
6.716377069716597682e-14
2.298667009740362371e-14
1.096352856153799891e-13
1.232652159354012955e-13
1.871665912307457914e-13
3.978462713847862050e-14
6.308911360621080396e-15
2.051865834016454920e-14
6.356430623371175972e-14
4.573780796395659613e-15
5.454520712873218221e-14
2.689988110645611357e-14
8.894278975777467413e-15
1.395328616454592129e-14
3.991018266804143263e-14
6.955474655882393920e-15
1.022947897328805282e-14
1.352825939231135098e-14
6.088323796574408677e-14
7.426071403059879251e-14
1.903242264509266005e-14
1.073634735941653723e-13
1.804113147528864386e-13
7.850540544993289973e-14
1.088506723255559822e-13
3.312020922136948152e-13
1.080055473937924486e-12
7.676464436348684469e-13
6.430450514648848924e-16
5.162674528046334378e-13
1.048299081916763272e-12
1.434971436009982069e-12
1.076057303466822411e-12
8.560235093828270430e-13
8.299705919043784877e-13
5.091858800214337510e-13
2.178751070938298224e-13
1.615255264796658809e-13
3.091159621639713979e-13
7.226828902968847129e-13
1.889886113148809509e-13
1.571993612404448386e-14
1.269090866900994762e-15
1.897473372319113633e-15
9.347040029821820814e-14
2.049520191016601857e-13
2.630134309755308490e-13
1.968882003574522916e-13
4.367422867877301279e-15
3.447090258605288321e-16
6.462072635999113659e-15
2.426479332517116684e-14
8.172822538581144996e-15
2.705882302386229850e-14
8.791791979811006107e-14
3.401884364384314390e-14
1.853719768365234905e-14
5.237916359126252521e-14
2.504845347959921705e-13
9.925488535652769692e-14
2.879023517061142957e-13
4.298343708974698539e-14
5.269892025136259863e-13
9.231063016790554505e-13
4.204935008522334813e-13
3.578661608130728549e-13
4.923501164641589627e-13
2.276804292449744785e-12
2.184530483540119256e-12
8.616952056874914483e-13
6.561569215768424284e-12
1.732909013524904294e-11
3.049389776694313651e-13
1.273307046137516952e-12
1.850358385952183436e-11
6.631615516287835926e-12
1.767546732482151971e-12
4.598907901829408515e-13
8.559736558168732135e-12
4.714249199097816940e-12
3.444218196260640387e-14
1.921229237980073582e-12
6.247994257862901776e-12
2.419166822694414852e-12
2.182426598015722228e-12
8.683372111297988878e-14
1.045981360167108240e-13
2.497670434953278460e-13
8.651538992965402007e-14
5.579930658354179113e-14
2.088472370172615893e-13
1.716921240631737557e-14
6.281441083763616300e-15
3.546339134830220482e-16
3.248474948349928803e-16
2.402837900067583405e-14
2.018481812275681567e-14
3.001709221572875208e-15
1.265478222077294534e-15
1.031438595431464937e-14
2.960548121953520532e-14
2.687355836225601270e-14
2.123540464029650150e-14
1.924868657605120511e-14
6.564537958996066764e-14
5.619675866669253926e-15
1.365617967661741199e-14
2.022527376714244088e-13
9.144389099116193018e-14
3.545681001950334128e-13
7.136356906372689079e-14
4.763958596127583879e-13
5.059749965279300506e-13
7.710294782383205117e-13
1.159361545218780955e-13
4.299528035025627164e-13
1.011263893690117961e-12
9.375631848520061565e-13
5.091581972725415610e-12
3.849178489750956657e-13
3.524864944798980747e-12
3.319198561020470558e-12
4.805865054067929626e-12
4.770605409588297771e-12
2.095890083927927071e-12
2.496383941176727615e-13
3.109607350504359747e-13
5.816559487208349075e-13
2.174855227604243766e-13
1.481170869937113974e-12
4.623525168338923172e-12
1.245982578364159485e-12
2.202537445718306925e-12
1.174309313672205329e-14
1.466701408157287858e-12
3.574583446257496316e-12
8.536330616175098827e-13
3.208140541372871550e-13
7.497515828977310727e-13
5.608249301467862752e-13
8.089871782096842620e-14
1.695042164549666368e-13
7.962233266272197179e-16
2.962687768331309151e-15
1.529918925961070597e-14
7.711765732572843276e-14
6.050781455076053425e-14
6.645835752616011765e-15
4.620390748306864198e-14
5.268880292916927901e-14
1.990273756459235543e-14
1.006572028354075854e-14
1.922242337402303270e-14
3.432678614957517958e-14
1.395673734102819672e-14
9.489603409099473856e-15
3.042882087646269755e-14
3.592737216107560660e-14
3.404912443148775278e-15
3.213695817010778307e-14
5.372422381804734566e-14
1.792841359877035430e-15
1.847247845816577068e-13
8.995984602712195157e-15
6.972356837807132637e-14
6.251660065166337921e-14
1.936019732557691035e-14
1.446368331936705762e-14
1.275080998555488103e-14
1.490366110087442379e-15
1.007637363336826826e-15
6.031709998662928245e-16
5.184774225674606892e-16
2.644883627243708395e-15
1.016136605373634502e-15
7.575257883041564984e-16
7.281110624465862462e-16
2.107740810232630014e-14
1.990323457217559404e-13
1.612498213805518626e-12
1.792567071514336460e-12
3.165818589551571323e-13
1.381270186109966999e-14
6.074687998208619310e-14
6.269355292378925860e-15
2.626880509996151490e-14
8.294389496092643422e-13
6.235102051502010480e-12
8.388529312179359277e-13
1.281821625169618892e-12
9.734364838150060260e-12
2.703956605437028377e-11
1.911546644865296818e-11
6.801234981066556077e-13
3.820430430283105084e-13
3.846804975691759444e-12
2.044646941003773523e-12
4.093906040882131100e-12
2.160370762376491805e-11
3.425438264614368359e-12
5.921907585934876112e-12
6.639247546112968651e-12
4.326571836509847603e-13
2.760094901010052360e-12
3.648765891400643345e-12
1.754049321750482959e-12
4.100549185272024428e-12
4.083210844200741650e-13
7.352039042048687083e-13
5.794558204788955765e-14
1.009524749593136029e-12
7.373709316491261816e-14
1.287341225133636870e-12
1.355107678946285377e-12
2.376579500919293789e-12
9.032107520279424998e-13
1.630923784340309957e-13
6.620663698739230736e-14
4.593031962721072718e-14
1.256655774378426280e-12
3.563844868034969177e-13
3.408051747800794438e-13
1.519912994009339140e-13
1.956362493033725286e-13
7.596060396319265263e-13
1.599256517947424581e-12
4.149792387219757122e-13
1.532717341189818992e-13
1.715922669714222134e-13
9.448892442117312872e-14
7.333443711920825163e-13
9.625415346339635556e-14
4.279447121982084105e-13
6.165390602822741308e-13
4.774323682927925474e-13
6.076167163543843899e-13
3.545761658855397974e-12
2.743910006003006587e-13
4.726750710142389484e-13
1.097479818132916984e-12
3.175915761398966503e-12
7.109244633293155253e-13
4.852377126117576872e-13
3.689188414871886130e-13
3.938761905969142355e-13
2.802618523403814941e-13
2.835470252753490971e-13
5.365777406108118936e-14
5.008650847923481924e-14
6.386417017856483692e-14
2.963764581645335539e-14
5.333147182991002418e-15
5.298860696786161892e-15
1.440302323452457572e-15
7.543435612595082750e-15
7.680293152840505728e-16
3.307084638854697365e-16
6.175907655377534663e-16
7.353235361175137293e-15
1.036996272177641821e-14
1.120410004168546203e-14
1.643034594746967404e-13
3.037375702166509284e-12
2.574150502671730551e-12
9.535769709980894655e-12
8.972104572207696669e-12
1.200743220183104781e-12
1.904410815092960345e-11
9.786962388473196466e-12
1.363735247623902574e-12
3.800065774540682891e-12
4.002099759838766044e-12
8.292867049356675119e-12
4.812545442802541472e-12
3.884045675777423479e-12
7.273121289154649959e-12
3.032438988943935214e-12
2.673760160506386380e-13
2.656719870247455542e-12
3.672529884084512927e-13
8.070831893123239974e-13
6.077658853026812307e-13
6.350908459488330273e-14
9.532904003439177818e-14
4.542653461291940949e-14
6.215685218995310760e-13
5.312997816802577688e-14
4.004634287474249382e-14
5.119732513705509793e-14
8.793195009626940393e-14
8.204630042568952514e-15
5.076919005197935310e-14
6.828706008834853795e-14
1.833283987068039579e-13
3.263693650091947696e-14
2.045928971447465268e-13
3.182716361880500628e-14
2.068972812772299412e-13
1.415594479790342796e-14
4.554934663392812553e-13
2.949340746506551984e-14
1.448056037315929166e-13
5.365777066980268594e-13
9.630117957977780772e-13
8.733257150543016465e-14
2.444690154669681684e-13
4.334281875838064780e-13
1.164766941647313998e-13
1.884760724616925348e-14
5.005697935329203612e-13
1.877089685151074898e-13
1.284823976665625286e-15
2.903101338895695106e-13
1.101074959884043538e-14
5.449454721567409671e-14
5.349829899421697528e-15
6.442745430435168663e-16
4.012879734463769480e-14
1.498809713969908077e-14
1.344889408286141698e-14
2.918425853526260796e-14
1.104443098517320792e-14
3.760968845225713404e-14
2.340064616812351963e-14
1.752188519715786876e-14
1.793147896620383352e-13
1.284108982605918394e-13
2.780477461001483921e-14
2.715605107718020306e-14
1.073005164756940653e-14
2.464507490740486795e-14
2.988363864321712737e-13
3.936562387149079535e-13
6.463941500398398818e-14
2.224134587855791422e-12
5.182562526726514685e-13
2.124501386214865390e-13
2.907284215244660211e-13
8.054012490670203879e-14
3.500519219137108122e-15
2.652068891992923526e-14
2.014125369552760179e-13
1.463075382367229315e-13
1.995348052611672103e-14
2.330045106760896165e-13
7.103753525869298073e-13
1.368853556358008723e-14
2.332576248236158306e-15
2.932652208161026313e-13
1.435247012969304596e-13
1.839673053751975284e-14
2.835512409646979380e-15
9.937299997500832587e-12
1.559023300988176336e-12
7.099109645386771950e-13
1.862669021710568136e-13
1.884126683027825881e-11
1.015256947559625306e-13
2.058049166527427717e-12
1.572449458626091979e-12
6.383137641009963670e-12
1.940697887975182216e-11
9.890226317708775954e-12
3.227895905065355556e-13
2.276754374887963948e-12
1.954466401653982716e-13
1.089741879064417080e-11
1.959833525329119087e-12
2.738032109295398409e-13
3.082574488521655325e-12
2.381884898731301180e-12
9.746087584295951790e-13
6.931151438362224745e-13
3.063123561276411294e-14
1.964758118274672430e-13
1.103047943639657701e-13
2.919636059409265305e-14
1.004819425111599130e-12
7.088693847746501477e-13
5.666985854860041221e-13
3.275608537327468298e-13
1.110840412012886723e-12
7.432968991463850004e-14
1.600553805538334114e-14
7.145460148806087787e-13
1.005465763496810675e-14
9.699056947811298506e-14
5.240880963736643831e-13
4.569438138833874278e-13
3.784765153719074479e-13
1.058676580430162366e-12
3.983219909073697961e-13
2.062540986747213077e-14
1.478448301480124246e-13
6.255615120988588800e-13
3.224997081277516728e-14
2.271512820522589417e-14
3.006368177939504774e-14
1.300482169702883533e-14
9.342349859520403401e-15
1.439440963173253616e-14
3.929519340470637692e-15
4.118470486189592736e-15
4.126163464399904187e-15
2.866217608570593009e-15
1.135769691754924238e-14
8.344262638101489426e-15
9.814935200440997869e-15
8.374773814441852025e-15
1.210074812717034449e-14
6.562187021413752325e-14
2.191893501664923961e-14
4.332743455968486921e-12
2.247017549505073011e-12
2.998799605957169258e-12
3.538142030527744369e-12
6.501963720604770589e-12
3.536263121634293677e-12
1.394454834085342033e-12
5.854102904703034857e-13
9.012260688684107233e-12
1.140097106233743987e-11
8.385192464952302079e-13
4.058388960872516736e-12
7.467302068309758647e-12
5.800985735440311658e-12
1.836750205835796015e-13
1.967413798856128531e-12
9.517040804229967053e-13
2.466893377294782522e-13
1.954686470466786255e-13
7.863530918125939123e-13
1.553378075896530589e-12
1.046521089855381284e-13
1.676584843599290641e-12
1.458726951373993450e-14
2.052246380467941116e-13
2.225667011172066175e-13
1.621108451428799220e-14
3.260423269335990239e-13
2.920094243227889166e-15
8.447400109995922322e-15
1.602392450044057038e-14
9.976364094858524260e-14
4.662874902504632469e-14
2.829944877321978055e-15
2.778970939149835728e-16
9.269429423540503724e-15
4.527490383040606915e-14
5.703151232326212607e-14
1.372978822352754351e-14
6.317175709642622004e-14
1.289901296596244580e-14
2.344080462424226691e-15
3.491934501199144527e-14
6.867498159375097054e-14
1.234424981040549632e-13
3.860459521722635207e-13
6.905994699904974575e-14
3.032115571289945793e-13
4.090671365507793048e-13
2.558207841028198170e-12
1.303191881111069502e-12
2.217331772404669502e-13
1.772752301889170264e-12
4.987580284586365953e-12
1.619433997250754146e-12
5.824937006749696260e-14
3.058282972651276864e-13
1.381712958221626255e-12
1.803277809342599737e-11
1.852669650827257576e-12
6.773383394891223592e-13
4.395112205482335700e-12
1.706141463097936345e-12
6.363556401541104468e-12
1.152892341801441052e-12
3.644973412143500977e-14
4.899084043632073523e-14
1.998629030090378390e-12
1.491808790853489793e-11
1.356070378964845415e-12
7.758114785855066014e-12
4.496436038100161901e-14
2.794906988829497076e-12
1.994180985909989524e-11
3.236981803397277663e-12
2.004185378368367727e-13
3.104348764454576379e-12
2.421221591302859231e-12
3.854670051911270378e-13
1.373158743635694695e-13
3.033342787670957968e-13
7.051411956187053806e-14
4.728491637301593975e-14
9.317707524731054747e-14
7.800886613273136554e-14
4.017940783137978067e-15
2.119607282640458576e-14
1.130309107963537925e-14
3.802094884196753553e-16
1.822280430412231594e-14
3.500546977083050691e-14
1.678969044065866336e-14
8.253225112241079815e-14
3.085371824234277990e-14
7.898442016839495130e-14
1.702560029737233780e-15
1.212063746492480796e-13
1.207752004219956732e-13
5.976016599775776470e-14
7.115715730955572819e-15
5.640066074123932175e-15
3.278952868874608310e-14
5.238689284262106514e-14
9.647299730424700431e-14
1.784978817154499570e-13
5.438433851831225337e-14
1.736532792229934021e-13
7.919674629546100195e-13
1.716871663316594184e-14
1.095549190650660729e-15
9.943573895231646702e-16
1.542693668814060363e-13
9.154727638254364405e-15
1.146826316008354053e-12
2.507096354508829246e-14
4.004717949775161215e-13
1.897153877433661555e-12
8.179351723675844252e-13
4.399445105620559984e-12
1.297956266435924797e-12
1.062852635535424000e-12
4.560205464255675723e-12
4.730580987808766962e-12
1.130902994866265362e-12
5.383106199471838614e-12
5.996229631067797089e-12
1.464496829916848050e-12
5.695097047187804578e-12
4.202012207796968752e-12
9.340918469183866602e-12
6.137789211352467636e-12
2.764949955705807268e-12
1.109837029604295946e-13
4.132299653051439262e-12
4.264007109628223665e-12
2.284637532155941935e-12
6.224197169440171610e-14
9.020744482874078209e-13
2.027005522455123860e-11
1.463294485456627490e-12
2.737646938239163124e-14
7.480816499578957268e-14
2.646190468503308430e-15
5.912808281170086540e-13
5.901665198395402585e-13
1.043925098188373515e-14
4.238806712309929314e-14
1.124142342086993676e-13
2.346076530263711371e-13
3.682059134108041954e-15
2.139522206246162884e-14
5.235499763711194569e-15
3.908599919473401882e-15
6.330393255830844663e-14
3.375641973039934547e-14
1.133116475828098172e-13
1.917167711232191111e-13
1.869965537555333816e-13
4.788089003350883495e-13
5.967615288721994037e-13
1.749052126248225560e-13
5.540888956206801961e-14
4.305838597341780640e-13
2.709981877349347634e-12
5.169669002460031256e-13
1.827710945634372803e-12
4.540499514914786596e-12
5.931998117241746106e-12
5.177757068827876618e-12
1.588249449032549930e-13
2.196202710360830786e-12
7.325281078856984342e-12
1.625797270296853148e-11
3.201159250692159972e-12
1.191801086709084202e-11
1.774752430878956661e-12
8.078464870853188976e-13
2.061536691076955378e-12
3.064660754653233468e-12
2.474985994346544289e-12
2.235348295942645562e-12
2.757956063568547783e-14
1.831079476664693621e-13
1.362774992877394038e-13
5.528132164749010259e-15
1.280290396015722384e-13
1.205792907966262830e-15
9.579902232142560929e-15
2.375400184604150889e-14
5.678752089069956508e-15
3.246237386767950020e-13
2.308129446580125626e-13
3.654037219316600704e-13
2.199729003730986224e-13
8.893710434019318218e-13
1.454806107343822275e-13
5.327953233103775143e-13
6.482445167641055688e-12
3.062608617431414199e-14
1.355906289228212695e-13
1.036586749208614609e-12
2.409354728714984091e-14
6.058582244229199807e-12
7.818163044458319262e-13
4.307030249392056600e-13
1.033606807433304130e-11
5.534921418467588319e-12
7.762788821731120365e-12
1.066306325754442625e-11
1.505102290399141856e-12
1.117839038233544677e-11
5.967797389349326426e-12
2.468497149143585948e-13
5.588623106172295960e-12
5.233020977330183142e-12
2.860160450240994366e-12
9.343911902161863797e-12
4.958247409099197890e-12
2.501432202468787739e-11
6.028565643748546919e-12
7.152504983612946347e-12
2.356799846726851535e-11
2.274638387589171087e-12
5.008614546813531252e-12
5.440553930706792677e-12
1.128723670405984040e-13
1.042823622547492955e-12
3.659847877739566841e-12
1.137734311301524249e-11
4.568394222727287845e-12
2.011933100814046862e-13
3.295382044537655887e-12
1.421335322287521349e-13
3.745514854644858786e-13
2.608333612718750404e-14
2.718171880118890220e-14
3.732156680249308535e-15
3.553070270819654137e-13
1.143639038564078003e-12
1.153558931882597857e-12
3.162542132820095523e-13
1.666404411785418511e-12
2.945946397865823861e-12
9.036441661962626806e-13
1.844091050073815642e-12
2.605289748864141226e-12
3.426828553627243351e-13
5.416248288955132159e-12
1.371713860550915117e-12
1.821880009253530479e-12
3.633651697558632708e-12
3.011179894624944879e-12
3.858742888984105731e-14
6.566601699999981907e-13
2.890931156241765900e-12
3.345936302608889749e-12
9.278066943118977433e-13
2.316463879782158739e-13
3.527730718552906210e-13
6.702387746835259476e-13
2.582412461179979491e-13
5.890742751041365837e-13
7.359405585691841260e-13
3.178997430928283304e-12
2.721923339503680331e-12
2.837623622481613740e-12
4.118085982686265219e-12
3.902311969228748031e-12
8.212255351340423290e-12
5.352648927076054107e-12
1.641705652996373590e-11
1.697442035019618850e-11
4.116594790795502372e-12
2.279693088969355615e-11
6.361707543103825687e-12
2.005893215941267930e-12
2.286995229110142848e-12
3.018769640949661690e-12
4.954054067425858328e-12
1.482242523988521888e-11
2.016212886923787520e-12
1.421797648490447603e-11
2.804481384566515609e-12
7.105128628384823119e-12
1.301725200080411814e-12
6.576791669233840320e-12
8.725802957852815643e-12
4.552513162808246113e-12
1.286841146630574544e-12
2.178797364971475173e-12
1.926952497984895750e-12
4.806224752953525933e-13
2.590382074663938591e-12
5.179615592967078172e-12
3.265635989385190472e-13
3.521910099193708467e-12
1.763185019715275785e-12
1.137011484489556243e-11
1.423542218195920740e-12
2.484325503932611315e-12
2.299231423513411948e-12
6.356902799703053575e-12
3.058067620673170870e-14
2.692337388643167265e-13
5.843204643353962883e-13
1.800901133322432339e-12
1.124865356321800991e-11
1.045482215512839550e-11
1.010221225944769841e-11
8.577849830875697896e-12
1.001653211926669197e-11
6.606078712776976786e-12
5.109821521287782243e-13
1.657134457157726391e-13
