6.211550924343490728e-05 2.265186380029003743e+00 -5.061027664472701531e-05 1.521511092711041828e-04 -2.869612258098127217e-05 -9.473002391949684514e-10 3.53 0.00021646184689 1.6e-09
-6.778343251689389370e-06 4.688921321624142102e-01 -3.579790728505298416e-03 1.342419021113826964e-04 4.100304018309550554e-05 -2.649193516249923599e-07 3.53 0.00021646184689 1.6e-09
8.922246302224487457e-05 2.989236162880207992e+00 7.170933372806814060e-03 1.881027950343629380e-04 1.708417143355411103e-05 1.425657263619873580e-07 3.53 0.00021646184689 1.6e-09
-9.448535145759699434e-05 3.436161432664997850e+00 1.624448886612347639e-02 2.114609775287531860e-04 -7.360730585004930559e-06 2.833708322135694078e-08 3.53 0.00021646184689 1.6e-09
-1.916015875006805278e-05 1.322938394314187027e+00 8.272431426955165895e-03 1.141716033661377888e-04 -4.570232523652228811e-05 -3.164128333690522738e-07 3.53 0.00021646184689 1.6e-09
-5.387638071941524664e-05 1.120666416283987665e+00 -5.000044966340166236e-03 1.095391783754822275e-04 4.968099261669300883e-05 -4.837925660837255841e-09 3.53 0.00021646184689 1.6e-09
-4.532660032772547765e-05 3.380558669595443710e+00 4.224484934361593877e-03 2.085304313201122328e-04 8.816901120020759994e-06 1.047971454295674572e-07 3.53 0.00021646184689 1.6e-09
-3.120335224229719198e-05 3.075722204504356405e+00 1.163976955073004957e-02 1.925806051287072638e-04 -1.543604823525048273e-05 2.467335320560722451e-08 3.53 0.00021646184689 1.6e-09
-2.524839760653930287e-05 5.304267934874831170e-01 1.917853959019598722e-03 1.256350874934766284e-04 -4.918571439327942759e-05 -6.051133450291177710e-07 3.53 0.00021646184689 1.6e-09
-7.146099971878691723e-05 2.112070357478782689e+00 -9.344758792759077018e-03 1.450170181720977758e-04 3.122704944068526063e-05 1.970929370846330041e-07 3.53 0.00021646184689 1.6e-09
-5.543015474605582956e-05 3.528675226692898015e+00 1.365652721118668783e-02 2.163887642200038237e-04 1.306719258178396890e-06 2.067205322677929454e-07 3.53 0.00021646184689 1.6e-09
3.755712422374385358e-05 2.415326889543944588e+00 2.482563226270085091e-02 1.593401637205730441e-04 -2.628593492840734645e-05 -5.738805055181439702e-08 3.53 0.00021646184689 1.6e-09
-4.805077383081874807e-05 4.272439898161561889e-01 -7.653673146562982831e-03 1.419806301834769817e-04 2.890458580140928954e-05 -1.479831381872606371e-06 3.53 0.00021646184689 1.6e-09
2.770765698502576673e-05 2.888494068440622620e+00 1.043375415083119470e-02 1.829285253680402578e-04 1.884570493707313818e-05 3.912944021668973459e-07 3.53 0.00021646184689 1.6e-09
-9.607751697472361808e-05 3.478086861230821114e+00 3.929689667707779444e-02 2.136786658142423591e-04 -5.968413775027719148e-06 1.489173672652608782e-07 3.53 0.00021646184689 1.6e-09
-2.902644883721164606e-05 1.520577360482603169e+00 2.777185200994392728e-02 1.204880698420236599e-04 -4.186050204576254291e-05 -6.666684580217901789e-07 3.53 0.00021646184689 1.6e-09
-2.980139270527767427e-05 9.377840743953393954e-01 -1.407878899336132035e-02 1.078988960319872577e-04 5.305731320307132434e-05 -3.380903763154799418e-08 3.53 0.00021646184689 1.6e-09
-3.598683632809461823e-06 3.319886975081681513e+00 1.880576811834037271e-02 2.053386209104406351e-04 1.027897901733591863e-05 3.581398801189494101e-07 3.53 0.00021646184689 1.6e-09
9.366858431668941953e-05 3.155666680278555347e+00 4.242510956834109892e-02 1.967397594341341240e-04 -1.384891963525883278e-05 5.870577127278304266e-08 3.53 0.00021646184689 1.6e-09
1.771113081145962611e-06 6.176803213131650816e-01 9.203330665824762530e-03 1.173825974475846998e-04 -5.389951432105542404e-05 -1.892202102701758821e-06 3.53 0.00021646184689 1.6e-09
-4.830571324667940917e-05 1.947534071666690458e+00 -4.734139654598018207e-03 1.376267973723721907e-04 3.404754561307426011e-05 6.382236046029336732e-07 3.53 0.00021646184689 1.6e-09
-1.055664467581213543e-04 3.523036820004618264e+00 4.904234400760829060e-02 2.160818631302095240e-04 2.676405267588217006e-06 3.807391036132545358e-07 3.53 0.00021646184689 1.6e-09
-3.804034036149816296e-05 2.567725149325463363e+00 6.039887895706064214e-02 1.667989358413594957e-04 -2.388498027160572017e-05 -2.819510219958227594e-07 3.53 0.00021646184689 1.6e-09
2.741830253600605418e-05 4.035449553761915054e-01 -1.045380197716989923e-02 1.472945373740119771e-04 1.260723431223539567e-05 -2.460044648123525697e-06 3.53 0.00021646184689 1.6e-09
-4.908405955606516405e-05 2.764882932121453862e+00 2.727283394470037675e-02 1.766481161342013564e-04 2.083750944367219478e-05 7.265981730279290036e-07 3.53 0.00021646184689 1.6e-09
-6.832328274607308552e-05 3.505292543849338749e+00 7.561613620013397929e-02 2.151261934112577126e-04 -4.569403509958308252e-06 2.012406626933401822e-07 3.53 0.00021646184689 1.6e-09
3.725781435874301635e-05 1.710394449258594740e+00 5.075498472956652130e-02 1.276502718317401000e-04 -3.828847523371628123e-05 -1.072090646192659789e-06 3.53 0.00021646184689 1.6e-09
5.130566524909997906e-05 7.798398488249612681e-01 -1.791372090868724454e-02 1.097745318536161031e-04 5.505101447576703276e-05 2.705703642228729671e-07 3.53 0.00021646184689 1.6e-09
1.423685912446735844e-05 3.252518420656845599e+00 5.108462492853610426e-02 2.018037842738556217e-04 1.177371132320578086e-05 6.313399341551823779e-07 3.53 0.00021646184689 1.6e-09
3.860772030884341281e-05 3.228628140954623582e+00 8.498766491991692484e-02 2.005523148915352646e-04 -1.229430932914878688e-05 -2.443359003147883197e-08 3.53 0.00021646184689 1.6e-09
-5.533871065356051186e-05 7.347186790578859039e-01 1.758490058564065109e-02 1.111552820692135696e-04 -5.517608399735205105e-05 -2.823225786373337894e-06 3.53 0.00021646184689 1.6e-09
-5.457112221358218694e-05 1.772007223159079103e+00 7.938316664989770663e-03 1.301552753012596433e-04 3.715478904715507837e-05 1.251441457171328645e-06 3.53 0.00021646184689 1.6e-09
6.070155196244513110e-05 3.508893233033831827e+00 9.386244166490900764e-02 2.153227768643134346e-04 4.053445791608941940e-06 4.967347771733638140e-07 3.53 0.00021646184689 1.6e-09
-3.341062127415665261e-05 2.711126659437304021e+00 9.759557606612896674e-02 1.739443717310237977e-04 -2.162371844181848755e-05 -5.662252966568744126e-07 3.53 0.00021646184689 1.6e-09
-1.145708474624427869e-05 4.000439872093450866e-01 -1.228492186751868956e-02 1.481711460894379658e-04 -5.592639713167715907e-06 -3.056706640003766167e-06 3.53 0.00021646184689 1.6e-09
2.034821680724745722e-05 2.623788904370162101e+00 5.039682369399638151e-02 1.695786970928390546e-04 2.299476117775936645e-05 1.099026815625358445e-06 3.53 0.00021646184689 1.6e-09
2.269138267374221882e-05 3.517750949414053085e+00 1.154233433740118886e-01 2.157976356257125397e-04 -3.206742150552199781e-06 1.946089865910756789e-07 3.53 0.00021646184689 1.6e-09
-4.121519255538047186e-05 1.882494172487314099e+00 7.266876426944160472e-02 1.348014257445773818e-04 -3.513158874793689720e-05 -1.438654877845047070e-06 3.53 0.00021646184689 1.6e-09
-5.659699143661919488e-05 6.568344180859337911e-01 -1.859189569940273429e-02 1.147876463647651073e-04 5.476420402335854375e-05 8.942327650448073073e-07 3.53 0.00021646184689 1.6e-09
2.793753663337583866e-05 3.181697502152869284e+00 8.979943862148596911e-02 1.980992634730213697e-04 1.324423516017142659e-05 8.672661409204293415e-07 3.53 0.00021646184689 1.6e-09
2.942437181351047627e-05 3.293015426300759607e+00 1.272372255014717068e-01 2.039273111603843926e-04 -1.083052744206957965e-05 -1.764201666371020326e-07 3.53 0.00021646184689 1.6e-09
2.306122997580714400e-05 8.770456677358116071e-01 2.561764853020851926e-02 1.081546381984993999e-04 -5.388747658970055978e-05 -3.303434669032585229e-06 3.53 0.00021646184689 1.6e-09
2.954470121081712014e-05 1.592121281198926264e+00 2.143668852397697527e-02 1.230964816681025134e-04 4.042995472196830051e-05 1.914969145980158227e-06 3.53 0.00021646184689 1.6e-09
7.087661846188954718e-05 3.483622990752029747e+00 1.337024302382455176e-01 2.139777542696953824e-04 5.389125085414671797e-06 5.413672052072188372e-07 3.53 0.00021646184689 1.6e-09
-2.820414103613034829e-05 2.832379805617120105e+00 1.260619492686920751e-01 1.800731371123123303e-04 -1.964788461270971370e-05 -8.185496932474954359e-07 3.53 0.00021646184689 1.6e-09
4.859175965471681255e-05 4.152819885638588393e-01 -1.374605518441006369e-02 1.446361411642981215e-04 -2.199604273664080244e-05 -3.157592764576792658e-06 3.53 0.00021646184689 1.6e-09
6.959608227961126803e-05 2.480518121239636553e+00 7.285469057136587101e-02 1.625164374096663763e-04 2.517174588634417799e-05 1.441498634139145919e-06 3.53 0.00021646184689 1.6e-09
-3.786036731088925105e-05 3.521261749270724106e+00 1.488433442498364179e-01 2.159940407841647611e-04 -1.923115751019576966e-06 1.387002751529324434e-07 3.53 0.00021646184689 1.6e-09
3.550757383823927293e-05 2.034815754691852163e+00 8.832779946819875605e-02 1.415096490234151469e-04 -3.243594039741576492e-05 -1.695992635532313208e-06 3.53 0.00021646184689 1.6e-09
-5.862281617385097231e-05 5.673324550349641004e-01 -1.761808342155975898e-02 1.216350527610565203e-04 5.180895573504123427e-05 1.745793167740942459e-06 3.53 0.00021646184689 1.6e-09
1.601922026963044707e-05 3.110115733837861107e+00 1.232567543773895602e-01 1.943674795768698927e-04 1.467164607626371197e-05 1.013462626370408005e-06 3.53 0.00021646184689 1.6e-09
-7.973933760070271368e-05 3.350027110129242480e+00 1.576699772631653396e-01 2.069225922355064670e-04 -9.457852314339986458e-06 -3.445571404432368411e-07 3.53 0.00021646184689 1.6e-09
1.893668430817921664e-05 1.037078686622869839e+00 3.105812283448419753e-02 1.084000163686457972e-04 -5.116502784520995896e-05 -3.354831494455715317e-06 3.53 0.00021646184689 1.6e-09
4.085997255728060972e-05 1.412303018983942504e+00 3.082839059144664925e-02 1.168710852571461641e-04 4.382528255035700738e-05 2.508233357931818995e-06 3.53 0.00021646184689 1.6e-09
1.006186676819640973e-04 3.448591879187314024e+00 1.582576823949657929e-01 2.121222188889455699e-04 6.670356263248973442e-06 5.134529531100917840e-07 3.53 0.00021646184689 1.6e-09
4.952890414130126074e-05 2.932079197985424379e+00 1.388094167115574984e-01 1.851669039664535668e-04 -1.794459493778186292e-05 -9.838276391909864488e-07 3.53 0.00021646184689 1.6e-09
5.940885807968751607e-05 4.456399731433725586e-01 -1.514154129871923132e-02 1.384129166670453590e-04 -3.488630115867886409e-05 -2.795186898874084693e-06 3.53 0.00021646184689 1.6e-09
-3.624484829609890009e-05 2.341912954784567624e+00 8.876668916022908973e-02 1.558087726357071053e-04 2.733568386923125831e-05 1.677897150290890696e-06 3.53 0.00021646184689 1.6e-09
-7.429555502686011699e-05 3.521830573800539099e+00 1.675102895926991187e-01 2.160299612114910861e-04 -7.160150373588271097e-07 4.905312587254435479e-08 3.53 0.00021646184689 1.6e-09
2.630213921935935817e-05 2.175178443592521660e+00 9.379418731405422816e-02 1.479354469956440027e-04 -3.004677751200025135e-05 -1.787797577738887228e-06 3.53 0.00021646184689 1.6e-09
4.689142791010090990e-05 5.020523962378995453e-01 -1.591650750530511360e-02 1.292279252221601859e-04 4.611428417718284269e-05 2.640949177509729155e-06 3.53 0.00021646184689 1.6e-09
-8.907478262415545868e-05 3.035871022844486955e+00 1.423728710098559058e-01 1.905122523214238678e-04 1.611505099319009588e-05 1.038645026500665673e-06 3.53 0.00021646184689 1.6e-09
-9.984944330422806892e-05 3.401947862690395397e+00 1.685344996785742566e-01 2.096554082002054600e-04 -8.147902785028796361e-06 -4.822388056261986087e-07 3.53 0.00021646184689 1.6e-09
4.177613487850316998e-05 1.210534232059249815e+00 3.192338748465173293e-02 1.113056008827233314e-04 -4.781424545505343147e-05 -3.049722860235460462e-06 3.53 0.00021646184689 1.6e-09
-4.994843469379697305e-05 1.232348601501478402e+00 3.381887513062511313e-02 1.118284090092133936e-04 4.734512312006069763e-05 2.930372015398897201e-06 3.53 0.00021646184689 1.6e-09
4.183259921192521803e-05 3.405389608818247815e+00 1.625037871393892330e-01 2.098410539825150715e-04 7.960162240934488110e-06 4.252325917284503782e-07 3.53 0.00021646184689 1.6e-09
5.525173792864007173e-05 3.018360277531012770e+00 1.336290996281062626e-01 1.896118393484191758e-04 -1.638966892370671770e-05 -1.031877192675269572e-06 3.53 0.00021646184689 1.6e-09
3.159301910608400472e-05 4.909979268945772191e-01 -1.632454167532980394e-02 1.308589607026292110e-04 -4.445104838183876271e-05 -2.145850743987117172e-06 3.53 0.00021646184689 1.6e-09
-2.863120388753187211e-05 2.203608460988098816e+00 9.405727685967318896e-02 1.492621659416834307e-04 2.957033756258903615e-05 1.756743597478349064e-06 3.53 0.00021646184689 1.6e-09
9.309081861290431528e-05 3.521860527358022797e+00 1.670226966033597771e-01 2.160322292799797485e-04 4.670487238617544492e-07 -4.899093980927001700e-08 3.53 0.00021646184689 1.6e-09
-2.889304214258964245e-05 2.313336870969180836e+00 8.803226420815873920e-02 1.544433648665758481e-04 -2.779332575401291256e-05 -1.694724827743491439e-06 3.53 0.00021646184689 1.6e-09
-2.560249869458823199e-05 4.535284394165242650e-01 -1.415476683755337653e-02 1.368779297618880964e-04 3.734637742699641277e-05 3.341657251134808424e-06 3.53 0.00021646184689 1.6e-09
8.575190463717701666e-05 2.952968715275959166e+00 1.423929612665805755e-01 1.862341655974159536e-04 1.763817761732927090e-05 9.411091130572252279e-07 3.53 0.00021646184689 1.6e-09
1.010055846783426464e-04 3.448212717205726641e+00 1.573376982003096836e-01 2.120962259203033494e-04 -6.867172065112391818e-06 -5.571026021568022574e-07 3.53 0.00021646184689 1.6e-09
-4.897833927277602206e-05 1.392935499365207885e+00 2.717108445991750498e-02 1.162452112620244717e-04 -4.425393766342517398e-05 -2.496681074668781976e-06 3.53 0.00021646184689 1.6e-09
-4.159107492743129307e-05 1.055335303196720087e+00 3.063710229593750306e-02 1.086141164506625764e-04 5.080307786176043643e-05 3.108262101518561630e-06 3.53 0.00021646184689 1.6e-09
-2.791238978006672965e-05 3.354758847926086140e+00 1.469911690121975534e-01 2.071743129160657994e-04 9.298284253349060511e-06 3.008715524408788874e-07 3.53 0.00021646184689 1.6e-09
6.767324371595361487e-05 3.097372630232801072e+00 1.130818045982740355e-01 1.937078694836350413e-04 -1.489761617895648265e-05 -9.607367058205280397e-07 3.53 0.00021646184689 1.6e-09
3.348439136122636475e-06 5.551466643262576994e-01 -1.696098134535862015e-02 1.228999709580610403e-04 -5.097734944228326582e-05 -1.428641441582548444e-06 3.53 0.00021646184689 1.6e-09
-4.420217774619076667e-05 2.058885131846826866e+00 8.790755562421488645e-02 1.425993200987913127e-04 3.201173886829834748e-05 1.669046017913749905e-06 3.53 0.00021646184689 1.6e-09
-9.965117904347402852e-05 3.520945305523261126e+00 1.484146234922223695e-01 2.159793345313533431e-04 1.715277660508260611e-06 -1.306015267885493406e-07 3.53 0.00021646184689 1.6e-09
-3.279559519865352026e-05 2.454970022132500596e+00 7.295145884892129118e-02 1.612703375191041700e-04 -2.556975852976844457e-05 -1.448900703846550476e-06 3.53 0.00021646184689 1.6e-09
2.114350599948220351e-05 4.194969146700336937e-01 -1.266315772618209490e-02 1.436323280629424087e-04 2.487979881749396383e-05 3.646273799414658695e-06 3.53 0.00021646184689 1.6e-09
-4.804571431213845603e-05 2.854196746997082812e+00 1.238105944225030008e-01 1.811768255895050868e-04 1.935801305899577588e-05 7.450921490367528360e-07 3.53 0.00021646184689 1.6e-09
6.843785193452774757e-05 3.485422213476124575e+00 1.271305090580336083e-01 2.140670074560563027e-04 -5.565226897758251340e-06 -5.562390066119908375e-07 3.53 0.00021646184689 1.6e-09
-4.599705190115875890e-05 1.576354057705622758e+00 1.728285426684514695e-02 1.224977364901041490e-04 -4.077853499672091020e-05 -1.822303379006259131e-06 3.53 0.00021646184689 1.6e-09
2.812067646590723797e-05 8.906794532491898453e-01 2.353463157583684726e-02 1.080716224684874965e-04 5.367396803748347852e-05 2.991667552390271398e-06 3.53 0.00021646184689 1.6e-09
3.191075148310210281e-05 3.297685329629787887e+00 1.170408104647632230e-01 2.041751434236324159e-04 1.068395464159296013e-05 1.697995124643161201e-07 3.53 0.00021646184689 1.6e-09
9.011327923892646543e-05 3.171913988653569660e+00 8.327081200773063518e-02 1.975904161758211379e-04 -1.342758156196999027e-05 -7.956180344765971055e-07 3.53 0.00021646184689 1.6e-09
-1.097015755794039006e-05 6.437009018580714947e-01 -1.665542129629916934e-02 1.156124377055387962e-04 -5.449823569662699596e-05 -8.122858485866236291e-07 3.53 0.00021646184689 1.6e-09
3.310428733592685511e-05 1.903069185596857338e+00 7.247936613603624123e-02 1.356956960179538779e-04 3.474014161429996066e-05 1.435948313572596720e-06 3.53 0.00021646184689 1.6e-09
-6.562480582367733774e-05 3.516551174717974071e+00 1.166594815852296241e-01 2.157379503974503527e-04 3.010714728498416093e-06 -1.799170272270428679e-07 3.53 0.00021646184689 1.6e-09
-4.754527073603545767e-05 2.599000400115554221e+00 5.212088951101403328e-02 1.683505414041993578e-04 -2.335568871358535724e-05 -1.112862201139651133e-06 3.53 0.00021646184689 1.6e-09
-7.287240409850970278e-05 4.012865100775826477e-01 -1.133595309167804120e-02 1.478385902791166993e-04 8.919180102680298016e-06 3.449374909216873359e-06 3.53 0.00021646184689 1.6e-09
-2.255935852919204457e-05 2.735017534782183901e+00 9.184550285057445362e-02 1.751413877431908764e-04 2.129042212857805183e-05 4.929545074658843413e-07 3.53 0.00021646184689 1.6e-09
8.205771692956573954e-05 3.510134877952529653e+00 8.569318569094364069e-02 2.153837899087098742e-04 -4.254728528960647426e-06 -4.822127670251990780e-07 3.53 0.00021646184689 1.6e-09
-1.527018858680954732e-06 1.752325285619132700e+00 5.016143596398964753e-03 1.293408115737939863e-04 -3.754667225214192942e-05 -1.146884632535187316e-06 3.53 0.00021646184689 1.6e-09
-3.910721719594021880e-06 7.493024034123463295e-01 1.514741948352261308e-02 1.106678633691299621e-04 5.514156136040552667e-05 2.541076351874961727e-06 3.53 0.00021646184689 1.6e-09
-7.251579182650535777e-05 3.235268588307026238e+00 8.032384696215141839e-02 2.009024256992870006e-04 1.211290884301027842e-05 6.303343003109897756e-08 3.53 0.00021646184689 1.6e-09
8.246526643997021571e-05 3.241443977562536105e+00 5.182871196780966527e-02 2.012255796682275067e-04 -1.198511554638581513e-05 -5.745733216972515478e-07 3.53 0.00021646184689 1.6e-09
5.101516406545080563e-05 7.597096379332113347e-01 -1.480321138553500684e-02 1.103327560786194854e-04 -5.517633643061881175e-05 -3.846010440029244522e-07 3.53 0.00021646184689 1.6e-09
-1.952174068341343518e-05 1.736378185856038980e+00 5.142426407332340021e-02 1.287074885558543410e-04 3.776774550598889773e-05 1.091315931716021002e-06 3.53 0.00021646184689 1.6e-09
8.643389172258198231e-05 3.504314557527595575e+00 7.859651528730307590e-02 2.150803765132494052e-04 4.320128832773490077e-06 -1.866215462380164263e-07 3.53 0.00021646184689 1.6e-09
6.240636582543420709e-06 2.734569451125183903e+00 3.012175454124756818e-02 1.751252165857115927e-04 -2.126794958155057595e-05 -7.506778654641703827e-07 3.53 0.00021646184689 1.6e-09
-2.539069526101523931e-05 4.011541681745088850e-01 -9.640852396412021366e-03 1.479075493148957810e-04 -8.421912537093547004e-06 2.773506260073190896e-06 3.53 0.00021646184689 1.6e-09
-5.883021728538054263e-05 2.600627533889562581e+00 5.512379919360657632e-02 1.684262366282680899e-04 2.339036019059732713e-05 2.454519113306523486e-07 3.53 0.00021646184689 1.6e-09
2.665287988010631712e-06 3.522451971106709934e+00 4.444829895905848260e-02 2.160478091301710948e-04 -2.961036502728529399e-06 -3.469448527218714745e-07 3.53 0.00021646184689 1.6e-09
-3.577521302238341298e-05 1.913817853683330128e+00 -4.473667125825687291e-03 1.361520946030529916e-04 -3.465092245573259664e-05 -5.803950162916496518e-07 3.53 0.00021646184689 1.6e-09
1.734600369497471181e-06 6.381614833991403613e-01 7.213870377835044333e-03 1.159665855232161285e-04 5.440316736491057999e-05 1.751315232742149361e-06 3.53 0.00021646184689 1.6e-09
-5.647591661873625280e-05 3.169468968647748852e+00 4.535904906142200488e-02 1.974625479047442266e-04 1.352538679887888974e-05 1.536388278819741660e-08 3.53 0.00021646184689 1.6e-09
-1.315794011234160804e-05 3.304201881267738727e+00 2.704752811284223679e-02 2.045166886955693687e-04 -1.060165427165725045e-05 -3.370606780624484567e-07 3.53 0.00021646184689 1.6e-09
-1.070967632227922908e-06 8.996245987661604104e-01 -1.029672443951212303e-02 1.080068517839570161e-04 -5.366563857341507496e-05 -1.913955067262162275e-07 3.53 0.00021646184689 1.6e-09
-5.278668847545601333e-05 1.564001258577127462e+00 2.904923765020096804e-02 1.220607603557682095e-04 4.099316646807750085e-05 6.985732574497777215e-07 3.53 0.00021646184689 1.6e-09
1.386568532473711495e-05 3.481352126353017162e+00 4.317999538497781231e-02 2.138579695827103121e-04 5.606243043209462956e-06 -1.367346015226575459e-07 3.53 0.00021646184689 1.6e-09
-4.516556588168758348e-06 2.850445507013087187e+00 1.373130019327857033e-02 1.809936509289603707e-04 -1.941499750459568850e-05 -4.193342528515446176e-07 3.53 0.00021646184689 1.6e-09
2.107219215347330956e-05 4.180162604355595612e-01 -7.076527268269190707e-03 1.440365109234027893e-04 -2.393042628532932471e-05 1.715940685585895279e-06 3.53 0.00021646184689 1.6e-09
3.842679506104545691e-05 2.463521220234714981e+00 2.296086944101096566e-02 1.616847290634487646e-04 2.551346612408291278e-05 8.416103066175133049e-08 3.53 0.00021646184689 1.6e-09
6.253044733918508948e-05 3.527057732062754525e+00 1.568124580215815578e-02 2.163014479129705633e-04 -1.741462780507515306e-06 -1.688387027440790025e-07 3.53 0.00021646184689 1.6e-09
-6.852463939864744181e-05 2.059995427574641269e+00 -5.236424334173728559e-03 1.426453766040738545e-04 -3.210281115808567945e-05 -2.107359159921097044e-07 3.53 0.00021646184689 1.6e-09
-5.624649158103809272e-05 5.553226991515030075e-01 3.299863351783887820e-04 1.228534596342298444e-04 5.113802972621112069e-05 7.174111413903980938e-07 3.53 0.00021646184689 1.6e-09
-1.647470711438561193e-05 3.101546089037328535e+00 2.049528286026582047e-02 1.939231030910684847e-04 1.491761208476582145e-05 6.143050154059670847e-08 3.53 0.00021646184689 1.6e-09
9.265401783198181967e-05 3.360748090127812837e+00 1.674728395920201118e-02 2.074878944110433168e-04 -9.297345499958469336e-06 -1.213942932698226488e-07 3.53 0.00021646184689 1.6e-09
-4.529601072176584983e-05 1.057904728210182999e+00 -1.686701233638300632e-03 1.086356825534940502e-04 -5.089394385601079347e-05 -2.534602783297287477e-07 3.53 0.00021646184689 1.6e-09
-1.501408111945795151e-05 1.388679070394062354e+00 9.551353764502466814e-03 1.161303218570455332e-04 4.437113281662105629e-05 3.674921659937036197e-07 3.53 0.00021646184689 1.6e-09
-7.069235261503440044e-05 3.447926727427365279e+00 2.033865794299269739e-02 2.120871777830796168e-04 6.863828283916757773e-06 -1.839411171946940964e-08 3.53 0.00021646184689 1.6e-09
-2.391183799856169836e-05 2.947521959109339562e+00 1.045807602958462659e-02 1.859606141613064350e-04 -1.776878007346404198e-05 -1.708019905886018053e-07 3.53 0.00021646184689 1.6e-09
4.473960647032085541e-06 4.496868870812166241e-01 -3.539884498491332066e-03 1.376666170837864602e-04 -3.626316395586383400e-05 3.982443311024402031e-07 3.53 0.00021646184689 1.6e-09
2.931649443532052812e-05 2.327867838771412679e+00 2.125617238978030725e-03 1.551352082953025670e-04 2.766053319508958468e-05 9.125247550015001069e-08 3.53 0.00021646184689 1.6e-09
-3.316636383411405520e-05 3.528540314201426220e+00 8.116485432176169523e-03 2.163850505455798567e-04 -5.565450299930170219e-07 2.814648185756066071e-08 3.53 0.00021646184689 1.6e-09
-4.826935093024732636e-05 2.198230543526503045e+00 6.604053607179461577e-03 1.490076929670051400e-04 -2.977620212808613026e-05 -7.985101489478162648e-08 3.53 0.00021646184689 1.6e-09
1.610074656805961948e-05 4.933200366150928828e-01 -5.417809034554558860e-03 1.304717022240609687e-04 4.506902628723729134e-05 -3.726037560417179682e-07 3.53 0.00021646184689 1.6e-09
6.898995900895299222e-05 3.028242733003314591e+00 1.156592751944379369e-02 1.901193959926860842e-04 1.634602439062129319e-05 2.189064555350491376e-07 3.53 0.00021646184689 1.6e-09
3.424482928379519786e-05 3.412207234101116704e+00 2.538428080836385020e-02 2.101976356054620007e-04 -8.006944681781169495e-06 3.996128944141212824e-08 3.53 0.00021646184689 1.6e-09
2.385401163722025947e-05 1.231867558492405479e+00 1.202934796766896158e-02 1.118028681051472131e-04 -4.749508850494364059e-05 -5.350158599288921131e-07 3.53 0.00021646184689 1.6e-09
-5.531123321655317195e-05 1.209726435856810056e+00 -4.348585577229157999e-03 1.113034725205317777e-04 4.790996414753751528e-05 2.166480787570078906e-07 3.53 0.00021646184689 1.6e-09
7.748298783095998996e-05 3.404496645762999485e+00 1.679487017895175960e-02 2.097941215998768599e-04 8.134856967226162134e-06 1.654333529465906351e-07 3.53 0.00021646184689 1.6e-09
-8.189344707111127504e-06 3.032704668838273498e+00 2.439710871726145230e-02 1.903533535611458944e-04 -1.622593070705016007e-05 -4.078888061008486078e-08 3.53 0.00021646184689 1.6e-09
3.339040509668352377e-05 4.974697917381230572e-01 8.872939691495435391e-04 1.299250149176834626e-04 -4.551249578675438428e-05 -1.000343398697176369e-06 3.53 0.00021646184689 1.6e-09
-4.997431265738803670e-05 2.188596330798778133e+00 -4.319502790358335440e-03 1.485579419377571300e-04 2.993555214897179138e-05 3.171913323698843702e-07 3.53 0.00021646184689 1.6e-09
-9.820251216242419860e-05 3.528333351435132492e+00 2.444050595186925481e-02 2.163738221881126331e-04 6.433562798299560882e-07 2.155856980697594087e-07 3.53 0.00021646184689 1.6e-09
3.538462506058368093e-05 2.337154627626745640e+00 3.126136389931968157e-02 1.555775929892602933e-04 -2.751623628355741934e-05 -1.733615570340616253e-07 3.53 0.00021646184689 1.6e-09
-6.083251451452494849e-05 4.466746292818329356e-01 -9.929437641432763834e-03 1.381420873088075427e-04 3.565761927468904521e-05 -1.327426763413291495e-06 3.53 0.00021646184689 1.6e-09
8.891066392996942050e-05 2.942517712235276583e+00 1.958981670228455638e-02 1.856982564830623105e-04 1.790431972034283172e-05 4.767870280587321946e-07 3.53 0.00021646184689 1.6e-09
-6.734801608121558918e-05 3.456762302826237754e+00 5.179597357824126252e-02 2.125500150300117840e-04 -6.699420426569632994e-06 1.291876613076185896e-07 3.53 0.00021646184689 1.6e-09
-4.447370904350621973e-05 1.416777976259408156e+00 3.048553553735099814e-02 1.169980811343033437e-04 -4.384122627768992017e-05 -9.428479280895522441e-07 3.53 0.00021646184689 1.6e-09
1.632544243114966974e-05 1.031672069732413544e+00 -1.208915612116299478e-02 1.083618920732730407e-04 5.136791345275427099e-05 3.358157051223583391e-07 3.53 0.00021646184689 1.6e-09
-6.134941184061011587e-06 3.351444865572765774e+00 3.355308053860611706e-02 2.069994841161538774e-04 9.488125601321526783e-06 3.942947949412387259e-07 3.53 0.00021646184689 1.6e-09
-6.554380213303496723e-05 3.111041954624425010e+00 5.431132480485849345e-02 1.944181220194623723e-04 -1.470412596347561219e-05 -3.740151633681640220e-08 3.53 0.00021646184689 1.6e-09
-3.984298176598697738e-05 5.663017998339949788e-01 6.128022788538900305e-03 1.217768337776397116e-04 -5.169470091170383645e-05 -2.247046652887463602e-06 3.53 0.00021646184689 1.6e-09
1.415424677500897336e-05 2.039451567059177073e+00 2.541834627869750743e-03 1.417186681319948125e-04 3.244058062722430028e-05 7.597815218630858129e-07 3.53 0.00021646184689 1.6e-09
1.071478876432156128e-04 3.525389763417718481e+00 6.038812750014896369e-02 2.162124474453140047e-04 1.890096776518047966e-06 3.649275880420994547e-07 3.53 0.00021646184689 1.6e-09
8.087298114572989531e-05 2.480829752900626239e+00 6.484322484421957411e-02 1.625281558859629377e-04 -2.523199357077259502e-05 -4.224515039710554323e-07 3.53 0.00021646184689 1.6e-09
5.663887825072762462e-05 4.147369712147556120e-01 -1.315797623764435736e-02 1.446935340218464291e-04 2.222548216608362159e-05 -2.012698292466068406e-06 3.53 0.00021646184689 1.6e-09
3.467441745169932087e-05 2.837057100656410924e+00 4.007921699928973513e-02 1.803066185647799954e-04 1.966862335097717133e-05 7.971054624590760531e-07 3.53 0.00021646184689 1.6e-09
6.318434843784744655e-05 3.490223438004022682e+00 8.900651312721682973e-02 2.143235143857139154e-04 -5.378830676643225770e-06 1.471370438933975188e-07 3.53 0.00021646184689 1.6e-09
3.584808005774848221e-05 1.602664618010509301e+00 5.114391709291381261e-02 1.234764033003509279e-04 -4.027369490254811401e-05 -1.362387234330172739e-06 3.53 0.00021646184689 1.6e-09
2.714877018023513109e-05 8.667793265852945517e-01 -1.491996437738184536e-02 1.082633368222022264e-04 5.411791554934957413e-05 7.653888514898103685e-07 3.53 0.00021646184689 1.6e-09
9.002259862427735865e-05 3.290328861497365587e+00 6.524842102666079946e-02 2.037882120587160132e-04 1.089277959022323130e-05 6.299213097860048609e-07 3.53 0.00021646184689 1.6e-09
8.739074520669138713e-05 3.184279590564668361e+00 9.332533583314765735e-02 1.982348805102882299e-04 -1.320339181362988285e-05 -1.379183709359010733e-07 3.53 0.00021646184689 1.6e-09
2.924656093501453331e-05 6.617051231968668068e-01 1.189733933080963993e-02 1.145188693996280582e-04 -5.475438020709159762e-05 -3.121498314828836262e-06 3.53 0.00021646184689 1.6e-09
-3.589350243309988905e-05 1.877438002891665736e+00 1.742020807681991454e-02 1.345866979033429880e-04 3.525334215057501243e-05 1.350756319768615796e-06 3.53 0.00021646184689 1.6e-09
3.656321290007086597e-05 3.516818098060600750e+00 1.047622917956168714e-01 2.157489148357676144e-04 3.218733542827403919e-06 4.529719923345649765e-07 3.53 0.00021646184689 1.6e-09
-1.725247272989172077e-05 2.625052375643128766e+00 9.928749678818737934e-02 1.696420525699200016e-04 -2.295486587968206631e-05 -7.212658276678147541e-07 3.53 0.00021646184689 1.6e-09
4.334577947207707933e-05 3.998390659697415028e-01 -1.528395506234475967e-02 1.481994156922177984e-04 5.439756427421581437e-06 -2.351856682594703181e-06 3.53 0.00021646184689 1.6e-09
7.267213749456035874e-05 2.709875359194410471e+00 6.473043961330093854e-02 1.738805055038914133e-04 2.165130042623697459e-05 1.123643364075009316e-06 3.53 0.00021646184689 1.6e-09
9.637939260130210168e-05 3.509797404292322121e+00 1.263161747306623672e-01 2.153692189389210063e-04 -4.040003382216771882e-06 1.090071049464249295e-07 3.53 0.00021646184689 1.6e-09
-5.042625289982467280e-05 1.778707513793131190e+00 6.943894572535098952e-02 1.304279144078005805e-04 -3.698667918838660423e-05 -1.691692768479711457e-06 3.53 0.00021646184689 1.6e-09
-2.520535754129478540e-05 7.283898643778338178e-01 -1.481126397552756484e-02 1.113895867025232751e-04 5.523272671433081791e-05 1.467726488262109574e-06 3.53 0.00021646184689 1.6e-09
-4.452300947683933055e-05 3.223677591361658212e+00 1.012838200878192485e-01 2.002948522170170114e-04 1.233317694617206876e-05 8.209938723201779892e-07 3.53 0.00021646184689 1.6e-09
-1.959745920750709822e-05 3.251234542024074248e+00 1.303134855619966226e-01 2.017377965592088485e-04 -1.172940664053752566e-05 -2.944577638986835234e-07 3.53 0.00021646184689 1.6e-09
-2.222487146030667065e-05 7.845112018540099097e-01 1.721891037592991613e-02 1.096574776067670665e-04 -5.490984836398606837e-05 -3.508667486934130775e-06 3.53 0.00021646184689 1.6e-09
-1.992238739552510638e-05 1.706184480151043514e+00 3.277919212681371097e-02 1.274933419704012225e-04 3.830760451719160561e-05 1.962774560124324230e-06 3.53 0.00021646184689 1.6e-09
9.752659805991002729e-05 3.499147225547525775e+00 1.427466227029903501e-01 2.148039037382030710e-04 4.541719255702320900e-06 4.671753669570332022e-07 3.53 0.00021646184689 1.6e-09
7.774889387069535925e-06 2.756443642298712415e+00 1.242625135534794201e-01 1.762262318937761300e-04 -2.086666302506680175e-05 -9.687185351102842599e-07 3.53 0.00021646184689 1.6e-09
-4.562330986656166999e-05 4.036123390540342637e-01 -1.674875027612222206e-02 1.473197820543209913e-04 -1.179474316504498476e-05 -2.283744997028263698e-06 3.53 0.00021646184689 1.6e-09
1.352279569431354893e-05 2.571207005037080329e+00 8.550703650660090860e-02 1.669729465528126794e-04 2.376207907016904277e-05 1.391011856254919352e-06 3.53 0.00021646184689 1.6e-09
-5.765128721805202962e-05 3.517840610679672686e+00 1.534743744115932562e-01 2.158069066961624052e-04 -2.735564871508167100e-06 3.354665805468983308e-08 3.53 0.00021646184689 1.6e-09
1.000655810241328166e-05 1.937154913760154029e+00 8.045853723285936732e-02 1.371735913350624148e-04 -3.413162525330116289e-05 -1.867071147920703354e-06 3.53 0.00021646184689 1.6e-09
-3.846675446702986723e-05 6.227305353354363193e-01 -1.331070448659887537e-02 1.170116580082528469e-04 5.401493987113546984e-05 2.320525077578005407e-06 3.53 0.00021646184689 1.6e-09
-8.613362440487826286e-05 3.155201133692823401e+00 1.301217046989644466e-01 1.967172953463746429e-04 1.373945902647807782e-05 9.200819496370582905e-07 3.53 0.00021646184689 1.6e-09
5.512544458637266538e-05 3.310969458081939543e+00 1.542898932047075400e-01 2.048708746384401329e-04 -1.035684570566403463e-05 -4.526574761232935145e-07 3.53 0.00021646184689 1.6e-09
1.449160211762606009e-05 9.281011686981575082e-01 2.032847585299728949e-02 1.079072349032733147e-04 -5.309953039750057915e-05 -3.436668163946541830e-06 3.53 0.00021646184689 1.6e-09
-2.027057627240408453e-06 1.532813011281882964e+00 4.279363749931597294e-02 1.209369260560638727e-04 4.150381664797565546e-05 2.457332273494999525e-06 3.53 0.00021646184689 1.6e-09
9.058575106480706873e-05 3.471917476416783277e+00 1.628479315718155407e-01 2.133572619622237337e-04 5.814346235805555090e-06 4.096142375502460397e-07 3.53 0.00021646184689 1.6e-09
-8.326325759155360246e-05 2.866360689932028194e+00 1.321808794338256154e-01 1.818048324142200012e-04 -1.905625916526691615e-05 -1.104486481097472693e-06 3.53 0.00021646184689 1.6e-09
-5.017940719149874203e-05 4.234676262463189511e-01 -1.788913437508565449e-02 1.428587235918855674e-04 -2.648800874006084096e-05 -1.822103925205799824e-06 3.53 0.00021646184689 1.6e-09
6.121094507463582378e-05 2.434667751610984698e+00 9.716337281116249613e-02 1.602842372354190931e-04 2.585650932720572753e-05 1.533821706979631932e-06 3.53 0.00021646184689 1.6e-09
1.825726638315210024e-05 3.520450770242353311e+00 1.635900066791798890e-01 2.159540609150222121e-04 -1.534034152780356478e-06 -6.041907662553909008e-08 3.53 0.00021646184689 1.6e-09
-3.129139012858331065e-05 2.079059125692112708e+00 8.108033380027052095e-02 1.435149357030868667e-04 -3.166483512399629040e-05 -1.858666620006929710e-06 3.53 0.00021646184689 1.6e-09
1.998108608119608963e-06 5.453575476378211828e-01 -1.131451697720381108e-02 1.239109158831279357e-04 5.032787795683122626e-05 3.134175441505444627e-06 3.53 0.00021646184689 1.6e-09
-1.350975908518535658e-05 3.086669671053852149e+00 1.435287493032480488e-01 1.931494468592019208e-04 1.510953135604391755e-05 9.029539820037284415e-07 3.53 0.00021646184689 1.6e-09
5.712604477378961047e-06 3.365150417306278285e+00 1.586891201930298034e-01 2.077187609799443883e-04 -9.064070365389074560e-06 -5.672120441402079985e-07 3.53 0.00021646184689 1.6e-09
3.155491972038612972e-05 1.086155174022548131e+00 1.974137080964543517e-02 1.089989637450664603e-04 -5.026329209812554328e-05 -3.012816204113862929e-06 3.53 0.00021646184689 1.6e-09
-3.212046836535605845e-05 1.359954156370031919e+00 4.503862308334599662e-02 1.152596504588337565e-04 4.482196732721085552e-05 2.730298237583735503e-06 3.53 0.00021646184689 1.6e-09
5.133178913834710283e-05 3.436878592168159052e+00 1.605893528596545605e-01 2.115031479291487322e-04 7.050966225471328629e-06 2.986099021938689145e-07 3.53 0.00021646184689 1.6e-09
5.678006616343041527e-06 2.958583779196782171e+00 1.215203919352353390e-01 1.865293381741986347e-04 -1.748242298649473400e-05 -1.105252891222629196e-06 3.53 0.00021646184689 1.6e-09
2.417407940932884665e-05 4.567901491853613161e-01 -1.859772432772338266e-02 1.363800127812685756e-04 -3.790911867725947247e-05 -1.139728569550377497e-06 3.53 0.00021646184689 1.6e-09
3.912956192277642796e-05 2.302362978500385182e+00 9.699395808944999420e-02 1.539230067851645898e-04 2.795880553467882897e-05 1.514384442347503901e-06 3.53 0.00021646184689 1.6e-09
-1.294869279762471414e-05 3.521776549019397962e+00 1.544063637536361167e-01 2.160286957825291660e-04 -3.831908110919000134e-07 -1.474319816952162974e-07 3.53 0.00021646184689 1.6e-09
2.718215076043214824e-05 2.212744667615041294e+00 7.145549845051482607e-02 1.496898034731903204e-04 -2.944431650942318777e-05 -1.669276963527594189e-06 3.53 0.00021646184689 1.6e-09
6.918254050177424048e-07 4.876437242735989219e-01 -9.459575051609431587e-03 1.313003462494916908e-04 4.407260503615197860e-05 3.687273900805452121e-06 3.53 0.00021646184689 1.6e-09
-7.909124619883104877e-05 3.014670902767837557e+00 1.382571535002988794e-01 1.894164565921307259e-04 1.652065020204004396e-05 7.785625588926820604e-07 3.53 0.00021646184689 1.6e-09
4.243351035324201270e-05 3.414876901367824846e+00 1.428894952501317539e-01 2.103376172137441462e-04 -7.820983595239686662e-06 -6.092130419696801486e-07 3.53 0.00021646184689 1.6e-09
-5.082828142938663275e-05 1.255792493074735283e+00 1.518648006487673119e-02 1.123874222105395945e-04 -4.695844146091309314e-05 -2.374641769243994933e-06 3.53 0.00021646184689 1.6e-09
-2.765837804099083048e-05 1.187164527313663953e+00 3.985377029537649773e-02 1.108137350219013057e-04 4.824001226441935775e-05 2.727463478386300397e-06 3.53 0.00021646184689 1.6e-09
7.934780772516596538e-05 3.394531393993074353e+00 1.380869813836324567e-01 2.092688305326456167e-04 8.296816676462560300e-06 1.662096127773704954e-07 3.53 0.00021646184689 1.6e-09
-8.281259544459989642e-05 3.040049305448965455e+00 9.641298823226945869e-02 1.907345669121063639e-04 -1.601116047467973430e-05 -9.780394872308905739e-07 3.53 0.00021646184689 1.6e-09
5.474795569294312774e-05 5.047743371056425676e-01 -1.848369962760944285e-02 1.289067495228720197e-04 -4.635509536897352076e-05 -4.830577005643913476e-07 3.53 0.00021646184689 1.6e-09
7.295149968159808684e-06 2.168583531816522303e+00 8.545279452652367047e-02 1.476328448805297672e-04 3.016934610432217543e-05 1.345408255410556073e-06 3.53 0.00021646184689 1.6e-09
-4.778986269097005137e-06 3.522487167701854993e+00 1.293204507472607290e-01 2.160659548508107094e-04 7.680701701894395567e-07 -2.015783101111702087e-07 3.53 0.00021646184689 1.6e-09
7.434219030692279550e-05 2.346258967411433360e+00 5.503868359427494666e-02 1.560174657732876086e-04 -2.730572046292945861e-05 -1.348113959906702799e-06 3.53 0.00021646184689 1.6e-09
6.113977176902319927e-05 4.443553479007407159e-01 -8.117154687877183722e-03 1.385918063564419334e-04 3.476816659187077432e-05 3.800295216308994939e-06 3.53 0.00021646184689 1.6e-09
-2.650355795552855435e-05 2.932633845714009091e+00 1.163525103857998566e-01 1.851897279582683095e-04 1.803221748444118835e-05 5.833750429141584963e-07 3.53 0.00021646184689 1.6e-09
9.362650483637276633e-05 3.458245013769817078e+00 1.117419556073057096e-01 2.126277526526217413e-04 -6.585397836697178279e-06 -5.713715875480363520e-07 3.53 0.00021646184689 1.6e-09
5.225694242564400959e-05 1.432298309023996463e+00 7.747822859842932661e-03 1.174937825648556173e-04 -4.354075626933095230e-05 -1.668339251996278411e-06 3.53 0.00021646184689 1.6e-09
3.370345999123533406e-05 1.018531246969991866e+00 2.978363869219334548e-02 1.082485583703599562e-04 5.152357183272983013e-05 2.443423461516286546e-06 3.53 0.00021646184689 1.6e-09
3.264159441193976221e-05 3.344863810114226510e+00 1.028361735971954349e-01 2.066539953763089389e-04 9.593591096838316798e-06 4.980945925787416834e-08 3.53 0.00021646184689 1.6e-09
1.839781142855990975e-05 3.115161593224848868e+00 6.492488596070286611e-02 1.946329426112637043e-04 -1.459057189501393445e-05 -7.598847196620462102e-07 3.53 0.00021646184689 1.6e-09
3.884843968594742545e-05 5.715858568919940375e-01 -1.708246528566083333e-02 1.212617802816369950e-04 -5.199495548493386664e-05 -4.380997342556953711e-08 3.53 0.00021646184689 1.6e-09
3.724711978166293205e-05 2.027240085693112093e+00 6.617254525417677613e-02 1.411756512556793246e-04 3.258565473362591797e-05 1.081727867873971696e-06 3.53 0.00021646184689 1.6e-09
-7.776356027710732257e-05 3.521286607403170343e+00 9.608465691022516353e-02 2.159972044856622614e-04 1.972414587644977083e-06 -2.077244548273332044e-07 3.53 0.00021646184689 1.6e-09
9.074246893101477977e-06 2.483432904691354359e+00 3.710012639714244109e-02 1.626602590816783839e-04 -2.515738276158276750e-05 -9.761779975024614104e-07 3.53 0.00021646184689 1.6e-09
-4.268034040362270686e-05 4.144662854126625051e-01 -7.260649524062868718e-03 1.447611987923255153e-04 2.199898373142761797e-05 3.392578568875885962e-06 3.53 0.00021646184689 1.6e-09
3.415875180493544528e-05 2.833794646925037242e+00 8.401701870559766250e-02 1.801401782095584042e-04 1.971749750736763354e-05 3.681466814677357247e-07 3.53 0.00021646184689 1.6e-09
7.425993203130716223e-05 3.491660825560607861e+00 7.380449364868299500e-02 2.143994010382118537e-04 -5.331784584508097281e-06 -4.647101631920594194e-07 3.53 0.00021646184689 1.6e-09
4.193487287804081160e-05 1.608296932742618868e+00 -3.792287570551466079e-05 1.236866897714482055e-04 -4.020975869391072300e-05 -1.019641834451382030e-06 3.53 0.00021646184689 1.6e-09
9.928393014673706244e-06 8.634039936773530988e-01 1.818580552757594754e-02 1.083019265537838984e-04 5.412402452913913536e-05 1.906360697112224367e-06 3.53 0.00021646184689 1.6e-09
-7.917851476879512876e-05 3.288625931488743603e+00 6.481933122036255546e-02 2.036991564066721215e-04 1.094357093982819945e-05 -1.726759689812890262e-08 3.53 0.00021646184689 1.6e-09
-5.709551695941798974e-05 3.185840412894602736e+00 3.625977582305364710e-02 1.983179043457525183e-04 -1.316973659871646226e-05 -5.036878271912796648e-07 3.53 0.00021646184689 1.6e-09
1.000540725732597334e-05 6.621887488836186719e-01 -1.384624873742803033e-02 1.144951146439140933e-04 -5.483122914025866492e-05 1.053809839838338905e-07 3.53 0.00021646184689 1.6e-09
4.183367000011434630e-05 1.874782961658111535e+00 4.408012148999609220e-02 1.344804402278712736e-04 3.527617935445416612e-05 7.916989786775898035e-07 3.53 0.00021646184689 1.6e-09
9.399641710954678459e-05 3.515474201050191816e+00 6.331421849430396431e-02 2.156806848059709849e-04 3.218002052316891724e-06 -1.638035637977298380e-07 3.53 0.00021646184689 1.6e-09
6.946272443755312470e-05 2.621367063957509291e+00 2.272551904232229456e-02 1.694617986042645959e-04 -2.303194711580502392e-05 -6.291021580932781615e-07 3.53 0.00021646184689 1.6e-09
6.802650231797312123e-05 3.998773793951801991e-01 -6.469408287722099894e-03 1.482079895458406397e-04 6.121048831941622946e-06 2.500368968512730117e-06 3.53 0.00021646184689 1.6e-09
5.184979946846745853e-05 2.715414708269312971e+00 4.942330331874256188e-02 1.741576737734061066e-04 2.160845774234966378e-05 1.884124741251087041e-07 3.53 0.00021646184689 1.6e-09
1.065040276322841786e-04 3.512630321871472727e+00 3.914406671883195743e-02 2.155185978989430755e-04 -4.069594635136198755e-06 -3.087228317407136101e-07 3.53 0.00021646184689 1.6e-09
1.974747650444349685e-05 1.775851069084471767e+00 -4.347963789631485894e-03 1.303068777072563034e-04 -3.712559999525506620e-05 -5.194849800032466802e-07 3.53 0.00021646184689 1.6e-09
-1.866591336371508275e-05 7.317346866705751740e-01 7.529937313850457344e-03 1.112714399637647870e-04 5.524213889290200546e-05 1.164721319637505990e-06 3.53 0.00021646184689 1.6e-09
9.337292041270624254e-06 3.227316475855677602e+00 3.312431210508556129e-02 2.004862647324724256e-04 1.230520211700061102e-05 -9.942086490227607245e-09 3.53 0.00021646184689 1.6e-09
-8.562002207026249802e-05 3.251315100215043774e+00 1.815585280795772513e-02 2.017430545059582282e-04 -1.178323316805918149e-05 -2.581010667466658600e-07 3.53 0.00021646184689 1.6e-09
-4.625517466086677361e-05 7.780630631412472908e-01 -8.008688864992449113e-03 1.098246410108832461e-04 -5.507327451875501737e-05 -1.000413434110352735e-08 3.53 0.00021646184689 1.6e-09
-2.963595318230678971e-05 1.712888446617370386e+00 2.331490841162936478e-02 1.277659209593003109e-04 3.821879667298140170e-05 5.376481935391253105e-07 3.53 0.00021646184689 1.6e-09
8.422914346583156367e-05 3.501464121841404875e+00 3.802037529002361138e-02 2.149296833023096875e-04 4.485156850644716399e-06 -7.230580445295942106e-08 3.53 0.00021646184689 1.6e-09
1.886894577590572176e-05 2.749053071314139007e+00 1.610745337091616658e-02 1.758565202974232602e-04 -2.103854073330999340e-05 -3.538393297963000662e-07 3.53 0.00021646184689 1.6e-09
-4.158152058915627668e-05 4.022040379795303044e-01 -5.223735613899060243e-03 1.476772767923282908e-04 -1.041499818764310607e-05 1.253617188107068606e-06 3.53 0.00021646184689 1.6e-09
7.108568825292568122e-05 2.584714248282771187e+00 2.077108439780801091e-02 1.676404291814586158e-04 2.362834881638922312e-05 1.054318171839998673e-07 3.53 0.00021646184689 1.6e-09
-2.133984556450001024e-05 3.522526963050126803e+00 1.767150639040335897e-02 2.160540186566483581e-04 -2.827120463656748490e-06 -1.252874179441702946e-07 3.53 0.00021646184689 1.6e-09
-4.614773601891883711e-05 1.928811978523895965e+00 -8.262186943367149511e-04 1.368075854942976232e-04 -3.438004369987320089e-05 -2.297589763574988897e-07 3.53 0.00021646184689 1.6e-09
5.748681685387491044e-05 6.288044885151435892e-01 -1.204244022689041982e-03 1.165977884120978096e-04 5.421806874507986820e-05 3.106345379939814804e-07 3.53 0.00021646184689 1.6e-09
7.556827819963007279e-05 3.163385008266649479e+00 1.454658226054011440e-02 1.971453455143703398e-04 1.365345044821385427e-05 8.938571558106632463e-08 3.53 0.00021646184689 1.6e-09
-8.102838906172506780e-05 3.310360294563594152e+00 1.603890466005065962e-02 2.048400742411831039e-04 -1.046691730933657755e-05 -5.915864612873765264e-08 3.53 0.00021646184689 1.6e-09
-1.606577148970649303e-05 9.146929842732154370e-01 1.330029054784303763e-03 1.079425596684323573e-04 -5.343539898729991050e-05 -3.386005563422691062e-07 3.53 0.00021646184689 1.6e-09
-9.142021570668162450e-06 1.546859251619248976e+00 6.784788733878990494e-03 1.214439306978375328e-04 4.131721238579166334e-05 3.915462482946039657e-07 3.53 0.00021646184689 1.6e-09
-5.294492437762147151e-05 3.477654271531935848e+00 2.602557226928420980e-02 2.136631267982461689e-04 5.720271708306848237e-06 6.602718253560488420e-08 3.53 0.00021646184689 1.6e-09
-7.686515646617064410e-05 2.857733205814986910e+00 2.111494066530199276e-02 1.813671986286445516e-04 -1.927578986391636633e-05 -1.779018909325428276e-07 3.53 0.00021646184689 1.6e-09
1.785623017109985809e-06 4.199138621235720681e-01 -3.332709642537757047e-03 1.436413643859319801e-04 -2.497286173874565255e-05 -1.676706264677177361e-07 3.53 0.00021646184689 1.6e-09
3.225006607987746183e-05 2.453064300451570201e+00 4.170052010421025634e-03 1.611767457779328340e-04 2.566933384499841677e-05 1.790130959674183157e-07 3.53 0.00021646184689 1.6e-09
7.512551377199102535e-05 3.526147846302814415e+00 1.644516997607589626e-02 2.162546740971959028e-04 -1.664935144510989505e-06 6.083963896935071656e-08 3.53 0.00021646184689 1.6e-09
3.126265215649249142e-05 2.067597228362670236e+00 1.339499235214169741e-02 1.429905824702254924e-04 -3.196942061952729114e-05 -1.762916722949914820e-07 3.53 0.00021646184689 1.6e-09
9.562768550775166225e-06 5.514519973967868527e-01 -8.005396701534796960e-03 1.232591997591387213e-04 5.086313549153123387e-05 -4.922447633132011116e-07 3.53 0.00021646184689 1.6e-09
2.488959614819453520e-05 3.097782329941606516e+00 1.297933819310134046e-02 1.937272524782470058e-04 1.499197134215960494e-05 2.846629363446516369e-07 3.53 0.00021646184689 1.6e-09
6.603900920472101973e-05 3.363814667363772770e+00 3.211753193743381585e-02 2.076490385055635010e-04 -9.223351790489177934e-06 6.810277339165565509e-08 3.53 0.00021646184689 1.6e-09
1.887779624109284089e-05 1.067572840657097455e+00 1.462063145470518175e-02 1.087505624289286936e-04 -5.070569091850105135e-05 -8.179687214025624444e-07 3.53 0.00021646184689 1.6e-09
2.585636810672101946e-05 1.378414517309451970e+00 -3.818033539746335057e-03 1.158202458593088493e-04 4.455979145843319295e-05 4.358161992507395635e-07 3.53 0.00021646184689 1.6e-09
-1.011422464239697053e-04 3.444572920518832682e+00 3.106396726881372611e-02 2.119110884712210288e-04 6.924759229854609213e-06 2.435015878606662763e-07 3.53 0.00021646184689 1.6e-09
6.219716342883302180e-05 2.949604937447828590e+00 3.964213553690808245e-02 1.860688466696094033e-04 -1.771399216307862815e-05 -1.174882034436662441e-07 3.53 0.00021646184689 1.6e-09
-3.955527827855857917e-05 4.512356284830346120e-01 -9.940423930201421412e-04 1.374007768150934576e-04 -3.659317275808782400e-05 -1.568985177879709411e-06 3.53 0.00021646184689 1.6e-09
1.062831363232092031e-05 2.322740458377196227e+00 1.870586328576225510e-03 1.548915136972151007e-04 2.773228156452193328e-05 4.400687926477162030e-07 3.53 0.00021646184689 1.6e-09
-1.068227405116610657e-04 3.527228106726041812e+00 3.671474130969778343e-02 2.163163952108940202e-04 -5.234558617610887734e-07 2.232619219427784106e-07 3.53 0.00021646184689 1.6e-09
1.401594584852936532e-05 2.199990271796178565e+00 3.782336636177827810e-02 1.490906852731661717e-04 -2.973328832328438082e-05 -3.323106217754836162e-07 3.53 0.00021646184689 1.6e-09
5.693106612396925674e-05 4.925168343631530776e-01 -1.305657752355786697e-02 1.305849921157116282e-04 4.489882136651881541e-05 -1.069205432345496775e-06 3.53 0.00021646184689 1.6e-09
2.956828713735000811e-05 3.026727847793640347e+00 2.805707138374307838e-02 1.900404270413366898e-04 1.637020226478306856e-05 5.560353096049177096e-07 3.53 0.00021646184689 1.6e-09
7.292339422756746715e-05 3.412640147396680312e+00 6.382609643040501601e-02 2.102199923803286163e-04 -7.986727337903983708e-06 1.129203294894777453e-07 3.53 0.00021646184689 1.6e-09
-4.443044346984410548e-05 1.235578812478889343e+00 3.124120378178425056e-02 1.118931597592047065e-04 -4.738451976536528178e-05 -1.348840134294946834e-06 3.53 0.00021646184689 1.6e-09
2.545229430105383636e-05 1.205982148175743784e+00 -8.568823251789019907e-03 1.112262067808679770e-04 4.796263325594764493e-05 7.262480763500572670e-07 3.53 0.00021646184689 1.6e-09
5.022468875312895121e-05 3.402095154948021616e+00 5.229584327215380801e-02 2.096684925358634525e-04 8.149178207896948684e-06 4.396519618197675548e-07 3.53 0.00021646184689 1.6e-09
-8.563294188464717677e-05 3.031225734423142804e+00 6.942740627333787717e-02 1.902787881108871488e-04 -1.621272695870985635e-05 -1.669661973700429008e-07 3.53 0.00021646184689 1.6e-09
6.330348684935264828e-05 4.978666451626968525e-01 1.572090661774329075e-03 1.298765276180255108e-04 -4.547217693779878454e-05 -2.746615026376816764e-06 3.53 0.00021646184689 1.6e-09
1.049774327118048857e-05 2.187985617608484645e+00 1.214506927724389070e-02 1.485315137388336783e-04 2.992346677769551396e-05 8.735947723679863454e-07 3.53 0.00021646184689 1.6e-09
-4.355745570599753785e-05 3.526600097795294264e+00 7.359920384517126823e-02 2.162824947454501071e-04 6.288939767498630072e-07 3.390671856781817309e-07 3.53 0.00021646184689 1.6e-09
5.070485794228293927e-06 2.334523003049378431e+00 6.864366011026304393e-02 1.554530793130431163e-04 -2.752471961746521547e-05 -6.226379008325073127e-07 3.53 0.00021646184689 1.6e-09
-6.750264502857497790e-05 4.472444944436190228e-01 -1.651453591448135555e-02 1.380270328724214309e-04 3.574494302011648519e-05 -1.325038866797239031e-06 3.53 0.00021646184689 1.6e-09
6.273712866663739554e-05 2.942960255255822055e+00 5.450938957242686123e-02 1.857204068326293294e-04 1.787772088305982805e-05 8.605633843869627846e-07 3.53 0.00021646184689 1.6e-09
-1.203978501547178027e-05 3.455227048865388895e+00 1.036128122137329327e-01 2.124682516056045686e-04 -6.715220166035489179e-06 8.306480666115518742e-08 3.53 0.00021646184689 1.6e-09
4.822017372529574817e-06 1.415464368910135828e+00 4.901728794391076865e-02 1.169538856974051640e-04 -4.382446746002811682e-05 -1.813343709738077105e-06 3.53 0.00021646184689 1.6e-09
9.125906240621253697e-06 1.032796222768611383e+00 -9.125481999161556834e-03 1.083754918729654452e-04 5.132814133003849987e-05 1.272275862720754714e-06 3.53 0.00021646184689 1.6e-09
3.297575469380153388e-05 3.349958742188327232e+00 8.411924414988677934e-02 2.069222322644795494e-04 9.461053190523494906e-06 6.249625009917586596e-07 3.53 0.00021646184689 1.6e-09
-8.444572479283136578e-05 3.107364549256199648e+00 1.043229841019922555e-01 1.942281734475065315e-04 -1.472425195355988993e-05 -2.965712355705683231e-07 3.53 0.00021646184689 1.6e-09
-2.478251537881286955e-05 5.650985740538114754e-01 4.222720221526660850e-03 1.218998206309555567e-04 -5.154442551846616572e-05 -3.524867937778470678e-06 3.53 0.00021646184689 1.6e-09
-1.761499964439792665e-05 2.042078206265691254e+00 2.996276038660176944e-02 1.418371981621761662e-04 3.236667808609701913e-05 1.418874577145776996e-06 3.53 0.00021646184689 1.6e-09
5.810183355132647804e-05 3.523310958510318169e+00 1.172730695564264403e-01 2.161024929151712706e-04 1.858029503251950181e-06 3.929192598746876855e-07 3.53 0.00021646184689 1.6e-09
-6.261612707327067311e-06 2.475793750818462868e+00 9.943771940379367291e-02 1.622833716511356932e-04 -2.526193131720502381e-05 -9.441667308034819144e-07 3.53 0.00021646184689 1.6e-09
-3.582229329557368354e-05 4.154684668184890350e-01 -1.864459473762623137e-02 1.445152091439095014e-04 2.261832262333820368e-05 -1.265929663796104406e-06 3.53 0.00021646184689 1.6e-09
2.993045248512992416e-05 2.838927153578764795e+00 8.330692192928998430e-02 1.804011156891987633e-04 1.960538415563723195e-05 1.141726605021987136e-06 3.53 0.00021646184689 1.6e-09
4.208936061605403648e-05 3.487956988468474240e+00 1.405505751045760254e-01 2.142027961979694052e-04 -5.404331832846389555e-06 1.655572091773797323e-09 3.53 0.00021646184689 1.6e-09
2.646855681263271220e-05 1.599077747189415311e+00 6.403040705690275780e-02 1.233413577842490698e-04 -4.029470591622041372e-05 -2.112593598504771678e-06 3.53 0.00021646184689 1.6e-09
-3.568414723998294128e-05 8.699200073363829722e-01 -7.649593314141066996e-03 1.082313234481392856e-04 5.405290484248162551e-05 2.027703320487039132e-06 3.53 0.00021646184689 1.6e-09
-7.557938781091339008e-05 3.289343350653830100e+00 1.174603901444041670e-01 2.037365092799589051e-04 1.086189617065580468e-05 7.631846875510160986e-07 3.53 0.00021646184689 1.6e-09
6.388240667446073127e-05 3.180135126903243403e+00 1.354764815798185917e-01 1.980192982184851873e-04 -1.322890536171311953e-05 -4.600266392806298584e-07 3.53 0.00021646184689 1.6e-09
-3.489175766037333270e-05 6.591535636657042119e-01 6.617109808858726017e-03 1.146741883419672326e-04 -5.466704559658282139e-05 -3.799775478886091129e-06 3.53 0.00021646184689 1.6e-09
6.860483638876491001e-07 1.881432745212361812e+00 4.812138546543184847e-02 1.347585552390106794e-04 3.513600622281426661e-05 1.970754757291796007e-06 3.53 0.00021646184689 1.6e-09
6.728950021486593302e-05 3.515044729488856490e+00 1.545808221192464527e-01 2.156548346587913202e-04 3.181006588643110068e-06 3.780637718273404432e-07 3.53 0.00021646184689 1.6e-09
-1.858853960275338866e-05 2.620561338276836683e+00 1.217803909445908800e-01 1.694184168633106177e-04 -2.298524063626441170e-05 -1.193392845618312523e-06 3.53 0.00021646184689 1.6e-09
-5.086046292077188978e-05 4.000498764329277757e-01 -1.982642462866096925e-02 1.481351481058891832e-04 5.923916640334107438e-06 -9.583288005291263088e-07 3.53 0.00021646184689 1.6e-09
3.603347463899851330e-05 2.711955399128217259e+00 1.046975843494707958e-01 1.739838518482447250e-04 2.158710219246772976e-05 1.340145826649090552e-06 3.53 0.00021646184689 1.6e-09
5.921022480107989539e-05 3.508185611911430080e+00 1.635845539814752558e-01 2.152829424957591886e-04 -4.057096112231392418e-06 -1.015601343157394990e-07 3.53 0.00021646184689 1.6e-09
-5.710349780950780017e-06 1.775990587762210637e+00 7.159272838033078901e-02 1.303137575009879448e-04 -3.701454168707099361e-05 -2.189874306678182604e-06 3.53 0.00021646184689 1.6e-09
-1.807068996888550399e-05 7.308146516410005677e-01 -5.750997194447805827e-03 1.113019871884865389e-04 5.518754399316758163e-05 2.868009961182798956e-06 3.53 0.00021646184689 1.6e-09
-7.939362058113508139e-05 3.222839932947373143e+00 1.418527655898624285e-01 2.002511965513232900e-04 1.230555937644409216e-05 8.170574845987963010e-07 3.53 0.00021646184689 1.6e-09
-2.885725292979634784e-05 3.248544967709050546e+00 1.533174359080737847e-01 2.015972008612685099e-04 -1.174177286979834350e-05 -6.053948787253230046e-07 3.53 0.00021646184689 1.6e-09
4.450619292634476443e-05 7.819747765808409135e-01 7.847882155077819111e-03 1.097168282243771739e-04 -5.494609929579016941e-05 -3.581998014507890235e-06 3.53 0.00021646184689 1.6e-09
-1.109357167522779662e-05 1.709088139963286679e+00 5.963175530431433224e-02 1.276078419454491366e-04 3.821077348197082340e-05 2.391730878860919945e-06 3.53 0.00021646184689 1.6e-09
9.595535342536601169e-05 3.498534600278154549e+00 1.727182204527798470e-01 2.147707634219241525e-04 4.528795961371401727e-06 2.976437737431981283e-07 3.53 0.00021646184689 1.6e-09
3.553361839806147066e-05 2.755358131938265842e+00 1.273512809597441287e-01 1.761703788006362191e-04 -2.087137314042362336e-05 -1.300326654359209292e-06 3.53 0.00021646184689 1.6e-09
-1.156436258830567302e-05 4.034410238352842959e-01 -2.040456883446824243e-02 1.473479656308322228e-04 -1.159480349434405515e-05 -4.459890998038719592e-07 3.53 0.00021646184689 1.6e-09
-4.904213369042103394e-05 2.571605433547986319e+00 1.125503476070717906e-01 1.669911641488040473e-04 2.374172989302601234e-05 1.403513369634637203e-06 3.53 0.00021646184689 1.6e-09
3.755983701088288292e-05 3.517720467034739507e+00 1.659645743677110041e-01 2.157997612537575390e-04 -2.736092891495332681e-06 -2.006283451470242160e-07 3.53 0.00021646184689 1.6e-09
-6.488290492834627998e-05 1.937748197085876090e+00 6.861908941154548636e-02 1.371995331022978599e-04 -3.412345433363904120e-05 -2.043621984296159911e-06 3.53 0.00021646184689 1.6e-09
-2.138388334821537728e-05 6.229905560841997314e-01 -4.111309547669748585e-03 1.169965364982940488e-04 5.396837523239875071e-05 3.596109935187327591e-06 3.53 0.00021646184689 1.6e-09
7.220131934282354247e-05 3.154205195014185836e+00 1.493394928875881877e-01 1.966661046334720702e-04 1.373601729323912186e-05 7.651169651078162962e-07 3.53 0.00021646184689 1.6e-09
5.777299862868468417e-05 3.311048415977599468e+00 1.515664641651023603e-01 2.048750221603616866e-04 -1.034490716431084499e-05 -6.899850447383970756e-07 3.53 0.00021646184689 1.6e-09
2.385119834657822889e-05 9.281245976336047754e-01 6.716070989464585986e-03 1.079063278275475856e-04 -5.314199683971894259e-05 -2.999904447328387051e-06 3.53 0.00021646184689 1.6e-09
2.869869411722060881e-05 1.532284684908201022e+00 6.098664750337826068e-02 1.209162622484347930e-04 4.149043825123191931e-05 2.561789980719370099e-06 3.53 0.00021646184689 1.6e-09
9.966443385617409058e-05 3.472588123116217673e+00 1.654699247411900165e-01 2.133915876568560422e-04 5.836405340942871369e-06 1.700910822552888917e-07 3.53 0.00021646184689 1.6e-09
-4.980735828429468115e-05 2.869671509151887179e+00 1.130308993640290749e-01 1.819720675503193677e-04 -1.902637235087848024e-05 -1.245585403974699102e-06 3.53 0.00021646184689 1.6e-09
8.042976866775677675e-06 4.238028943805955961e-01 -2.040766391362549420e-02 1.427714014987047856e-04 -2.670675297717334766e-05 1.860046868160628314e-07 3.53 0.00021646184689 1.6e-09
2.074039334597304983e-05 2.431897249857559729e+00 1.058551567318332387e-01 1.601483252071945465e-04 2.591264641847676893e-05 1.303108073865107384e-06 3.53 0.00021646184689 1.6e-09
-9.968885802597074713e-05 3.521952032761942242e+00 1.474479147992463490e-01 2.160332782617189746e-04 -1.487894072810150663e-06 -2.740312173737818689e-07 3.53 0.00021646184689 1.6e-09
1.490604103442220407e-05 2.084190827901104548e+00 5.568682603596182557e-02 1.437465601717708016e-04 -3.161607727026947116e-05 -1.715039532730250748e-06 3.53 0.00021646184689 1.6e-09
-6.304442754089761798e-06 5.433307078592135575e-01 -2.967393213455835933e-03 1.241352887859354759e-04 5.014087438934706478e-05 3.998894172691643465e-06 3.53 0.00021646184689 1.6e-09
-8.744131102513169379e-05 3.084857351376082857e+00 1.376351627347129902e-01 1.930547046370812531e-04 1.517296730617025195e-05 6.186103053103136964e-07 3.53 0.00021646184689 1.6e-09
-7.575086495961572998e-05 3.368288277023582022e+00 1.304618393495605155e-01 2.078840886742903266e-04 -9.014485449815059880e-06 -6.902693671695691467e-07 3.53 0.00021646184689 1.6e-09
-3.682421434942079327e-05 1.091507500780188877e+00 2.937510373594519851e-03 1.090784218740564287e-04 -5.020503745525250691e-05 -2.234840136158706958e-06 3.53 0.00021646184689 1.6e-09
-5.499093871286069859e-05 1.353863402800648430e+00 5.279578043387753161e-02 1.150745687964230236e-04 4.495857936320449147e-05 2.429480783271248804e-06 3.53 0.00021646184689 1.6e-09
-1.675183248385438991e-05 3.437800636966992229e+00 1.357059754909633598e-01 2.115502895749036530e-04 7.119629821669458479e-06 3.078966282676408861e-08 3.53 0.00021646184689 1.6e-09
6.979701822563875405e-05 2.965801800822730705e+00 8.343216463361052826e-02 1.868983527777933449e-04 -1.741304167740666419e-05 -1.049060856043195431e-06 3.53 0.00021646184689 1.6e-09
3.224210360492618644e-05 4.589531644949292888e-01 -1.951383781470408113e-02 1.359853819830587700e-04 -3.847246509097602664e-05 7.253018202308930295e-07 3.53 0.00021646184689 1.6e-09
1.615722633086348283e-05 2.295156302528550629e+00 8.702696505021778606e-02 1.535788139723002327e-04 2.811312517942420616e-05 1.060996821299767813e-06 3.53 0.00021646184689 1.6e-09
4.986562290604088692e-06 3.524329803068019018e+00 1.137312351696464219e-01 2.161636025396932803e-04 -3.059633434359182784e-07 -2.998456258734937139e-07 3.53 0.00021646184689 1.6e-09
-2.701989001661040545e-05 2.223332088604071277e+00 3.721742218844054095e-02 1.501855244571150515e-04 -2.931282639807469327e-05 -1.276561883167452582e-06 3.53 0.00021646184689 1.6e-09
-2.027522839553377312e-05 4.838562317463609985e-01 -2.542759653334225600e-03 1.318729865109979460e-04 4.348824993964499081e-05 3.916238260478399300e-06 3.53 0.00021646184689 1.6e-09
-2.965759356494347058e-05 3.010480156408542385e+00 1.102589223598992030e-01 1.891997209778951451e-04 1.663969020385568565e-05 4.210395693019168887e-07 3.53 0.00021646184689 1.6e-09
-8.286964681611249338e-05 3.420326665474668015e+00 9.635421026997439964e-02 2.106253586532414205e-04 -7.726062220649372077e-06 -6.055234350817911474e-07 3.53 0.00021646184689 1.6e-09
-5.272416321244504967e-05 1.268751910681626960e+00 -2.263725453493156507e-03 1.127147275774919937e-04 -4.674475794487348155e-05 -1.462435778056737809e-06 3.53 0.00021646184689 1.6e-09
-4.415681722005622927e-05 1.174022019236416803e+00 3.834273760537118547e-02 1.105349396657989160e-04 4.855029117104180049e-05 2.016907894064337827e-06 3.53 0.00021646184689 1.6e-09
8.006264228636174416e-05 3.393826556533396932e+00 9.298390198400025008e-02 2.092301447826667863e-04 8.410554283732011658e-06 -7.723456189208508001e-08 3.53 0.00021646184689 1.6e-09
-8.963229728782316850e-05 3.050292384430629777e+00 4.838600682759200411e-02 1.912628191249063716e-04 -1.588283221869462756e-05 -7.603395142386266794e-07 3.53 0.00021646184689 1.6e-09
-3.266960635262973586e-05 5.105930275827296194e-01 -1.726218116044113404e-02 1.281206577625566205e-04 -4.707169754971700045e-05 9.557976485057521103e-07 3.53 0.00021646184689 1.6e-09
3.700565416910612106e-05 2.155292969134887660e+00 6.128887170835246867e-02 1.470157343634620364e-04 3.043661019693492641e-05 7.522672587871630754e-07 3.53 0.00021646184689 1.6e-09
-9.791117086394632827e-05 3.525047808049547982e+00 7.501712853844938467e-02 2.162007354312012316e-04 9.018710556737728118e-07 -2.644428183640157534e-07 3.53 0.00021646184689 1.6e-09
2.059926672863896256e-05 2.363029969052948154e+00 1.983155230176628439e-02 1.568217467777062641e-04 -2.707487871229337709e-05 -8.273441500724173613e-07 3.53 0.00021646184689 1.6e-09
-3.408599240872753930e-05 4.397950900715251188e-01 -2.798729781240643158e-03 1.394647790118493634e-04 3.344743321988506181e-05 3.293011548759969423e-06 3.53 0.00021646184689 1.6e-09
-6.662777776790244802e-05 2.923438676586669338e+00 7.487102313783396135e-02 1.847173865367870483e-04 1.823519255610003630e-05 2.308050607570250164e-07 3.53 0.00021646184689 1.6e-09
1.016209934639986676e-04 3.464427965957648681e+00 5.910379711394107838e-02 2.129548368182785788e-04 -6.445381010461049866e-06 -4.556728667567059596e-07 3.53 0.00021646184689 1.6e-09
-3.030976578058271786e-05 1.453592214796185278e+00 -6.451687458848729198e-03 1.181945545296797300e-04 -4.314830381714338707e-05 -8.193511262949170692e-07 3.53 0.00021646184689 1.6e-09
4.451820177610818789e-05 9.987911289030284578e-01 2.212763339767625376e-02 1.080970233496496118e-04 5.194914722668937001e-05 1.397614050836494276e-06 3.53 0.00021646184689 1.6e-09
-2.411186304435408825e-05 3.340815607536569587e+00 5.006056982769973435e-02 2.064392255995027765e-04 9.768776141940778451e-06 -1.162227422121344634e-07 3.53 0.00021646184689 1.6e-09
-7.987832218330086806e-05 3.127705941498089892e+00 1.926043280334169272e-02 1.952840919415282255e-04 -1.439179536143882449e-05 -4.481042230317671387e-07 3.53 0.00021646184689 1.6e-09
1.193091658087832064e-05 5.833769767346186352e-01 -1.314234356185651695e-02 1.201674279546619185e-04 -5.262490898214147874e-05 7.959565477363055276e-07 3.53 0.00021646184689 1.6e-09
2.921542944539672802e-05 2.006148648415451596e+00 3.532454284635028890e-02 1.402294180307374826e-04 3.299162832632156488e-05 4.750593781569640862e-07 3.53 0.00021646184689 1.6e-09
-1.167318028395105881e-05 3.522756531857563544e+00 4.255329670361348432e-02 2.160733631307698685e-04 2.156006604153893191e-06 -1.706539930118820608e-07 3.53 0.00021646184689 1.6e-09
1.948545329597420279e-05 2.506455084336131733e+00 9.873197026265594090e-03 1.637862672438889855e-04 -2.482600781438836350e-05 -4.607322936676131876e-07 3.53 0.00021646184689 1.6e-09
-2.365761057152433689e-05 4.107280756694219326e-01 -3.322582428720273831e-03 1.456189855456691093e-04 1.957887917247051675e-05 2.192490814589931027e-06 3.53 0.00021646184689 1.6e-09
1.919155128769089872e-06 2.816900923612905672e+00 4.047929602694200213e-02 1.792816532135392419e-04 2.001710681978784612e-05 1.037896068003445492e-07 3.53 0.00021646184689 1.6e-09
4.710563555624289845e-05 3.496801933180677668e+00 2.895884327513213730e-02 2.146727337309415175e-04 -5.130775325068453210e-06 -2.699853461033981619e-07 3.53 0.00021646184689 1.6e-09
-1.403858234333824455e-05 1.636413582734631333e+00 -6.397694628564113729e-03 1.247554328065081288e-04 -3.969140274849016718e-05 -3.847189454071755184e-07 3.53 0.00021646184689 1.6e-09
4.143787033774747226e-05 8.399819678890980690e-01 7.823575692304223644e-03 1.085873330630092155e-04 5.447764061434282317e-05 6.691890274460870327e-07 3.53 0.00021646184689 1.6e-09
4.711598883352067927e-05 3.280548114175915853e+00 1.831923605599406618e-02 2.032739328868591417e-04 1.116767279013597039e-05 -6.356051310590569684e-08 3.53 0.00021646184689 1.6e-09
-4.736000304187909320e-05 3.200028605384441782e+00 5.051839585571572810e-03 1.990571899140500234e-04 -1.291695787422088971e-05 -1.762148329257996455e-07 3.53 0.00021646184689 1.6e-09
1.893316523597848446e-05 6.823370418907246382e-01 -6.551813613830037228e-03 1.134020656230701792e-04 -5.509593123799313107e-05 3.181695550190843637e-07 3.53 0.00021646184689 1.6e-09
-5.715144065827738678e-05 1.845105562557227463e+00 1.440052963908946063e-02 1.332125154162665899e-04 3.583872855505029168e-05 3.102649485139311817e-07 3.53 0.00021646184689 1.6e-09
-3.031573058038698954e-05 3.514737457906267348e+00 2.409787690189003906e-02 2.156390751168116152e-04 3.471421541788659272e-06 -3.338206377733401167e-08 3.53 0.00021646184689 1.6e-09
-4.326279092561935072e-05 2.648680354180128482e+00 1.112961120674911542e-02 1.708221136920118582e-04 -2.261604222012805382e-05 -2.253137498006297208e-07 3.53 0.00021646184689 1.6e-09
-3.174782500695453647e-05 3.988136951048983914e-01 -3.530289118083280390e-03 1.484783949140122553e-04 2.745110351777704728e-06 7.732259269500529996e-07 3.53 0.00021646184689 1.6e-09
3.927496947731586724e-05 2.690021082505572814e+00 1.466880501600227246e-02 1.728838538945838435e-04 2.201193462725444493e-05 8.736995258044047627e-08 3.53 0.00021646184689 1.6e-09
9.892917630784153684e-05 3.515692336932644491e+00 1.413918687061912344e-02 2.156829802354293655e-04 -3.817721161240763919e-06 -7.516290731493492597e-08 3.53 0.00021646184689 1.6e-09
2.880094665275008078e-05 1.808137295303494430e+00 1.161894264335272108e-03 1.316463898928716433e-04 -3.654427370192067344e-05 -1.873510534826450659e-07 3.53 0.00021646184689 1.6e-09
-3.662160707483673070e-05 7.084233962069617085e-01 -3.061168639791796327e-03 1.121864298344925700e-04 5.525235409824926305e-05 -6.189326624461712886e-08 3.53 0.00021646184689 1.6e-09
-4.812788251790887104e-06 3.215494460408970578e+00 4.323778785772745825e-03 1.998658250284203897e-04 1.259176173101339124e-05 8.607494678713092031e-08 3.53 0.00021646184689 1.6e-09
-8.689618463297742103e-05 3.266347900891870104e+00 9.995087303529196290e-03 2.025291720248972144e-04 -1.148585998207729970e-05 1.643847912503997827e-08 3.53 0.00021646184689 1.6e-09
-5.375548055572156833e-05 8.077521852666231794e-01 3.182207280183069718e-03 1.091346703452476428e-04 -5.484604128727060932e-05 -3.342356610483168674e-07 3.53 0.00021646184689 1.6e-09
3.477300559318573236e-05 1.675408105624784039e+00 6.134922476960685041e-04 1.262828935562890957e-04 3.891572701725100976e-05 3.068326335384171522e-07 3.53 0.00021646184689 1.6e-09
3.661740842348729639e-05 3.497512327706715496e+00 2.237400370104645347e-02 2.147180355074324162e-04 4.776253666833526763e-06 1.328139905376755814e-07 3.53 0.00021646184689 1.6e-09
2.231392896293421356e-05 2.776968191709325406e+00 2.459660528677695690e-02 1.772652316706998946e-04 -2.060234593557885846e-05 -1.222638258942060014e-07 3.53 0.00021646184689 1.6e-09
-1.862054514864577002e-06 4.051190667012136704e-01 -3.077271660251989713e-03 1.469880914645364345e-04 -1.416353016066562574e-05 -7.503433628289567353e-07 3.53 0.00021646184689 1.6e-09
7.693678755339644962e-05 2.552955686155165882e+00 2.346361923246520400e-03 1.660713871591842721e-04 2.411859216060621654e-05 2.231576472476635752e-07 3.53 0.00021646184689 1.6e-09
9.691072644201201888e-05 3.523840910907895640e+00 1.974361713465519474e-02 2.161258622740924685e-04 -2.547671525270825360e-06 1.060328694316041115e-07 3.53 0.00021646184689 1.6e-09
2.528345917365829905e-05 1.963407654703164473e+00 1.831258597152891215e-02 1.383248217336476515e-04 -3.377436788195950664e-05 -2.251863427203216213e-07 3.53 0.00021646184689 1.6e-09
5.456613201985141662e-05 6.079080867478414696e-01 -1.071959535817705589e-02 1.181180673915731532e-04 5.362231291831377441e-05 -6.599177114561160230e-07 3.53 0.00021646184689 1.6e-09
9.531342069338757006e-06 3.148322277371503830e+00 9.795525686012579447e-03 1.963575028016002993e-04 1.399011269869741665e-05 3.229997686424481524e-07 3.53 0.00021646184689 1.6e-09
-3.571841721929263546e-05 3.325797475479017606e+00 3.382175754811694857e-02 2.056492476311210893e-04 -1.013977274410046754e-05 1.144671796337934378e-07 3.53 0.00021646184689 1.6e-09
3.124100819639278448e-05 9.542377263315282576e-01 1.632067573992192905e-02 1.079029364434782332e-04 -5.278003074109161757e-05 -1.042443378515555690e-06 3.53 0.00021646184689 1.6e-09
2.671915060313498696e-05 1.502066799681535336e+00 -6.094720495813154074e-03 1.198592549861929324e-04 4.217011332346619573e-05 5.049091996804944566e-07 3.53 0.00021646184689 1.6e-09
4.768863368222464865e-05 3.469887317150595063e+00 3.718132905436455360e-02 2.132507271679908128e-04 6.038568935448839108e-06 3.158265305867823939e-07 3.53 0.00021646184689 1.6e-09
8.626767405162097586e-05 2.884533969388286323e+00 4.945611707448938077e-02 1.827330581240477030e-04 -1.883815038841587744e-05 -1.374279468572835489e-07 3.53 0.00021646184689 1.6e-09
4.708555362634861630e-05 4.274094802948744665e-01 -2.133636709360093621e-03 1.420425341257082008e-04 -2.851610722146666631e-05 -2.154094510212982665e-06 3.53 0.00021646184689 1.6e-09
-2.908578047825476206e-05 2.416463221993204513e+00 4.832230940317831271e-03 1.593984369435586402e-04 2.624494636867811650e-05 5.301386108747401309e-07 3.53 0.00021646184689 1.6e-09
8.235877942565524284e-05 3.526460444024929419e+00 4.576655565167478401e-02 2.162726457803838039e-04 -1.347021560468704247e-06 2.504655654628482347e-07 3.53 0.00021646184689 1.6e-09
-2.898649839868711452e-05 2.105264023773563586e+00 4.414064699095954225e-02 1.447083304813337164e-04 -3.131242246523808647e-05 -4.578141954206933311e-07 3.53 0.00021646184689 1.6e-09
1.491778099087515740e-05 5.329922639428414932e-01 -1.582679923929110333e-02 1.252968391303511161e-04 4.942666205591837248e-05 -9.735396380297576222e-07 3.53 0.00021646184689 1.6e-09
-3.610387084335877885e-05 3.078575117363088864e+00 3.221218650330349292e-02 1.927268895229617427e-04 1.538583005348202591e-05 6.182018117414453886e-07 3.53 0.00021646184689 1.6e-09
-8.654886289736029420e-05 3.379531263028717980e+00 7.192691108663754052e-02 2.084750765174418633e-04 -8.842246402400501948e-06 1.185678266912869188e-07 3.53 0.00021646184689 1.6e-09
3.920744097216043145e-06 1.118171413828601413e+00 3.207483190671799045e-02 1.094894543965267480e-04 -4.969293572893960251e-05 -1.701750774136095646e-06 3.53 0.00021646184689 1.6e-09
-2.603515341601251638e-05 1.325398356196507699e+00 -7.011807940659375155e-03 1.142583170254357589e-04 4.560191745627155727e-05 9.298652476805201579e-07 3.53 0.00021646184689 1.6e-09
-6.321058867600582256e-06 3.432141528450290746e+00 6.537652055057999179e-02 2.112535770880678214e-04 7.294084689258789755e-06 4.965161031468198210e-07 3.53 0.00021646184689 1.6e-09
-7.841519685623526568e-05 2.975933917684361774e+00 8.214666780756740838e-02 1.874236290236866648e-04 -1.722405632352117094e-05 -2.484994984679694117e-07 3.53 0.00021646184689 1.6e-09
3.563538560595208321e-06 4.646024170103021378e-01 -1.035621842989538008e-03 1.350402329369102743e-04 -3.972654567997961487e-05 -3.241339971879533641e-06 3.53 0.00021646184689 1.6e-09
-6.865344847508434800e-05 2.279937532522872345e+00 1.935634945944431778e-02 1.528531612982569725e-04 2.841734820368243270e-05 9.816473348684705267e-07 3.53 0.00021646184689 1.6e-09
1.023723076371491823e-04 3.526629470767711272e+00 8.604311543495651859e-02 2.162844611549242157e-04 -1.694891767109949491e-07 3.391438273728556618e-07 3.53 0.00021646184689 1.6e-09
5.100104284720637554e-05 2.243179677849669318e+00 7.439464518253899317e-02 1.511153726507032428e-04 -2.899835783904130567e-05 -7.985920221627058529e-07 3.53 0.00021646184689 1.6e-09
-4.671785427568097025e-05 4.761120976202817268e-01 -1.894034893916085593e-02 1.330526448504343751e-04 4.226355947387813299e-05 -9.278654937681001892e-07 3.53 0.00021646184689 1.6e-09
-4.731329231887917118e-05 3.000567491349141136e+00 6.472114376896015431e-02 1.886859381231356387e-04 1.685307476308269719e-05 9.233679405678455749e-07 3.53 0.00021646184689 1.6e-09
-1.680942609093618987e-05 3.427952158231793334e+00 1.154855165614982748e-01 2.110264036011096815e-04 -7.549325436252391491e-06 4.659399324134801061e-08 3.53 0.00021646184689 1.6e-09
-5.653481769392837360e-05 1.297992951795879701e+00 4.833446264020160865e-02 1.134823316862833471e-04 -4.610356095286769547e-05 -2.203543805240881065e-06 3.53 0.00021646184689 1.6e-09
3.067001020804896108e-05 1.144748158438727126e+00 -4.613773215603814148e-03 1.099743095225650909e-04 4.915926877893889922e-05 1.566819643323346118e-06 3.53 0.00021646184689 1.6e-09
6.329391482688096165e-05 3.383946868176618050e+00 1.001232689709627421e-01 2.087111678044153160e-04 8.596509608467377430e-06 6.497512991277731783e-07 3.53 0.00021646184689 1.6e-09
-4.774871949863868499e-05 3.058195158122552382e+00 1.161369063117425049e-01 1.916745229293818659e-04 -1.567496456076016806e-05 -4.159549117287872432e-07 3.53 0.00021646184689 1.6e-09
-2.242957190283005023e-06 5.198509930456552963e-01 3.419801794390908126e-05 1.269425140909418055e-04 -4.798257076326537484e-05 -3.873730335814546160e-06 3.53 0.00021646184689 1.6e-09
-4.434219337453222415e-05 2.136154644669504776e+00 4.008697553438879402e-02 1.461267136566934228e-04 3.076487983397968508e-05 1.510390533634033213e-06 3.53 0.00021646184689 1.6e-09
-5.138051928310667383e-05 3.524779031959564435e+00 1.301875354807993102e-01 2.161836871137414200e-04 1.070795502143508314e-06 3.633460826808229108e-07 3.53 0.00021646184689 1.6e-09
9.191020624216392383e-06 2.385760805316045285e+00 1.028720892580198693e-01 1.579129632773081408e-04 -2.666968650236227278e-05 -1.138542600743648484e-06 3.53 0.00021646184689 1.6e-09
2.933350040948243834e-05 4.337333771046916198e-01 -2.057865562190032416e-02 1.406361863776518643e-04 3.129863143310365699e-05 -5.726080139564810212e-07 3.53 0.00021646184689 1.6e-09
-1.660458231120309406e-05 2.906009080664948119e+00 9.732881539610277466e-02 1.838231052382814190e-04 1.849294607359825191e-05 1.181757053637499673e-06 3.53 0.00021646184689 1.6e-09
6.930675956027438115e-05 3.468690752495967367e+00 1.531396308941722073e-01 2.131793784433903404e-04 -6.215016268766704509e-06 -6.970085798534745264e-08 3.53 0.00021646184689 1.6e-09
-3.425138408617864143e-05 1.487932615789179014e+00 6.151922773515007548e-02 1.193506592375238916e-04 -4.238408875613923097e-05 -2.466865821269365842e-06 3.53 0.00021646184689 1.6e-09
-4.653389486319930497e-05 9.669387443389720893e-01 -1.553631832221960378e-03 1.079447039111299683e-04 5.250182756299297759e-05 2.358239665516244481e-06 3.53 0.00021646184689 1.6e-09
-4.855703082579700949e-05 3.325875245074806585e+00 1.325070208135591954e-01 2.056547406791819346e-04 1.000339161292205495e-05 7.490883560035537912e-07 3.53 0.00021646184689 1.6e-09
3.812863346641144494e-05 3.136120125368011990e+00 1.435108961558564933e-01 1.957234485497405595e-04 -1.411975089239647755e-05 -5.906710999036688498e-07 3.53 0.00021646184689 1.6e-09
-1.826411168786230401e-05 5.997551781544888660e-01 9.217310426377005143e-04 1.187841075368697150e-04 -5.317058837197528718e-05 -3.995155246962527539e-06 3.53 0.00021646184689 1.6e-09
-3.393140343687659551e-06 1.978463363655303286e+00 5.977153222897833851e-02 1.389919260560262804e-04 3.342342378330768939e-05 2.020903240592871710e-06 3.53 0.00021646184689 1.6e-09
-7.593332240138066388e-05 3.519851835554335118e+00 1.660027896263351344e-01 2.159145063853851686e-04 2.402250756209190401e-06 3.238323111595771699e-07 3.53 0.00021646184689 1.6e-09
-2.354883473685272455e-05 2.535929019624781233e+00 1.224262617636038275e-01 1.652306278105280537e-04 -2.429058052267426984e-05 -1.377991545590429305e-06 3.53 0.00021646184689 1.6e-09
4.976738629794132075e-05 4.068756030677632141e-01 -2.127325769327459426e-02 1.464789492944571587e-04 1.600021336341545273e-05 -4.732114487438489539e-08 3.53 0.00021646184689 1.6e-09
-7.807548946392177283e-05 2.787746137810089397e+00 1.196926079233343876e-01 1.778019859502199596e-04 2.040556962439682377e-05 1.339732267377300567e-06 3.53 0.00021646184689 1.6e-09
5.165235974497980366e-05 3.498079014952693910e+00 1.739238631670925184e-01 2.147406677850732717e-04 -4.822957474808604682e-06 -1.945041691567521125e-07 3.53 0.00021646184689 1.6e-09
5.952006111471620591e-05 1.677756078485716618e+00 6.719045878836460428e-02 1.263548656643445590e-04 -3.881754497394106733e-05 -2.458670485098212880e-06 3.53 0.00021646184689 1.6e-09
-1.978327855977520859e-05 8.060433674837684803e-01 5.776244490955061150e-04 1.091735085367739769e-04 5.476248483921763766e-05 3.189895721235457145e-06 3.53 0.00021646184689 1.6e-09
-8.639203795611960675e-06 3.260081692548409293e+00 1.534193790398234447e-01 2.022011483172606516e-04 1.148677324430962252e-05 7.680173718851211702e-07 3.53 0.00021646184689 1.6e-09
-1.028892713807126580e-05 3.211048610894962962e+00 1.564306096800171242e-01 1.996340022269081855e-04 -1.255055404970836627e-05 -7.253093057890338960e-07 3.53 0.00021646184689 1.6e-09
-2.798737924820795677e-05 7.106791663952425342e-01 1.138335037923304989e-03 1.120969397494330888e-04 -5.512722463242124819e-05 -3.638732931026336495e-06 3.53 0.00021646184689 1.6e-09
4.718969324422047707e-05 1.804996908956783663e+00 7.151485501252752286e-02 1.315213332200150065e-04 3.645919059458858479e-05 2.393232454761508882e-06 3.53 0.00021646184689 1.6e-09
2.880832515783263810e-05 3.508803120475824322e+00 1.816785861583647410e-01 2.153183454145991458e-04 3.805291704254587813e-06 2.276897940353979203e-07 3.53 0.00021646184689 1.6e-09
6.865260274201608070e-05 2.685566577189042903e+00 1.257424243422326504e-01 1.726602281500572676e-04 -2.197257311912594101e-05 -1.452038032092637802e-06 3.53 0.00021646184689 1.6e-09
6.300558489157692752e-05 3.992701463320001420e-01 -2.141714137698229325e-02 1.483285238101410210e-04 -2.304382799684493553e-06 5.249604215936544253e-07 3.53 0.00021646184689 1.6e-09
-6.931801490409739532e-05 2.647198253513098454e+00 1.250790984462778477e-01 1.707415311878624376e-04 2.258430122961155951e-05 1.354731033628925719e-06 3.53 0.00021646184689 1.6e-09
-4.734952877409038093e-05 3.514670352374390738e+00 1.711860200359946460e-01 2.156309197485392864e-04 -3.409369037535771358e-06 -2.977954604468385483e-07 3.53 0.00021646184689 1.6e-09
1.586805148710965143e-05 1.856749674929082605e+00 6.218795377375935240e-02 1.336958847278576796e-04 -3.557742645397485721e-05 -2.198932090441562903e-06 3.53 0.00021646184689 1.6e-09
-3.068413248653634228e-05 6.748972519688580807e-01 1.492629552592500495e-03 1.137884100575260499e-04 5.489063578516410394e-05 3.873230820385682925e-06 3.53 0.00021646184689 1.6e-09
5.008084535364408860e-05 3.189696709689610721e+00 1.559387281123684743e-01 1.985178236829735496e-04 1.300655759865665704e-05 6.897104587465918535e-07 3.53 0.00021646184689 1.6e-09
-8.928252476240047472e-05 3.280954433984540231e+00 1.495631488100141737e-01 2.032953140179124597e-04 -1.102989685137925960e-05 -7.837762517028274414e-07 3.53 0.00021646184689 1.6e-09
-3.708260969589086245e-05 8.519800555158327793e-01 -2.554431305352523668e-04 1.084206055643244698e-04 -5.426875928161969731e-05 -2.934819156100682439e-06 3.53 0.00021646184689 1.6e-09
5.593111278376377725e-07 1.621218257730264067e+00 7.143752321233121094e-02 1.241842907565416482e-04 3.981986987802774278e-05 2.507661302289224225e-06 3.53 0.00021646184689 1.6e-09
-8.545846041997029127e-05 3.487920029547534995e+00 1.703733210434333900e-01 2.142036652139089632e-04 5.216364700282760775e-06 9.158041418685210297e-08 3.53 0.00021646184689 1.6e-09
-2.386131229144898796e-05 2.818432444556175476e+00 1.088556337079344266e-01 1.793618179512324138e-04 -1.988466366328844306e-05 -1.347484433759236480e-06 3.53 0.00021646184689 1.6e-09
6.967114911809973554e-05 4.119915897155657092e-01 -2.103500540943197342e-02 1.453478786210448868e-04 -1.983244117083831455e-05 1.087867101827218708e-06 3.53 0.00021646184689 1.6e-09
3.126105740670324939e-05 2.498775644450795141e+00 1.133090294512749951e-01 1.634071543130990447e-04 2.488059314989864932e-05 1.205833728793188243e-06 3.53 0.00021646184689 1.6e-09
5.194806291647886885e-05 3.522227107168522942e+00 1.458224589110603264e-01 2.160427779078927268e-04 -2.065005139001194987e-06 -3.601924539887735372e-07 3.53 0.00021646184689 1.6e-09
8.712420671618349222e-06 2.019194833234611686e+00 4.714472299918444353e-02 1.408054758912293414e-04 -3.274844269235958243e-05 -1.756815283204332848e-06 3.53 0.00021646184689 1.6e-09
6.672337550247894883e-06 5.767910868032717353e-01 1.548685463597270981e-03 1.207537666819569623e-04 5.220465193758676401e-05 4.191902463173990503e-06 3.53 0.00021646184689 1.6e-09
-5.064914524876963186e-05 3.117609965160493601e+00 1.386048518939868301e-01 1.947573785809501097e-04 1.453052647717688701e-05 5.253810601611986191e-07 3.53 0.00021646184689 1.6e-09
-2.583593568333072168e-05 3.344822642521759981e+00 1.236495103183151423e-01 2.066489848412220328e-04 -9.601803896326332853e-06 -7.495874717384235921e-07 3.53 0.00021646184689 1.6e-09
9.936769601647432639e-06 1.017079516857913202e+00 -3.685403363770966331e-03 1.082176405563512855e-04 -5.163334500713328006e-05 -2.079183255086161742e-06 3.53 0.00021646184689 1.6e-09
-4.986892529621399591e-05 1.432919906639498198e+00 6.039195701889586709e-02 1.175231010884914251e-04 4.342515326802210589e-05 2.306511409453241455e-06 3.53 0.00021646184689 1.6e-09
-5.789032192934094915e-05 3.456161316732269118e+00 1.349551753686970557e-01 2.125194768998145227e-04 6.576829197579154757e-06 -5.057065603977832772e-08 3.53 0.00021646184689 1.6e-09
-5.891319926634902332e-05 2.929076256985267968e+00 7.594874608472160227e-02 1.850097116403521462e-04 -1.807326682025322363e-05 -1.094848739941370784e-06 3.53 0.00021646184689 1.6e-09
-4.294633183358021134e-05 4.424399807216192193e-01 -1.978021179425096254e-02 1.390000549469397025e-04 -3.396478616699043695e-05 1.503553740010991736e-06 3.53 0.00021646184689 1.6e-09
3.060453641080429119e-05 2.352510853186819517e+00 8.875653439760952668e-02 1.563154501011470513e-04 2.720920129129925845e-05 9.187502014305545557e-07 3.53 0.00021646184689 1.6e-09
-1.078943298417979523e-06 3.525829915578777118e+00 1.054577953277202051e-01 2.162407220042516088e-04 -7.814018627722383767e-07 -3.657636756066533127e-07 3.53 0.00021646184689 1.6e-09
4.155283196188448692e-05 2.169987959906672259e+00 2.699947231420692095e-02 1.476915464342337236e-04 -3.021991360956696642e-05 -1.226988092816688275e-06 3.53 0.00021646184689 1.6e-09
-2.703984337179331725e-05 5.048475663523451784e-01 9.054132083542524570e-04 1.288484034852333264e-04 4.644574355721938343e-05 3.990409496510901138e-06 3.53 0.00021646184689 1.6e-09
-7.722419982877301310e-05 3.041616723370618836e+00 1.060755104417998029e-01 1.908095962885546476e-04 1.607233786550494670e-05 3.199573301150176678e-07 3.53 0.00021646184689 1.6e-09
-7.177768377097994167e-05 3.402976658879998340e+00 8.593562974737976867e-02 2.097098482462479620e-04 -8.217290100072276643e-06 -6.287073254239269742e-07 3.53 0.00021646184689 1.6e-09
3.869321448384224391e-05 1.201031726445165981e+00 -8.058053007724769526e-03 1.110934950841287378e-04 -4.810311402596560042e-05 -1.262496569091446449e-06 3.53 0.00021646184689 1.6e-09
1.959985514495510511e-06 1.241137325244090928e+00 4.253015986458046072e-02 1.120314509192633120e-04 4.723169173384520760e-05 1.819243462926819416e-06 3.53 0.00021646184689 1.6e-09
1.967075551332032125e-05 3.413235362759278857e+00 8.643241345413019139e-02 2.102517707510124687e-04 7.939015108639574134e-06 -1.539461508867449048e-07 3.53 0.00021646184689 1.6e-09
5.825473190963149548e-05 3.023453301416993533e+00 3.792151097966454942e-02 1.898705372892785757e-04 -1.642606936805696466e-05 -7.536513206902548772e-07 3.53 0.00021646184689 1.6e-09
5.786849646803657858e-05 4.905554526052300357e-01 -1.715706032555146601e-02 1.308939693751989082e-04 -4.448678916131136574e-05 1.574556582469414623e-06 3.53 0.00021646184689 1.6e-09
6.016622104511455107e-05 2.204951587999861573e+00 5.806632964153009280e-02 1.493238461602899815e-04 2.962989138994944331e-05 5.767196733894971128e-07 3.53 0.00021646184689 1.6e-09
6.525075140036818268e-05 3.527167547512656043e+00 6.197865397128857201e-02 2.163126993198650084e-04 4.862667737735621230e-07 -3.042784884117582171e-07 3.53 0.00021646184689 1.6e-09
1.518549542780056149e-05 2.318560714812308632e+00 9.155198679168707193e-03 1.546899297972346846e-04 -2.780428874980381189e-05 -7.192177149127696093e-07 3.53 0.00021646184689 1.6e-09
-2.276440508866212219e-05 4.520736733669986074e-01 -3.028409559789182809e-04 1.371543028444979144e-04 3.705794985595155071e-05 3.228312492889907711e-06 3.53 0.00021646184689 1.6e-09
-6.447913287535510479e-07 2.954026493006527421e+00 6.709607315147569917e-02 1.862876599774916165e-04 1.771322448895911402e-05 1.351370310961529643e-07 3.53 0.00021646184689 1.6e-09
9.514325911520065716e-05 3.453228587052254106e+00 4.720431740945202348e-02 2.123615219406528294e-04 -6.850069763494452487e-06 -4.468899556806663547e-07 3.53 0.00021646184689 1.6e-09
4.105528034774418424e-05 1.397150230875071841e+00 -1.091976316343627219e-02 1.163728163781654304e-04 -4.425537490729205566e-05 -6.227813129994215498e-07 3.53 0.00021646184689 1.6e-09
-2.858707921892184381e-05 1.050786430921994974e+00 2.324403980594302171e-02 1.085500899857178340e-04 5.100808107233122498e-05 1.135529700465182582e-06 3.53 0.00021646184689 1.6e-09
-3.093163088360659241e-06 3.359246964143447478e+00 3.938179298449901583e-02 2.074071819494191558e-04 9.362274826810444592e-06 -1.782987107308436454e-07 3.53 0.00021646184689 1.6e-09
6.779260674317599648e-05 3.107962860458531651e+00 7.606251797589723071e-03 1.942537879094873271e-04 -1.482462704582319921e-05 -4.012314042453289693e-07 3.53 0.00021646184689 1.6e-09
3.578911039555332068e-05 5.607896394747188262e-01 -1.261746927374811020e-02 1.222949979795503496e-04 -5.143725643479451668e-05 1.216784399445265517e-06 3.53 0.00021646184689 1.6e-09
-5.004538189077174489e-05 2.048913197646774265e+00 2.893860988129389605e-02 1.421459384844563957e-04 3.227792758132726870e-05 2.909495448718163718e-07 3.53 0.00021646184689 1.6e-09
1.052075006689724511e-04 3.525482031106754732e+00 2.805763888340379042e-02 2.162186211442807947e-04 1.807511569018719419e-06 -1.813100331458132155e-07 3.53 0.00021646184689 1.6e-09
4.733562352330837706e-05 2.470358756460101723e+00 6.877602698804231732e-04 1.620181966605798763e-04 -2.540633216089776931e-05 -3.327917280198335138e-07 3.53 0.00021646184689 1.6e-09
-5.925397858309454542e-05 4.163895960271269403e-01 -1.631428509168096662e-03 1.443291800305282523e-04 2.344386094933959396e-05 1.986545993381262057e-06 3.53 0.00021646184689 1.6e-09
3.137260761574948726e-05 2.846504597807691272e+00 3.140878478637823545e-02 1.807855780957593980e-04 1.954842147881910382e-05 2.857202249663974576e-08 3.53 0.00021646184689 1.6e-09
6.946440802361296830e-05 3.491194298971098675e+00 1.821703072966332146e-02 2.143733106949838622e-04 -5.455968502141581799e-06 -2.379374304772902741e-07 3.53 0.00021646184689 1.6e-09
5.812445012556053081e-05 1.593590640918676193e+00 -8.970570470658058293e-03 1.231332374979178317e-04 -4.050493043590788918e-05 -2.290912727939700426e-07 3.53 0.00021646184689 1.6e-09
2.247842004001442546e-05 8.755902625762135294e-01 6.889567425035596215e-03 1.081707416733881401e-04 5.402882929888828717e-05 3.703271498506196975e-07 3.53 0.00021646184689 1.6e-09
3.691000970478352356e-06 3.296492944504943345e+00 6.728051220918906082e-03 2.041087808469662875e-04 1.084358390311737122e-05 -1.002091017633590258e-07 3.53 0.00021646184689 1.6e-09
8.303062453249883260e-05 3.186081666253358868e+00 -4.907445319407227960e-03 1.983259551599996331e-04 -1.324619846269097988e-05 -1.089766508188026473e-07 3.53 0.00021646184689 1.6e-09
1.948912018041822530e-06 6.590537771337841022e-01 -5.502057092757564952e-03 1.146576794660291733e-04 -5.484045430443377042e-05 5.269508973760930726e-07 3.53 0.00021646184689 1.6e-09
4.334304907937062832e-05 1.880420702638246233e+00 7.247124162185239818e-03 1.347178521002487771e-04 3.521501360210490330e-05 1.532264969458483909e-07 3.53 0.00021646184689 1.6e-09
4.669036415412285325e-05 3.518377680861458856e+00 1.212299710033810235e-02 2.158328092538972409e-04 3.198516133677417913e-06 -1.624528156293188077e-08 3.53 0.00021646184689 1.6e-09
1.876738614104810353e-05 2.622516896477313786e+00 5.605239863683136869e-03 1.695168223052017763e-04 -2.303955956394765833e-05 -1.144437487007709786e-07 3.53 0.00021646184689 1.6e-09
-7.384093751335953136e-05 3.995570415012719145e-01 -2.460080633161066017e-03 1.482824823120091392e-04 6.087234571918146523e-06 4.437989321485827416e-07 3.53 0.00021646184689 1.6e-09
1.227974777898838393e-05 2.715830888439293211e+00 6.656321371151505996e-03 1.741770929345533324e-04 2.162371733739574804e-05 4.581515921038354009e-08 3.53 0.00021646184689 1.6e-09
-9.889868093069171574e-05 3.514116531470318883e+00 6.973597370074039771e-03 2.155968188701258147e-04 -4.045201387966588141e-06 -3.031947088118594366e-08 3.53 0.00021646184689 1.6e-09
-2.804659118249357256e-05 1.779093783947228724e+00 1.037916486984824700e-03 1.304394150990779836e-04 -3.707400331392338611e-05 -9.377282281640764205e-08 3.53 0.00021646184689 1.6e-09
-2.734738640503938853e-05 7.292716684738995703e-01 -4.933666454074238025e-03 1.113446518249424608e-04 5.529163390137392035e-05 -3.575457546253144221e-07 3.53 0.00021646184689 1.6e-09
-7.909147177820327417e-07 3.228008298401766396e+00 -4.726812067459048271e-03 2.005188230133373383e-04 1.235259582233593707e-05 8.241489072654235018e-08 3.53 0.00021646184689 1.6e-09
8.138364176925265273e-06 3.257705507427329117e+00 4.467587568024473238e-03 2.020740647382770800e-04 -1.171183812342632328e-05 8.287989344129534510e-08 3.53 0.00021646184689 1.6e-09
3.745303346123758734e-06 7.873906783763269246e-01 4.927511605651859264e-03 1.095730350220126364e-04 -5.504409613453583488e-05 -3.093938429763344393e-07 3.53 0.00021646184689 1.6e-09
-4.260966924107314742e-05 1.701317630946961312e+00 -5.298813589634961824e-03 1.273003018130336081e-04 3.845394586696738418e-05 2.095761911735310060e-07 3.53 0.00021646184689 1.6e-09
5.244349565376698458e-05 3.501784299446110804e+00 1.584026045939865984e-02 2.149441541348475794e-04 4.592610121142307945e-06 1.715585267162569189e-07 3.53 0.00021646184689 1.6e-09
2.115742451077678538e-05 2.761812889713763042e+00 2.405524583842880496e-02 1.764979101699691382e-04 -2.085713421831234085e-05 -5.067158787037890516e-08 3.53 0.00021646184689 1.6e-09
-5.881697122153652422e-05 4.032903764183875528e-01 -2.420391814784204551e-03 1.474143037356413018e-04 -1.206703718224091505e-05 -1.165779849507142325e-06 3.53 0.00021646184689 1.6e-09
1.924374254545895691e-05 2.571041086710814660e+00 -2.895456777015930575e-03 1.669622160428919824e-04 2.385294460993814941e-05 2.249620951049572291e-07 3.53 0.00021646184689 1.6e-09
-2.401802828897010384e-05 3.524219753853015558e+00 1.775113975754680912e-02 2.161438137351896305e-04 -2.689705145474760464e-06 1.546287018969708352e-07 3.53 0.00021646184689 1.6e-09
-9.463068652156253306e-07 1.946916187455829617e+00 2.101933518813452889e-02 1.375971425692609936e-04 -3.407009044650208512e-05 -1.989548029092155089e-07 3.53 0.00021646184689 1.6e-09
-4.913826903871565204e-05 6.176113285148117082e-01 -1.277205668250054604e-02 1.173660592837068236e-04 5.395239180845098686e-05 -9.127773855688887035e-07 3.53 0.00021646184689 1.6e-09
-5.857689218776922322e-05 3.156632356011103369e+00 5.590952233662196090e-03 1.967887371623473183e-04 1.384931669147705255e-05 3.540722353775658903e-07 3.53 0.00021646184689 1.6e-09
-4.102929556380065750e-05 3.321795478142711033e+00 3.419360301034421457e-02 2.054374106527132417e-04 -1.026226836554995594e-05 1.647675934407912501e-07 3.53 0.00021646184689 1.6e-09
2.971418224384784112e-05 9.411018409810315566e-01 1.898167375221223446e-02 1.078865348757167600e-04 -5.300772944960079568e-05 -1.144537510232402677e-06 3.53 0.00021646184689 1.6e-09
1.424321087589328435e-05 1.516934514985078808e+00 -9.872402394408071047e-03 1.203752081935710648e-04 4.189526751569021430e-05 4.863112489086343109e-07 3.53 0.00021646184689 1.6e-09
9.560661526980865875e-05 3.473442846057528399e+00 3.699408001673379354e-02 2.134379603788180528e-04 5.939145399155026154e-06 3.683719296724912390e-07 3.53 0.00021646184689 1.6e-09
-1.049824347643413686e-05 2.878551893065648404e+00 5.390376538299163078e-02 1.824265279459589954e-04 -1.894562326704079749e-05 -1.098958298417067332e-07 3.53 0.00021646184689 1.6e-09
-1.506903287813936667e-05 4.255669688809525786e-01 -1.717341042797217426e-03 1.424234481546228157e-04 -2.768708688469144894e-05 -2.599701671120735751e-06 3.53 0.00021646184689 1.6e-09
9.398268658803578355e-06 2.425237374635708765e+00 3.275884218948211732e-03 1.598223603185708807e-04 2.611349883252713310e-05 5.821327580574931400e-07 3.53 0.00021646184689 1.6e-09
-7.811425651138811693e-05 3.527400537809820769e+00 4.959639401630924760e-02 2.163211051950222669e-04 -1.399905719563456933e-06 2.953517869802180533e-07 3.53 0.00021646184689 1.6e-09
-3.736543104123355493e-05 2.099514469219675661e+00 4.970928302273067145e-02 1.444431462018005432e-04 -3.141538248554166893e-05 -4.934179017429519108e-07 3.53 0.00021646184689 1.6e-09
-9.481588380037667319e-06 5.356325539593991270e-01 -1.768094491933704798e-02 1.249776860282879353e-04 4.966373734161494511e-05 -1.148280007707972671e-06 3.53 0.00021646184689 1.6e-09
-1.024002738573371934e-05 3.082201010598196511e+00 3.357423972162694448e-02 1.929134468119981681e-04 1.533346873944779331e-05 6.796350298043517346e-07 3.53 0.00021646184689 1.6e-09
-3.305290041526117188e-05 3.379406994217908355e+00 7.810798943133019645e-02 2.084669304954659221e-04 -8.876889423200109779e-06 1.450610334931704463e-07 3.53 0.00021646184689 1.6e-09
-3.669513901439081915e-05 1.115574238067205570e+00 3.577923709518732176e-02 1.094438131904808026e-04 -4.973710143781805365e-05 -1.868738071958416225e-06 3.53 0.00021646184689 1.6e-09
3.933063735694553227e-05 1.328175387189828305e+00 -8.709799557940010872e-03 1.143359443437206349e-04 4.554780574330095390e-05 9.980945625950800234e-07 3.53 0.00021646184689 1.6e-09
6.403450545154340328e-05 3.433387185754991577e+00 7.088817469640522340e-02 2.113182913165496306e-04 7.277963818317882428e-06 5.553779379053241879e-07 3.53 0.00021646184689 1.6e-09
-8.525673898638837006e-05 2.976648223586156661e+00 9.059102815923900098e-02 1.874589035771234355e-04 -1.722146592552881384e-05 -2.597238143608375878e-07 3.53 0.00021646184689 1.6e-09
5.398404244810011250e-05 4.648900883174506005e-01 -7.490764401378254868e-04 1.349780793775151751e-04 -3.979872381176300207e-05 -3.654393507425403621e-06 3.53 0.00021646184689 1.6e-09
2.931915106302230539e-05 2.279237036305376662e+00 2.145029385952922085e-02 1.528191042710044844e-04 2.842881752299877325e-05 1.084027714045320781e-06 3.53 0.00021646184689 1.6e-09
-3.090580200873171393e-05 3.527540117030621314e+00 9.504443879345325641e-02 2.163315068548368010e-04 -1.416789344745505063e-07 3.740168391197887543e-07 3.53 0.00021646184689 1.6e-09
-2.938600904647344943e-05 2.247204449886708311e+00 8.221893555835066425e-02 1.513039291885388403e-04 -2.892903146404208581e-05 -8.790864698383869859e-07 3.53 0.00021646184689 1.6e-09
3.364693486979454979e-05 4.746507646541401337e-01 -2.046005834710576399e-02 1.332804669959779644e-04 4.198704283595301555e-05 -1.003864912430952385e-06 3.53 0.00021646184689 1.6e-09
-4.106683898153088493e-05 2.998508680761743594e+00 7.073720180134648872e-02 1.885778267446939116e-04 1.690284991011244719e-05 1.004915542491028126e-06 3.53 0.00021646184689 1.6e-09
6.216713555756970243e-05 3.430843762747360248e+00 1.258424270922388621e-01 2.111774404107626829e-04 -7.496267153396968217e-06 4.903834553538545789e-08 3.53 0.00021646184689 1.6e-09
