6.654009401348010282e-05 2.897946848860591729e+00 -3.383009448553045618e-05 1.832370902562252849e-04 -2.271067311780302354e-05 -6.531864715974529435e-10 3.96 0.00023934617689 1.6e-09
-2.699424836321186923e-05 3.907510654313147702e-01 -7.708150119455643278e-04 1.492191368147152328e-04 -1.484154298649621899e-05 1.835390092429130279e-07 3.96 0.00023934617689 1.6e-09
-6.719666731905072417e-05 2.651673415781226062e+00 -1.313164961287189951e-02 1.707742998600434001e-04 2.606038967495833477e-05 -9.743448073253571030e-08 3.96 0.00023934617689 1.6e-09
3.974910512875456009e-05 3.938630811171883295e+00 -1.492918945831218577e-02 2.382019860543836849e-04 1.841007067838352706e-06 3.857411178053173295e-08 3.96 0.00023934617689 1.6e-09
7.502226043611641285e-05 3.084098102891769777e+00 -6.715612380951514401e-03 1.928516162415603989e-04 -1.997049472011844820e-05 1.200563204718418168e-07 3.96 0.00023934617689 1.6e-09
5.330627326320965502e-05 4.363795969803609953e-01 1.863878786237268452e-03 1.391312184019082054e-04 -3.791249069319692328e-05 -1.272940154700355526e-07 3.96 0.00023934617689 1.6e-09
7.634831476578781068e-05 2.405254569514938101e+00 -2.766173713045119720e-02 1.586581829455407401e-04 2.938261911186799117e-05 -1.761721451902593965e-07 3.96 0.00023934617689 1.6e-09
7.624779728712793706e-05 3.890586412312062592e+00 -2.588484257454686660e-02 2.356324527176774700e-04 3.369708870654704687e-06 1.347612111038167215e-07 3.96 0.00023934617689 1.6e-09
-2.132203049220206926e-05 3.195849251888683185e+00 -5.426730911130404900e-03 1.987011447471138384e-04 -1.805989128043295264e-05 2.468057049387193982e-07 3.96 0.00023934617689 1.6e-09
6.275511279621230306e-05 5.003518039443979326e-01 6.544042674200705595e-03 1.287004067233268228e-04 -4.919337593752790829e-05 -7.638796093522310736e-07 3.96 0.00023934617689 1.6e-09
-3.944029254718075698e-05 2.216345020642865649e+00 -3.529797414353817719e-02 1.496654095560220692e-04 3.205716978938843564e-05 -1.257841084931469275e-07 3.96 0.00023934617689 1.6e-09
-1.604800524138334951e-05 3.847631522333709420e+00 -2.118503088481945434e-02 2.333361385884985095e-04 4.481696067111225627e-06 2.710739222564544623e-07 3.96 0.00023934617689 1.6e-09
-4.446628877641416243e-05 3.264616903699409267e+00 1.029620261770204659e-02 2.023230340379392634e-04 -1.678630150218546999e-05 3.018169987798045259e-07 3.96 0.00023934617689 1.6e-09
5.163372970635632554e-06 5.626284483565402450e-01 1.245119824423675942e-02 1.214950869006957743e-04 -5.394405445472669506e-05 -1.576989569483007475e-06 3.96 0.00023934617689 1.6e-09
-6.971639931816038733e-05 2.081050125002037454e+00 -3.606804298285887916e-02 1.434218476021054405e-04 3.407488510282021845e-05 6.913491639895469169e-08 3.96 0.00023934617689 1.6e-09
1.058722809395809577e-04 3.817100076827789401e+00 -2.589344318553814337e-03 2.317031490189516252e-04 5.275945248142838116e-06 4.225241201110603832e-07 3.96 0.00023934617689 1.6e-09
-9.906977859047254038e-05 3.315147875219910389e+00 3.687850804587362863e-02 2.049886547205574693e-04 -1.586201264943333820e-05 2.828406600214311732e-07 3.96 0.00023934617689 1.6e-09
4.746794101095279210e-05 6.212629851516676682e-01 1.883475752321424335e-02 1.165853145314078864e-04 -5.601615384100293890e-05 -2.413316934137395582e-06 3.96 0.00023934617689 1.6e-09
-4.986294683700762023e-05 1.975315811888074480e+00 -3.135251136641388492e-02 1.386758948428832737e-04 3.573934242589482701e-05 3.861576849652993678e-07 3.96 0.00023934617689 1.6e-09
9.461803300708340248e-05 3.795793260160664317e+00 2.591754351099401221e-02 2.305600910689878423e-04 5.941065579170326822e-06 5.712954645617523536e-07 3.96 0.00023934617689 1.6e-09
-9.471000217992267122e-05 3.362851937654862233e+00 7.000457597690867839e-02 2.075036632727652653e-04 -1.505873207794705454e-05 2.057000802379059533e-07 3.96 0.00023934617689 1.6e-09
-6.153306226423708276e-06 6.855236120990765292e-01 2.562639302596054353e-02 1.127628879876974271e-04 -5.686261570077373644e-05 -3.149273962316681751e-06 3.96 0.00023934617689 1.6e-09
-5.995942058441915243e-06 1.874312512553174326e+00 -2.257047044590921106e-02 1.342681579245265605e-04 3.741294743133591328e-05 7.960646061860638383e-07 3.96 0.00023934617689 1.6e-09
-3.630195641949808701e-05 3.778342216408554943e+00 6.070276929101862950e-02 2.296186759759533363e-04 6.628709629368860661e-06 7.066432450538402716e-07 3.96 0.00023934617689 1.6e-09
7.022376213601701092e-05 3.418147988259004677e+00 1.063330060784487829e-01 2.104188886383076638e-04 -1.420173898749051592e-05 8.989653667727789496e-08 3.96 0.00023934617689 1.6e-09
2.976253579257214481e-05 7.710916445987741064e-01 3.353255875933212199e-02 1.095464579837289822e-04 -5.675493426306542192e-05 -3.672442929960985096e-06 3.96 0.00023934617689 1.6e-09
-5.513177741146329305e-05 1.754951316737859646e+00 -1.178487840476656959e-02 1.292520240665510000e-04 3.948146014155080841e-05 1.269352884068057245e-06 3.96 0.00023934617689 1.6e-09
-1.050528888427016398e-04 3.758186999324585553e+00 9.779218907133138683e-02 2.285281907984354596e-04 7.457333505653781152e-06 8.230541790893928068e-07 3.96 0.00023934617689 1.6e-09
-8.032990241902712811e-05 3.486896122447297408e+00 1.427180890166124816e-01 2.140519130727071111e-04 -1.313409198630087511e-05 -4.029086625219919315e-08 3.96 0.00023934617689 1.6e-09
-5.218836511141368000e-05 8.979930245122417221e-01 4.378794359482771070e-02 1.075914561397038963e-04 -5.525171673665307050e-05 -3.895015303861551206e-06 3.96 0.00023934617689 1.6e-09
-1.242497977756604021e-05 1.597583805518736355e+00 -2.268928624349856021e-03 1.230589145155024154e-04 4.229600747768613007e-05 1.770732232528105427e-06 3.96 0.00023934617689 1.6e-09
-4.965392075270932720e-05 3.726258822795898595e+00 1.318383276521048475e-01 2.268067380515964245e-04 8.507161743580255131e-06 9.186079423426426055e-07 3.96 0.00023934617689 1.6e-09
7.631761224554285954e-06 3.565660407832044854e+00 1.751104681327140811e-01 2.182279009778383529e-04 -1.186249010003583417e-05 -1.567869626101881430e-07 3.96 0.00023934617689 1.6e-09
4.811325444387270123e-05 1.077680471839434162e+00 5.686852636892690549e-02 1.085076068501595161e-04 -5.208698665828599987e-05 -3.817261514317080653e-06 3.96 0.00023934617689 1.6e-09
-2.166708979509467369e-05 1.397225479210196131e+00 2.426528006789096907e-03 1.161103827015009127e-04 4.601948069454246708e-05 2.254932069388075739e-06 3.96 0.00023934617689 1.6e-09
-3.914434387829652157e-05 3.672904890326788241e+00 1.570445836097419667e-01 2.239474855919047151e-04 9.765610401365072126e-06 9.942851505686370145e-07 3.96 0.00023934617689 1.6e-09
5.969385547634132227e-06 3.637309777251240384e+00 1.989631191668504995e-01 2.220452964501879985e-04 -1.050308951558100748e-05 -2.391669791163435653e-07 3.96 0.00023934617689 1.6e-09
5.163181799637525985e-05 1.285153011561327219e+00 7.035014265531254474e-02 1.128349975251786400e-04 -4.803887941933226741e-05 -3.572963117820936144e-06 3.96 0.00023934617689 1.6e-09
-2.467552393265113318e-05 1.184933939322551089e+00 1.972749070431257384e-03 1.104452679592919390e-04 5.008330469119369075e-05 2.685605212772780789e-06 3.96 0.00023934617689 1.6e-09
4.289316654815788501e-05 3.599990655677808959e+00 1.719307455849912181e-01 2.200631346739785089e-04 1.104615605993780541e-05 1.052650739912451022e-06 3.96 0.00023934617689 1.6e-09
7.318329209559810956e-05 3.682751186714155800e+00 2.129975369116652306e-01 2.244828143789774719e-04 -9.315125965689683059e-06 -2.918433886661445675e-07 3.96 0.00023934617689 1.6e-09
-8.220892880878279081e-06 1.462528086405515015e+00 7.997921031804891556e-02 1.182564949223842719e-04 -4.458155076336504198e-05 -3.339736980003807278e-06 3.96 0.00023934617689 1.6e-09
1.559296564305258934e-05 1.016070366336703890e+00 1.182423558102837808e-04 1.078987634113952998e-04 5.322079263696711127e-05 3.058904607752313419e-06 3.96 0.00023934617689 1.6e-09
7.880816209992088349e-05 3.527482515937083729e+00 1.807568787726215875e-01 2.162204549308571863e-04 1.209061810125308014e-05 1.090140819787491930e-06 3.96 0.00023934617689 1.6e-09
1.322163075602176868e-05 3.699601400497058545e+00 2.202643836499975083e-01 2.254013533862875914e-04 -8.479855991039444665e-06 -3.391950130959824203e-07 3.96 0.00023934617689 1.6e-09
-2.444985072698613998e-05 1.572567374807357421e+00 8.373849925746404410e-02 1.221799547875087504e-04 -4.244600125828094131e-05 -3.206139416495587477e-06 3.96 0.00023934617689 1.6e-09
-3.528802777936136290e-05 9.178418597583831717e-01 1.041610401123350786e-04 1.076430709210004762e-04 5.480338475616204044e-05 3.393888018998057408e-06 3.96 0.00023934617689 1.6e-09
5.653304335263320578e-05 3.474813553704984237e+00 1.875738298059030362e-01 2.134436945242853146e-04 1.271493890529704684e-05 1.095413745736163236e-06 3.96 0.00023934617689 1.6e-09
-1.813286302866138174e-05 3.695147660559123803e+00 2.233105431466453072e-01 2.251814859742157010e-04 -8.079913885760349923e-06 -4.012664699972035197e-07 3.96 0.00023934617689 1.6e-09
2.016017141224823292e-05 1.609606286519343010e+00 8.146230377327942640e-02 1.236013740482890715e-04 -4.166347563493035097e-05 -3.173337835371987959e-06 3.96 0.00023934617689 1.6e-09
-6.770801724118426582e-06 8.861485665485693275e-01 3.108451336103914154e-03 1.078661358564551279e-04 5.513151069250027631e-05 3.685139326793144095e-06 3.96 0.00023934617689 1.6e-09
8.682161056877490219e-05 3.449201741282815092e+00 1.933148263058427629e-01 2.121061256469879770e-04 1.285041563829032478e-05 1.056361794970938899e-06 3.96 0.00023934617689 1.6e-09
-8.203622417205822068e-05 3.673488844236703521e+00 2.221469619112824145e-01 2.240415031443144796e-04 -8.123042163813449509e-06 -4.851472734963904048e-07 3.96 0.00023934617689 1.6e-09
1.648069933274756262e-05 1.575831000424928741e+00 7.300833519360272472e-02 1.223849694296728885e-04 -4.215897947839422372e-05 -3.212219159550140349e-06 3.96 0.00023934617689 1.6e-09
-5.595747826117345521e-06 9.150244084849883386e-01 9.780190233507055075e-03 1.078001525206270328e-04 5.451967604289859363e-05 3.863982877616820630e-06 3.96 0.00023934617689 1.6e-09
7.177172286182921979e-06 3.451090573035927811e+00 1.969162764325648185e-01 2.122254917109833131e-04 1.249446551038929551e-05 9.623585192701309538e-07 3.96 0.00023934617689 1.6e-09
-1.007088989634570450e-04 3.634113469545310338e+00 2.152652990077021378e-01 2.219567859831538198e-04 -8.626829855988659947e-06 -5.898206246904552116e-07 3.96 0.00023934617689 1.6e-09
-3.306727149017510870e-05 1.470835825342953873e+00 5.815079245539983566e-02 1.187178706216101599e-04 -4.398332175756952418e-05 -3.284379183161626837e-06 3.96 0.00023934617689 1.6e-09
1.557498273931326341e-05 1.008257500030503184e+00 2.105138492220881910e-02 1.080980869916990081e-04 5.276824617685924599e-05 3.824592927032422781e-06 3.96 0.00023934617689 1.6e-09
-3.819221597287743628e-05 3.479459804533634237e+00 1.967451098871063342e-01 2.137462805030782400e-04 1.165150769802756069e-05 8.059157108173306867e-07 3.96 0.00023934617689 1.6e-09
-3.534548483544417980e-05 3.576909900258968378e+00 2.009472258927201271e-01 2.189242149170783083e-04 -9.590648065036074600e-06 -7.090395978752715125e-07 3.96 0.00023934617689 1.6e-09
4.565982936364044521e-06 1.301430292792482790e+00 3.779320526310021855e-02 1.135537369755068137e-04 -4.713721358396643724e-05 -3.317711390398880984e-06 3.96 0.00023934617689 1.6e-09
-4.713675662112232678e-05 1.168128648434472172e+00 3.747777152393105132e-02 1.104010772885369415e-04 4.965706773759782770e-05 3.531406074306018169e-06 3.96 0.00023934617689 1.6e-09
1.006756719543001118e-04 3.530860974958197396e+00 1.925537981540511590e-01 2.164841459622128528e-04 1.042761676495089967e-05 5.941273385570228608e-07 3.96 0.00023934617689 1.6e-09
1.447885501510099636e-05 3.509885624948354543e+00 1.796367795162115977e-01 2.153696258184390128e-04 -1.088273708775772557e-05 -8.326213943068306721e-07 3.96 0.00023934617689 1.6e-09
5.411911652184568113e-05 1.103341853368970060e+00 1.575032869114674494e-02 1.092336125547252755e-04 -5.098239528402494789e-05 -3.173504915367062069e-06 3.96 0.00023934617689 1.6e-09
3.660855948064432782e-06 1.368181712969192887e+00 5.727205210429033022e-02 1.154892932026360441e-04 4.579048190056039759e-05 3.108840908083744396e-06 3.96 0.00023934617689 1.6e-09
8.453679399190087800e-05 3.593885540702371539e+00 1.868598688395777530e-01 2.198331237400634507e-04 9.125582999508845917e-06 3.629434980073854683e-07 3.96 0.00023934617689 1.6e-09
1.045395756842821828e-04 3.448980685970711946e+00 1.559729590756137041e-01 2.121357858337484569e-04 -1.220740536980791156e-05 -9.497418189208490729e-07 3.96 0.00023934617689 1.6e-09
-2.642077472984111268e-05 9.332761761330724548e-01 -2.587959256380863507e-03 1.078441707589673565e-04 -5.413990212367475067e-05 -2.733224250990602515e-06 3.96 0.00023934617689 1.6e-09
-2.910626578481941446e-05 1.553562354143391389e+00 7.591978641245240855e-02 1.216378072882110125e-04 4.240361269916074192e-05 2.718445273904075850e-06 3.96 0.00023934617689 1.6e-09
-9.931994611412541451e-06 3.651251528062616103e+00 1.815118986877012064e-01 2.228800293654456836e-04 8.048247013222030680e-06 1.565864671374186516e-07 3.96 0.00023934617689 1.6e-09
-2.770283796287866494e-05 3.405013959092653142e+00 1.347240080653805960e-01 2.097971352431519476e-04 -1.325819002370834770e-05 -1.046462161597044215e-06 3.96 0.00023934617689 1.6e-09
-2.691555230041801461e-05 8.201565723360191296e-01 -1.499841937539837800e-02 1.087705247304154811e-04 -5.584932772821698074e-05 -2.063129097146774907e-06 3.96 0.00023934617689 1.6e-09
-8.740281531425268997e-06 1.688093047215547093e+00 8.979596867050249065e-02 1.267026907702789704e-04 4.008698535287855049e-05 2.413051722830862901e-06 3.96 0.00023934617689 1.6e-09
2.329284071366667907e-05 3.693204610519042141e+00 1.754690888885163669e-01 2.251087983622552797e-04 7.314478234551512941e-06 -7.505799107237097473e-09 3.96 0.00023934617689 1.6e-09
-9.930418370919599118e-05 3.379477844267153586e+00 1.165427286104072091e-01 2.084340883582605584e-04 -1.394600956498581881e-05 -1.109245192458151372e-06 3.96 0.00023934617689 1.6e-09
-4.905227290855200290e-05 7.574908755836980978e-01 -2.273789494712419312e-02 1.101935735295427667e-04 -5.647307649920567840e-05 -1.338885656918743245e-06 3.96 0.00023934617689 1.6e-09
-5.000816094077561221e-05 1.768735025343223466e+00 9.809283225220230551e-02 1.299221300482473248e-04 3.877632783172281039e-05 2.174896217344992564e-06 3.96 0.00023934617689 1.6e-09
-1.121468189678347577e-04 3.720141333034091780e+00 1.673622906633090990e-01 2.265388366878881945e-04 6.918424623420278024e-06 -1.344355852068126268e-07 3.96 0.00023934617689 1.6e-09
-5.495999039375199500e-05 3.370397419526760530e+00 1.000733073628666814e-01 2.079421590481627378e-04 -1.430115350976818116e-05 -1.134365681580071471e-06 3.96 0.00023934617689 1.6e-09
1.047093744953168066e-05 7.305288394111038031e-01 -2.772190490684898340e-02 1.110331123346337205e-04 -5.666575065102818701e-05 -6.849883617552779229e-07 3.96 0.00023934617689 1.6e-09
3.867336267825288178e-05 1.805203119501697984e+00 1.015953608904744954e-01 1.314117991341381009e-04 3.822457918169769732e-05 1.978164955491760225e-06 3.96 0.00023934617689 1.6e-09
-1.253430692834244794e-05 3.736005495381125030e+00 1.567379349560078516e-01 2.273791701664950910e-04 6.774387260960649547e-06 -2.350505307685236808e-07 3.96 0.00023934617689 1.6e-09
-6.908157960033388509e-05 3.376504414557190970e+00 8.412423108610415923e-02 2.082537168751541685e-04 -1.436210744538695080e-05 -1.126104048527659994e-06 3.96 0.00023934617689 1.6e-09
5.061004300263402436e-05 7.306878114435765292e-01 -3.135173487735677667e-02 1.109749023250014181e-04 -5.675463481399365469e-05 -1.531348031930462479e-07 3.96 0.00023934617689 1.6e-09
2.757957394468624969e-05 1.804838662873125887e+00 1.013596627792062860e-01 1.313764049193142758e-04 3.830894058667584732e-05 1.806830789654005140e-06 3.96 0.00023934617689 1.6e-09
-5.975911348935012812e-05 3.744090779462547314e+00 1.435838073137061521e-01 2.278027851506779109e-04 6.873710228453566006e-06 -3.195869809341480312e-07 3.96 0.00023934617689 1.6e-09
6.232838022569506253e-05 3.398844336798912735e+00 6.782528897068648699e-02 2.094221422672752056e-04 -1.415685838476867706e-05 -1.091047179335521559e-06 3.96 0.00023934617689 1.6e-09
-4.224873597798893342e-06 7.579112221205095423e-01 -3.465440219843383962e-02 1.100265800262059998e-04 -5.673670880615345362e-05 2.416010040016118858e-07 3.96 0.00023934617689 1.6e-09
-4.684674979932454896e-05 1.767801454405566464e+00 9.812612681200454101e-02 1.298184359283405134e-04 3.903620875756759191e-05 1.650906449806626657e-06 3.96 0.00023934617689 1.6e-09
-3.402720544878650772e-05 3.745729857799641849e+00 1.275135277532927769e-01 2.278790712905947701e-04 7.217727245073007455e-06 -3.986413251186388925e-07 3.96 0.00023934617689 1.6e-09
-7.801176966587952796e-05 3.441125162426716066e+00 4.996830483976720527e-02 2.116462005965051856e-04 -1.362562849391931488e-05 -1.034461866544528212e-06 3.96 0.00023934617689 1.6e-09
3.041277499750703927e-05 8.217385955638984996e-01 -3.868179624488164714e-02 1.084853454502275215e-04 -5.629353910735013580e-05 5.034941635654671561e-07 3.96 0.00023934617689 1.6e-09
-3.972198220106498213e-05 1.685536329273676692e+00 9.191545822731306270e-02 1.264735124349995645e-04 4.057553653946765050e-05 1.493446567706936672e-06 3.96 0.00023934617689 1.6e-09
6.997199219631338894e-06 3.739083739335655299e+00 1.065818167781706349e-01 2.275076588330906787e-04 7.870607610865351674e-06 -4.869205786474087229e-07 3.96 0.00023934617689 1.6e-09
7.127473107967647464e-05 3.507749135528173134e+00 2.780734193864586520e-02 2.151622084488400278e-04 -1.273638269592655510e-05 -9.571063790157523438e-07 3.96 0.00023934617689 1.6e-09
4.944221734918801677e-05 9.430666707912223057e-01 -4.496327563397678473e-02 1.075066879798672591e-04 -5.462837100086672575e-05 6.701564912196409273e-07 3.96 0.00023934617689 1.6e-09
-2.833706081920199320e-05 1.541863710148000610e+00 8.152812886161737993e-02 1.210016127332876810e-04 4.327947807106516072e-05 1.283747948048622615e-06 3.96 0.00023934617689 1.6e-09
6.867371444233860733e-05 3.716507969596154481e+00 7.562554975054147643e-02 2.262806429601607345e-04 8.907307741384639629e-06 -6.061980051464041173e-07 3.96 0.00023934617689 1.6e-09
8.562065142796521024e-05 3.596517635251903933e+00 -4.365085255351888391e-03 2.198676106819424611e-04 -1.143279277530304106e-05 -8.495028558302442880e-07 3.96 0.00023934617689 1.6e-09
2.923239887946447275e-07 1.143778173136683618e+00 -5.585262068151161663e-02 1.095825369243753444e-04 -5.096398800282251956e-05 8.479026252468248271e-07 3.96 0.00023934617689 1.6e-09
4.240227776388887348e-05 1.326276713328227386e+00 6.534668540782559432e-02 1.139485860549364329e-04 4.743793759946487114e-05 9.121381312171897928e-07 3.96 0.00023934617689 1.6e-09
-2.225176624460811553e-05 3.663407312219521206e+00 2.786825843436057520e-02 2.234276743234434113e-04 1.033643157559905020e-05 -7.722055965902663077e-07 3.96 0.00023934617689 1.6e-09
7.778096322568958925e-06 3.686121213639493188e+00 -5.261501296013244844e-02 2.246424383539847788e-04 -9.861896245435172715e-06 -6.890234285335006901e-07 3.96 0.00023934617689 1.6e-09
-4.246017031867710688e-05 1.402979349396648701e+00 -7.298219859214981342e-02 1.162581670363161453e-04 -4.596063269272546810e-05 1.168948547946108027e-06 3.96 0.00023934617689 1.6e-09
9.982300537456819116e-06 1.072177211461628810e+00 4.587894222176371051e-02 1.084048455950939872e-04 5.241829247746839036e-05 2.664114372468373514e-07 3.96 0.00023934617689 1.6e-09
9.703370943388527189e-05 3.574451198132288177e+00 -3.286858816428708113e-02 2.186855342931293632e-04 1.195157483698244878e-05 -9.517509338949981256e-07 3.96 0.00023934617689 1.6e-09
6.482479286315699315e-05 3.746943873094851440e+00 -1.102245349566398358e-01 2.279049093659676916e-04 -8.349409887269857946e-06 -4.637345899427698067e-07 3.96 0.00023934617689 1.6e-09
-5.639954460196021482e-05 1.644283583423358452e+00 -9.141000331557505576e-02 1.248094059403833354e-04 -4.146259604979280551e-05 1.597920210309612378e-06 3.96 0.00023934617689 1.6e-09
-3.697890193439006603e-05 8.591263452279620516e-01 2.910091299572699353e-02 1.078630980603514450e-04 5.606448553157942995e-05 -6.934821554148687655e-07 3.96 0.00023934617689 1.6e-09
1.061584389452438905e-04 3.474509080201349853e+00 -8.959860836700103692e-02 2.133873618838489999e-04 1.346476622787714901e-05 -1.069152799518859194e-06 3.96 0.00023934617689 1.6e-09
-1.299736831540225659e-05 3.778209125946671243e+00 -1.576269379598073117e-01 2.295956710598080633e-04 -7.094776860327887881e-06 -2.013910232296233633e-07 3.96 0.00023934617689 1.6e-09
4.029566935996159563e-05 1.826498731241828155e+00 -1.012837396018342884e-01 1.322024032676871394e-04 -3.821865297444273775e-05 1.944001229901499338e-06 3.96 0.00023934617689 1.6e-09
-2.574131118664355452e-05 7.192522104838232622e-01 1.640507826688052465e-02 1.112221703468631344e-04 5.715787890967533345e-05 -1.925657073523093319e-06 3.96 0.00023934617689 1.6e-09
3.013605303249484942e-05 3.389143561607189881e+00 -1.314229432971140699e-01 2.088795925098741488e-04 1.471655129558282631e-05 -1.076897336634837733e-06 3.96 0.00023934617689 1.6e-09
-6.932937536561925660e-05 3.798374130556201766e+00 -1.838243116109880837e-01 2.306882603774987480e-04 -6.104385707840869388e-06 6.182461314528054847e-08 3.96 0.00023934617689 1.6e-09
3.515646520380963781e-05 1.966391985076662019e+00 -9.854898788062232962e-02 1.382599673634552146e-04 -3.584990145962279782e-05 2.099027982980220204e-06 3.96 0.00023934617689 1.6e-09
4.522295778099901041e-05 6.278237731670721633e-01 6.537999698027208151e-03 1.160796801597388853e-04 5.625550506055104880e-05 -3.279204802945842025e-06 3.96 0.00023934617689 1.6e-09
6.831415472133601390e-05 3.320329876351267195e+00 -1.555279891856902741e-01 2.052527249794890997e-04 1.579419206181089451e-05 -9.690932427068371480e-07 3.96 0.00023934617689 1.6e-09
8.553516990412534206e-05 3.821969962629726325e+00 -1.875927516138526374e-01 2.319570778356248831e-04 -5.234520065141517045e-06 2.989466450833447261e-07 3.96 0.00023934617689 1.6e-09
-3.080557169470875175e-05 2.099152364869969034e+00 -8.464171759568220321e-02 1.442346004082966770e-04 -3.375461599237798498e-05 2.042064037425445792e-06 3.96 0.00023934617689 1.6e-09
2.474546860564401187e-05 5.550060285077911271e-01 -6.737817660065045702e-04 1.221929918926622691e-04 5.352326564307598612e-05 -4.574615078767836277e-06 3.96 0.00023934617689 1.6e-09
-5.199856515015376579e-05 3.254757095607831108e+00 -1.605122039601156181e-01 2.017961856345419354e-04 1.695990481714744729e-05 -7.610141604192137703e-07 3.96 0.00023934617689 1.6e-09
1.153343843453684967e-04 3.857521136385311245e+00 -1.699403630199000093e-01 2.338603312041749127e-04 -4.250018567546012769e-06 4.849079326549474559e-07 3.96 0.00023934617689 1.6e-09
2.199337633236839613e-05 2.261241646971522634e+00 -6.195638930970817637e-02 1.517673146118145181e-04 -3.138506752205414248e-05 1.785139722358649585e-06 3.96 0.00023934617689 1.6e-09
4.294891177997835121e-05 4.843524715559041072e-01 -4.071712222201010964e-03 1.309049394424744610e-04 4.709377506353245625e-05 -5.661214773409638915e-06 3.96 0.00023934617689 1.6e-09
-5.677534474674359447e-05 3.169823825417829255e+00 -1.454148053420859510e-01 1.973290223773526233e-04 1.851282768513072129e-05 -4.828738010374234039e-07 3.96 0.00023934617689 1.6e-09
2.429077130704650444e-05 3.906974376447721831e+00 -1.329415165108668584e-01 2.365054848193087495e-04 -2.934183103538961148e-06 5.967288845306660343e-07 3.96 0.00023934617689 1.6e-09
-7.191755457424502931e-05 2.481541049002775612e+00 -3.252043993728785665e-02 1.623610868642209751e-04 -2.833699762158554166e-05 1.381939093386154582e-06 3.96 0.00023934617689 1.6e-09
-4.354525134747982073e-05 4.190114198941303769e-01 -2.338412417401015443e-03 1.425703350072558893e-04 3.201719245873518925e-05 -6.345184268913420784e-06 3.96 0.00023934617689 1.6e-09
-7.573488695056938998e-05 3.031025133991410936e+00 -1.160327645016190623e-01 1.900889659987267427e-04 2.079532826034319678e-05 -2.082230032987146743e-07 3.96 0.00023934617689 1.6e-09
-3.664653177853993904e-05 3.953845121527578943e+00 -8.667318443496727087e-02 2.390138142026268118e-04 -1.195357522867378138e-06 6.291098409105349562e-07 3.96 0.00023934617689 1.6e-09
2.187667640224586472e-05 2.749362072584280448e+00 -1.473080725611525602e-03 1.756748221499097417e-04 -2.476537501659752593e-05 9.684148493687004069e-07 3.96 0.00023934617689 1.6e-09
5.031630523987093342e-05 3.855966010314307857e-01 3.971817776584186596e-03 1.504956259498058785e-04 4.000819462637037771e-06 -6.336571428886091053e-06 3.96 0.00023934617689 1.6e-09
-2.044308341629063984e-05 2.807837428232544230e+00 -9.257868760155717192e-02 1.786374907460819999e-04 2.395112923804150427e-05 -6.349588064128148733e-08 3.96 0.00023934617689 1.6e-09
9.129178233160523657e-05 3.958885863664280524e+00 -5.464110260782559236e-02 2.392844510248920843e-04 7.549073229448264494e-07 6.303937411455640812e-07 3.96 0.00023934617689 1.6e-09
3.280842104458576785e-05 2.985671472867831078e+00 1.983729127881916562e-02 1.877441388883555387e-04 -2.148223530185933183e-05 7.305300951668259362e-07 3.96 0.00023934617689 1.6e-09
2.827025133712340779e-05 4.064686946992219774e-01 1.213843225221684571e-02 1.454478522858852502e-04 -2.580394490489686370e-05 -5.723420919408356582e-06 3.96 0.00023934617689 1.6e-09
-6.399657852430748169e-05 2.542040040215533203e+00 -8.403520219087488863e-02 1.653313288255834138e-04 2.752502018300022441e-05 -1.506914124480546159e-08 3.96 0.00023934617689 1.6e-09
6.984834851722439742e-05 3.920197598768973890e+00 -3.859917507467029718e-02 2.372141560940463486e-04 2.559449854352705590e-06 6.831127029905352457e-07 3.96 0.00023934617689 1.6e-09
6.505849720648312472e-05 3.142576203253812039e+00 3.578505368959754296e-02 1.959020096818949569e-04 -1.902665282375289789e-05 6.613447082477737567e-07 3.96 0.00023934617689 1.6e-09
1.682109066772634844e-05 4.659312794509269384e-01 2.088922042352638758e-02 1.338498655152623373e-04 -4.396405336585892688e-05 -5.300120594928610094e-06 3.96 0.00023934617689 1.6e-09
-1.759307032662583907e-05 2.310250316299638840e+00 -7.826045153188898595e-02 1.540877166200064628e-04 3.074357538546896641e-05 1.208630112829080004e-07 3.96 0.00023934617689 1.6e-09
5.426394657476593588e-05 3.874331334890837031e+00 -1.704908138288378783e-02 2.347589519492646189e-04 3.992969435462219860e-06 8.022999885656472129e-07 3.96 0.00023934617689 1.6e-09
1.014505688768555338e-05 3.245702362456245105e+00 6.165691926293474789e-02 2.013134557280395632e-04 -1.726310664037637686e-05 6.063557710032239099e-07 3.96 0.00023934617689 1.6e-09
-1.670607497106662250e-05 5.414383728871219326e-01 3.048587257403738773e-02 1.236279559119999065e-04 -5.242937087660630414e-05 -5.360184475038824237e-06 3.96 0.00023934617689 1.6e-09
-1.928248476983986001e-05 2.125652879044201526e+00 -6.862487903091853136e-02 1.454362342070013216e-04 3.347972905962203589e-05 4.269044858172019901e-07 3.96 0.00023934617689 1.6e-09
-6.002348699925052827e-05 3.837653750386631035e+00 1.770774348276056218e-02 2.327921085825223170e-04 5.148015055234909942e-06 9.586305847543378994e-07 3.96 0.00023934617689 1.6e-09
-3.470087573174648784e-05 3.328516480961890345e+00 1.000158233963122367e-01 2.056736651345421373e-04 -1.585983402628553284e-05 5.008046242233279419e-07 3.96 0.00023934617689 1.6e-09
-4.805543933694649521e-05 6.309646837013752618e-01 4.170095533446585567e-02 1.158275882231085013e-04 -5.601360142397803670e-05 -5.618401045393607472e-06 3.96 0.00023934617689 1.6e-09
2.096544366332825040e-05 1.961344599941367894e+00 -5.475885061835446960e-02 1.380208107704883000e-04 3.608787698823055269e-05 8.952632135031541865e-07 3.96 0.00023934617689 1.6e-09
3.657380702595177952e-05 3.808070397394145878e+00 6.343190752482862071e-02 2.311992825966637010e-04 6.216461610063389382e-06 1.126858149771006105e-06 3.96 0.00023934617689 1.6e-09
-3.113686256351985867e-05 3.413215251714554643e+00 1.472060284747249148e-01 2.101405523687371662e-04 -1.450302811299059678e-05 3.502117385612950269e-07 3.96 0.00023934617689 1.6e-09
3.295581105628791829e-05 7.526650293420396043e-01 5.645718615298322973e-02 1.100020893065522740e-04 -5.669530531084324241e-05 -5.741549633960994398e-06 3.96 0.00023934617689 1.6e-09
-7.233631885250365169e-06 1.781248616917594507e+00 -3.913607140864321099e-02 1.302966996227266012e-04 3.913048309073723996e-05 1.489811709939154692e-06 3.96 0.00023934617689 1.6e-09
-7.909447394883299134e-05 3.775542825998779328e+00 1.148873517982661324e-01 2.294423711700235933e-04 7.429239912312483898e-06 1.296150943334116807e-06 3.96 0.00023934617689 1.6e-09
-7.467313120106823358e-06 3.509723314156414364e+00 1.987576950871454418e-01 2.152450849272589950e-04 -1.298003030210577095e-05 1.858399353656683098e-07 3.96 0.00023934617689 1.6e-09
-2.881558284091095205e-05 9.355701858144561678e-01 7.760305111133176947e-02 1.074285125754380289e-04 -5.447436118996822079e-05 -5.542218469540076715e-06 3.96 0.00023934617689 1.6e-09
-5.583818283456893966e-06 1.554960969002042503e+00 -2.647025359212983042e-02 1.214454601457760018e-04 4.315558556078603295e-05 2.166026741871792154e-06 3.96 0.00023934617689 1.6e-09
-6.292221252254112857e-05 3.724117946009894098e+00 1.648389783822331589e-01 2.266753027050124713e-04 8.879198367173233642e-06 1.466642607185044449e-06 3.96 0.00023934617689 1.6e-09
-4.209992838015523396e-05 3.608289753529960731e+00 2.491188305896037680e-01 2.204827130223660926e-04 -1.127866802121678119e-05 4.187088952983911226e-08 3.96 0.00023934617689 1.6e-09
7.422029552428969557e-06 1.183935986012377040e+00 1.052502333171978915e-01 1.103506912792951442e-04 -4.984101993508229791e-05 -5.121453594355883452e-06 3.96 0.00023934617689 1.6e-09
-6.517249244292582498e-06 1.286474339299537029e+00 -2.076370886715686592e-02 1.128479264291206319e-04 4.818931554092358569e-05 2.879997051725465035e-06 3.96 0.00023934617689 1.6e-09
4.961318122341879319e-05 3.641486602671923478e+00 2.067541792596221117e-01 2.222585297315574191e-04 1.048939625797916180e-05 1.639049109164505710e-06 3.96 0.00023934617689 1.6e-09
6.019846212104890836e-05 3.681013558965031240e+00 2.923812935852073691e-01 2.243710639074313865e-04 -9.652355719543939252e-06 -7.393279922932799289e-08 3.96 0.00023934617689 1.6e-09
-2.575398849300269432e-05 1.434581394283180877e+00 1.323720427760806950e-01 1.172817041504932618e-04 -4.495270517019013670e-05 -4.774350984079862974e-06 3.96 0.00023934617689 1.6e-09
-2.941060864094384214e-05 1.041011501614920398e+00 -1.983119951546483822e-02 1.080693180372000080e-04 5.284639075643964500e-05 3.620530975676027714e-06 3.96 0.00023934617689 1.6e-09
-5.728090476560382789e-05 3.543004977435861846e+00 2.405420672278666960e-01 2.170254507560437677e-04 1.199978913674467691e-05 1.797117685743995209e-06 3.96 0.00023934617689 1.6e-09
-3.802936576197680883e-05 3.716204662663038505e+00 3.264941016610912738e-01 2.262714509127946813e-04 -8.347075507792330154e-06 -1.883269780786531658e-07 3.96 0.00023934617689 1.6e-09
-3.757783466218481600e-05 1.619991618247052845e+00 1.511533873871574452e-01 1.239106276691195039e-04 -4.142830365514423241e-05 -4.635248599845492940e-06 3.96 0.00023934617689 1.6e-09
3.620109154616396797e-05 8.763908192791649565e-01 -1.846333744760207327e-02 1.077834689130310929e-04 5.550815606800584050e-05 4.438020381263268677e-06 3.96 0.00023934617689 1.6e-09
6.677591057009207550e-05 3.458867437405598544e+00 2.700979965925644488e-01 2.125778435299135972e-04 1.312137111910744381e-05 1.908509454227186319e-06 3.96 0.00023934617689 1.6e-09
3.578175154419572027e-05 3.727142116705804309e+00 3.524898812576161555e-01 2.268752047742549787e-04 -7.475082099295843391e-06 -3.288306905727169617e-07 3.96 0.00023934617689 1.6e-09
-1.839264251766989364e-05 1.732221679023151495e+00 1.595332815128777948e-01 1.283528438558054706e-04 -3.932634487791237724e-05 -4.651444638237530467e-06 3.96 0.00023934617689 1.6e-09
-3.591064637160973274e-05 7.861680830032560241e-01 -1.453204829973755302e-02 1.092447940441155477e-04 5.640163834716410669e-05 5.383071786814025881e-06 3.96 0.00023934617689 1.6e-09
-7.008810915324491144e-06 3.401240572954607799e+00 2.971686804128850223e-01 2.095435432266894030e-04 1.383208806301380970e-05 1.950585010897591552e-06 3.96 0.00023934617689 1.6e-09
8.991799721603263660e-05 3.726845312886578387e+00 3.707966570900476100e-01 2.268733834503799496e-04 -6.969230994839993789e-06 -5.021061129654774477e-07 3.96 0.00023934617689 1.6e-09
3.297582335242919274e-05 1.789271753015987620e+00 1.582989018259656488e-01 1.307155365959965297e-04 -3.825214662967002055e-05 -4.739180235312150132e-06 3.96 0.00023934617689 1.6e-09
4.123863949387403401e-05 7.441093374283604955e-01 -7.857241361602540497e-03 1.104970768549311879e-04 5.645170190780515870e-05 6.414058881430697143e-06 3.96 0.00023934617689 1.6e-09
5.365323880613141402e-05 3.367664565802909848e+00 3.211422414089588617e-01 2.077829035461488676e-04 1.418312876592105669e-05 1.916656659925083025e-06 3.96 0.00023934617689 1.6e-09
3.918170066903702150e-05 3.720628787813696992e+00 3.809490976678930885e-01 2.265511959862111127e-04 -6.739825237047746614e-06 -7.012566616129716763e-07 3.96 0.00023934617689 1.6e-09
-4.824276355426806783e-06 1.806118152627574913e+00 1.485707030224638348e-01 1.314386061936373309e-04 -3.789995235762128295e-05 -4.838367744452335084e-06 3.96 0.00023934617689 1.6e-09
4.595370132506061938e-05 7.330205751262710567e-01 1.502606303959891192e-03 1.109292636852690216e-04 5.627075365844396327e-05 7.405338789854783356e-06 3.96 0.00023934617689 1.6e-09
9.040090967438497451e-05 3.352866615687028151e+00 3.405350987418198083e-01 2.070131971390822175e-04 1.425293865920304830e-05 1.808164986895844221e-06 3.96 0.00023934617689 1.6e-09
1.199091876626593312e-05 3.708748496393678540e+00 3.821857348283523859e-01 2.259245259238243072e-04 -6.748702185801754860e-06 -9.158731523502012262e-07 3.96 0.00023934617689 1.6e-09
-2.345045810444046374e-06 1.787845904477964876e+00 1.311211047916283623e-01 1.306989764284403280e-04 -3.817185477697998899e-05 -4.914986653155575523e-06 3.96 0.00023934617689 1.6e-09
4.157819409693760623e-05 7.475548641852052256e-01 1.383184399624365346e-02 1.104869228340696037e-04 5.599962491795590087e-05 8.181503167633289781e-06 3.96 0.00023934617689 1.6e-09
6.208324095847330272e-05 3.353766791664353875e+00 3.535179597604573565e-01 2.070724900299124934e-04 1.405684785598289649e-05 1.626697623718222511e-06 3.96 0.00023934617689 1.6e-09
1.014263359154420698e-04 3.687890613588235666e+00 3.733814054433941543e-01 2.248190971195569612e-04 -7.018140105203827348e-06 -1.136414556421584927e-06 3.96 0.00023934617689 1.6e-09
1.233557401591755477e-05 1.728416855606583091e+00 1.061333870493807174e-01 1.282954173773892732e-04 -3.916378673725037004e-05 -4.950787333543078348e-06 3.96 0.00023934617689 1.6e-09
-2.153707229787387860e-05 7.933921999649714563e-01 3.010319469963831929e-02 1.092985206783212283e-04 5.547794731020327377e-05 8.510409814510938001e-06 3.96 0.00023934617689 1.6e-09
8.448068702471313849e-05 3.370812551042200234e+00 3.574771132553951070e-01 2.079880632956469235e-04 1.352566693245314892e-05 1.367196816617157209e-06 3.96 0.00023934617689 1.6e-09
7.800602781763466855e-05 3.651069541407071295e+00 3.523003780137063945e-01 2.228664409755843126e-04 -7.627166483898195509e-06 -1.354001343190194236e-06 3.96 0.00023934617689 1.6e-09
5.417544373169528367e-05 1.609605693723567210e+00 7.317463340837954133e-02 1.236951177169246419e-04 -4.122606950113858994e-05 -4.919588328702515883e-06 3.96 0.00023934617689 1.6e-09
-5.196540089386605845e-05 8.900215723550295444e-01 5.235446961215391160e-02 1.080227012962680500e-04 5.411368289297592695e-05 8.101712697690176501e-06 3.96 0.00023934617689 1.6e-09
-6.266544829667985875e-05 3.408298187783578292e+00 3.480571464385734393e-01 2.099890801782869679e-04 1.254585039988039142e-05 1.012821697842476440e-06 3.96 0.00023934617689 1.6e-09
1.066526903485831844e-04 3.589131679530576324e+00 3.146098896948940071e-01 2.195838106079637023e-04 -8.742964745944412400e-06 -1.554467993596848791e-06 3.96 0.00023934617689 1.6e-09
5.364727206793570890e-05 1.408398491930741958e+00 3.257227792665244592e-02 1.167363552709536082e-04 -4.490158266279584896e-05 -4.711847630895711634e-06 3.96 0.00023934617689 1.6e-09
2.113697387918358087e-05 1.068712177246064376e+00 8.290763960847591374e-02 1.088148070028835098e-04 5.094689398252497369e-05 6.810685908384783339e-06 3.96 0.00023934617689 1.6e-09
-8.921256898056973046e-05 3.472824175263705015e+00 3.211310903127068128e-01 2.134230378418047963e-04 1.102593247928135337e-05 5.490229683549055826e-07 3.96 0.00023934617689 1.6e-09
-2.289769542522500243e-05 3.502656562005336482e+00 2.565857266092934075e-01 2.150052755050734453e-04 -1.041092422092153533e-05 -1.710307904384792497e-06 3.96 0.00023934617689 1.6e-09
-1.348513735493528070e-05 1.139653392996461401e+00 -9.450305670275469666e-03 1.099105447491132597e-04 -5.008905507952787409e-05 -3.970029051610893429e-06 3.96 0.00023934617689 1.6e-09
1.924849424550972559e-05 1.330483998176958060e+00 1.192913872462580405e-01 1.144408401119624005e-04 4.601897338679895790e-05 5.103395860751175011e-06 3.96 0.00023934617689 1.6e-09
8.300978532209997028e-05 3.561118504629268600e+00 2.832068085170250660e-01 2.181095241301010776e-04 9.221647626258897007e-06 3.452604134381489267e-08 3.96 0.00023934617689 1.6e-09
-5.682811020585452520e-05 3.417870432450738072e+00 1.876957325549790945e-01 2.105124403613952908e-04 -1.228334356985407238e-05 -1.803299752391385028e-06 3.96 0.00023934617689 1.6e-09
-3.738504998442813152e-05 8.990235063791880421e-01 -3.979649801758855521e-02 1.080293507108852650e-04 -5.446755520191855693e-05 -2.269254409232532276e-06 3.96 0.00023934617689 1.6e-09
-1.842245036132000147e-06 1.589971119868764715e+00 1.490998075060563921e-01 1.230077920587320343e-04 4.139141591879168713e-05 3.701380710819739378e-06 3.96 0.00023934617689 1.6e-09
6.385248288765500387e-05 3.643855008371929216e+00 2.464297697898755746e-01 2.224998069678878827e-04 7.692633907526114307e-06 -3.955868021880979103e-07 3.96 0.00023934617689 1.6e-09
-4.789834934831817184e-05 3.355678789479725310e+00 1.266414466378015802e-01 2.072095840831860878e-04 -1.382107169549673319e-05 -1.833756827802859234e-06 3.96 0.00023934617689 1.6e-09
1.715602704205191316e-05 7.491300655768944328e-01 -5.452849827961553375e-02 1.105884390088805779e-04 -5.607657237772131325e-05 1.709325575390866751e-08 3.96 0.00023934617689 1.6e-09
2.135003927060737946e-05 1.775440510994666266e+00 1.634058262519565985e-01 1.302494245086091248e-04 3.831253957395084936e-05 2.722204244031480085e-06 3.96 0.00023934617689 1.6e-09
4.283767488184611020e-05 3.698805649017660624e+00 2.107264201812747428e-01 2.254209735092932996e-04 6.640283483317326588e-06 -6.927105158479918703e-07 3.96 0.00023934617689 1.6e-09
6.386179218851085223e-05 3.309215407508878215e+00 7.705818677137235562e-02 2.047459634973749208e-04 -1.491943468238614545e-05 -1.789038846047564533e-06 3.96 0.00023934617689 1.6e-09
1.462061252868011659e-05 6.633086652606707823e-01 -5.922572367674353022e-02 1.142632626863821681e-04 -5.570879474685482263e-05 2.219456082203625687e-06 3.96 0.00023934617689 1.6e-09
2.212540437833937260e-05 1.898919695639003535e+00 1.636351643965588964e-01 1.354462018286615348e-04 3.633701305411661325e-05 1.974466471198010397e-06 3.96 0.00023934617689 1.6e-09
-9.571537050993623628e-05 3.728680003959857991e+00 1.729110101784546716e-01 2.270156265035681885e-04 5.884765996526406274e-06 -8.842865896141997901e-07 3.96 0.00023934617689 1.6e-09
-3.625233599161714902e-05 3.260843864361204325e+00 3.476878834607284585e-02 2.022013923355671892e-04 -1.581263682912066376e-05 -1.668929325807309844e-06 3.96 0.00023934617689 1.6e-09
1.158584300349485563e-05 6.010669404319555209e-01 -5.743528858053155439e-02 1.184754120293719857e-04 -5.409345434403492752e-05 4.202627204982542345e-06 3.96 0.00023934617689 1.6e-09
6.824314768030970309e-05 2.002788750111865301e+00 1.529437419965690159e-01 1.400197121706167115e-04 3.464355392191809969e-05 1.301499470800601285e-06 3.96 0.00023934617689 1.6e-09
-6.546192304312014384e-05 3.741647473706580129e+00 1.311434392366502832e-01 2.277191413067218638e-04 5.100535940855497401e-06 -9.953361739204851616e-07 3.96 0.00023934617689 1.6e-09
7.668856377320780026e-05 3.186354325415943656e+00 -3.174941323234871729e-03 1.983130016310249424e-04 -1.692018603771793271e-05 -1.472411558371843944e-06 3.96 0.00023934617689 1.6e-09
3.028099476857030382e-05 5.357090185817128258e-01 -4.879034143497543857e-02 1.248824935541230417e-04 -5.005597244089995452e-05 6.186749561759376145e-06 3.96 0.00023934617689 1.6e-09
-4.676171879332931600e-05 2.132943264292678887e+00 1.309466767952630062e-01 1.459579371301565685e-04 3.247269366465447426e-05 5.985504634612793811e-07 3.96 0.00023934617689 1.6e-09
5.572878368297450448e-05 3.742547012958445940e+00 8.154104801347378251e-02 2.277909103894256424e-04 3.943706893813320560e-06 -1.031984956104575838e-06 3.96 0.00023934617689 1.6e-09
3.053390942131031918e-05 3.051879886958209109e+00 -3.923413697085940260e-02 1.913504225576095246e-04 -1.873274919819776629e-05 -1.162411724208582549e-06 3.96 0.00023934617689 1.6e-09
-3.580601926363120640e-05 4.612428327557931418e-01 -3.119962996561710666e-02 1.356652166305782046e-04 -3.888471488731075527e-05 8.289490010768641714e-06 3.96 0.00023934617689 1.6e-09
6.619657792103877101e-05 2.332943198590378131e+00 9.282410699900821294e-02 1.554064268325855750e-04 2.918215955964960760e-05 -1.954969583637303471e-07 3.96 0.00023934617689 1.6e-09
-1.605993256081829790e-07 3.736459913832746338e+00 1.560267899487537482e-02 2.274955964022099832e-04 2.124307169019733534e-06 -9.983331667209572448e-07 3.96 0.00023934617689 1.6e-09
-3.299913060140641241e-06 2.829104864724440116e+00 -7.796508203672428139e-02 1.799583365627421133e-04 -2.176296148333766204e-05 -6.365903945068251927e-07 3.96 0.00023934617689 1.6e-09
-5.139840204291038200e-05 4.069478197911312600e-01 -6.061625386092606843e-03 1.468508202620489222e-04 -1.346905977708363733e-05 9.486123079301426921e-06 3.96 0.00023934617689 1.6e-09
3.334715637616283697e-06 2.608723302459988069e+00 4.183198296128197435e-02 1.688803894408136860e-04 2.500644867025528359e-05 -9.324357264746622927e-07 3.96 0.00023934617689 1.6e-09
9.322829221809954010e-05 3.741347211460244182e+00 -6.165653445677889144e-02 2.277626358752459098e-04 -1.902766597891721110e-07 -9.261916194531807392e-07 3.96 0.00023934617689 1.6e-09
-5.664827413910086861e-05 2.567209756299996926e+00 -1.175046831441701051e-01 1.668213987318035638e-04 -2.559516825277266408e-05 1.185535335088424342e-07 3.96 0.00023934617689 1.6e-09
-5.288907729782559876e-05 4.097150253368646577e-01 1.636691307688279556e-02 1.461029415616559046e-04 1.774746508574083894e-05 8.005668046259883881e-06 3.96 0.00023934617689 1.6e-09
-8.999383258149676454e-05 2.870393101173506878e+00 -1.145075082813933401e-03 1.820317497676309350e-04 2.138572651416411550e-05 -1.288340484459893696e-06 3.96 0.00023934617689 1.6e-09
6.168276573298810865e-05 3.759738808565072699e+00 -1.145740080102571612e-01 2.287206212193630521e-04 -2.188844251758965892e-06 -8.189594057277830248e-07 3.96 0.00023934617689 1.6e-09
-1.915832081294108804e-05 2.362252899777408377e+00 -1.375864990929174247e-01 1.567749955339856657e-04 -2.888120711059798609e-05 7.695884103654105434e-07 3.96 0.00023934617689 1.6e-09
4.098230785013432258e-05 4.504737344733255044e-01 2.753289038302619493e-02 1.374752225872518741e-04 3.735196602646733116e-05 5.200388010423693215e-06 3.96 0.00023934617689 1.6e-09
3.590632467511198226e-05 3.040262829782109488e+00 -3.290337553557587391e-02 1.907294875002357325e-04 1.910218421025638411e-05 -1.337247139817397896e-06 3.96 0.00023934617689 1.6e-09
-4.988801299731761231e-06 3.769081335063841909e+00 -1.387677587704015392e-01 2.291966220624839406e-04 -3.511588566409871831e-06 -6.487782503359023714e-07 3.96 0.00023934617689 1.6e-09
-6.191215014588299015e-05 2.222639049600928729e+00 -1.351657266081724429e-01 1.500990932753045273e-04 -3.119641748427335226e-05 1.186123552479509219e-06 3.96 0.00023934617689 1.6e-09
4.567040435039998648e-05 4.976804406521284641e-01 2.872574074697163693e-02 1.297196598890079211e-04 4.685710548701709985e-05 2.546203359930925927e-06 3.96 0.00023934617689 1.6e-09
-2.425576649708419830e-05 3.140024290764112713e+00 -6.071499665127558232e-02 1.958904998814175601e-04 1.773237372624896885e-05 -1.251764489839820526e-06 3.96 0.00023934617689 1.6e-09
-7.980249409068067474e-05 3.766545726490631907e+00 -1.491569623571607772e-01 2.290479106319267080e-04 -4.383523160741390775e-06 -4.228436095154558207e-07 3.96 0.00023934617689 1.6e-09
6.584723951224114404e-05 2.118100801356724183e+00 -1.203165300758693851e-01 1.452216838038052028e-04 -3.293251276493003321e-05 1.464570921734165169e-06 3.96 0.00023934617689 1.6e-09
3.895080547319494939e-05 5.438496192970588838e-01 2.332062705342492770e-02 1.238856930173295144e-04 5.170983947024658761e-05 2.195940981856973746e-07 3.96 0.00023934617689 1.6e-09
5.707442339640493426e-06 3.205321981737326187e+00 -8.803287336219370318e-02 1.992917315559922025e-04 1.676612581009720519e-05 -1.103561795871569285e-06 3.96 0.00023934617689 1.6e-09
-1.260639100733328989e-05 3.756076331537052226e+00 -1.535594484756406253e-01 2.284816621354481382e-04 -5.068338412420402182e-06 -1.570315784133718022e-07 3.96 0.00023934617689 1.6e-09
-2.747022898437086587e-05 2.025133212329363719e+00 -9.905031336791814134e-02 1.409954772005419816e-04 -3.444847852046722145e-05 1.672668888641366252e-06 3.96 0.00023934617689 1.6e-09
2.849556914500012849e-06 5.926671730463443089e-01 1.329351886678670734e-02 1.191423434137242479e-04 5.445262836401925071e-05 -1.791279977965548109e-06 3.96 0.00023934617689 1.6e-09
-4.653883883269128996e-05 3.256585392027528059e+00 -1.154097202624946861e-01 2.019742152886267166e-04 1.595328162245712318e-05 -9.214313660232308761e-07 3.96 0.00023934617689 1.6e-09
-7.245501925860969113e-05 3.740425640004279018e+00 -1.549858444424152548e-01 2.276419114597510421e-04 -5.689869273440912166e-06 1.322323739579962938e-07 3.96 0.00023934617689 1.6e-09
1.125227847406163042e-05 1.931668950798190565e+00 -7.456515158070585458e-02 1.368577420239415260e-04 -3.598920592108850042e-05 1.834811745298952583e-06 3.96 0.00023934617689 1.6e-09
-5.347051180363036156e-05 6.486217692871901752e-01 -3.289097993245631950e-04 1.150827596202019657e-04 5.591493235342870848e-05 -3.406362125166878033e-06 3.96 0.00023934617689 1.6e-09
4.210016614529295823e-05 3.302733716105119566e+00 -1.416748161360503189e-01 2.043979655374780833e-04 1.516965364847723297e-05 -7.222559714180737638e-07 3.96 0.00023934617689 1.6e-09
-7.221898604953080989e-05 3.720797398716748638e+00 -1.543283224743073889e-01 2.265910583152784953e-04 -6.321143073287041889e-06 4.250556224273127925e-07 3.96 0.00023934617689 1.6e-09
6.823020460036468833e-06 1.832806914082115490e+00 -4.916006711832984766e-02 1.326191726899094900e-04 -3.764415847750998538e-05 1.949430656174596947e-06 3.96 0.00023934617689 1.6e-09
2.405463829267582518e-05 7.147767907466632265e-01 -1.660661676236034959e-02 1.117438543248185209e-04 5.633127105422528868e-05 -4.510885747822888643e-06 3.96 0.00023934617689 1.6e-09
3.279307890402604969e-05 3.346736857794354592e+00 -1.640082311891263300e-01 2.067155886866520534e-04 1.438548284109967510e-05 -5.153439246296490893e-07 3.96 0.00023934617689 1.6e-09
-3.066844326405924527e-06 3.696485935566849790e+00 -1.506318282599817815e-01 2.252915083454133118e-04 -6.998031085819300833e-06 6.977677714308782436e-07 3.96 0.00023934617689 1.6e-09
5.709016380931336034e-05 1.724135004885005484e+00 -2.436947918452913447e-02 1.281485461700909451e-04 -3.950968753367656088e-05 1.993032543975039332e-06 3.96 0.00023934617689 1.6e-09
-4.967168485219888299e-05 7.947786081077040654e-01 -3.433973657343292185e-02 1.092675761850949931e-04 5.586781325187225645e-05 -5.017668299718581812e-06 3.96 0.00023934617689 1.6e-09
-8.609386725169328788e-06 3.390055589715644579e+00 -1.782826895686999147e-01 2.090048884383771135e-04 1.355133994028368891e-05 -3.012398020952005071e-07 3.96 0.00023934617689 1.6e-09
-3.034316089422322801e-05 3.664193626110122892e+00 -1.411967482024433507e-01 2.235693583132996719e-04 -7.765588073453671760e-06 9.258741162511190309e-07 3.96 0.00023934617689 1.6e-09
-3.896599349473565450e-05 1.596264400728467425e+00 -9.150264012373555056e-04 1.232009757899865860e-04 -4.175238843032993627e-05 1.915932334635673161e-06 3.96 0.00023934617689 1.6e-09
2.155468370809508055e-05 8.978308489628630262e-01 -5.223829866645818970e-02 1.079318068675893920e-04 5.446974201465808760e-05 -4.866482949128873305e-06 3.96 0.00023934617689 1.6e-09
8.607881174285710708e-05 3.435430866880317957e+00 -1.794399403674078464e-01 2.114125730459412802e-04 1.257531972182865358e-05 -7.220544513165651800e-08 3.96 0.00023934617689 1.6e-09
5.046482727895766233e-05 3.618190864281543906e+00 -1.219297344742706485e-01 2.211217879258611254e-04 -8.733946343801041184e-06 1.084559109716783807e-06 3.96 0.00023934617689 1.6e-09
2.085221946242263015e-05 1.434106316966462735e+00 2.070383778977540751e-02 1.175344236141872970e-04 -4.471044619529732095e-05 1.621648072324803849e-06 3.96 0.00023934617689 1.6e-09
4.571051667700375397e-06 1.040278889859192812e+00 -6.870458617125424494e-02 1.084184042870719100e-04 5.196194125620606726e-05 -4.046193419094390239e-06 3.96 0.00023934617689 1.6e-09
1.016170332838224887e-04 3.487375944603478661e+00 -1.617974926955226267e-01 2.141764668012198611e-04 1.137100792181053630e-05 1.849550878682394250e-07 3.96 0.00023934617689 1.6e-09
9.153982557675782793e-05 3.553280892591899942e+00 -8.786504942475367730e-02 2.176761334187754114e-04 -1.000180866579691071e-05 1.145510151696320756e-06 3.96 0.00023934617689 1.6e-09
3.386772573432776927e-05 1.228808849259887648e+00 3.895181109323312546e-02 1.117267948246985511e-04 -4.859558707382960463e-05 9.178621853277885949e-07 3.96 0.00023934617689 1.6e-09
4.791929668518905708e-05 1.236709252323622277e+00 -8.102285282107093978e-02 1.119489306600003511e-04 4.819719576720996458e-05 -2.724994125013229734e-06 3.96 0.00023934617689 1.6e-09
-7.463424160380788697e-05 3.549357299859194015e+00 -1.221225975834784316e-01 2.174763781373048371e-04 9.920814088921144327e-06 4.756924326965090789e-07 3.96 0.00023934617689 1.6e-09
3.106354768931369152e-05 3.471874237443327793e+00 -3.631630472683582134e-02 2.133630234899301040e-04 -1.156767074030310012e-05 1.084872658570837638e-06 3.96 0.00023934617689 1.6e-09
-5.069518724997224327e-05 1.002771459421528011e+00 5.053424797573891070e-02 1.081189717746072732e-04 -5.281139907216564637e-05 -4.810256756922929396e-07 3.96 0.00023934617689 1.6e-09
3.943079181569704878e-05 1.473413571629788699e+00 -8.547097339449438724e-02 1.188923993489573311e-04 4.375172634699276027e-05 -1.311834117194854073e-06 3.96 0.00023934617689 1.6e-09
-6.898213051787707576e-05 3.616810346976284674e+00 -6.618678773955644079e-02 2.210672879902110001e-04 8.353680371033735846e-06 7.711237400523831116e-07 3.96 0.00023934617689 1.6e-09
-5.461718156941802499e-05 3.385830979425109799e+00 2.659888221371715933e-02 2.088114654596779252e-04 -1.324372605268675482e-05 9.131537520476471377e-07 3.96 0.00023934617689 1.6e-09
-2.985719655904776090e-05 8.072813141622281474e-01 5.303012771715348572e-02 1.091300040832235803e-04 -5.557585832712072532e-05 -2.669947926995838051e-06 3.96 0.00023934617689 1.6e-09
2.333867826168517816e-05 1.704738639025967339e+00 -7.994760340647097396e-02 1.274299159483161382e-04 3.966524028693347854e-05 -1.415943406254368526e-07 3.96 0.00023934617689 1.6e-09
3.645146445170816592e-05 3.676159098161318362e+00 -5.887556377720436912e-03 2.242286059152857002e-04 6.903740584351655375e-06 1.017250635512843040e-06 3.96 0.00023934617689 1.6e-09
1.009039720113626132e-04 3.302868903406760204e+00 8.836784268621170058e-02 2.044331342987302440e-04 -1.482725024579020396e-05 6.699207751264234906e-07 3.96 0.00023934617689 1.6e-09
-8.979539596403993444e-07 6.678673561308199336e-01 4.770354501580692519e-02 1.141193222200934175e-04 -5.549036291103576901e-05 -5.263111386516850255e-06 3.96 0.00023934617689 1.6e-09
-3.268266807578073483e-05 1.900725896754258848e+00 -6.501895310850691612e-02 1.355585750648693457e-04 3.638363692811014160e-05 7.449053243277055027e-07 3.96 0.00023934617689 1.6e-09
-9.610421669878914830e-05 3.717784428835079424e+00 5.199198102234305063e-02 2.264504589510354352e-04 5.659921134699049957e-06 1.181660490545037629e-06 3.96 0.00023934617689 1.6e-09
-9.594173921678043405e-05 3.217338825854374917e+00 1.411995913796301738e-01 1.999442678944407298e-04 -1.627434417830754171e-05 3.740354406894959448e-07 3.96 0.00023934617689 1.6e-09
-5.988574852895900370e-05 5.704193882526997772e-01 3.658498123507255423e-02 1.213088188940307489e-04 -5.232125506589870273e-05 -7.744506218546804270e-06 3.96 0.00023934617689 1.6e-09
5.070732727752678970e-05 2.070148239646131039e+00 -4.133367459147854750e-02 1.430733849557879129e-04 3.359159039039884541e-05 1.427959715452181983e-06 3.96 0.00023934617689 1.6e-09
6.359438581944117542e-05 3.740533864789307827e+00 1.068214817273161754e-01 2.276737751888830146e-04 4.444693182144061696e-06 1.253224095580546191e-06 3.96 0.00023934617689 1.6e-09
-3.113744542411561137e-05 3.110666717703920892e+00 1.828626786940365234e-01 1.943880481661744821e-04 -1.786755436010843660e-05 7.347825680199703772e-09 3.96 0.00023934617689 1.6e-09
5.930006673067375307e-05 4.935355894146261635e-01 1.981977467559958850e-02 1.304786490005823405e-04 -4.498181964283040916e-05 -9.742840014108455595e-06 3.96 0.00023934617689 1.6e-09
6.629240573396124800e-05 2.243822520701010070e+00 -7.376698661656183945e-03 1.511369518989561542e-04 3.072063812266898097e-05 1.961799366338238924e-06 3.96 0.00023934617689 1.6e-09
6.629907579713457022e-05 3.745798602433783042e+00 1.604232685348446208e-01 2.279726785440173661e-04 3.014986990140287675e-06 1.217259829865080305e-06 3.96 0.00023934617689 1.6e-09
2.056952969847597842e-05 2.953292967393184920e+00 2.120267579010321202e-01 1.862760260255159200e-04 -2.002691113332893179e-05 -4.864129239319050014e-07 3.96 0.00023934617689 1.6e-09
6.009789443101726508e-06 4.311643713121159904e-01 -2.707774117701357373e-03 1.414176709694335153e-04 -2.928133627224435693e-05 -1.055924121596683449e-05 3.96 0.00023934617689 1.6e-09
-7.826870873740626386e-05 2.455663650106481022e+00 4.079681996517783849e-02 1.613321424151557652e-04 2.727516651507965069e-05 2.352882764080932837e-06 3.96 0.00023934617689 1.6e-09
6.086959584803234153e-05 3.737403339096612154e+00 2.160127640446886654e-01 2.275453016060942704e-04 1.113097082209990887e-06 1.054119533001672273e-06 3.96 0.00023934617689 1.6e-09
-6.753896468559745267e-05 2.722075659936982639e+00 2.276175388255804455e-01 1.745429911899885628e-04 -2.317485311255714184e-05 -1.197595182935529543e-06 3.96 0.00023934617689 1.6e-09
-6.643975614471376982e-05 4.016733520048049177e-01 -2.692725049250646249e-02 1.480605322231298411e-04 -1.390110034046228321e-06 -8.678305451049623387e-06 3.96 0.00023934617689 1.6e-09
7.276174302492170417e-05 2.711517931910466306e+00 1.027891919541262383e-01 1.740138566070508516e-04 2.336241677023744937e-05 2.566831549835262283e-06 3.96 0.00023934617689 1.6e-09
-8.578241171586201857e-05 3.732864345880488877e+00 2.733818369726865871e-01 2.273032635315562120e-04 -1.088157467663839620e-06 7.851158805873221790e-07 3.96 0.00023934617689 1.6e-09
-1.456036792428571996e-05 2.462215689960404408e+00 2.322964565550999783e-01 1.616537808905563114e-04 -2.695632640420690326e-05 -2.114036818850705624e-06 3.96 0.00023934617689 1.6e-09
2.881765884223995577e-05 4.259794563574068604e-01 -4.288420055068162956e-02 1.423936306928920263e-04 2.761741743864973780e-05 -4.212693579882274624e-06 3.96 0.00023934617689 1.6e-09
-5.621622974983348208e-05 2.944901229889065775e+00 1.643683803181194003e-01 1.858415972448126995e-04 2.008704704525408489e-05 2.579567195075115675e-06 3.96 0.00023934617689 1.6e-09
-2.852251961667691155e-05 3.740156074195924329e+00 3.197523522840753363e-01 2.276675353592298484e-04 -2.959843975074986959e-06 4.767368917387328144e-07 3.96 0.00023934617689 1.6e-09
1.716815971759285244e-05 2.260014498574089092e+00 2.275988109221052658e-01 1.518942609147312466e-04 -3.016204940084108409e-05 -2.971264839975513309e-06 3.96 0.00023934617689 1.6e-09
-1.188455698703603578e-05 4.815122493207183441e-01 -4.600839904163532557e-02 1.321269760246661872e-04 4.397314004173876508e-05 -2.993648464294774992e-08 3.96 0.00023934617689 1.6e-09
-3.299034395559769461e-05 3.096721503887700955e+00 2.164188866492068319e-01 1.936489473863796460e-04 1.802749047328610935e-05 2.491315292500194732e-06 3.96 0.00023934617689 1.6e-09
5.269026086466887447e-05 3.745679709615972186e+00 3.511228498320644875e-01 2.279371902628042602e-04 -4.164135710669082991e-06 1.669522723070744630e-07 3.96 0.00023934617689 1.6e-09
-4.174117176318430209e-07 2.132263049810423361e+00 2.158309484905545639e-01 1.458884852362852310e-04 -3.229467534423404671e-05 -3.614244735659663138e-06 3.96 0.00023934617689 1.6e-09
-5.234690153395027922e-05 5.342935968162927374e-01 -4.040932310273286088e-02 1.249040582504899440e-04 5.075395441293130254e-05 2.939542840520279349e-06 3.96 0.00023934617689 1.6e-09
4.226226485964725845e-05 3.181449469414209474e+00 2.596208022335575460e-01 1.980394500002577657e-04 1.688207505154981918e-05 2.375057721408654200e-06 3.96 0.00023934617689 1.6e-09
-4.398725663966647915e-05 3.748150292140532969e+00 3.722481919580389875e-01 2.280521592391774178e-04 -4.827827072577350911e-06 -1.297105170170174320e-07 3.96 0.00023934617689 1.6e-09
4.778065571075940511e-05 2.060302314463124951e+00 2.010919578001649222e-01 1.425705701994600888e-04 -3.354395017501211044e-05 -4.056440241825953261e-06 3.96 0.00023934617689 1.6e-09
-1.318840243699443760e-06 5.709169602011376909e-01 -3.084048388548854200e-02 1.209827911930288867e-04 5.335049615954776217e-05 5.076962158741960205e-06 3.96 0.00023934617689 1.6e-09
2.612377082322949872e-05 3.226066813661348398e+00 2.947992961933621481e-01 2.003580167154736589e-04 1.629522498837242077e-05 2.244566508203748402e-06 3.96 0.00023934617689 1.6e-09
3.197989786462347055e-05 3.751385340223510667e+00 3.853250043338570796e-01 2.282138220690852273e-04 -5.156042137921008697e-06 -4.043126112997040734e-07 3.96 0.00023934617689 1.6e-09
-1.414597433199066593e-06 2.028085701132734897e+00 1.852235089064583895e-01 1.410976103302292756e-04 -3.414385688579700670e-05 -4.323207647681536115e-06 3.96 0.00023934617689 1.6e-09
-4.306516766049097480e-05 5.896316061172095502e-01 -2.032069368475757087e-02 1.192339261592786247e-04 5.426175791136162861e-05 6.725616940508077115e-06 3.96 0.00023934617689 1.6e-09
-4.175057847472734651e-05 3.246771641435470368e+00 3.216695746098872100e-01 2.014313184723664964e-04 1.607052951491291838e-05 2.099356447707328258e-06 3.96 0.00023934617689 1.6e-09
8.311978448770679828e-05 3.758811671639222141e+00 3.906676024001229930e-01 2.286026447814025096e-04 -5.234184504129709876e-06 -6.480006907154303322e-07 3.96 0.00023934617689 1.6e-09
3.378856637375062899e-05 2.029018473792538302e+00 1.690047810325219224e-01 1.411215884316681846e-04 -3.422520424196798857e-05 -4.424493476625182523e-06 3.96 0.00023934617689 1.6e-09
5.506466106890419375e-05 5.905867897648089393e-01 -1.080113747740622104e-02 1.191008158373859375e-04 5.427857181702618815e-05 8.077519302314406017e-06 3.96 0.00023934617689 1.6e-09
3.941905416428845478e-05 3.250553875645602719e+00 3.396443086821939739e-01 2.016184140860743826e-04 1.613237997335203536e-05 1.941400757785447564e-06 3.96 0.00023934617689 1.6e-09
-2.881194794185191902e-06 3.773952131336235638e+00 3.883545887952277731e-01 2.294050254731128666e-04 -5.073133523978003220e-06 -8.510773459810297204e-07 3.96 0.00023934617689 1.6e-09
-4.064238750521836484e-05 2.066143141116176363e+00 1.533182020737246243e-01 1.427801485137227618e-04 -3.374745542882036213e-05 -4.362234765001491770e-06 3.96 0.00023934617689 1.6e-09
2.332301289755065932e-05 5.718811875307303616e-01 -3.993270898464804444e-03 1.206844308429183744e-04 5.348105757264985227e-05 9.265069245300564302e-06 3.96 0.00023934617689 1.6e-09
4.324628368883423656e-06 3.237705542394988978e+00 3.481139295778402643e-01 2.009286238293713097e-04 1.653663169923193043e-05 1.778485507158397113e-06 3.96 0.00023934617689 1.6e-09
-2.361318075079317708e-05 3.801791939783708774e+00 3.787118184710684954e-01 2.308858437178405026e-04 -4.628221226473775731e-06 -1.002461515186267609e-06 3.96 0.00023934617689 1.6e-09
1.082697681408816747e-05 2.153427621907396450e+00 1.394680683484028072e-01 1.467558056914690942e-04 -3.254997757166754594e-05 -4.136023270796152318e-06 3.96 0.00023934617689 1.6e-09
-6.650489160636898221e-06 5.301012056323652910e-01 -1.782517161336353954e-03 1.249388959647409320e-04 5.093623369561346725e-05 1.041375143677320953e-05 3.96 0.00023934617689 1.6e-09
-3.543097745165637571e-05 3.200997610198522025e+00 3.457970689139259202e-01 1.989805085225394485e-04 1.743351596696808892e-05 1.622492231448181238e-06 3.96 0.00023934617689 1.6e-09
-1.090105207652423183e-04 3.849340463744486129e+00 3.616125186757698229e-01 2.334199314402579401e-04 -3.746347114477926951e-06 -1.088675788123021476e-06 3.96 0.00023934617689 1.6e-09
-2.984368081007007152e-05 2.318431702217210955e+00 1.287170262132577014e-01 1.544888299444278413e-04 -3.029236291106166961e-05 -3.743781532652545688e-06 3.96 0.00023934617689 1.6e-09
2.357374271435644657e-05 4.657875641665486510e-01 -6.315108950310637306e-03 1.337372233909830499e-04 4.327496454170794409e-05 1.151777123995055354e-05 3.96 0.00023934617689 1.6e-09
-7.839505327785460534e-05 3.118515283145317341e+00 3.277616497247284322e-01 1.946362682948820635e-04 1.914005392038286446e-05 1.478578140039237556e-06 3.96 0.00023934617689 1.6e-09
-1.070119410636039377e-04 3.918444525857668559e+00 3.329152751618564832e-01 2.371091947197736128e-04 -2.232742551955479961e-06 -1.095252455303739161e-06 3.96 0.00023934617689 1.6e-09
-9.346880939728745459e-07 2.588446464417790249e+00 1.188830786489812746e-01 1.676152544493911636e-04 -2.674654698937961025e-05 -3.186696493353951568e-06 3.96 0.00023934617689 1.6e-09
4.752407748245677166e-05 4.017609216015591844e-01 -1.860919173990308040e-02 1.462832235354419286e-04 2.195465047802453281e-05 1.171230713177611956e-05 3.96 0.00023934617689 1.6e-09
-4.420808432958958374e-05 2.939767637616470530e+00 2.828866626581949539e-01 1.853562798691907483e-04 2.205530925114362564e-05 1.336578087930661639e-06 3.96 0.00023934617689 1.6e-09
-9.263012042116200060e-05 3.971092224275175830e+00 2.809659636543758165e-01 2.399252389642016615e-04 -1.127676282671445383e-07 -1.021958637789550862e-06 3.96 0.00023934617689 1.6e-09
-3.146493314503732400e-05 2.906711155354089193e+00 9.791552643085474350e-02 1.836594595557571887e-04 -2.263305501693442691e-05 -2.520148695442483184e-06 3.96 0.00023934617689 1.6e-09
5.434135154746620695e-05 3.935107190852072390e-01 -3.362714342072943563e-02 1.482986064805706476e-04 -1.481716796800965622e-05 9.360014412356594451e-06 3.96 0.00023934617689 1.6e-09
2.464259611857031392e-05 2.637910988021311631e+00 2.203851627595805329e-01 1.700696213417253997e-04 2.615288832123031527e-05 1.256340933224301612e-06 3.96 0.00023934617689 1.6e-09
-5.674257890352730821e-05 3.941596841625640835e+00 2.160734341141651860e-01 2.383503898133916554e-04 2.074002699588252219e-06 -9.074397878970767123e-07 3.96 0.00023934617689 1.6e-09
6.754184400293618013e-05 3.118744643002793637e+00 6.551479586761639606e-02 1.946378454090919887e-04 -1.950922643940749675e-05 -1.939933281272314076e-06 3.96 0.00023934617689 1.6e-09
2.067618088622405953e-05 4.516164943086495853e-01 -4.222073912606764262e-02 1.361586021401965565e-04 -4.072644229447178860e-05 6.388381333544283518e-06 3.96 0.00023934617689 1.6e-09
-2.889906842591329731e-05 2.349380145456564595e+00 1.726333515850690392e-01 1.559585464747474930e-04 3.005542941858595202e-05 1.216034746662179363e-06 3.96 0.00023934617689 1.6e-09
5.566967775747428727e-05 3.877819622517177045e+00 1.666657960825908558e-01 2.349443224496601860e-04 3.748560276367030698e-06 -8.239804866855992803e-07 3.96 0.00023934617689 1.6e-09
9.727427473310374317e-05 3.224178400915367781e+00 3.869293865598083526e-02 2.001822425926768787e-04 -1.757511908673525135e-05 -1.562647306258834159e-06 3.96 0.00023934617689 1.6e-09
-2.670916192117773404e-05 5.240472806655989135e-01 -4.531959177157830060e-02 1.256223837398076821e-04 -5.085823136692902661e-05 4.700060947403401991e-06 3.96 0.00023934617689 1.6e-09
-5.173644290852262280e-05 2.156458233061859797e+00 1.421924895437121084e-01 1.468815221785576284e-04 3.280786487500876120e-05 1.117154256116315572e-06 3.96 0.00023934617689 1.6e-09
-3.028183546994165260e-05 3.829108320480085759e+00 1.308062745113973135e-01 2.323451890655919979e-04 4.814118126156344596e-06 -7.889343206744190262e-07 3.96 0.00023934617689 1.6e-09
2.364948965605379852e-05 3.278364211959706065e+00 1.689449529318209908e-02 2.030506602214064650e-04 -1.644882826119426519e-05 -1.315757889487210165e-06 3.96 0.00023934617689 1.6e-09
-4.695221271296151660e-06 5.820515240205390572e-01 -4.618697925728858233e-02 1.197052466029960868e-04 -5.434409160112480420e-05 3.991819536033563023e-06 3.96 0.00023934617689 1.6e-09
6.642451558648280910e-05 2.039494014775843578e+00 1.210979289647014789e-01 1.415584905423594882e-04 3.455620387741591181e-05 9.464927598553847481e-07 3.96 0.00023934617689 1.6e-09
8.874147089784340642e-05 3.799005209335468258e+00 1.011212665123500665e-01 2.307399688143757163e-04 5.447559654948578347e-06 -7.817636769792711230e-07 3.96 0.00023934617689 1.6e-09
-2.268205085256734614e-05 3.309932689925174198e+00 -2.898344637397106197e-03 2.047243555396505502e-04 -1.578020077148365461e-05 -1.126552855067439618e-06 3.96 0.00023934617689 1.6e-09
-8.587460820122760604e-08 6.236231687768196696e-01 -4.613062103238457085e-02 1.164747004656022252e-04 -5.563523281174285746e-05 3.751472992313084410e-06 3.96 0.00023934617689 1.6e-09
8.795373216128357608e-06 1.966902932296208606e+00 1.043385550003887163e-01 1.383315054042383719e-04 3.569851401571612928e-05 7.307664968051239471e-07 3.96 0.00023934617689 1.6e-09
-3.164683578331996147e-05 3.780989742213243687e+00 7.448253417724562397e-02 2.297787046199860914e-04 5.862361265134468567e-06 -7.831414731893424163e-07 3.96 0.00023934617689 1.6e-09
8.951087587899227496e-05 3.331532043732464921e+00 -2.120799749695650299e-02 2.058676794355767694e-04 -1.535406772551111472e-05 -9.618191119580372739e-07 3.96 0.00023934617689 1.6e-09
4.720571619431223611e-05 6.545176549482301098e-01 -4.550350372622858491e-02 1.145053907117285572e-04 -5.620237199127713871e-05 3.690804443107878975e-06 3.96 0.00023934617689 1.6e-09
3.602551569435657000e-05 1.917313458502694301e+00 8.963993372477077615e-02 1.361650834728599666e-04 3.650506964787111262e-05 4.986755400321586484e-07 3.96 0.00023934617689 1.6e-09
9.676264172134903946e-05 3.769821659987412588e+00 5.011186253440869792e-02 2.291820967731030153e-04 6.147934276818082494e-06 -7.818389726381620289e-07 3.96 0.00023934617689 1.6e-09
6.985031798505665179e-05 3.349728154317843654e+00 -3.764769681032022197e-02 2.068292205052304567e-04 -1.502176757814801205e-05 -8.098775987259941810e-07 3.96 0.00023934617689 1.6e-09
4.419504477763795013e-05 6.810193742021055652e-01 -4.448905036428758841e-02 1.130695136302375557e-04 -5.649428013140690670e-05 3.662814947545371069e-06 3.96 0.00023934617689 1.6e-09
1.167706895681387501e-05 1.877142101674443175e+00 7.616455255340795483e-02 1.344308187254934328e-04 3.718588506701655372e-05 2.718497207611722142e-07 3.96 0.00023934617689 1.6e-09
-6.210645283223567581e-05 3.762231805475520385e+00 2.806198097799088992e-02 2.287745480328258279e-04 6.415257928276331021e-06 -7.732320084208264302e-07 3.96 0.00023934617689 1.6e-09
1.033952395116068048e-05 3.368978711868098053e+00 -5.183022094782809702e-02 2.078444641056817802e-04 -1.470378293742990986e-05 -6.686548197463683286e-07 3.96 0.00023934617689 1.6e-09
-1.101185305945408298e-05 7.090781563588357539e-01 -4.335381171601553063e-02 1.117754895490132450e-04 -5.665011242963231011e-05 3.592755193219029298e-06 3.96 0.00023934617689 1.6e-09
-3.442924871769331024e-05 1.836493270823243762e+00 6.379763352082104544e-02 1.326955100962093608e-04 3.789768165624272245e-05 6.388712097275636030e-08 3.96 0.00023934617689 1.6e-09
-7.974842772067275941e-05 3.756145022169556480e+00 8.521410866770107173e-03 2.284454705832794283e-04 6.699571849937434273e-06 -7.578988976090182768e-07 3.96 0.00023934617689 1.6e-09
-4.307109107991785374e-05 3.393484479236476226e+00 -6.372476880087721285e-02 2.091354609604939737e-04 -1.433168759677815884e-05 -5.403948840077809691e-07 3.96 0.00023934617689 1.6e-09
-3.469071812362907226e-06 7.455854755189967875e-01 -4.254800495982538622e-02 1.103958770096578375e-04 -5.667281790974331313e-05 3.445907693837309611e-06 3.96 0.00023934617689 1.6e-09
4.351894184172440188e-05 1.785878361471705755e+00 5.276417688241345771e-02 1.305703507047000541e-04 3.879452491112977519e-05 -1.207182021027243716e-07 3.96 0.00023934617689 1.6e-09
1.027024510532113219e-05 3.749766720977899759e+00 -8.638530129205120728e-03 2.280981057370025519e-04 7.066322811196857506e-06 -7.414263607466421989e-07 3.96 0.00023934617689 1.6e-09
9.421938088920823540e-05 3.428050267521225436e+00 -7.396762104043289043e-02 2.109562278624597400e-04 -1.384115616775287810e-05 -4.288254713819173006e-07 3.96 0.00023934617689 1.6e-09
-1.730861886835413348e-05 8.006484270566012196e-01 -4.281052851091075862e-02 1.089005813775377094e-04 -5.637246980652012502e-05 3.216136012351008108e-06 3.96 0.00023934617689 1.6e-09
1.776095838216648675e-05 1.713578840972342920e+00 4.330531488356033354e-02 1.276077364306951658e-04 4.010887598052396052e-05 -2.924407770662661962e-07 3.96 0.00023934617689 1.6e-09
1.739799070439991503e-05 3.740552576871021273e+00 -2.452250839186415066e-02 2.275950156218900446e-04 7.603434386542860796e-06 -7.354979443418804388e-07 3.96 0.00023934617689 1.6e-09
2.690387271448102063e-05 3.477958564767564376e+00 -8.441107889942404963e-02 2.135904829612087787e-04 -1.312088057651579973e-05 -3.359997883012692009e-07 3.96 0.00023934617689 1.6e-09
-3.929795610379401650e-05 8.898446287177110836e-01 -4.530000037482810604e-02 1.076855794619038581e-04 -5.533122336049272900e-05 2.930630194286490677e-06 3.96 0.00023934617689 1.6e-09
-3.783536311232317474e-05 1.604483905956544554e+00 3.518573958722641393e-02 1.233391624743149055e-04 4.213112128590825790e-05 -4.933091398945815802e-07 3.96 0.00023934617689 1.6e-09
-7.017848574942164765e-05 3.723575329621094721e+00 -4.238535521641850767e-02 2.266722923554219632e-04 8.398502519027635789e-06 -7.592633022453487555e-07 3.96 0.00023934617689 1.6e-09
-4.320678768421154313e-05 3.546306267627741704e+00 -9.903748411381572969e-02 2.172077914266773088e-04 -1.210567521566565564e-05 -2.562681793592108602e-07 3.96 0.00023934617689 1.6e-09
2.664680087263460319e-05 1.033430119107185741e+00 -5.172421976134103372e-02 1.080055511347198321e-04 -5.294535233140828644e-05 2.662165772722309500e-06 3.96 0.00023934617689 1.6e-09
4.399414810987372319e-05 1.443036087131120526e+00 2.716438174731769170e-02 1.175875355889748606e-04 4.518616006082865641e-05 -8.253095034345326866e-07 3.96 0.00023934617689 1.6e-09
-4.480384446595827907e-05 3.689571439241368545e+00 -6.858798661471068869e-02 2.248384100918222536e-04 9.503228837329595998e-06 -8.353914911491346825e-07 3.96 0.00023934617689 1.6e-09
-5.717292197994895773e-05 3.627381570425115775e+00 -1.241537205211901002e-01 2.215147712690591919e-04 -1.079512479680200292e-05 -1.674555216904685389e-07 3.96 0.00023934617689 1.6e-09
-4.248072861196999274e-05 1.241045021443224261e+00 -6.386830110795559123e-02 1.117041613592804699e-04 -4.897671620149119320e-05 2.526085371835355989e-06 3.96 0.00023934617689 1.6e-09
9.314527785171841624e-06 1.228654479602734551e+00 1.784491141139663353e-02 1.113888428633832257e-04 4.936997899301365786e-05 -1.452003583869627133e-06 3.96 0.00023934617689 1.6e-09
2.613464444493542878e-05 3.627661659291867124e+00 -1.088044876369388680e-01 2.215231602210348443e-04 1.089408452292201822e-05 -9.658591910710139962e-07 3.96 0.00023934617689 1.6e-09
5.719748622763409150e-05 3.702252165777609960e+00 -1.632644320308982155e-01 2.255105726014003235e-04 -9.334710253414437543e-06 -3.232291476443315632e-08 3.96 0.00023934617689 1.6e-09
-4.109903355820877736e-05 1.482488586441517819e+00 -8.078908012922819681e-02 1.188956531472096630e-04 -4.436105115007609530e-05 2.596095997827784333e-06 3.96 0.00023934617689 1.6e-09
1.303196546358539176e-05 9.998006663292954288e-01 8.158091576125882372e-03 1.076662909825960461e-04 5.376491545651188844e-05 -2.491447870113185401e-06 3.96 0.00023934617689 1.6e-09
9.349211583217603672e-05 3.539977031658469997e+00 -1.575608249238389380e-01 2.168546100275616894e-04 1.241830911264583826e-05 -1.096624639389120082e-06 3.96 0.00023934617689 1.6e-09
-6.090283325727223018e-05 3.755162129914989322e+00 -2.067038257270168988e-01 2.283498673356221384e-04 -7.910145695229119165e-06 1.672726257096661546e-07 3.96 0.00023934617689 1.6e-09
1.231676172095049423e-05 1.706677692106760791e+00 -9.537320769825291533e-02 1.272659988746739960e-04 -4.027990852713259334e-05 2.768251573066615559e-06 3.96 0.00023934617689 1.6e-09
-2.178132633090704666e-05 8.101323194678282658e-01 -3.630233493674276171e-05 1.085670648842085263e-04 5.662200344699637857e-05 -3.900483628512336854e-06 3.96 0.00023934617689 1.6e-09
-2.705151068126969465e-05 3.445684657915546900e+00 -1.997953250085743870e-01 2.118557097955158170e-04 1.391124829946162181e-05 -1.144292725638571756e-06 3.96 0.00023934617689 1.6e-09
6.868912969864806759e-05 3.792070055675241136e+00 -2.364962217300295988e-01 2.303366274134155856e-04 -6.644324724896192588e-06 4.043316690559699130e-07 3.96 0.00023934617689 1.6e-09
5.454701934506094474e-05 1.900103512434248909e+00 -9.906761843545235091e-02 1.353371578124703894e-04 -3.697044331329813274e-05 2.841109678965847481e-06 3.96 0.00023934617689 1.6e-09
-2.685784763657162035e-05 6.710418490590157603e-01 -6.186776171913004399e-03 1.133630290593107222e-04 5.690539229751920172e-05 -5.517608478515396636e-06 3.96 0.00023934617689 1.6e-09
1.904229996579918699e-05 3.356903649767239983e+00 -2.239001731965767905e-01 2.071630549145178743e-04 1.534590503210263196e-05 -1.059999745587352806e-06 3.96 0.00023934617689 1.6e-09
3.150354682390062654e-05 3.828915360928557998e+00 -2.413905123907273964e-01 2.323163223497705637e-04 -5.428995956915613152e-06 6.320767914050761814e-07 3.96 0.00023934617689 1.6e-09
6.775150180891406529e-06 2.088554730788810154e+00 -8.876434929809712271e-02 1.437236300146424038e-04 -3.398305076834421648e-05 2.693258455470297122e-06 3.96 0.00023934617689 1.6e-09
-4.213155792462102697e-05 5.620168904503515250e-01 -9.259731446213372019e-03 1.213628910426150392e-04 5.389620238658349887e-05 -7.149844685795054690e-06 3.96 0.00023934617689 1.6e-09
9.223324048242924063e-05 3.265716289444005049e+00 -2.233411220409955433e-01 2.023524024546762099e-04 1.694002964367288941e-05 -8.410407688314298053e-07 3.96 0.00023934617689 1.6e-09
3.622023115472226438e-05 3.877239484580203843e+00 -2.176173135625506794e-01 2.349056471017210994e-04 -4.074773168624628786e-06 8.047324504801409176e-07 3.96 0.00023934617689 1.6e-09
7.528896955335574737e-05 2.310300993942387748e+00 -6.517636693887843280e-02 1.540718610912880995e-04 -3.075648808925338280e-05 2.304633409938576340e-06 3.96 0.00023934617689 1.6e-09
-5.332247528551464858e-05 4.682836750261871739e-01 -7.216155221567720907e-03 1.332757028702848969e-04 4.454539723733065673e-05 -8.549261361422551232e-06 3.96 0.00023934617689 1.6e-09
6.824203319009646538e-05 3.145064355818225188e+00 -1.958407836498365362e-01 1.960161550124835095e-04 1.904321332033380985e-05 -5.279656312797631397e-07 3.96 0.00023934617689 1.6e-09
-6.697067016513087246e-05 3.934518358377700586e+00 -1.673575525436776790e-01 2.379734498489394505e-04 -2.370070876739930920e-06 8.870131908905123438e-07 3.96 0.00023934617689 1.6e-09
-6.072163926282862285e-05 2.586230334793480967e+00 -3.048141024885309136e-02 1.675012895564591806e-04 -2.698360407890325482e-05 1.755597482884465182e-06 3.96 0.00023934617689 1.6e-09
3.344638913466706665e-05 4.010215610278122234e-01 9.370655842173025198e-04 1.465684857701442939e-04 2.243614373039582382e-05 -9.206380671860285136e-06 3.96 0.00023934617689 1.6e-09
6.008209467116790322e-05 2.952786668026774031e+00 -1.546464402423675943e-01 1.860405550720243694e-04 2.196366594857760026e-05 -2.492045173835289038e-07 3.96 0.00023934617689 1.6e-09
9.098652627088388582e-05 3.968078368667299127e+00 -1.102283533959968198e-01 2.397728498710738462e-04 -3.561957310814865273e-07 8.864319724824837679e-07 3.96 0.00023934617689 1.6e-09
-2.395547458148707489e-05 2.868861804557544026e+00 5.397936664378566798e-03 1.817364193377162397e-04 -2.318098223660124347e-05 1.262667505240163664e-06 3.96 0.00023934617689 1.6e-09
-6.899782368912271745e-05 3.894816080695849281e-01 1.249356110840396661e-02 1.494972435880647938e-04 -1.054758714354203849e-05 -8.595514679303946449e-06 3.96 0.00023934617689 1.6e-09
-4.499570181022955839e-05 2.683387952414538535e+00 -1.274103197844455027e-01 1.723536200877414434e-04 2.562694377766068580e-05 -1.318794199411669716e-07 3.96 0.00023934617689 1.6e-09
-8.931951686259317425e-05 3.946567497127245083e+00 -7.436912408750610826e-02 2.386228987885980108e-04 1.687068526681922805e-06 8.929053684599538711e-07 3.96 0.00023934617689 1.6e-09
-3.823220937056362033e-05 3.076452223248745454e+00 3.026766872237525441e-02 1.924459532237893624e-04 -2.013472768412798218e-05 1.016198186063640012e-06 3.96 0.00023934617689 1.6e-09
-3.454275542226603710e-05 4.347113882758898984e-01 2.411439529763053508e-02 1.394376263299399658e-04 -3.648382625878457332e-05 -7.453587113897352883e-06 3.96 0.00023934617689 1.6e-09
1.565423648817894353e-05 2.415355808986028308e+00 -1.133199705984610506e-01 1.591312671899697934e-04 2.927617735201399062e-05 -2.642523844524827168e-08 3.96 0.00023934617689 1.6e-09
-3.338750546604405864e-05 3.899744709206214743e+00 -4.702498316877803258e-02 2.361157622255471229e-04 3.408838698165405906e-06 9.795114865153554433e-07 3.96 0.00023934617689 1.6e-09
7.554952114542929211e-05 3.212531240187401327e+00 5.722708377066691721e-02 1.995607717379850067e-04 -1.792235176647409225e-05 9.015177887661272304e-07 3.96 0.00023934617689 1.6e-09
-5.891859924319928590e-05 5.117926361910348776e-01 3.625198761493202138e-02 1.271165325674719279e-04 -4.978931643465095034e-05 -6.824398672739248524e-06 3.96 0.00023934617689 1.6e-09
6.220026421978928444e-05 2.191775601715277411e+00 -9.981253245105023431e-02 1.484860954526719720e-04 3.251726668557989030e-05 2.375198664817255992e-07 3.96 0.00023934617689 1.6e-09
-1.097339543220377227e-04 3.857394570657962873e+00 -9.274333332245726647e-03 2.338440112311127527e-04 4.821434678017269226e-06 1.132435145565652267e-06 3.96 0.00023934617689 1.6e-09
7.947644402798658921e-05 3.317701065837149521e+00 9.750600471680484493e-02 2.050918623140475516e-04 -1.617790567950059107e-05 7.763872920036864491e-07 3.96 0.00023934617689 1.6e-09
3.216801086068564962e-06 6.131654890890942955e-01 5.075821550262844123e-02 1.170291472533821432e-04 -5.548192667929896255e-05 -6.616653638002509190e-06 3.96 0.00023934617689 1.6e-09
-4.436620397766802358e-05 1.991649265814922076e+00 -8.296995684051201858e-02 1.393422647461720694e-04 3.566276278828027838e-05 6.946687927983956518e-07 3.96 0.00023934617689 1.6e-09
-6.412265316187967844e-05 3.822174977526386463e+00 4.162065503557943469e-02 2.319469534533522860e-04 6.128062412126041313e-06 1.320610861759222753e-06 3.96 0.00023934617689 1.6e-09
-2.454467254038509140e-05 3.421873447036339222e+00 1.503223860078223839e-01 2.105870194061554832e-04 -1.451483316953074308e-05 6.121926103604441995e-07 3.96 0.00023934617689 1.6e-09
9.578651792196135470e-06 7.594121566554430380e-01 7.083059824155761575e-02 1.097505485860706244e-04 -5.656100485354169784e-05 -6.370053652350910729e-06 3.96 0.00023934617689 1.6e-09
3.488049337809328155e-05 1.772361176991968712e+00 -6.445579429037480435e-02 1.299064392764153180e-04 3.934462459046076711e-05 1.313446886198405853e-06 3.96 0.00023934617689 1.6e-09
7.769741077518599976e-05 3.781833153120943258e+00 1.011512051204330465e-01 2.297688247343511925e-04 7.572027614351592467e-06 1.529049908679184350e-06 3.96 0.00023934617689 1.6e-09
9.418382180694063002e-05 3.536299042906599244e+00 2.113244180327552568e-01 2.166449272591091713e-04 -1.270373669585615024e-05 4.346993253316718786e-07 3.96 0.00023934617689 1.6e-09
3.145612995743490777e-05 9.850202706919393147e-01 1.004836924414246740e-01 1.075201828458951093e-04 -5.354427065643581563e-05 -5.853121830781251216e-06 3.96 0.00023934617689 1.6e-09
1.422870693146537565e-05 1.498438674453564268e+00 -4.940067136085937033e-02 1.194084564306918726e-04 4.424700745351364828e-05 2.035788317411612196e-06 3.96 0.00023934617689 1.6e-09
-7.039570859548638414e-05 3.714837420393144463e+00 1.612259133262902711e-01 2.261680226686642618e-04 9.291811852095862876e-06 1.757045220249942481e-06 3.96 0.00023934617689 1.6e-09
-7.296431248675632093e-05 3.643449714709231291e+00 2.739075768376999509e-01 2.223494527530120511e-04 -1.075252048713157922e-05 2.760996211445189539e-07 3.96 0.00023934617689 1.6e-09
3.574966682169622119e-05 1.278262399359873180e+00 1.383294111083116507e-01 1.125852738546626681e-04 -4.792407838972932948e-05 -5.285293039753911714e-06 3.96 0.00023934617689 1.6e-09
-1.684124668361902761e-05 1.190207496191641123e+00 -4.173517054225776846e-02 1.104876430061823173e-04 5.009312041625626751e-05 2.793319905267687506e-06 3.96 0.00023934617689 1.6e-09
-8.938562213940786088e-05 3.610786820299212607e+00 2.140481089190927055e-01 2.206150350357136570e-04 1.112278813126183639e-05 1.996879039543096118e-06 3.96 0.00023934617689 1.6e-09
-5.844199205804405617e-05 3.710780271899825955e+00 3.299488038571843918e-01 2.259604874840962603e-04 -8.997805612117628404e-06 1.349392360212963908e-07 3.96 0.00023934617689 1.6e-09
3.056221397855050524e-05 1.545875832972779085e+00 1.731663595602344896e-01 1.211116119181240543e-04 -4.277734274337733380e-05 -4.983920264830203747e-06 3.96 0.00023934617689 1.6e-09
4.418692412517778262e-05 9.384595550318168833e-01 -3.826296994387602679e-02 1.074692217708996694e-04 5.468379362885754207e-05 3.583534748567506912e-06 3.96 0.00023934617689 1.6e-09
-1.754929566393947547e-05 3.498722130352946103e+00 2.586201854553950019e-01 2.146706136293485628e-04 1.273382455596277257e-05 2.212182077640783671e-06 3.96 0.00023934617689 1.6e-09
9.107104347981554197e-05 3.739792696816576001e+00 3.753667777382824755e-01 2.275336229227050409e-04 -7.656627684498764063e-06 -1.666562433905585820e-08 3.96 0.00023934617689 1.6e-09
-3.914374630149409492e-05 1.734568023031092254e+00 1.967762791994746019e-01 1.284065002225178841e-04 -3.927354151368145862e-05 -4.930605174781645591e-06 3.96 0.00023934617689 1.6e-09
3.296707573753851923e-05 7.822826196524308440e-01 -3.456192243739752978e-02 1.092527144890950621e-04 5.661043330647241021e-05 4.521429321445461808e-06 3.96 0.00023934617689 1.6e-09
-1.193782171524409750e-05 3.408770838643452983e+00 2.976851108308218863e-01 2.099207754430200130e-04 1.395087016905700554e-05 2.363095522433972182e-06 3.96 0.00023934617689 1.6e-09
-1.029193591090770917e-04 3.753152209961553520e+00 4.103297429838219101e-01 2.282649403327149278e-04 -6.677766014990852789e-06 -1.939939497371357529e-07 3.96 0.00023934617689 1.6e-09
-3.914701937873630325e-05 1.863087672227381475e+00 2.092434137683312767e-01 1.337828406729987037e-04 -3.698021558294125731e-05 -4.976487052642387837e-06 3.96 0.00023934617689 1.6e-09
-5.396560569772335033e-05 6.896672682041493641e-01 -2.984909795508720182e-02 1.125497944210590020e-04 5.668628001877369074e-05 5.666623158241013513e-06 3.96 0.00023934617689 1.6e-09
-4.641944374775074751e-06 3.343187000266143016e+00 3.315916622869266028e-01 2.064659619862886653e-04 1.486792564223251058e-05 2.436754041499658118e-06 3.96 0.00023934617689 1.6e-09
3.187566822664670050e-05 3.766400809676843320e+00 4.352164245325730874e-01 2.289813972223595873e-04 -5.934385522792283370e-06 -3.869960816443626685e-07 3.96 0.00023934617689 1.6e-09
-1.784645756779376226e-05 1.967502717863258255e+00 2.137234521904651241e-01 1.383291274602289184e-04 -3.523147755003597583e-05 -4.995415014126441795e-06 3.96 0.00023934617689 1.6e-09
3.385251945496787779e-05 6.240484340657532769e-01 -2.512946583138011766e-02 1.163691280167771208e-04 5.569577843164226001e-05 6.940643481063673748e-06 3.96 0.00023934617689 1.6e-09
6.729073025510515270e-05 3.290532019764154548e+00 3.582566793049944409e-01 2.036917233616301285e-04 1.570620745443939475e-05 2.444299669204071844e-06 3.96 0.00023934617689 1.6e-09
-7.931552181117052154e-05 3.788944614436118741e+00 4.499023506442819120e-01 2.301882046438651530e-04 -5.182675251324377682e-06 -5.687923158619984642e-07 3.96 0.00023934617689 1.6e-09
-4.865445270423364319e-05 2.083435763828785703e+00 2.141563129126737852e-01 1.435270775420673952e-04 -3.344057540957517656e-05 -4.891251617487720099e-06 3.96 0.00023934617689 1.6e-09
2.537859887989551061e-05 5.610363587381690387e-01 -2.235853220742085173e-02 1.215794525766713527e-04 5.334051925037823711e-05 8.194957580432228378e-06 3.96 0.00023934617689 1.6e-09
1.064962360783057536e-05 3.234667603883608855e+00 3.740272777872635235e-01 2.007434285407882222e-04 1.675961999073804300e-05 2.412229589964867975e-06 3.96 0.00023934617689 1.6e-09
-1.128311024945338471e-04 3.828875983237823633e+00 4.538617715723063384e-01 2.323194854857746382e-04 -4.211089936780520668e-06 -7.023452800058665140e-07 3.96 0.00023934617689 1.6e-09
-9.002918011345346374e-06 2.248887345398219217e+00 2.147738386131850252e-01 1.511836789610024843e-04 -3.107337632883412182e-05 -4.590576186015081790e-06 3.96 0.00023934617689 1.6e-09
5.979709948289951518e-05 4.884334980319497976e-01 -2.404970425705121873e-02 1.302311381505503194e-04 4.709645868612017099e-05 9.143891906352254634e-06 3.96 0.00023934617689 1.6e-09
-3.438524283052905807e-05 3.151302168460097697e+00 3.726702395463922235e-01 1.963532890607235675e-04 1.838295294549757160e-05 2.377161163749374836e-06 3.96 0.00023934617689 1.6e-09
-8.334021226892370936e-05 3.890186609424509889e+00 4.447119254397046695e-01 2.355928643051125233e-04 -2.769257230874951120e-06 -7.446114194678573324e-07 3.96 0.00023934617689 1.6e-09
1.147761467858464174e-05 2.499166509711485684e+00 2.180320951689484477e-01 1.632131939888618096e-04 -2.771003650475574491e-05 -4.056691809974786574e-06 3.96 0.00023934617689 1.6e-09
8.824741171024181024e-06 4.159552457892506938e-01 -3.158103274655912202e-02 1.430819003116327350e-04 2.995766791989934539e-05 8.873986371910791532e-06 3.96 0.00023934617689 1.6e-09
-1.789355794426101658e-05 2.995902628042078852e+00 3.447436124546469083e-01 1.882560072088552928e-04 2.099210216640669754e-05 2.387215692122587215e-06 3.96 0.00023934617689 1.6e-09
-1.391984926765009461e-05 3.948461742278919662e+00 4.164428090156644391e-01 2.387090415872733734e-04 -7.729819266854477829e-07 -6.712799301768877669e-07 3.96 0.00023934617689 1.6e-09
1.166818888877797506e-06 2.810253839682590460e+00 2.181944821989464101e-01 1.787424657103817616e-04 -2.368240148549251729e-05 -3.367334558954841747e-06 3.96 0.00023934617689 1.6e-09
7.290885413076078918e-05 3.871986083286595992e-01 -4.111918796677309362e-02 1.499112428416406986e-04 -3.780540338546165632e-06 6.070090905424370344e-06 3.96 0.00023934617689 1.6e-09
-2.028250712710291144e-05 2.727238644529493605e+00 2.941033385110015663e-01 1.745488651348338989e-04 2.472552930284351993e-05 2.523705393910626965e-06 3.96 0.00023934617689 1.6e-09
1.287861767413823766e-05 3.940512493057077847e+00 3.735815288422893454e-01 2.382875582746729138e-04 1.394549061079507951e-06 -5.349884545711761324e-07 3.96 0.00023934617689 1.6e-09
9.050486165561242018e-05 3.049067743784514839e+00 2.066247060956114823e-01 1.910142311049318608e-04 -2.034474862001705160e-05 -2.776296789550772266e-06 3.96 0.00023934617689 1.6e-09
6.834274231478866177e-05 4.267284350055647324e-01 -4.599999627156864390e-02 1.409254067263059247e-04 -3.392469041792942053e-05 2.722008436932005649e-06 3.96 0.00023934617689 1.6e-09
-4.640111035837374395e-05 2.435762117164117946e+00 2.496288212811220986e-01 1.601272435312212105e-04 2.862308892784170742e-05 2.742431331247672471e-06 3.96 0.00023934617689 1.6e-09
1.094900244378329798e-04 3.884734678953511100e+00 3.370379783514754202e-01 2.353094422529680859e-04 3.193604039928576118e-06 -4.446668722168120121e-07 3.96 0.00023934617689 1.6e-09
1.325993011754478170e-05 3.179351971152629019e+00 1.899187720093356846e-01 1.978294952164670151e-04 -1.814041811101064312e-05 -2.420174016874069294e-06 3.96 0.00023934617689 1.6e-09
4.016985588694611548e-05 4.947032350902642595e-01 -4.786646571796863980e-02 1.294347295459206309e-04 -4.794967840194902173e-05 1.045156353217516501e-06 3.96 0.00023934617689 1.6e-09
-5.805844146815138823e-05 2.221460917150507086e+00 2.221377285920817790e-01 1.499007972755515253e-04 3.162904250925954513e-05 2.879324371839691823e-06 3.96 0.00023934617689 1.6e-09
-3.274128139341176303e-05 3.836082937729903275e+00 3.090088422881756003e-01 2.327120811644832195e-04 4.446887891324803205e-06 -4.438254305407275332e-07 3.96 0.00023934617689 1.6e-09
2.138964965041708797e-05 3.254294650562559177e+00 1.701100831448299489e-01 2.017778883731868519e-04 -1.675556315184218028e-05 -2.220819768929508237e-06 3.96 0.00023934617689 1.6e-09
5.499443924712235350e-05 5.604600233273306920e-01 -5.019778966482968396e-02 1.216850993765744045e-04 -5.343857893823866328e-05 5.983458109583146557e-07 3.96 0.00023934617689 1.6e-09
3.541352828304114044e-05 2.076224885302094592e+00 2.051508186943237222e-01 1.431998381259422877e-04 3.380159798111850356e-05 2.886277042984594219e-06 3.96 0.00023934617689 1.6e-09
-6.446276215795273710e-05 3.805540853261450529e+00 2.827326272243998462e-01 2.310793403237831802e-04 5.326457369116949412e-06 -5.097784648617810510e-07 3.96 0.00023934617689 1.6e-09
9.188805187902094793e-05 3.311769168827495058e+00 1.458429281927421661e-01 2.048071983173829617e-04 -1.576608762683857651e-05 -2.081869494292665988e-06 3.96 0.00023934617689 1.6e-09
2.121319875594285129e-05 6.242668261448709455e-01 -5.408896817128192730e-02 1.163578163802449108e-04 -5.581877563174518503e-05 6.815131456397102970e-07 3.96 0.00023934617689 1.6e-09
4.230694343798693791e-05 1.961339946981063287e+00 1.919434368817076741e-01 1.380490163646982309e-04 3.566105295690955143e-05 2.793173913861023731e-06 3.96 0.00023934617689 1.6e-09
1.100896571581299108e-04 3.787617314019877668e+00 2.539179608346768258e-01 2.301150257196292817e-04 6.088298536226492791e-06 -6.146178674883540124e-07 3.96 0.00023934617689 1.6e-09
-9.732472836097260098e-05 3.374755793894921307e+00 1.167648459397591099e-01 2.081249288473602612e-04 -1.480314308914413760e-05 -1.950224544934646298e-06 3.96 0.00023934617689 1.6e-09
2.537072334632753051e-05 7.049527937456373516e-01 -6.010740861372387833e-02 1.118314425921234940e-04 -5.682875695364342109e-05 8.717194376551222234e-07 3.96 0.00023934617689 1.6e-09
-5.658850248291302006e-05 1.837196458504783525e+00 1.779001215187883678e-01 1.326580879307757955e-04 3.782239585790401061e-05 2.646016710359828493e-06 3.96 0.00023934617689 1.6e-09
-3.297560848214940043e-05 3.774534375057049029e+00 2.193304633776371748e-01 2.293994459973796023e-04 7.017547087444439422e-06 -7.466665976337363321e-07 3.96 0.00023934617689 1.6e-09
4.005202425749248760e-05 3.461837094599260034e+00 8.146079142325650391e-02 2.127159264495752443e-04 -1.360144539418386633e-05 -1.800628038497480477e-06 3.96 0.00023934617689 1.6e-09
1.224714467469027095e-05 8.403375268097855733e-01 -6.992733469646393585e-02 1.080902554496990220e-04 -5.609665958839073441e-05 9.337378995783158713e-07 3.96 0.00023934617689 1.6e-09
-5.973792580223757372e-05 1.659458461540373353e+00 1.583986999298093168e-01 1.253766757286364710e-04 4.105968134279757169e-05 2.465596226648717359e-06 3.96 0.00023934617689 1.6e-09
-3.627088649466824442e-05 3.753337705125583401e+00 1.721738472756562943e-01 2.282384888512400522e-04 8.337955101399937739e-06 -9.191708965302020855e-07 3.96 0.00023934617689 1.6e-09
-5.261191882537760072e-05 3.583969662616915741e+00 3.346433170925402351e-02 2.191824919220679161e-04 -1.188872951510256787e-05 -1.615224956418665210e-06 3.96 0.00023934617689 1.6e-09
4.021107374746162705e-05 1.088707454686143716e+00 -8.735009858889075662e-02 1.085975367880419307e-04 -5.203287326838704527e-05 8.928269440201916378e-07 3.96 0.00023934617689 1.6e-09
9.827380816829621338e-06 1.381762351066106564e+00 1.275542713732551181e-01 1.155318644100889337e-04 4.632618572890864219e-05 2.216851128984192639e-06 3.96 0.00023934617689 1.6e-09
-6.775842788344868138e-05 3.693702684042468931e+00 1.002172801035940142e-01 2.250227999811640911e-04 1.020102498129842847e-05 -1.159098171422177188e-06 3.96 0.00023934617689 1.6e-09
5.948342981777070303e-05 3.714176233044857778e+00 -3.887076608720435589e-02 2.261190710828107746e-04 -9.779371246035167120e-06 -1.366263092224043920e-06 3.96 0.00023934617689 1.6e-09
4.005416292829445187e-07 1.447845085277742916e+00 -1.163922952161068336e-01 1.176481293652679782e-04 -4.518184964979894940e-05 1.093910989870195242e-06 3.96 0.00023934617689 1.6e-09
-4.424318451632770977e-05 1.030102368699218118e+00 8.941255106455156532e-02 1.078377078544993852e-04 5.315390638271573937e-05 1.960097665928542487e-06 3.96 0.00023934617689 1.6e-09
-7.412825812824362561e-05 3.568258082650663798e+00 1.262992004216564358e-02 2.183344556539829561e-04 1.240137677129806506e-05 -1.409842276344584307e-06 3.96 0.00023934617689 1.6e-09
2.053081570536058586e-05 3.788897685597219400e+00 -1.222657266276599985e-01 2.301370118648861851e-04 -7.782905796882188108e-06 -1.049844613953343458e-06 3.96 0.00023934617689 1.6e-09
1.914685930823690813e-05 1.764694809434902867e+00 -1.469855999320897055e-01 1.295644509669489322e-04 -3.941231599428218795e-05 1.563761300230018969e-06 3.96 0.00023934617689 1.6e-09
-4.175494157946343287e-05 7.633148303798602541e-01 6.067924468410637595e-02 1.096439488986261174e-04 5.695316621543341362e-05 1.660434580338654245e-06 3.96 0.00023934617689 1.6e-09
7.762924231654538094e-05 3.427652651136592343e+00 -5.592002798230510940e-02 2.108940564345877062e-04 1.438960918479032040e-05 -1.558684552827094718e-06 3.96 0.00023934617689 1.6e-09
-2.082611908736358705e-05 3.815874648434312455e+00 -1.801816640340547782e-01 2.316091189824758608e-04 -6.234613992859051845e-06 -7.394889622196524313e-07 3.96 0.00023934617689 1.6e-09
-2.351861816703411929e-05 1.978332060124347702e+00 -1.618919001507019839e-01 1.387519030199918448e-04 -3.570449671714618343e-05 1.899190652976863548e-06 3.96 0.00023934617689 1.6e-09
4.458845187742603545e-05 6.188384944779403707e-01 4.299878422806667488e-02 1.166769268147338110e-04 5.597956845672701016e-05 1.053245103128476854e-06 3.96 0.00023934617689 1.6e-09
3.016677252311097414e-05 3.318090105410216317e+00 -9.876322705883777697e-02 2.051254922064438008e-04 1.594348408942006576e-05 -1.583621030060227662e-06 3.96 0.00023934617689 1.6e-09
1.138449096955518683e-04 3.833880463450372922e+00 -2.079077325892240979e-01 2.325895292343426075e-04 -5.075812805855555301e-06 -4.750834607794126073e-07 3.96 0.00023934617689 1.6e-09
2.009592368297173683e-05 2.137824825390333139e+00 -1.615823523450636845e-01 1.459970089981403184e-04 -3.311922038366654926e-05 2.004310820413610730e-06 3.96 0.00023934617689 1.6e-09
9.530375325338993187e-06 5.341164556824199439e-01 3.153263073523923654e-02 1.244848065888111595e-04 5.207360312364712237e-05 3.405511015927333664e-07 3.96 0.00023934617689 1.6e-09
8.804437741968805812e-05 3.231859805260841156e+00 -1.205541849062527343e-01 2.005962134829789229e-04 1.728899771017978733e-05 -1.513911331226693697e-06 3.96 0.00023934617689 1.6e-09
