1.103682039518535317e-05 2.370305515082771208e+00 -4.722009014777361674e-05 1.571195176189310594e-04 -2.757960670422395714e-05 -8.935653719496122805e-10 3.6 0.00022015384281 1.6e-09
1.112150812379855480e-05 4.387404725695098762e-01 -2.986673849380527303e-03 1.394100087666718453e-04 3.457878780308513012e-05 -1.487152771314673923e-07 3.6 0.00022015384281 1.6e-09
-6.097506696714151311e-05 2.957120142477847935e+00 7.485801959081388353e-03 1.864069576094479186e-04 1.854736125309613615e-05 1.231543226264906038e-07 3.6 0.00022015384281 1.6e-09
-4.935453678500312702e-05 3.557322749918269800e+00 1.479444198444558080e-02 2.178542030276534914e-04 -5.532692080577954774e-06 1.798534568500432186e-08 3.6 0.00022015384281 1.6e-09
5.892977475253024199e-05 1.677614081206266539e+00 8.374057007873549757e-03 1.262765683339599806e-04 -3.938794552117208037e-05 -2.120976942006496110e-07 3.6 0.00022015384281 1.6e-09
4.367529645913191950e-05 8.107791357109974673e-01 -7.671601947530278312e-03 1.089224309425232959e-04 5.526606194531361358e-05 -3.551958054063080270e-07 3.6 0.00022015384281 1.6e-09
-3.446013618499551673e-05 3.307646288123102352e+00 -2.702188887614249361e-03 2.046585104886500814e-04 1.198095620449284791e-05 1.375509609080300653e-07 3.6 0.00022015384281 1.6e-09
1.624832014486023835e-05 3.339131241894582214e+00 1.056151157290715140e-02 2.063151524056202344e-04 -1.130484163763491124e-05 1.015940192991915906e-07 3.6 0.00022015384281 1.6e-09
2.994457790748957996e-05 8.824256171670805671e-01 8.256839950354892196e-03 1.079694145843764549e-04 -5.437342106034650418e-05 -4.664213284833594209e-07 3.6 0.00022015384281 1.6e-09
1.880007900809587892e-05 1.589913638865468881e+00 -6.188260377473658348e-03 1.229392640000601718e-04 4.095185111611596152e-05 2.388282063953457252e-07 3.6 0.00022015384281 1.6e-09
-5.722739722794060351e-05 3.538226560159766443e+00 1.836862149618700979e-02 2.168427780816814640e-04 6.104939402548168575e-06 2.016115812839239958e-07 3.6 0.00022015384281 1.6e-09
-6.623031489059853522e-05 2.995689900994087385e+00 2.900709530946498499e-02 1.883984897260190903e-04 -1.784621642735367088e-05 -2.943666600615418428e-08 3.6 0.00022015384281 1.6e-09
4.333061347440085684e-05 4.560476704058463171e-01 8.136736409043702654e-04 1.362524262787564978e-04 -3.905434872465622344e-05 -1.411665811074444811e-06 3.6 0.00022015384281 1.6e-09
-3.614995772552816503e-05 2.311053209584267520e+00 -7.927783166130382767e-03 1.542782078969408624e-04 2.852255114609022162e-05 3.041817268014521744e-07 3.6 0.00022015384281 1.6e-09
-7.910119594912026558e-05 3.600138749554931294e+00 2.251155174937604503e-02 2.201602711906149468e-04 5.129806989397914947e-07 2.491308581653210289e-07 3.6 0.00022015384281 1.6e-09
5.468106798734868179e-05 2.430054393545891589e+00 3.382332802473057842e-02 1.600090387713677003e-04 -2.664169006460465847e-05 -1.188079657055653355e-07 3.6 0.00022015384281 1.6e-09
-5.542294236302920283e-05 4.245612667821024866e-01 -9.325797903693549065e-03 1.422812761834387645e-04 2.927624639285546844e-05 -1.784989897065037884e-06 3.6 0.00022015384281 1.6e-09
-7.938876343149235953e-05 2.913881084463349147e+00 1.474884168534362772e-02 1.841879522594798099e-04 1.924485445927007671e-05 4.886768091848386010e-07 3.6 0.00022015384281 1.6e-09
-6.364261869006529622e-06 3.568561393948503913e+00 5.055060081080514633e-02 2.184526890492626092e-04 -5.024353824913552896e-06 1.853793902282122691e-07 3.6 0.00022015384281 1.6e-09
-4.658291849864348497e-05 1.750307058952609074e+00 3.882247452224605461e-02 1.291844960455306758e-04 -3.805520284379887376e-05 -6.890990104513029711e-07 3.6 0.00022015384281 1.6e-09
3.938317305541859300e-05 7.539959541299359191e-01 -1.743287462029315810e-02 1.103296365013263297e-04 5.569990892658858593e-05 -2.932092975515694925e-07 3.6 0.00022015384281 1.6e-09
-3.889213690727123861e-06 3.280166642756297879e+00 2.589015823505609604e-02 2.032125529417159928e-04 1.257549535274471073e-05 5.020365277703244414e-07 3.6 0.00022015384281 1.6e-09
-4.613372037095159759e-06 3.367321858774308119e+00 5.998522571247826007e-02 2.077985754054047793e-04 -1.070034375025144126e-05 1.172242968181036947e-07 3.6 0.00022015384281 1.6e-09
5.337858334295707854e-05 9.538581981179361513e-01 2.494310482777052987e-02 1.077684179921111949e-04 -5.318543935165854272e-05 -1.727433084019219093e-06 3.6 0.00022015384281 1.6e-09
-5.599458508578078144e-06 1.507921344103438921e+00 -6.570511661169658318e-03 1.199772094633667701e-04 4.249415503032390222e-05 8.260241923334436192e-07 3.6 0.00022015384281 1.6e-09
6.482966103519385338e-05 3.522384657359174387e+00 6.033365270362044119e-02 2.159996625535679209e-04 6.669607692783013361e-06 4.721885072097085549e-07 3.6 0.00022015384281 1.6e-09
-1.062740297685859313e-05 3.040297042371555847e+00 7.879779141013053267e-02 1.907002339631906726e-04 -1.709343473081738519e-05 -1.884753229758748926e-07 3.6 0.00022015384281 1.6e-09
5.259244107866060264e-05 4.802693818499120804e-01 1.620544701889997099e-03 1.322096731041478798e-04 -4.380390866678354094e-05 -3.272472294050085148e-06 3.6 0.00022015384281 1.6e-09
4.989671427556730682e-07 2.239623611876881970e+00 1.248623811080359566e-02 1.508882774326248430e-04 2.967208752711193140e-05 9.448257737583073478e-07 3.6 0.00022015384281 1.6e-09
2.444389010565693575e-05 3.599616876871825077e+00 8.091754105363004046e-02 2.201294562846864726e-04 1.120385808830072465e-06 3.974913910913786136e-07 3.6 0.00022015384281 1.6e-09
8.102860587449889763e-05 2.502548411076134016e+00 8.079566634100698863e-02 1.635464762649876892e-04 -2.550062706942357417e-05 -5.743449405066547886e-07 3.6 0.00022015384281 1.6e-09
-1.740858026998062187e-05 4.109892896377879135e-01 -1.551554455165939442e-02 1.452594101985052759e-04 2.191506105336023941e-05 -2.268466999115967919e-06 3.6 0.00022015384281 1.6e-09
2.335692088685235369e-05 2.856554424077535792e+00 5.175313125120964419e-02 1.812590288552115895e-04 2.012946332096031944e-05 9.636052572100193685e-07 3.6 0.00022015384281 1.6e-09
6.027751154483510892e-05 3.579725907766133641e+00 1.106165236917741324e-01 2.190478366581995271e-04 -4.389234742037218071e-06 1.815205111228448716e-07 3.6 0.00022015384281 1.6e-09
-1.050339472057553814e-05 1.839536581206810517e+00 6.997658571490805723e-02 1.328858473329413460e-04 -3.644055379122547965e-05 -1.403309050383242365e-06 3.6 0.00022015384281 1.6e-09
-3.252403310043443051e-05 6.893929481022762484e-01 -1.944248810212282144e-02 1.128357313216351942e-04 5.570784020433916831e-05 6.866140097265746079e-07 3.6 0.00022015384281 1.6e-09
-7.184292383171027622e-05 3.243702814668571577e+00 8.134262895505994795e-02 2.012954309376456378e-04 1.333587999051881882e-05 8.456843206946670596e-07 3.6 0.00022015384281 1.6e-09
8.000046448754020675e-06 3.401579935501487739e+00 1.231705592297298313e-01 2.096025476365385239e-04 -9.932381803002841088e-06 -7.030459465543411064e-08 3.6 0.00022015384281 1.6e-09
-3.326292232031838710e-06 1.052702600857687187e+00 3.752410073721801353e-02 1.084439660132580248e-04 -5.131656087517370585e-05 -2.809355818752265394e-06 3.6 0.00022015384281 1.6e-09
2.404595216660971566e-05 1.400166578390461769e+00 7.115532937904938543e-03 1.163956357626986978e-04 4.454234575834042399e-05 1.775587818498914535e-06 3.6 0.00022015384281 1.6e-09
4.273384294129548542e-05 3.497971215298925962e+00 1.185170587606918791e-01 2.147023552892648784e-04 7.415807653541979034e-06 6.297543058345166956e-07 3.6 0.00022015384281 1.6e-09
-5.438476164757455864e-06 3.093691630653445213e+00 1.287186273211484155e-01 1.934661243120640545e-04 -1.613974414271287231e-05 -5.163488814978988890e-07 3.6 0.00022015384281 1.6e-09
3.838192350188346266e-05 5.181630343381791182e-01 -7.738865770199145934e-04 1.268689257999627124e-04 -4.871499316806865464e-05 -4.115147741668270096e-06 3.6 0.00022015384281 1.6e-09
3.134568078447217023e-05 2.145696022011582826e+00 4.776148552861955721e-02 1.464985001994925087e-04 3.118876016476628465e-05 1.659696631019399940e-06 3.6 0.00022015384281 1.6e-09
5.331176513072785074e-05 3.597019265630893692e+00 1.456330874371926654e-01 2.199855640187841667e-04 1.917154005059706460e-06 3.939404959892892602e-07 3.6 0.00022015384281 1.6e-09
5.875306635437889868e-05 2.595090401850117079e+00 1.198636345664594316e-01 1.681100072421286783e-04 -2.404909725502002953e-05 -1.096027579707680100e-06 3.6 0.00022015384281 1.6e-09
3.935226256220236598e-05 3.998361319423925919e-01 -1.964909933120355043e-02 1.478961124984018243e-04 1.139236204008672931e-05 -1.606193588858358205e-06 3.6 0.00022015384281 1.6e-09
6.799659960971501970e-05 2.775370027993948163e+00 9.583733787938310267e-02 1.771382729636547960e-04 2.133925792743802735e-05 1.339145474490795471e-06 3.6 0.00022015384281 1.6e-09
-9.306479168473088984e-05 3.588876729578439395e+00 1.632125177939129645e-01 2.195388073722698134e-04 -3.553917323627575843e-06 3.640762436027474725e-08 3.6 0.00022015384281 1.6e-09
4.480792893978144728e-05 1.948389670155646680e+00 8.815759716828379389e-02 1.375793232563877816e-04 -3.451370050320418938e-05 -1.945798248961290986e-06 3.6 0.00022015384281 1.6e-09
-2.989633228051641540e-05 6.193872168743935758e-01 -1.571662913287295155e-02 1.169872224680050738e-04 5.464451899959179822e-05 2.196459286520480113e-06 3.6 0.00022015384281 1.6e-09
-8.472327991323116568e-05 3.194811851678134307e+00 1.344576810530401234e-01 1.987315557071778161e-04 1.429965271033663403e-05 1.021776453567321207e-06 3.6 0.00022015384281 1.6e-09
3.746902589006337119e-05 3.441560895079337712e+00 1.692652624898931257e-01 2.117112685372066379e-04 -8.983541789023426725e-06 -3.438397281047452653e-07 3.6 0.00022015384281 1.6e-09
4.379230661431663578e-05 1.182841805213899811e+00 4.166516143339965561e-02 1.105903548181831863e-04 -4.876528021176294370e-05 -3.226917621280709940e-06 3.6 0.00022015384281 1.6e-09
-3.339168487694607542e-06 1.265196272710659597e+00 2.319898383270280195e-02 1.125332152896384402e-04 4.714536901333384305e-05 2.703243571020564254e-06 3.6 0.00022015384281 1.6e-09
1.020847255082874195e-04 3.462441594181318472e+00 1.610062259034664711e-01 2.128200151245040648e-04 8.347165120136928798e-06 6.160298107626098519e-07 3.6 0.00022015384281 1.6e-09
-4.017832227802003325e-05 3.152650984446878191e+00 1.535768884492480779e-01 1.965347254210277170e-04 -1.502682636063810525e-05 -8.170401197251852700e-07 3.6 0.00022015384281 1.6e-09
5.582661217841135395e-05 5.735848710117219529e-01 -5.404464659821375805e-03 1.208050003149629601e-04 -5.279317771762802243e-05 -3.786765825489210141e-06 3.6 0.00022015384281 1.6e-09
7.041321284350611704e-05 2.031062020314049477e+00 7.780838733285982967e-02 1.412648371001044519e-04 3.306683837272138217e-05 2.143884392818249128e-06 3.6 0.00022015384281 1.6e-09
-2.036662534698165718e-05 3.591099603174018107e+00 1.839305415522013987e-01 2.196636766171246476e-04 2.866916487537581120e-06 2.546402430224629338e-07 3.6 0.00022015384281 1.6e-09
2.490001024946773990e-05 2.699167552260567149e+00 1.324587250514801529e-01 1.733019792434705992e-04 -2.244682740970347756e-05 -1.414028285140344402e-06 3.6 0.00022015384281 1.6e-09
2.933724738824989043e-05 3.962111398688410446e-01 -2.135712406077785314e-02 1.488072069433411934e-04 -1.489436766429574291e-06 -2.421404153220055501e-07 3.6 0.00022015384281 1.6e-09
2.613928033978175181e-05 2.673976739065831332e+00 1.221072702133404742e-01 1.720393735694594078e-04 2.284021385894171975e-05 1.445967151339335122e-06 3.6 0.00022015384281 1.6e-09
2.849251023595277687e-05 3.594120242867055559e+00 1.806081436532215867e-01 2.198250055280517748e-04 -2.620521039598522295e-06 -1.618507292182114442e-07 3.6 0.00022015384281 1.6e-09
-1.388762998893323101e-05 2.063918335140875193e+00 8.415017027548588047e-02 1.427452117928718718e-04 -3.252988457074508890e-05 -2.055816260728001929e-06 3.6 0.00022015384281 1.6e-09
2.653957507822999188e-05 5.559187306604048695e-01 -9.821315935878895814e-03 1.224967961471710716e-04 5.189332106478903255e-05 3.634451518043360666e-06 3.6 0.00022015384281 1.6e-09
-1.285215132585339659e-05 3.137714299509373639e+00 1.584910927663010782e-01 1.957497260165122347e-04 1.537263123485926199e-05 9.518836467867661446e-07 3.6 0.00022015384281 1.6e-09
8.841283716827847317e-05 3.480143190209981974e+00 1.755367211633196978e-01 2.137514822016253974e-04 -8.002703685439628919e-06 -5.664400586210828129e-07 3.6 0.00022015384281 1.6e-09
3.820756392790710624e-05 1.322852832480156282e+00 3.386222965883003977e-02 1.140660539440449794e-04 -4.603299846798534329e-05 -2.911150089448284429e-06 3.6 0.00022015384281 1.6e-09
5.409999339301251454e-05 1.126945654633765725e+00 3.247828016853347016e-02 1.095427281568992135e-04 4.982468417706178228e-05 3.207093442122936984e-06 3.6 0.00022015384281 1.6e-09
-7.993938911644889590e-05 3.421449169040010396e+00 1.657723537494379118e-01 2.106540468370040622e-04 9.345358460600897884e-06 4.392920404489693902e-07 3.6 0.00022015384281 1.6e-09
-7.965422819217276532e-06 3.207056360425572628e+00 1.403275363235866047e-01 1.993790588914840726e-04 -1.396166083964952648e-05 -9.426461266536850936e-07 3.6 0.00022015384281 1.6e-09
3.325337825037104919e-05 6.402686594651505469e-01 -1.140260574824955922e-02 1.155982379387482400e-04 -5.503906295287782757e-05 -2.622989263124504775e-06 3.6 0.00022015384281 1.6e-09
5.008687643586678744e-05 1.914930775477905467e+00 8.836748757763179807e-02 1.361278057590902479e-04 3.503567312448154094e-05 2.165413138273783561e-06 3.6 0.00022015384281 1.6e-09
1.409266853389213816e-05 3.582014086508038542e+00 1.773019647593542247e-01 2.191755758149734762e-04 3.773026560666274336e-06 4.302279959154822236e-08 3.6 0.00022015384281 1.6e-09
-6.516670103725924132e-05 2.791596814665093351e+00 1.113564995440620847e-01 1.779629963751857961e-04 -2.104272821107803978e-05 -1.406722417467410481e-06 3.6 0.00022015384281 1.6e-09
3.642861853825704209e-05 4.018525833992363516e-01 -2.071132243030133352e-02 1.474516514208737265e-04 -1.342383840059628798e-05 1.284147371713799019e-06 3.6 0.00022015384281 1.6e-09
-1.102512622581572604e-05 2.574818491516472463e+00 1.182998574538893233e-01 1.671078677291932928e-04 2.433747762474722161e-05 1.213242481281239003e-06 3.6 0.00022015384281 1.6e-09
6.191894612495371783e-05 3.596233433082252517e+00 1.539156266751011137e-01 2.199454501669902552e-04 -1.760598743170734653e-06 -3.223543188850955023e-07 3.6 0.00022015384281 1.6e-09
-6.375043175881385949e-05 2.164267905343835174e+00 5.833769502577558497e-02 1.473602681101140782e-04 -3.086654054942281473e-05 -1.718954550835395838e-06 3.6 0.00022015384281 1.6e-09
2.190557722907079358e-05 5.095688262604534113e-01 -4.044648907950074146e-03 1.279285933959442242e-04 4.791218545234373304e-05 4.363208378930290044e-06 3.6 0.00022015384281 1.6e-09
5.312800946947159042e-06 3.083816287763617936e+00 1.434210980388275769e-01 1.929479974539130929e-04 1.635806945207468784e-05 6.638950011908840433e-07 3.6 0.00022015384281 1.6e-09
9.890486265779793826e-05 3.509388792032027915e+00 1.397481942754662809e-01 2.153029146751789203e-04 -7.189514932949302758e-06 -6.457745704836527416e-07 3.6 0.00022015384281 1.6e-09
-3.238814862092225259e-05 1.440061218127725695e+00 1.575221934074736568e-02 1.176599046316966662e-04 -4.379522634936537461e-05 -2.097008504418927178e-06 3.6 0.00022015384281 1.6e-09
4.062164700592752240e-05 1.016429716508177039e+00 3.277017008219110239e-02 1.081093700062104083e-04 5.194420902508184608e-05 2.978120912635920958e-06 3.6 0.00022015384281 1.6e-09
7.643638854325041445e-05 3.385743846325915740e+00 1.309836199747347329e-01 2.087726298991341269e-04 1.016899405717051991e-05 1.738489888350171695e-07 3.6 0.00022015384281 1.6e-09
9.696414537515943581e-05 3.248919155942915360e+00 9.498544041617694444e-02 2.015747634921034068e-04 -1.313239733635788954e-05 -8.435312126222888345e-07 3.6 0.00022015384281 1.6e-09
-5.535654395678528503e-05 7.035122887520448565e-01 -1.649696213100131786e-02 1.122212962763072751e-04 -5.570901591682334513e-05 -1.174248854324499270e-06 3.6 0.00022015384281 1.6e-09
-1.157521528136498692e-05 1.818998907985566627e+00 7.689004741948420041e-02 1.320332320589901755e-04 3.673621570647714373e-05 1.690444988094981911e-06 3.6 0.00022015384281 1.6e-09
7.023571705039805609e-05 3.572095323389705257e+00 1.310870684742776460e-01 2.186465730731157833e-04 4.476090661952799533e-06 -1.439780764272816724e-07 3.6 0.00022015384281 1.6e-09
1.068516526061379774e-05 2.857473211930100732e+00 6.741981427968199436e-02 1.813113268510809493e-04 -2.005096781154690650e-05 -1.106689085695942845e-06 3.6 0.00022015384281 1.6e-09
-1.345749730244192596e-05 4.119415055892035049e-01 -1.726752801540700627e-02 1.451174206736913837e-04 -2.196444292748912140e-05 2.345444416734576402e-06 3.6 0.00022015384281 1.6e-09
1.917149973247939994e-05 2.498295521860629975e+00 8.755640794053953790e-02 1.633423748500972741e-04 2.552833932548626833e-05 7.286245541736256851e-07 3.6 0.00022015384281 1.6e-09
-6.319299537409438737e-05 3.597162190762172695e+00 9.649183569095998170e-02 2.200006727302867139e-04 -1.109887862657584256e-06 -3.710046085225268033e-07 3.6 0.00022015384281 1.6e-09
1.036588095678647612e-05 2.237659640293744978e+00 2.330039975118630702e-02 1.507978457059166327e-04 -2.968585995856974532e-05 -1.097506924773201953e-06 3.6 0.00022015384281 1.6e-09
-2.851223992844503571e-05 4.805218423950218254e-01 1.029665836111324736e-04 1.321111391637266809e-04 4.396957443215531065e-05 3.924258460193494024e-06 3.6 0.00022015384281 1.6e-09
-6.072524094032023177e-05 3.041639133033211984e+00 9.882745556796147801e-02 1.907645942012153905e-04 1.711207525586778245e-05 3.039514051029388353e-07 3.6 0.00022015384281 1.6e-09
-1.425229562709832043e-06 3.527429300056921235e+00 8.175055885102097686e-02 2.162632483258295304e-04 -6.617747382354971505e-06 -5.483760694654617820e-07 3.6 0.00022015384281 1.6e-09
4.735064547070036607e-05 1.520991358299183860e+00 -2.280486116394621343e-03 1.204217337378986233e-04 -4.228114316902250583e-05 -1.139951542844496370e-06 3.6 0.00022015384281 1.6e-09
-1.927025621875855122e-05 9.431101746516533657e-01 2.488072118322548487e-02 1.077820384834375525e-04 5.330822049878060294e-05 2.013196332758673312e-06 3.6 0.00022015384281 1.6e-09
1.341423269104081718e-05 3.360359073771613581e+00 7.366606817485599201e-02 2.074362060831096404e-04 1.075916766697760187e-05 -4.616728806359870608e-08 3.6 0.00022015384281 1.6e-09
-9.492009310833684241e-05 3.277171607130146658e+00 4.039144508756378760e-02 2.030602856669301310e-04 -1.254983879616973377e-05 -5.596803520131836436e-07 3.6 0.00022015384281 1.6e-09
3.119700691950001356e-05 7.531085950024399844e-01 -1.658156703007613100e-02 1.103688702754424336e-04 -5.568370764838615297e-05 -3.720206529595540494e-08 3.6 0.00022015384281 1.6e-09
5.475615818250418649e-06 1.750672028127046032e+00 4.983508701938417496e-02 1.292144293069299034e-04 3.798310252764948891e-05 9.550610897336907904e-07 3.6 0.00022015384281 1.6e-09
6.459187857605299299e-05 3.563058426660925093e+00 7.016215912242296238e-02 2.181665479158914210e-04 4.952593042959787204e-06 -2.043353067336516130e-07 3.6 0.00022015384281 1.6e-09
2.923069399693057089e-05 2.898268763151756744e+00 2.501048526526852833e-02 1.833965944491179178e-04 -1.941509973619967588e-05 -6.530613982813821100e-07 3.6 0.00022015384281 1.6e-09
6.616634987727816727e-06 4.213461724772618600e-01 -1.126716626649319590e-02 1.430575474819605736e-04 -2.728131123271491199e-05 2.329235685887384997e-06 3.6 0.00022015384281 1.6e-09
-4.995990066387215805e-05 2.447306086305285788e+00 4.401248592773855661e-02 1.608524921322819858e-04 2.634212810935173294e-05 2.417225839550190827e-07 3.6 0.00022015384281 1.6e-09
-9.396598175085517086e-07 3.597412017437729759e+00 3.694000248178619383e-02 2.200169729801774001e-04 -6.898107919551125694e-07 -2.703920664882840056e-07 3.6 0.00022015384281 1.6e-09
3.235440397558579390e-05 2.286229715563805165e+00 -1.574228415157855141e-03 1.530988798192945712e-04 -2.890453207767072747e-05 -4.550259599724963387e-07 3.6 0.00022015384281 1.6e-09
-4.149497310686717331e-05 4.635111636942272906e-01 9.513176152771147653e-04 1.348961938608823343e-04 4.087064953552738079e-05 2.342621057684213592e-06 3.6 0.00022015384281 1.6e-09
3.711145771536074832e-05 3.011833540421251953e+00 4.729536608512270590e-02 1.892276394657283172e-04 1.760943142118659698e-05 7.389886508702943794e-08 3.6 0.00022015384281 1.6e-09
7.264560769955637318e-05 3.536936174880892292e+00 3.244784541709823389e-02 2.167708071795988495e-04 -6.259866831546521376e-06 -3.101910908032942672e-07 3.6 0.00022015384281 1.6e-09
2.378674206950212841e-05 1.571786688132371435e+00 -7.533649852996895241e-03 1.222580257602955698e-04 -4.132190063600992984e-05 -4.279253873224535213e-07 3.6 0.00022015384281 1.6e-09
-3.359598532049544819e-05 8.986239813324927717e-01 1.093411425532336313e-02 1.078872701198128079e-04 5.408107721309493956e-05 7.526445876194695634e-07 3.6 0.00022015384281 1.6e-09
-4.669190286441316016e-05 3.343573560936394351e+00 2.167363958994826534e-02 2.065527513042620593e-04 1.113777846392125656e-05 -8.972736925404236824e-08 3.6 0.00022015384281 1.6e-09
2.444514208714219634e-05 3.294887090241407357e+00 5.047354758219970740e-03 2.039914416070317236e-04 -1.218728419048810508e-05 -2.105904542891385223e-07 3.6 0.00022015384281 1.6e-09
4.773632063294736244e-05 7.880430822136867963e-01 -9.023447085095399889e-03 1.094140079708640198e-04 -5.546953004651514988e-05 2.974005587148310247e-07 3.6 0.00022015384281 1.6e-09
-2.575353990285350947e-05 1.705441503117502755e+00 1.908032328583799536e-02 1.273968874378088648e-04 3.881298797469373508e-05 3.655321807448092904e-07 3.6 0.00022015384281 1.6e-09
4.054945288733098423e-06 3.555559239600916577e+00 2.567595810177549648e-02 2.177687846262780862e-04 5.260766293134917218e-06 -9.013363611504158769e-08 3.6 0.00022015384281 1.6e-09
-9.296572709909390730e-06 2.922454713334523113e+00 7.785516627530061906e-03 1.846373976313860164e-04 -1.901345362668090889e-05 -2.466100358758041987e-07 3.6 0.00022015384281 1.6e-09
-1.191725039401990831e-05 4.283848064568856473e-01 -4.801205922521879429e-03 1.415918987717517590e-04 -3.043660457216868594e-05 1.039613512577383884e-06 3.6 0.00022015384281 1.6e-09
-6.573340896967031952e-05 2.414609168431818276e+00 7.407551109300039571e-03 1.592647964103135637e-04 2.685640451690998775e-05 3.269724447798169460e-08 3.6 0.00022015384281 1.6e-09
9.329607426638244117e-05 3.597126485695882891e+00 5.374925165484503720e-03 2.200031024152819038e-04 -4.229891113320081781e-07 -5.215294199125608410e-08 3.6 0.00022015384281 1.6e-09
3.285166914741881805e-05 2.317449316018750594e+00 -1.325068676484683801e-03 1.545877771061398838e-04 -2.839898263043329484e-05 -7.090713852341197783e-08 3.6 0.00022015384281 1.6e-09
-6.360173088757332645e-05 4.536697851840645335e-01 -2.445986270022579637e-03 1.366253093860265370e-04 3.868069212430035904e-05 2.634237528879880132e-07 3.6 0.00022015384281 1.6e-09
-5.243773749181314229e-05 2.991481568496008769e+00 1.389581865256471829e-02 1.881791686087505122e-04 1.794312424650049934e-05 1.144905562648798221e-07 3.6 0.00022015384281 1.6e-09
-1.047981333189296351e-04 3.542193014121505890e+00 1.759817772862717900e-02 2.170522248126755774e-04 -6.011741615667795111e-06 -3.524431468781355223e-08 3.6 0.00022015384281 1.6e-09
3.120192382566484011e-05 1.604419269997192643e+00 5.574634610679600824e-03 1.234729826156689394e-04 -4.070729091373868414e-05 -2.563680265195031453e-07 3.6 0.00022015384281 1.6e-09
-1.967530408793495794e-06 8.706227897991208886e-01 -4.485491568480751493e-03 1.080926154518821198e-04 5.449969698405775009e-05 -1.266460754622833340e-07 3.6 0.00022015384281 1.6e-09
6.027512820120569525e-05 3.331917761509822995e+00 7.305824394971053952e-04 2.059399704661973472e-04 1.137899011687801059e-05 8.716968911847694926e-08 3.6 0.00022015384281 1.6e-09
7.028767864768034254e-05 3.306179038746908994e+00 8.137407751596454492e-03 2.045853523899675416e-04 -1.194363944503511727e-05 4.612856081765826918e-08 3.6 0.00022015384281 1.6e-09
-3.037141451170548198e-05 8.122722229446945885e-01 4.287416983038744647e-03 1.089045108166280639e-04 -5.523273734491834688e-05 -3.353926467542955490e-07 3.6 0.00022015384281 1.6e-09
-6.514841844389255296e-07 1.675127912438357125e+00 -2.010812509076158675e-03 1.262023972068626793e-04 3.935858381295713677e-05 2.672092204899461423e-07 3.6 0.00022015384281 1.6e-09
-6.334345149129600285e-05 3.550050385772305361e+00 1.986358797183301536e-02 2.174762277053132937e-04 5.470321388612904607e-06 1.544440343887140809e-07 3.6 0.00022015384281 1.6e-09
3.454772083531794217e-05 2.938476075768484908e+00 2.567396373862852049e-02 1.854598142505411659e-04 -1.874516643592135078e-05 -7.125813085083409724e-08 3.6 0.00022015384281 1.6e-09
5.893764130612701954e-05 4.338594216283255256e-01 -9.249976159543757143e-04 1.404821509697182138e-04 -3.249632067432687709e-05 -1.049609923371358910e-06 3.6 0.00022015384281 1.6e-09
3.429271405109494112e-05 2.391418332481658915e+00 -5.263465225560991917e-03 1.581443978794938197e-04 2.720827890167500356e-05 2.407688191500480307e-07 3.6 0.00022015384281 1.6e-09
-1.309043535995882955e-05 3.596477719204592027e+00 1.813597994280645442e-02 2.199693356137941689e-04 -2.258196085627580499e-07 1.869159022696157151e-07 3.6 0.00022015384281 1.6e-09
-6.776531771650124629e-05 2.338850925084398735e+00 2.573418165088021958e-02 1.556140317441089059e-04 -2.804178528003206585e-05 -1.157969049149897889e-07 3.6 0.00022015384281 1.6e-09
7.309165838887788996e-06 4.474693308604426045e-01 -9.131246160251800525e-03 1.377605843628865938e-04 3.700452952407552092e-05 -1.321915062598306806e-06 3.6 0.00022015384281 1.6e-09
-6.908104459576596161e-05 2.976884690410149581e+00 1.461434755075248851e-02 1.874274053437974469e-04 1.817910084117763225e-05 4.212547419052321933e-07 3.6 0.00022015384281 1.6e-09
2.985220670535945823e-05 3.546220926063177181e+00 4.491206667861145918e-02 2.172664842546701935e-04 -5.843703268393169876e-06 1.474827353941670097e-07 3.6 0.00022015384281 1.6e-09
-6.194048959876121145e-05 1.629599396320141391e+00 3.190177591918605393e-02 1.244286802877127675e-04 -4.021920887433461957e-05 -6.796556258970670752e-07 3.6 0.00022015384281 1.6e-09
4.193405630034634501e-05 8.491408252105581145e-01 -1.527201550705013094e-02 1.083315661084211981e-04 5.477186503720178271e-05 -1.233820783343800775e-07 3.6 0.00022015384281 1.6e-09
-4.091784826153268574e-05 3.322201911247557149e+00 2.127102327907005180e-02 2.054287860870417722e-04 1.157904560013987716e-05 4.091274363112994590e-07 3.6 0.00022015384281 1.6e-09
1.342436568125444116e-05 3.314296857312198696e+00 4.904361937998588661e-02 2.050129012015592007e-04 -1.174875319170784361e-05 9.074244931165926837e-08 3.6 0.00022015384281 1.6e-09
-5.558222382037535076e-06 8.318827422466179566e-01 1.756977318675879973e-02 1.085665676410106563e-04 -5.497441131757716519e-05 -1.639902102379554155e-06 3.6 0.00022015384281 1.6e-09
1.498912326363778318e-05 1.651122564006194393e+00 -4.258635646133475047e-03 1.252683766094417599e-04 3.979121600982103181e-05 7.438072722070772071e-07 3.6 0.00022015384281 1.6e-09
6.521317791834387663e-05 3.545610970443860754e+00 5.519673234323883848e-02 2.172398299560704881e-04 5.628348214498452370e-06 4.119593360505746608e-07 3.6 0.00022015384281 1.6e-09
-5.108918996668452520e-05 2.952098544195520535e+00 6.996226210231185072e-02 1.861594769124945805e-04 -1.850406048231170898e-05 -2.026607972458335472e-07 3.6 0.00022015384281 1.6e-09
-2.042187848281863083e-05 4.393858732729999383e-01 -1.617049573812734918e-03 1.393936817811867622e-04 -3.421762887912796659e-05 -2.985017174081024680e-06 3.6 0.00022015384281 1.6e-09
4.162337224219399615e-05 2.370333517223492503e+00 1.151975978494737540e-02 1.571279822786256957e-04 2.752652240981615783e-05 7.810552128795858823e-07 3.6 0.00022015384281 1.6e-09
1.591074332800325051e-05 3.595127208310610278e+00 6.893269255835257625e-02 2.198978778647905843e-04 -5.950559733200443444e-08 3.331152299499721853e-07 3.6 0.00022015384281 1.6e-09
-3.221734971886787164e-05 2.357571463923771482e+00 6.684930506477326784e-02 1.565129183471442422e-04 -2.771876046865972496e-05 -5.547369351200999566e-07 3.6 0.00022015384281 1.6e-09
7.195529587776587589e-06 4.421153012150846884e-01 -1.623695406023495380e-02 1.387613435928956125e-04 3.538705854228322255e-05 -1.628059337694395610e-06 3.6 0.00022015384281 1.6e-09
3.807891696365834830e-05 2.963004180489209105e+00 4.837792180376849355e-02 1.867130428459864424e-04 1.838693348142924993e-05 8.458143817114964377e-07 3.6 0.00022015384281 1.6e-09
6.754988104779662233e-06 3.549793691599921974e+00 1.003302982401255705e-01 2.174559722369347832e-04 -5.669452378363597719e-06 1.509754035739465535e-07 3.6 0.00022015384281 1.6e-09
-5.764744282597795240e-05 1.655226527857423857e+00 5.881284945443605860e-02 1.254121844364996944e-04 -3.970971485625566757e-05 -1.459966369476617684e-06 3.6 0.00022015384281 1.6e-09
4.085312509961631125e-05 8.276989141586843512e-01 -1.704853462875504863e-02 1.086409173135207600e-04 5.502517754071172186e-05 7.996875405610490605e-07 3.6 0.00022015384281 1.6e-09
-8.055297179635045987e-05 3.311483512401429685e+00 7.259399635828725494e-02 2.048649353894842619e-04 1.177554823550944110e-05 7.206336714633848227e-07 3.6 0.00022015384281 1.6e-09
4.860636288926940363e-05 3.322005545388978298e+00 1.073892138922140360e-01 2.054183643264356014e-04 -1.154540142093418088e-05 -9.255388309198421315e-08 3.6 0.00022015384281 1.6e-09
-3.855090173901744223e-05 8.538244123236845562e-01 2.467215019773779522e-02 1.082690163174253599e-04 -5.462324022596060612e-05 -2.964145344080753873e-06 3.6 0.00022015384281 1.6e-09
1.424015163490999390e-05 1.624991472978987606e+00 1.236885933549835767e-02 1.242644450209912099e-04 4.025298451704165570e-05 1.572773871207395574e-06 3.6 0.00022015384281 1.6e-09
-8.097175256610228476e-05 3.540079237360205688e+00 1.130226348459358737e-01 2.169442181145554986e-04 5.820786618305119670e-06 5.546780806105509416e-07 3.6 0.00022015384281 1.6e-09
-3.088816121585431887e-05 2.967450823806399463e+00 1.180681495938470799e-01 1.869473164097145074e-04 -1.822475211495973250e-05 -5.622031903657435553e-07 3.6 0.00022015384281 1.6e-09
1.515024730885079578e-06 4.462798550634273775e-01 -6.527869999920298850e-03 1.380623915753077086e-04 -3.622256513914095573e-05 -3.858720789994472507e-06 3.6 0.00022015384281 1.6e-09
1.991871372159841150e-05 2.345214885474727673e+00 4.837065813378694373e-02 1.559200738483835559e-04 2.789287386962216198e-05 1.392919247642293943e-06 3.6 0.00022015384281 1.6e-09
-7.148237077604074744e-05 3.593043431715192693e+00 1.318029114035408345e-01 2.197867052857309400e-04 1.519016849363346758e-07 3.178548954653206459e-07 3.6 0.00022015384281 1.6e-09
-1.524195409343859128e-05 2.381040041730131840e+00 1.017443446894459869e-01 1.576427626653296998e-04 -2.730262803843759795e-05 -1.151266323619417844e-06 3.6 0.00022015384281 1.6e-09
3.401475404868703283e-05 4.357588188027986531e-01 -2.052031504847982857e-02 1.399946305306751725e-04 3.331016446219209950e-05 -5.300523664991381108e-07 3.6 0.00022015384281 1.6e-09
8.733535393938697100e-05 2.944467948060726314e+00 9.706279707746595653e-02 1.857597249730330168e-04 1.865412802354467475e-05 1.176028021589363563e-06 3.6 0.00022015384281 1.6e-09
-4.517149558064170105e-05 3.553744028246444753e+00 1.550816069957131060e-01 2.176654640159936217e-04 -5.438820872121837888e-06 -2.056305585301780866e-08 3.6 0.00022015384281 1.6e-09
4.264714490125756457e-05 1.688115073753635009e+00 7.312170995777278470e-02 1.266935596104587904e-04 -3.907528610443390752e-05 -2.176014270641389752e-06 3.6 0.00022015384281 1.6e-09
-2.045406429344988835e-05 8.014996897479096383e-01 -9.969450321296244311e-03 1.091217740972479457e-04 5.528796943015614645e-05 2.210896356903907181e-06 3.6 0.00022015384281 1.6e-09
9.187755691647780639e-05 3.297501866876847210e+00 1.281517658779705027e-01 2.041298120190085353e-04 1.201916995680006234e-05 8.700454469298670881e-07 3.6 0.00022015384281 1.6e-09
-4.219621041952139359e-05 3.332987616282665932e+00 1.537237889185304462e-01 2.059958657248834050e-04 -1.125632063995940979e-05 -4.025067203142571469e-07 3.6 0.00022015384281 1.6e-09
3.239481750761908317e-05 8.844231660675845319e-01 2.258478105095234820e-02 1.079703313981979847e-04 -5.417196562764188647e-05 -3.645178127189128285e-06 3.6 0.00022015384281 1.6e-09
3.813308460819362928e-05 1.588858511109908278e+00 3.806214846870188684e-02 1.229034741280761543e-04 4.087907001114437616e-05 2.349690126445419157e-06 3.6 0.00022015384281 1.6e-09
9.336862560826589350e-05 3.532435201007406267e+00 1.628255960033714589e-01 2.165364509918261883e-04 6.072216498339987579e-06 5.133529047695945220e-07 3.6 0.00022015384281 1.6e-09
-7.679434644995711203e-05 2.989306888096888049e+00 1.452096518762663879e-01 1.880710180541432183e-04 -1.783569455226971976e-05 -9.523725150152810187e-07 3.6 0.00022015384281 1.6e-09
-4.322136323359478485e-07 4.561906544673363095e-01 -1.324704899358746836e-02 1.362364804537957003e-04 -3.883174429960681892e-05 -3.323121192691644545e-06 3.6 0.00022015384281 1.6e-09
7.402513836658787820e-05 2.310459293732430197e+00 8.556605321375393425e-02 1.542565652962828420e-04 2.840478041017601452e-05 1.780458316256350844e-06 3.6 0.00022015384281 1.6e-09
-8.733233495280702378e-05 3.591631081282073978e+00 1.746101860411602980e-01 2.197103349402965220e-04 4.555049434881050187e-07 1.559924430342776007e-07 3.6 0.00022015384281 1.6e-09
-4.197176924881710605e-05 2.416342202176227971e+00 1.134015958531098545e-01 1.593493201084580056e-04 -2.671909658133480068e-05 -1.588662345076115038e-06 3.6 0.00022015384281 1.6e-09
-4.566312638421166244e-05 4.273905804990592028e-01 -2.036569332298376889e-02 1.416837364774527317e-04 3.022232134610453448e-05 1.381376632062182552e-06 3.6 0.00022015384281 1.6e-09
-7.904523943288986902e-05 2.917399838795961209e+00 1.345322588961931909e-01 1.843689499889597516e-04 1.907957157776139025e-05 1.247321904888697809e-06 3.6 0.00022015384281 1.6e-09
-5.097748879260796152e-05 3.560692729959273883e+00 1.804087400303915900e-01 2.180344804068561483e-04 -5.105314902255399188e-06 -2.717755162131091509e-07 3.6 0.00022015384281 1.6e-09
-3.758996420908226909e-05 1.735324507869373756e+00 6.789344888019502311e-02 1.285782298974845277e-04 -3.821892001528633142e-05 -2.443619570548455357e-06 3.6 0.00022015384281 1.6e-09
5.300165013593743880e-05 7.657200879829524354e-01 1.142921218598924420e-03 1.100023897858755546e-04 5.551420690168448296e-05 3.447149534373044643e-06 3.6 0.00022015384281 1.6e-09
9.695745736656428591e-06 3.278983391598854880e+00 1.593506450183774792e-01 2.031549259232633142e-04 1.241170439742822753e-05 7.903331330557554075e-07 3.6 0.00022015384281 1.6e-09
8.418091897862904464e-05 3.351703479008251385e+00 1.649724741216578583e-01 2.069792478179698515e-04 -1.085437261367377688e-05 -6.731296872931745896e-07 3.6 0.00022015384281 1.6e-09
-4.136208580763632060e-06 9.308835984418932785e-01 1.281954661265457054e-02 1.077775876616043915e-04 -5.347850922954591952e-05 -3.381635299462032953e-06 3.6 0.00022015384281 1.6e-09
-2.557798262672864148e-05 1.534721625022553937e+00 5.816346811873472633e-02 1.209245659757603544e-04 4.186759738906708518e-05 2.699928463288517838e-06 3.6 0.00022015384281 1.6e-09
6.147260657250493544e-05 3.522821744154820855e+00 1.779360311636464798e-01 2.160233181796753442e-04 6.475704256840139665e-06 3.127882122541309106e-07 3.6 0.00022015384281 1.6e-09
-7.210121090795099520e-06 3.022698646149882595e+00 1.370884286599617918e-01 1.897909863727033613e-04 -1.730181822667073313e-05 -1.160713267368645164e-06 3.6 0.00022015384281 1.6e-09
-1.077941845540707748e-05 4.721373149165500882e-01 -1.871119946177930357e-02 1.335063284693366423e-04 -4.229025732066491491e-05 -1.773466212598476722e-06 3.6 0.00022015384281 1.6e-09
-4.797325314074683161e-05 2.260036473512410105e+00 1.034808376281297071e-01 1.518571259486602805e-04 2.922121620480350114e-05 1.765985695532170049e-06 3.6 0.00022015384281 1.6e-09
1.097144871573606619e-04 3.592624324933798796e+00 1.759102417578254640e-01 2.197608800534125192e-04 8.951162240788986821e-07 -6.289201299890714134e-08 3.6 0.00022015384281 1.6e-09
7.856053621287372455e-05 2.470088373049710739e+00 9.673373161890026772e-02 1.619619071676160001e-04 -2.591461550449193423e-05 -1.643115737419705467e-06 3.6 0.00022015384281 1.6e-09
-6.982477021392160025e-05 4.167114340809528472e-01 -1.660312953643135539e-02 1.439703556566345063e-04 2.521617436862774909e-05 3.142771515963180554e-06 3.6 0.00022015384281 1.6e-09
9.028386788973462361e-05 2.877694141020927354e+00 1.404538786453999877e-01 1.823376029526315345e-04 1.972573343896203487e-05 1.024239865489145809e-06 3.6 0.00022015384281 1.6e-09
4.996820002630394453e-05 3.572593198797036074e+00 1.624272674492024393e-01 2.186672667119010714e-04 -4.629385860276731641e-06 -4.688031169436307449e-07 3.6 0.00022015384281 1.6e-09
-3.827805579751947934e-05 1.803733921527178152e+00 4.557831456573682716e-02 1.313833889947820768e-04 -3.705512358749924677e-05 -2.123477681622913865e-06 3.6 0.00022015384281 1.6e-09
2.575843085125219722e-06 7.159463807413241065e-01 9.670613297669546776e-03 1.116912393337794642e-04 5.563908481830161359e-05 3.952686556983105627e-06 3.6 0.00022015384281 1.6e-09
-8.109346995726240037e-05 3.253986177494270660e+00 1.507118964697647945e-01 2.018395434726016013e-04 1.300622133042472197e-05 5.311189099395826988e-07 3.6 0.00022015384281 1.6e-09
9.248280334321791604e-05 3.381417973446114278e+00 1.363695984238437464e-01 2.085426572882769847e-04 -1.027072183495105959e-05 -7.648909985473061394e-07 3.6 0.00022015384281 1.6e-09
1.358851770405204452e-05 1.003246880008640929e+00 2.393433903223771641e-04 1.079938543318837281e-04 -5.228351849373521121e-05 -2.386754082494664957e-06 3.6 0.00022015384281 1.6e-09
1.920092481220317615e-05 1.453329865901436424e+00 6.142464084843569927e-02 1.181121206597169558e-04 4.343575049511506241e-05 2.458791168494006779e-06 3.6 0.00022015384281 1.6e-09
-5.146839625332628971e-05 3.509162187379998521e+00 1.494074265045942096e-01 2.152952541796204712e-04 7.076625171783203164e-06 5.431598455713583799e-08 3.6 0.00022015384281 1.6e-09
3.747899839496631944e-05 3.070263641024449264e+00 9.688282080780347139e-02 1.922494637635733562e-04 -1.656146971462987551e-05 -1.075446183552768443e-06 3.6 0.00022015384281 1.6e-09
-1.526673739468918645e-05 4.993633829439095839e-01 -2.076856051668708736e-02 1.293710126828270975e-04 -4.661023415184790416e-05 -8.057042741053259670e-08 3.6 0.00022015384281 1.6e-09
1.528459261083010270e-06 2.187003386078854916e+00 9.337001239653636153e-02 1.484229196316724049e-04 3.045803496925797714e-05 1.372028322910080560e-06 3.6 0.00022015384281 1.6e-09
5.660628260877617699e-05 3.595441784873553814e+00 1.360625511190677872e-01 2.199066283203079649e-04 1.547257251245187907e-06 -2.259791909173289419e-07 3.6 0.00022015384281 1.6e-09
-6.344570839576082002e-05 2.547830217864024860e+00 6.072438848998051170e-02 1.657773979711834147e-04 -2.476837297328348075e-05 -1.304621567129676044e-06 3.6 0.00022015384281 1.6e-09
2.696352236265730929e-05 4.049301964704836720e-01 -1.158426216837706718e-02 1.466758548973025539e-04 1.711415363158919317e-05 3.919908095577954063e-06 3.6 0.00022015384281 1.6e-09
3.014356416793741628e-05 2.817698869524090988e+00 1.110584045261990699e-01 1.792810848335674916e-04 2.072493731994619080e-05 6.096790280162094695e-07 3.6 0.00022015384281 1.6e-09
-4.158944670640789135e-05 3.587268231944555907e+00 1.089287650989356482e-01 2.194498650996678786e-04 -3.950480597768383758e-06 -5.132170011335419036e-07 3.6 0.00022015384281 1.6e-09
6.068983501649736795e-05 1.897532367221414606e+00 1.622365991148040296e-02 1.353606340776375688e-04 -3.548195518791662462e-05 -1.385136165398229879e-06 3.6 0.00022015384281 1.6e-09
-1.202326404570206798e-05 6.524396278961310802e-01 1.153103919400295420e-02 1.148325979930003469e-04 5.522440236097467600e-05 3.507478386961298572e-06 3.6 0.00022015384281 1.6e-09
3.571163365642861530e-05 3.218342332628274072e+00 1.076869224150757698e-01 1.999676319119687200e-04 1.383117120324080349e-05 2.253115600483333327e-07 3.6 0.00022015384281 1.6e-09
8.741341322180896836e-05 3.421524448103047789e+00 8.321152216749397312e-02 2.106560294461904510e-04 -9.472080168291374642e-06 -6.398949752633104509e-07 3.6 0.00022015384281 1.6e-09
-1.544309511914478692e-05 1.111485229706167921e+00 -9.505936255282648739e-03 1.092677195129310023e-04 -5.027294307613518583e-05 -1.212989055489368915e-06 3.6 0.00022015384281 1.6e-09
-4.320852965464059826e-05 1.337598692966201153e+00 4.659347887998455118e-02 1.145002585284789979e-04 4.575501348508574721e-05 1.718163353355264532e-06 3.6 0.00022015384281 1.6e-09
2.639126052779366618e-05 3.485842941425487673e+00 9.042072344601242984e-02 2.140569476713188174e-04 7.888738501832481099e-06 -1.401887732606553140e-07 3.6 0.00022015384281 1.6e-09
-3.350209417714995042e-05 3.129197323931803165e+00 4.327958550813223310e-02 1.953095508849731193e-04 -1.558231196081925879e-05 -7.411551259980503970e-07 3.6 0.00022015384281 1.6e-09
5.127123352187251128e-05 5.442881973638892257e-01 -1.860109098348917273e-02 1.237622144523350118e-04 -5.109992622588127749e-05 9.552448612736570492e-07 3.6 0.00022015384281 1.6e-09
-1.760312635290420423e-05 2.086855219210819179e+00 6.163985391897189303e-02 1.437963037963770692e-04 3.218774633450393198e-05 7.900231047832646141e-07 3.6 0.00022015384281 1.6e-09
1.090957825623373038e-04 3.596328819767879104e+00 7.604249117491773680e-02 2.199475203710075282e-04 2.400782457562371591e-06 -2.572599541971616959e-07 3.6 0.00022015384281 1.6e-09
-5.310483679483786766e-05 2.647705500037418780e+00 2.325215592508819012e-02 1.707307093373390159e-04 -2.329898363600419066e-05 -7.649553287307010536e-07 3.6 0.00022015384281 1.6e-09
-3.911618737707083253e-05 3.966153546257839557e-01 -7.174353735109011490e-03 1.487107876496045872e-04 5.428474939237272172e-06 3.373876004013382899e-06 3.6 0.00022015384281 1.6e-09
6.024611270690682842e-05 2.730859645899136545e+00 6.076461748741732172e-02 1.748910862709266714e-04 2.209251964744585319e-05 1.877489824112877102e-07 3.6 0.00022015384281 1.6e-09
-3.119147077341245425e-05 3.598822740998517844e+00 4.523679003321789960e-02 2.200698825197411064e-04 -3.085005608413837975e-06 -3.873090554884823176e-07 3.6 0.00022015384281 1.6e-09
2.486622740333818682e-05 2.011318632223132674e+00 -6.717343183744492463e-03 1.403676951027942998e-04 -3.355117220133552517e-05 -5.851407446842348124e-07 3.6 0.00022015384281 1.6e-09
4.405360648315181905e-05 5.843321994776770056e-01 7.314652593761570773e-03 1.198081816302701795e-04 5.343354909845461371e-05 2.218979435563450866e-06 3.6 0.00022015384281 1.6e-09
7.034590733903827212e-05 3.168968241303129041e+00 5.239504066472175370e-02 1.973822889673561352e-04 1.487104068233706023e-05 2.106632893106427040e-08 3.6 0.00022015384281 1.6e-09
5.911941273556695672e-06 3.465165580101848164e+00 3.220038817488161953e-02 2.129607758329879626e-04 -8.501139458719105985e-06 -3.674465347165902953e-07 3.6 0.00022015384281 1.6e-09
5.556516007563391487e-05 1.250354104850889492e+00 -1.133508662559193185e-02 1.121422761157304568e-04 -4.756295790032483237e-05 -3.770036300364581377e-07 3.6 0.00022015384281 1.6e-09
5.469212511670921333e-05 1.196722552728814559e+00 2.236131260963446915e-02 1.109020110877052199e-04 4.858563472401221048e-05 7.479770690715577805e-07 3.6 0.00022015384281 1.6e-09
5.060967245470476990e-05 3.449611431152951102e+00 2.948360720080539163e-02 2.121390622152351029e-04 8.872390202134828791e-06 -1.781421508800528023e-07 3.6 0.00022015384281 1.6e-09
4.889183408478796214e-05 3.189744304443614453e+00 2.255706860916265044e-03 1.984681360825030520e-04 -1.447636559820227056e-05 -3.176999119227702269e-07 3.6 0.00022015384281 1.6e-09
5.829959126977356509e-05 6.085958571209607593e-01 -1.179570614308671737e-02 1.178076418292165839e-04 -5.435205178574445894e-05 9.944816189674888557e-07 3.6 0.00022015384281 1.6e-09
1.608073556884611678e-06 1.967720650603778765e+00 2.444274443078281109e-02 1.384418112062648656e-04 3.424146433445646382e-05 2.872571609632445051e-07 3.6 0.00022015384281 1.6e-09
-3.068729132264162805e-05 3.590952291206257918e+00 2.573128668878524317e-02 2.196546331450254842e-04 3.370834502566936504e-06 -1.397763004207414052e-07 3.6 0.00022015384281 1.6e-09
-7.135979695402934594e-05 2.752149898208029466e+00 3.412445177301743661e-03 1.759705136963623411e-04 -2.172898236849046111e-05 -2.787566885942617911e-07 3.6 0.00022015384281 1.6e-09
2.858966237975393815e-05 3.975750068184460417e-01 -3.674695213478264971e-03 1.485052209579936844e-04 -7.970810214755099358e-06 1.687106665659124455e-06 3.6 0.00022015384281 1.6e-09
1.496247880666470306e-05 2.625724527099501771e+00 1.393999090032899818e-02 1.696296962735498821e-04 2.368624344859793365e-05 -3.839357280138541738e-08 3.6 0.00022015384281 1.6e-09
5.531671965333025153e-05 3.603314882281706488e+00 2.852677548743211104e-03 2.203166894949501443e-04 -2.144360085648982360e-06 -1.434695840658203628e-07 3.6 0.00022015384281 1.6e-09
1.922643025552183541e-05 2.126418655263636381e+00 -1.007132034596769019e-02 1.456006734086871725e-04 -3.160230536865706443e-05 -6.482410899893151789e-08 3.6 0.00022015384281 1.6e-09
9.803896242893740020e-06 5.261944715660935579e-01 -4.419900835687021208e-06 1.258216708449126880e-04 4.978957408965453842e-05 4.485883519189297615e-07 3.6 0.00022015384281 1.6e-09
-3.849387210366052661e-05 3.110582296586028583e+00 1.157668099894750696e-02 1.943379729087941295e-04 1.597859005067703503e-05 3.295474945100624205e-08 3.6 0.00022015384281 1.6e-09
-7.804267610155495938e-05 3.502070147505168762e+00 9.467041030134154544e-03 2.149149961205274492e-04 -7.532979449821371250e-06 -6.509124281755878286e-08 3.6 0.00022015384281 1.6e-09
5.347658273156538167e-05 1.391482860314919412e+00 -5.110994581298238925e-04 1.161052959499012506e-04 -4.479693898932120288e-05 -1.361024661257971045e-07 3.6 0.00022015384281 1.6e-09
-1.585774835666061062e-05 1.060548215061933641e+00 -2.765538986152607276e-04 1.085440454312822675e-04 5.126952648791606210e-05 -5.878165599930282512e-08 3.6 0.00022015384281 1.6e-09
9.102404635669453952e-05 3.406874984942238171e+00 -3.530491972708708470e-03 2.098830143976507245e-04 9.856770253741648280e-06 -1.753818399736691242e-08 3.6 0.00022015384281 1.6e-09
-4.678488772799111069e-05 3.241339880474170876e+00 -3.754664000182606105e-03 2.011722553855848901e-04 -1.342399948714535432e-05 1.435339954004531347e-08 3.6 0.00022015384281 1.6e-09
-5.486437150205228776e-05 6.829121469520924581e-01 -3.052136519864798126e-04 1.131628514685442839e-04 -5.568728198502677704e-05 1.173331293554029948e-07 3.6 0.00022015384281 1.6e-09
-5.633084656568884501e-05 1.850443410756381635e+00 -2.172940916966533461e-03 1.333576440395929413e-04 3.627851659991154445e-05 1.388200893280861686e-07 3.6 0.00022015384281 1.6e-09
-5.598656452263222889e-05 3.579414060013945686e+00 1.046070928237817846e-02 2.190362035614127701e-04 4.260689900555586618e-06 9.645435903150774954e-08 3.6 0.00022015384281 1.6e-09
7.256577762955288035e-05 2.839570203953153182e+00 1.474342677604137571e-02 1.803986236898519238e-04 -2.038788822235491942e-05 -3.462311713587155515e-08 3.6 0.00022015384281 1.6e-09
4.049027660447052969e-05 4.078156016250072957e-01 -1.331117396590925182e-03 1.460735979061401619e-04 -1.956702578271871058e-05 -6.208059402178293467e-07 3.6 0.00022015384281 1.6e-09
-6.979783582301898740e-05 2.524676838055612826e+00 -8.284122199699643641e-03 1.646314809696827449e-04 2.520805845220065337e-05 9.405411966185824182e-08 3.6 0.00022015384281 1.6e-09
-1.001524833229205171e-04 3.602903516954763852e+00 4.508095553228731213e-03 2.203018944102656080e-04 -1.278931652605456810e-06 1.284607045616120530e-07 3.6 0.00022015384281 1.6e-09
3.107319402499460345e-06 2.224920259555029922e+00 1.296404769032965046e-02 1.501913142711205332e-04 -2.995082557841144356e-05 -1.132375355703470396e-08 3.6 0.00022015384281 1.6e-09
2.556600886101862747e-06 4.851539591159357845e-01 -8.220497334975870179e-03 1.313776677257964343e-04 4.490049510972538775e-05 -1.146456442525857874e-06 3.6 0.00022015384281 1.6e-09
5.071571687844360224e-05 3.053547032248543402e+00 4.640343467809304213e-03 1.913788763871098787e-04 1.696694461036942999e-05 3.021288798197965792e-07 3.6 0.00022015384281 1.6e-09
2.687638805457469825e-05 3.528095322009148216e+00 2.924193522677036652e-02 2.162963230279346867e-04 -6.724738472475853765e-06 1.515174774859896030e-07 3.6 0.00022015384281 1.6e-09
5.538854507845836792e-06 1.510329662145683205e+00 2.383116058806217935e-02 1.200426657784783825e-04 -4.249985148969010482e-05 -5.090958822276478505e-07 3.6 0.00022015384281 1.6e-09
5.204016297806840849e-05 9.515753130904056611e-01 -1.479847914117002686e-02 1.077767620304316819e-04 5.324200399789805091e-05 -2.430858047819058155e-07 3.6 0.00022015384281 1.6e-09
1.269484770741118149e-06 3.367111841906204717e+00 7.512247011514977882e-03 2.077875843101736452e-04 1.071356511787317047e-05 3.064979408609286188e-07 3.6 0.00022015384281 1.6e-09
5.522035472270680470e-05 3.281205097242710700e+00 3.174678988426536674e-02 2.032666814990689711e-04 -1.256734451400492661e-05 1.277833264580805975e-07 3.6 0.00022015384281 1.6e-09
-1.701713257450289266e-05 7.556966320902434031e-01 1.345063207258210061e-02 1.102723892294840019e-04 -5.569807650352456537e-05 -1.336230444185452481e-06 3.6 0.00022015384281 1.6e-09
6.101904273190341044e-05 1.748740228793750795e+00 -8.676987393403846546e-03 1.291312549898649916e-04 3.806216776595022978e-05 5.191525915217876632e-07 3.6 0.00022015384281 1.6e-09
-5.237001878542796752e-05 3.565373971930291042e+00 3.932029183359989077e-02 2.182867986975736176e-04 4.995057047017169759e-06 3.706237041491381587e-07 3.6 0.00022015384281 1.6e-09
-2.157163575901315027e-05 2.905673674588086453e+00 5.650603170982899937e-02 1.837725267645306105e-04 -1.932472464302903328e-05 -1.108990153157114612e-07 3.6 0.00022015384281 1.6e-09
-2.738241391332572286e-05 4.231230867389836336e-01 -1.408775817675937073e-03 1.426726528237409124e-04 -2.822680689643127373e-05 -2.798139893731812878e-06 3.6 0.00022015384281 1.6e-09
7.481260778285530905e-05 2.438795911242714443e+00 2.080507273666056499e-03 1.604343121957267789e-04 2.650165292082269958e-05 5.977603507706759706e-07 3.6 0.00022015384281 1.6e-09
8.101953849416845029e-05 3.600882280788264111e+00 5.087760979291712504e-02 2.201984598592033509e-04 -5.798381858115855348e-07 3.248923734783557407e-07 3.6 0.00022015384281 1.6e-09
-1.555740667592333122e-05 2.305308408071202741e+00 5.551323427309769187e-02 1.540017579683433549e-04 -2.861069199361629398e-05 -4.018246225716005622e-07 3.6 0.00022015384281 1.6e-09
-3.724161171920428064e-05 4.573010551251729394e-01 -1.572273290418736008e-02 1.359217256519920831e-04 3.956522545450072230e-05 -1.800325141481586278e-06 3.6 0.00022015384281 1.6e-09
-5.850717055476640984e-05 3.001581700456137369e+00 3.456231326118638925e-02 1.886927580620979730e-04 1.783131617013036246e-05 7.428143321657737811e-07 3.6 0.00022015384281 1.6e-09
5.822710325303034928e-05 3.545895503475001043e+00 8.433723578122895304e-02 2.172427524792447991e-04 -6.053538140904479156e-06 1.979126113829371883e-07 3.6 0.00022015384281 1.6e-09
-3.106521563829818067e-05 1.607875952695991151e+00 5.384275635626078332e-02 1.235911452261673985e-04 -4.062938955677571274e-05 -1.285079089727535704e-06 3.6 0.00022015384281 1.6e-09
2.633640672855206962e-05 8.667952318173817172e-01 -1.903867562457554202e-02 1.081118909143720565e-04 5.456832839530999246e-05 4.517566088623820254e-07 3.6 0.00022015384281 1.6e-09
5.409315501127291345e-05 3.331876529307038481e+00 5.658978912346060430e-02 2.059329231355090401e-04 1.143432272465671714e-05 6.684805361502559685e-07 3.6 0.00022015384281 1.6e-09
3.960249585677541725e-05 3.313585782522071810e+00 9.341122268500509640e-02 2.049700365680302990e-04 -1.183245217817181614e-05 -6.978818056975779435e-09 3.6 0.00022015384281 1.6e-09
-2.719957575309371492e-05 8.271662059276824186e-01 2.440734552764106668e-02 1.086222242866214250e-04 -5.500504012946841217e-05 -2.800942494052688342e-06 3.6 0.00022015384281 1.6e-09
-1.572085426464593189e-05 1.657593429897569193e+00 5.052651827843153420e-03 1.255054083591460707e-04 3.969919896453363774e-05 1.344357577617575905e-06 3.6 0.00022015384281 1.6e-09
-4.090355217884982897e-05 3.549767518814539002e+00 9.847057731561713323e-02 2.174548464341891866e-04 5.635008790717664080e-06 5.653737474267096551e-07 3.6 0.00022015384281 1.6e-09
-7.524642838445016384e-05 2.959712187095006719e+00 1.101712469155851498e-01 1.865439726744723848e-04 -1.841622963254444640e-05 -4.466780147954788915e-07 3.6 0.00022015384281 1.6e-09
-1.492836931468707114e-05 4.419694512075570403e-01 -4.690172807874138511e-03 1.388467906800719041e-04 -3.508481272884717814e-05 -4.051422226107332441e-06 3.6 0.00022015384281 1.6e-09
3.250360716441346993e-05 2.360828392411805865e+00 3.726811464255300188e-02 1.566628674487231072e-04 2.769539505375276384e-05 1.279754558198985534e-06 3.6 0.00022015384281 1.6e-09
-1.082588784301850295e-04 3.598362933762909499e+00 1.191811376459902122e-01 2.200653569694557051e-04 8.185812731027059218e-08 3.679883825873027964e-07 3.6 0.00022015384281 1.6e-09
7.219216862942664137e-05 2.379829151047110791e+00 9.880726017517707516e-02 1.575760826837834688e-04 -2.737738924224922035e-05 -1.012124109824677117e-06 3.6 0.00022015384281 1.6e-09
-4.677739904519265111e-05 4.359737987394062264e-01 -2.066764098007113637e-02 1.399071466976567490e-04 3.355025073112396892e-05 -1.154524091576007770e-06 3.6 0.00022015384281 1.6e-09
8.691753629172676069e-05 2.948342681487599481e+00 8.531328257330020315e-02 1.859529988307071879e-04 1.865648602795765232e-05 1.159909603978882629e-06 3.6 0.00022015384281 1.6e-09
3.580517905423357810e-05 3.559723455852883411e+00 1.475688077928951070e-01 2.179787048996357785e-04 -5.405672934816904032e-06 6.272447582954580871e-08 3.6 0.00022015384281 1.6e-09
-6.028861157469724594e-05 1.700281340399096841e+00 7.613542575540234447e-02 1.271672123646829650e-04 -3.888330746104951322e-05 -2.059456789180231027e-06 3.6 0.00022015384281 1.6e-09
-1.029772641634164290e-05 7.917989885183308596e-01 -1.433030561757296303e-02 1.093113785289780843e-04 5.542946695185949047e-05 1.829938238277326052e-06 3.6 0.00022015384281 1.6e-09
2.661932793644659044e-05 3.296251285538751574e+00 1.184050923418213663e-01 2.040579827958073026e-04 1.215493836491228510e-05 9.089007368946048742e-07 3.6 0.00022015384281 1.6e-09
-1.935479673237033653e-05 3.346132145267329605e+00 1.514944248571577778e-01 2.066822208998310038e-04 -1.107907867202520354e-05 -3.035350365993154845e-07 3.6 0.00022015384281 1.6e-09
4.459463036441568178e-05 9.090197259812444752e-01 2.820071563998586758e-02 1.078133384349551967e-04 -5.382381506304378027e-05 -3.658959431142992651e-06 3.6 0.00022015384281 1.6e-09
-5.501069953191096371e-05 1.560250396063209033e+00 2.924614574016234578e-02 1.218382390401660331e-04 4.146236135800041109e-05 2.273824266541929858e-06 3.6 0.00022015384281 1.6e-09
3.622878794174713354e-05 3.530611474413275275e+00 1.569081633386453789e-01 2.164346240526078156e-04 6.313621919040582610e-06 5.910006062270821343e-07 3.6 0.00022015384281 1.6e-09
-3.441644927952931452e-05 3.014394399808530078e+00 1.487516737376580467e-01 1.893592499770004717e-04 -1.747830614543397285e-05 -8.515462529029212216e-07 3.6 0.00022015384281 1.6e-09
5.199559775455359106e-05 4.675174809345806204e-01 -1.017387122529791327e-02 1.342469589536581008e-04 -4.142092394313724247e-05 -3.965835639812588780e-06 3.6 0.00022015384281 1.6e-09
5.253874579762048277e-05 2.275596843211709075e+00 7.750313347573947742e-02 1.525893819466717853e-04 2.901451437262168219e-05 1.839414819651030148e-06 3.6 0.00022015384281 1.6e-09
6.590334827171085038e-06 3.596412126340179150e+00 1.750604787047597422e-01 2.199591831750061818e-04 8.074562263409046358e-07 2.517283237825862301e-07 3.6 0.00022015384281 1.6e-09
-2.481827597956303322e-06 2.465363362719793727e+00 1.227875757715432281e-01 1.617267643167439857e-04 -2.599693727104925186e-05 -1.514274926760477134e-06 3.6 0.00022015384281 1.6e-09
5.467049970013851661e-05 4.171994366234951790e-01 -2.199435392994934096e-02 1.438404028737231568e-04 2.557896319680643055e-05 4.427707392668915792e-07 3.6 0.00022015384281 1.6e-09
-2.597370879464944171e-05 2.882593713792735990e+00 1.291318675140805117e-01 1.825838613398280720e-04 1.967578967298054012e-05 1.355957328002076947e-06 3.6 0.00022015384281 1.6e-09
8.891339339513591885e-05 3.573767438019028297e+00 1.857881585230570232e-01 2.187270721350413974e-04 -4.652730974780641088e-06 -1.739580523986708582e-07 3.6 0.00022015384281 1.6e-09
4.349509274937696815e-05 1.805425844576314498e+00 7.993899140043073115e-02 1.314469849745423732e-04 -3.699656457472346143e-05 -2.420138991361257445e-06 3.6 0.00022015384281 1.6e-09
2.292135902763123284e-05 7.138277927673766232e-01 -5.519567113807145528e-03 1.117560484182967618e-04 5.572385526105210569e-05 3.329040716863890293e-06 3.6 0.00022015384281 1.6e-09
1.277012050789978265e-05 3.254362647674111209e+00 1.612346429152233529e-01 2.018549540581262929e-04 1.303033309611640963e-05 9.245422693281555103e-07 3.6 0.00022015384281 1.6e-09
3.291832534478176739e-05 3.386902684851957446e+00 1.777055526763974547e-01 2.088278319422479188e-04 -1.018205219458872719e-05 -5.974353365827083259e-07 3.6 0.00022015384281 1.6e-09
-3.574638356242612359e-05 1.018592481806540828e+00 2.379557424034070556e-02 1.081015768987950523e-04 -5.193572120932987018e-05 -3.580763719957416462e-06 3.6 0.00022015384281 1.6e-09
3.073689735611069508e-05 1.437714217626135271e+00 4.854207384022575511e-02 1.175931822730551398e-04 4.373867718784524880e-05 2.898529492716233390e-06 3.6 0.00022015384281 1.6e-09
-6.886346307809051634e-05 3.504979609104321270e+00 1.826717890123297772e-01 2.150714139284560470e-04 7.185762484184399657e-06 4.408514824761420578e-07 3.6 0.00022015384281 1.6e-09
2.403157820676744610e-05 3.079261803991628632e+00 1.516619062823788278e-01 1.927141184470406398e-04 -1.637562542833025125e-05 -1.098993518606267193e-06 3.6 0.00022015384281 1.6e-09
6.858218405091430850e-06 5.072958554541213694e-01 -1.575759781042735536e-02 1.282687852956420846e-04 -4.759683062798672389e-05 -2.785521392881914973e-06 3.6 0.00022015384281 1.6e-09
6.890299499771289631e-05 2.168704708840176743e+00 1.010281581045434640e-01 1.475648718271536138e-04 3.074257766884260222e-05 2.033232434738700389e-06 3.6 0.00022015384281 1.6e-09
-5.233430901411514945e-05 3.595903943570768924e+00 1.905816305344036898e-01 2.199263510674551170e-04 1.741113409899111692e-06 4.635383570187925668e-08 3.6 0.00022015384281 1.6e-09
1.665176584340202157e-05 2.573888907514726210e+00 1.164924907097790036e-01 1.670589291291612894e-04 -2.434701801349874910e-05 -1.653396133921279167e-06 3.6 0.00022015384281 1.6e-09
-3.975800547197655822e-05 4.018277685429674229e-01 -2.037419564607188469e-02 1.473877799858955772e-04 1.406317722703724908e-05 2.151668153788523372e-06 3.6 0.00022015384281 1.6e-09
5.258568096001160340e-05 2.793193991205151772e+00 1.413458235024326881e-01 1.780368402452790224e-04 2.105853952868949359e-05 1.235289664868236132e-06 3.6 0.00022015384281 1.6e-09
-9.983217824694147404e-05 3.588777885613445129e+00 1.775755232215982526e-01 2.195300904132493772e-04 -3.692168260442809391e-06 -3.833705663475921588e-07 3.6 0.00022015384281 1.6e-09
-6.471016890087474057e-05 1.932223875962531645e+00 6.246533263522173474e-02 1.368676485831332615e-04 -3.481712040559729220e-05 -2.183941046516142481e-06 3.6 0.00022015384281 1.6e-09
-4.886278439996125176e-05 6.303916053979543577e-01 1.648773655705412572e-03 1.162118488586538485e-04 5.482975017153484239e-05 4.320190529606287127e-06 3.6 0.00022015384281 1.6e-09
-5.987347146904689599e-05 3.201697056477798675e+00 1.635664074534508017e-01 1.990909368691940601e-04 1.416094520983828078e-05 7.169487561430553000e-07 3.6 0.00022015384281 1.6e-09
-5.558831119654852811e-05 3.437377815840592987e+00 1.594504023316236641e-01 2.114896103223516384e-04 -9.088087969378880535e-06 -7.396957040277030264e-07 3.6 0.00022015384281 1.6e-09
2.117100336911941733e-05 1.165867388981745911e+00 1.266030913637079119e-02 1.102404293212714875e-04 -4.917087972174440395e-05 -2.723194386284631231e-06 3.6 0.00022015384281 1.6e-09
-1.058735136299939386e-05 1.282565574862011948e+00 5.167131027081313388e-02 1.129763509650541487e-04 4.676883440558269722e-05 2.935944953109096187e-06 3.6 0.00022015384281 1.6e-09
4.388735589014183483e-05 3.469117608610433834e+00 1.606314921768368098e-01 2.131702992314427590e-04 8.269395159870850548e-06 1.883074569666382939e-07 3.6 0.00022015384281 1.6e-09
2.968882171676177721e-05 3.152259101359624616e+00 1.155924643411879310e-01 1.965102723570613023e-04 -1.510844699556500608e-05 -1.059597801011976995e-06 3.6 0.00022015384281 1.6e-09
-2.099967973982555660e-05 5.691780882368246974e-01 -1.965508801823965396e-02 1.212084845881028353e-04 -5.264805224740107525e-05 -1.208338536967577133e-06 3.6 0.00022015384281 1.6e-09
-5.902269068771109738e-05 2.037121344489423613e+00 9.642945743367004052e-02 1.415336225072213365e-04 3.298256959778871186e-05 1.772931613885233930e-06 3.6 0.00022015384281 1.6e-09
-5.297873229546421701e-05 3.593817925645971023e+00 1.582814578367968128e-01 2.198076389500363040e-04 2.845134141391303546e-06 -1.492888916951241619e-07 3.6 0.00022015384281 1.6e-09
6.869704361600843855e-05 2.698065839317463688e+00 8.222386849361289218e-02 1.732451031450276606e-04 -2.251963816752532008e-05 -1.390811206378710845e-06 3.6 0.00022015384281 1.6e-09
-1.320358770161368834e-05 3.960340393148348292e-01 -1.711896983430780811e-02 1.488357066999496385e-04 -9.175661579370977084e-07 3.194142656533514911e-06 3.6 0.00022015384281 1.6e-09
4.332336439595455089e-05 2.678874098248698488e+00 1.152572863554530425e-01 1.722810425991098265e-04 2.282833376222735794e-05 8.374681297992542903e-07 3.6 0.00022015384281 1.6e-09
-1.629639005801772637e-05 3.599626424455977691e+00 1.253710738964112781e-01 2.201155206671844456e-04 -2.610344435537285447e-06 -4.654551612403422731e-07 3.6 0.00022015384281 1.6e-09
-5.876083983283030021e-05 2.069018302966862066e+00 3.025593511718829842e-02 1.429719068813906590e-04 -3.253360307126638881e-05 -1.493531761149740486e-06 3.6 0.00022015384281 1.6e-09
-3.891160246185036665e-05 5.540112902256335570e-01 4.663071630083257674e-03 1.226850706080028787e-04 5.176300310303312883e-05 4.320188604683617746e-06 3.6 0.00022015384281 1.6e-09
3.530447376915309246e-05 3.138408112721291499e+00 1.251748247486451637e-01 1.957844151121991257e-04 1.543703799620468799e-05 3.801132536348436517e-07 3.6 0.00022015384281 1.6e-09
3.527728602694605290e-05 3.486245887252187536e+00 1.056789787350828902e-01 2.140737636595000108e-04 -7.955760304084170639e-06 -6.760348624894754658e-07 3.6 0.00022015384281 1.6e-09
-4.422136889363794917e-05 1.330872813501517316e+00 -1.960823601230169810e-03 1.142932195738788662e-04 -4.596130535979239969e-05 -1.562165621276900750e-06 3.6 0.00022015384281 1.6e-09
-4.057278260603496673e-05 1.118843504053535165e+00 3.961902968995721641e-02 1.093893136750819542e-04 5.005391022084734688e-05 2.294695378828231135e-06 3.6 0.00022015384281 1.6e-09
8.532242964055301404e-05 3.424169682125460135e+00 1.018049859598778584e-01 2.107948894889038528e-04 9.433101968649137135e-06 -5.416372864169373172e-08 3.6 0.00022015384281 1.6e-09
6.588354450274683846e-05 3.219136464435633282e+00 5.747640726166898528e-02 2.000068209522070349e-04 -1.386183934168198295e-05 -7.664949103695652924e-07 3.6 0.00022015384281 1.6e-09
-1.889619914746944684e-06 6.498853361949381569e-01 -2.017350448891611428e-02 1.149779430114759616e-04 -5.527547384854458501e-05 8.253162652157534118e-08 3.6 0.00022015384281 1.6e-09
3.656564643768387237e-05 1.899032067985190420e+00 6.829778735572634984e-02 1.354362075522881636e-04 3.539095906500030716e-05 1.147783222373159266e-06 3.6 0.00022015384281 1.6e-09
1.474914235071485817e-05 3.585045465076518667e+00 9.494921811460549366e-02 2.193351970490645922e-04 3.916721115999823884e-06 -2.497262251294422163e-07 3.6 0.00022015384281 1.6e-09
4.915039330907462165e-05 2.809055350273951479e+00 3.601093229070466417e-02 1.788456824572660594e-04 -2.086235285879362437e-05 -8.853008977101515671e-07 3.6 0.00022015384281 1.6e-09
5.307045710477303083e-05 4.033194202111956006e-01 -1.245213085439732421e-02 1.470911631459478875e-04 -1.540090304328329391e-05 3.188112189825652225e-06 3.6 0.00022015384281 1.6e-09
2.451067268661540928e-05 2.560925020304514188e+00 6.581638334223634257e-02 1.664171193280165461e-04 2.464283303188312402e-05 3.290325198746883161e-07 3.6 0.00022015384281 1.6e-09
4.881026722318472375e-05 3.603262831581812264e+00 5.576008505961853323e-02 2.203178359879031279e-04 -1.585481665997178416e-06 -3.876615464437689403e-07 3.6 0.00022015384281 1.6e-09
2.315455131531624726e-05 2.191223797969961140e+00 -7.912638705106726095e-04 1.486089194821765662e-04 -3.051319433734972766e-05 -6.881995086920209915e-07 3.6 0.00022015384281 1.6e-09
-5.960545158414417281e-05 4.982908754653035954e-01 4.150812002740609206e-03 1.294554037012817134e-04 4.669828298489061945e-05 3.132759863432207543e-06 3.6 0.00022015384281 1.6e-09
-8.552465878000178510e-05 3.072908917429004738e+00 6.677840298460036017e-02 1.923798017289529835e-04 1.664669650451123799e-05 7.951189387405546865e-08 3.6 0.00022015384281 1.6e-09
2.448201794507792593e-05 3.521240596374053844e+00 4.456033617976815076e-02 2.159308029150006005e-04 -6.971889938274003124e-06 -4.439038528347177183e-07 3.6 0.00022015384281 1.6e-09
-1.169920082839078350e-05 1.475080137697875049e+00 -1.157968565449766021e-02 1.188241842260459033e-04 -4.318276293901467957e-05 -5.801734378161343105e-07 3.6 0.00022015384281 1.6e-09
8.059965038015761942e-06 9.840408155250468525e-01 2.071361166212732502e-02 1.078765094495877082e-04 5.266422172863576657e-05 1.138204947268592255e-06 3.6 0.00022015384281 1.6e-09
1.032007742240639977e-04 3.379673627840414252e+00 3.629673527738655481e-02 2.084486332299592118e-04 1.045347340212328292e-05 -1.637640695880797505e-07 3.6 0.00022015384281 1.6e-09
2.853147377367289649e-07 3.270554044714417685e+00 7.455387802157176572e-03 2.027058251468234729e-04 -1.281091576935826482e-05 -3.589794974470840313e-07 3.6 0.00022015384281 1.6e-09
4.433852188846606519e-05 7.339168699852431921e-01 -1.477187433668506258e-02 1.109827849364222724e-04 -5.580168233019049411e-05 6.290077113329338709e-07 3.6 0.00022015384281 1.6e-09
-2.209799969011415246e-06 1.777061385072460808e+00 3.145567378007381454e-02 1.302867512770723105e-04 3.756349785693413785e-05 4.563918708729485883e-07 3.6 0.00022015384281 1.6e-09
5.631222014523575286e-05 3.570516198024051846e+00 3.412331625976747218e-02 2.185599428052682151e-04 4.800454114371191248e-06 -1.921439580481445948e-07 3.6 0.00022015384281 1.6e-09
1.060790315478616930e-05 2.890847427281369342e+00 4.048404046390525340e-03 1.830126727040241332e-04 -1.958443643136644315e-05 -3.664580727214044696e-07 3.6 0.00022015384281 1.6e-09
3.864465663011374460e-05 4.185897421783742467e-01 -6.528344197697089762e-03 1.436250813338090264e-04 -2.619699971953642385e-05 2.024418394334897838e-06 3.6 0.00022015384281 1.6e-09
-2.667262621519666255e-05 2.460815716707802636e+00 1.717798718589222742e-02 1.615036878847433770e-04 2.618515311329147599e-05 -2.221890203165702641e-08 3.6 0.00022015384281 1.6e-09
-4.704275045312035595e-05 3.603019094396602284e+00 4.678443693749571690e-03 2.203103626662116063e-04 -7.353769870361344656e-07 -1.724064770212401703e-07 3.6 0.00022015384281 1.6e-09
5.556436251064122772e-05 2.288624394969025921e+00 -1.163023424240292730e-02 1.532037580955482271e-04 -2.891548879669551228e-05 -1.014427930197737003e-07 3.6 0.00022015384281 1.6e-09
5.362708292256281181e-05 4.626681558653094606e-01 6.931868683522064787e-04 1.350125051297901019e-04 4.083686708073796590e-05 1.080615499053854648e-06 3.6 0.00022015384281 1.6e-09
-9.236653465704648994e-05 3.013368747097518785e+00 1.809532666801044049e-02 1.893007837026981354e-04 1.765544839383720660e-05 -1.583111320887140880e-09 3.6 0.00022015384281 1.6e-09
-9.960534127279328841e-05 3.543460202477718646e+00 9.766836496302177401e-03 2.171134352931117294e-04 -6.182138911319358396e-06 -1.372415027092513643e-07 3.6 0.00022015384281 1.6e-09
4.948359603799158668e-06 1.587662730692735114e+00 -5.492446507120486016e-03 1.228344398180502488e-04 -4.105722622898925355e-05 -1.208233938059433977e-07 3.6 0.00022015384281 1.6e-09
-2.240250425785377862e-05 8.850682914486276420e-01 1.494797131276914652e-03 1.079488862108820397e-04 5.434089464992832995e-05 -1.864061953037625330e-08 3.6 0.00022015384281 1.6e-09
-9.704680061653565208e-05 3.341378036742272073e+00 -4.025310063375422791e-03 2.064310597520167053e-04 1.129827023719009053e-05 -5.294876638965284222e-08 3.6 0.00022015384281 1.6e-09
6.020785966187222718e-05 3.310006524395085137e+00 -7.176433583791308989e-03 2.047800554091278350e-04 -1.197341985033460703e-05 -3.523257982040350363e-09 3.6 0.00022015384281 1.6e-09
3.662154380969832271e-05 8.131041470511741753e-01 -2.162006464308832004e-03 1.088573521135428228e-04 -5.528650950421236528e-05 2.356081906293765310e-07 3.6 0.00022015384281 1.6e-09
2.176531537056885829e-05 1.674033287273248849e+00 1.605736226076413201e-03 1.261472420566677973e-04 3.941825135761457371e-05 1.057903507822993364e-07 3.6 0.00022015384281 1.6e-09
1.543694738507553311e-05 3.554419940949642864e+00 7.520816654953063618e-03 2.177027274735446034e-04 5.529435529062202263e-06 2.605877794713095694e-08 3.6 0.00022015384281 1.6e-09
-3.199539362479633978e-05 2.952415371560263679e+00 6.869719741565495467e-03 1.861689337518934164e-04 -1.858555840883390509e-05 -4.421115786518741604e-08 3.6 0.00022015384281 1.6e-09
1.009330098323056688e-05 4.374724490963344259e-01 -1.011107065743326386e-03 1.397172951203062082e-04 -3.394028650018884500e-05 -5.334076746033925521e-08 3.6 0.00022015384281 1.6e-09
-6.624764491351759952e-05 2.376559095810043765e+00 -9.914355477360154573e-03 1.574173169418257039e-04 2.749978753984869177e-05 2.098267675639193103e-08 3.6 0.00022015384281 1.6e-09
-4.075014060572424910e-05 3.602405761120305527e+00 -1.807999526719845495e-03 2.202795435175108473e-04 -2.297705113510847271e-08 1.060223188624096096e-07 3.6 0.00022015384281 1.6e-09
6.963488275127224434e-05 2.370824575861760763e+00 7.749415113936529431e-03 1.571400093222607671e-04 -2.759583557404885834e-05 5.342372544842446095e-08 3.6 0.00022015384281 1.6e-09
-1.754933549378035425e-05 4.386078318512128815e-01 -5.244480623051463869e-03 1.394114820922080973e-04 3.460327120525671875e-05 -1.017023593296437492e-06 3.6 0.00022015384281 1.6e-09
7.754517097977832658e-05 2.958016506040473281e+00 2.124588656637750421e-03 1.864511166192821235e-04 1.854987380272902060e-05 2.222497280814230679e-07 3.6 0.00022015384281 1.6e-09
-9.414036520532292267e-05 3.560098549476776952e+00 2.062778613432325603e-02 2.179996522676520246e-04 -5.502396037131571277e-06 1.199407060613175826e-07 3.6 0.00022015384281 1.6e-09
-4.797404682584938942e-05 1.684552741932482167e+00 1.878854720205921577e-02 1.265467602931027850e-04 -3.926622237744967919e-05 -3.028393337600537740e-07 3.6 0.00022015384281 1.6e-09
-4.862106163387851660e-05 8.050603902751248819e-01 -1.322271572493395261e-02 1.090173777614325307e-04 5.535043985770302587e-05 -5.443200902823005719e-07 3.6 0.00022015384281 1.6e-09
4.747934370910876544e-05 3.306350377242328165e+00 -3.619761142074238644e-04 2.045877742775806881e-04 1.204834802428891452e-05 2.634266287980989217e-07 3.6 0.00022015384281 1.6e-09
-7.196987386555401688e-05 3.345687295834745001e+00 2.315613998681073649e-02 2.066578985356539323e-04 -1.120280568538670347e-05 1.608960539005729409e-07 3.6 0.00022015384281 1.6e-09
-4.788362809673873846e-05 8.952709917100416526e-01 1.517167189500202851e-02 1.078791509363312114e-04 -5.417788417470389083e-05 -9.055459718082623982e-07 3.6 0.00022015384281 1.6e-09
2.034170473146105433e-06 1.574995252250155353e+00 -1.062671527416051212e-02 1.223815424178628696e-04 4.124509152388954373e-05 3.550813054759316628e-07 3.6 0.00022015384281 1.6e-09
1.032725015672400081e-04 3.536970226169303011e+00 2.774372950179116934e-02 2.167737442998173014e-04 6.217591579477822755e-06 3.228680068221797283e-07 3.6 0.00022015384281 1.6e-09
9.087448447597574650e-06 3.008383149225181796e+00 4.549748201104985429e-02 1.890498605757957092e-04 -1.766366045250470127e-05 -3.216792599443340220e-08 3.6 0.00022015384281 1.6e-09
5.078173329345461772e-05 4.618341904666481978e-01 2.067511463480968190e-03 1.352218125756381628e-04 -4.038721017174176360e-05 -2.313547785453919000e-06 3.6 0.00022015384281 1.6e-09
-6.044465737245642957e-05 2.292833340547972387e+00 -5.616329623361789036e-03 1.534056996827963602e-04 2.883468653758305175e-05 5.047938038676661276e-07 3.6 0.00022015384281 1.6e-09
-1.509457806641547657e-05 3.602096937745480787e+00 3.979804373258045980e-02 2.202617937928436553e-04 6.906312126127353094e-07 3.392352604277911016e-07 3.6 0.00022015384281 1.6e-09
-5.544914482220777134e-05 2.454489206047301142e+00 5.154199218757025275e-02 1.611959168476620723e-04 -2.626665714427422690e-05 -2.393366982957264764e-07 3.6 0.00022015384281 1.6e-09
6.281313015257545401e-05 4.195201290847656028e-01 -1.201194890127818202e-02 1.433496448962797419e-04 2.692251555441754112e-05 -2.299276243004931488e-06 3.6 0.00022015384281 1.6e-09
-4.297683408684741083e-05 2.896227313645530099e+00 2.414087020316419904e-02 1.832819228859595029e-04 1.954268747458130112e-05 6.752087789727305025e-07 3.6 0.00022015384281 1.6e-09
9.980967567145420402e-05 3.574995430545159891e+00 7.169250657701908835e-02 2.187932208518108016e-04 -4.797294556977523404e-06 2.263243039869150084e-07 3.6 0.00022015384281 1.6e-09
3.599359487520706964e-05 1.785925555515078589e+00 5.290442529900744872e-02 1.306394037939507982e-04 -3.742823828918946823e-05 -9.464214232750759091e-07 3.6 0.00022015384281 1.6e-09
-3.150178298406687387e-05 7.274355942018362331e-01 -2.014583711780856823e-02 1.112157199178312526e-04 5.580654740201594188e-05 -1.065462790763094492e-07 3.6 0.00022015384281 1.6e-09
6.271032918430061447e-05 3.267176556039339985e+00 4.405878800547212426e-02 2.025271077787693154e-04 1.288277485230201422e-05 6.627490616883095713e-07 3.6 0.00022015384281 1.6e-09
5.841801044662748579e-05 3.384327010626773102e+00 8.504711233146142191e-02 2.086917492617975148e-04 -1.036930458442292491e-05 8.586974186481325487e-08 3.6 0.00022015384281 1.6e-09
-4.075586452645411976e-05 9.977437389381295096e-01 3.227860458270951499e-02 1.079445121508904992e-04 -5.238256945452596773e-05 -2.221067891728965338e-06 3.6 0.00022015384281 1.6e-09
2.928402613591012669e-05 1.459401856181608226e+00 -4.215068751755630602e-03 1.183132215562709868e-04 4.342583186885996815e-05 1.156991787153360036e-06 3.6 0.00022015384281 1.6e-09
-8.450610522928975296e-05 3.513202632838934747e+00 8.221701088109825695e-02 2.155092155753047720e-04 7.029578678937184729e-06 5.740932637002816888e-07 3.6 0.00022015384281 1.6e-09
5.122809263582643022e-05 3.068592357018451899e+00 1.014119046143718839e-01 1.921621683920087323e-04 -1.662632248835781531e-05 -2.867250516129287319e-07 3.6 0.00022015384281 1.6e-09
5.222805636164519109e-05 4.982466335814190184e-01 2.021269682708314811e-03 1.295251974356327477e-04 -4.646131030937188154e-05 -3.883855650764133033e-06 3.6 0.00022015384281 1.6e-09
2.329885297364717828e-06 2.193018900752151445e+00 2.412244230232012121e-02 1.486965314683467358e-04 3.044390154464639764e-05 1.255428674623709025e-06 3.6 0.00022015384281 1.6e-09
8.217378675923550646e-05 3.600484896299513515e+00 1.085385732906556933e-01 2.201712564580135881e-04 1.535669618061880710e-06 4.397612057140018622e-07 3.6 0.00022015384281 1.6e-09
-7.500346339905629650e-05 2.554003552178975678e+00 1.012656767913323042e-01 1.660767026474713757e-04 -2.470322934664930117e-05 -7.765115031494449964e-07 3.6 0.00022015384281 1.6e-09
-6.148942855632697521e-05 4.038562917937074115e-01 -1.747788683870506871e-02 1.469090557399925089e-04 1.628340392582701711e-05 -2.388466269359619714e-06 3.6 0.00022015384281 1.6e-09
-7.302921913996650316e-05 2.813692072437095959e+00 6.883814823543549233e-02 1.790765587030004945e-04 2.080120769077709909e-05 1.165837153782888530e-06 3.6 0.00022015384281 1.6e-09
-3.369746217089356923e-05 3.587335488161254915e+00 1.359568459976676358e-01 2.194533303686264859e-04 -3.915570687974271179e-06 1.606235849951073255e-07 3.6 0.00022015384281 1.6e-09
-6.567843777705651201e-05 1.904301757724480737e+00 8.273117312604921780e-02 1.356552101795133755e-04 -3.529817509577765273e-05 -1.652236294817185816e-06 3.6 0.00022015384281 1.6e-09
-5.064051674786962902e-05 6.464907414098119975e-01 -1.963873680478695968e-02 1.151626176005124858e-04 5.525865541761134302e-05 1.161595758809891919e-06 3.6 0.00022015384281 1.6e-09
-6.652281239441146504e-05 3.216519668257094011e+00 1.051959641979388904e-01 1.998667997088291197e-04 1.391320170970347039e-05 9.791512256451626287e-07 3.6 0.00022015384281 1.6e-09
-9.656137244776860260e-05 3.428478895921327041e+00 1.487709473660797643e-01 2.110196385253703885e-04 -9.339014619411516193e-06 -1.577074802576490705e-07 3.6 0.00022015384281 1.6e-09
1.340609910598884055e-05 1.134145635444925970e+00 4.406708399205052501e-02 1.096408061481979741e-04 -4.973249377996832030e-05 -3.078381181717453698e-06 3.6 0.00022015384281 1.6e-09
5.005745605464680429e-05 1.314789316160176469e+00 1.152744139679171172e-02 1.138575116196979462e-04 4.620284304289245603e-05 2.209442071270011457e-06 3.6 0.00022015384281 1.6e-09
-1.060862432973323408e-05 3.477296051891572315e+00 1.402946983264019010e-01 2.136047353349847396e-04 8.018349198162837756e-06 6.818392560658404772e-07 3.6 0.00022015384281 1.6e-09
3.817579472264728878e-06 3.134395070752988843e+00 1.468025753868756333e-01 1.955811405172905217e-04 -1.540667842412353456e-05 -6.327844750463608788e-07 3.6 0.00022015384281 1.6e-09
4.473342284566135817e-05 5.539202873273277872e-01 -6.708117959078596908e-04 1.227409445940291961e-04 -5.165212229473178170e-05 -4.276648562794630018e-06 3.6 0.00022015384281 1.6e-09
-6.856110847639892091e-05 2.069783823829780545e+00 6.055140177835621751e-02 1.430111514923387644e-04 3.245867512073844093e-05 1.969752475679025918e-06 3.6 0.00022015384281 1.6e-09
4.740326741296336843e-05 3.595076362666039138e+00 1.694468188823450294e-01 2.198759742383008908e-04 2.563286459266664387e-06 3.828394444866390633e-07 3.6 0.00022015384281 1.6e-09
3.942193070910417381e-05 2.669283853064944534e+00 1.343711146070583340e-01 1.718030764229121015e-04 -2.292032325816627177e-05 -1.253015252508163614e-06 3.6 0.00022015384281 1.6e-09
1.166192797169533107e-05 3.961645601197238409e-01 -2.073385590921436941e-02 1.488012790528566961e-04 2.301166930823817666e-06 -1.476681645247535847e-06 3.6 0.00022015384281 1.6e-09
1.813154258324982724e-05 2.705082112612273271e+00 1.093740112753691651e-01 1.735960025066544802e-04 2.239550826204707876e-05 1.484780969464782284e-06 3.6 0.00022015384281 1.6e-09
9.794022198103508959e-05 3.594312782719231603e+00 1.794948030101800041e-01 2.198317012873042184e-04 -2.890905871667848575e-06 -1.591808369395004985e-08 3.6 0.00022015384281 1.6e-09
-4.654740896556905144e-05 2.034053699162126527e+00 9.461418607662083757e-02 1.413918766930746243e-04 -3.303579106974594828e-05 -2.046414187216690841e-06 3.6 0.00022015384281 1.6e-09
4.092157313995992694e-05 5.710313155308280875e-01 -1.503365452137331304e-02 1.209950395370961882e-04 5.280129625824535772e-05 2.782166561836160806e-06 3.6 0.00022015384281 1.6e-09
8.609943936273407818e-05 3.153887883448949658e+00 1.511509996640941211e-01 1.965915822577456553e-04 1.508836191814554859e-05 1.077397120641955241e-06 3.6 0.00022015384281 1.6e-09
3.778032660322803803e-05 3.472632081321298081e+00 1.829484108401336351e-01 2.133523504876311456e-04 -8.231124822891016296e-06 -4.319613555990316032e-07 3.6 0.00022015384281 1.6e-09
1.209169088874745043e-05 1.291868136578431248e+00 4.493777898312979746e-02 1.132086257117435987e-04 -4.661784548195335379e-05 -3.186014577432176868e-06 3.6 0.00022015384281 1.6e-09
-4.175318110894113573e-05 1.156848531106065892e+00 2.489372099742410624e-02 1.100822154695527708e-04 4.927343926477971588e-05 3.103385448619139953e-06 3.6 0.00022015384281 1.6e-09
5.738502849186427049e-05 3.431210066445006035e+00 1.711191454645445975e-01 2.111682345810681339e-04 9.122441883787659850e-06 6.077350337584191622e-07 3.6 0.00022015384281 1.6e-09
6.930926330804497416e-05 3.197171335683809179e+00 1.587485306819690078e-01 1.988594196917817226e-04 -1.417176156221083465e-05 -8.834127697426255816e-07 3.6 0.00022015384281 1.6e-09
-4.019542313278866497e-05 6.271433027959645301e-01 -5.802941019260617235e-03 1.164728370386062525e-04 -5.472210295045302185e-05 -3.575981360067523647e-06 3.6 0.00022015384281 1.6e-09
2.170914905082847791e-05 1.937117127125520977e+00 8.425958272866716781e-02 1.370909629054039615e-04 3.466385819749583205e-05 2.332477146695646569e-06 3.6 0.00022015384281 1.6e-09
-5.230304862851341068e-05 3.584738483992976565e+00 1.919874561385669365e-01 2.193194023589849348e-04 3.619970137006575149e-06 2.007718715055206727e-07 3.6 0.00022015384281 1.6e-09
-7.921921152175368669e-05 2.778372999273536426e+00 1.338798761573344320e-01 1.772914674003717096e-04 -2.123948025800935702e-05 -1.453522061505034521e-06 3.6 0.00022015384281 1.6e-09
-4.675168879734786700e-06 4.004717318619584465e-01 -2.196220976609327205e-02 1.477695503196873499e-04 -1.178544602648375888e-05 1.968388102381182451e-08 3.6 0.00022015384281 1.6e-09
4.034906307138961233e-05 2.589192272357395019e+00 1.249425989027359019e-01 1.678177832754046428e-04 2.411016568997796766e-05 1.477909340770195060e-06 3.6 0.00022015384281 1.6e-09
-4.079486602332355874e-05 3.596300341452009164e+00 1.801494636371729907e-01 2.199465945669451549e-04 -1.865029091674676039e-06 -2.147618183640038089e-07 3.6 0.00022015384281 1.6e-09
-1.872054484868761098e-05 2.153325890150624922e+00 8.133771632526855255e-02 1.468487010892350210e-04 -3.103210485613698089e-05 -1.979435039301033602e-06 3.6 0.00022015384281 1.6e-09
2.899270692115358598e-05 5.140255119441585752e-01 -9.169864845285907035e-03 1.273279725134384007e-04 4.844178377177602935e-05 4.118473692294783882e-06 3.6 0.00022015384281 1.6e-09
-6.505650059829588415e-05 3.089751609904362262e+00 1.602415888720070680e-01 1.932531673126221185e-04 1.625662846790061324e-05 9.067331510979794929e-07 3.6 0.00022015384281 1.6e-09
-7.654010298390122823e-05 3.507916693834093547e+00 1.710280808133997077e-01 2.152229441374559538e-04 -7.233847402545059659e-06 -6.162266971338111836e-07 3.6 0.00022015384281 1.6e-09
-5.579576115611706804e-05 1.434285173988291362e+00 3.131718346997224012e-02 1.174664517626685100e-04 -4.387923458502016906e-05 -2.639528485757677518e-06 3.6 0.00022015384281 1.6e-09
-1.923984417820854794e-06 1.021891575186419043e+00 3.076639017146049274e-02 1.081482218575051813e-04 5.183526252018746055e-05 3.416312958454404807e-06 3.6 0.00022015384281 1.6e-09
9.488997928152474628e-05 3.386961227703756627e+00 1.599237130251238148e-01 2.088351874594933377e-04 1.012945637742041528e-05 3.763140991271534154e-07 3.6 0.00022015384281 1.6e-09
5.028590020936620132e-05 3.248002749019154756e+00 1.306345334442324813e-01 2.015250923933346069e-04 -1.313635625949672041e-05 -9.316897783012020463e-07 3.6 0.00022015384281 1.6e-09
-1.212585718199493657e-05 7.032953061203346401e-01 -1.261465728235048635e-02 1.122191666285813662e-04 -5.571029861435933457e-05 -2.218850624425932721e-06 3.6 0.00022015384281 1.6e-09
4.105663955551757576e-05 1.819671636340442156e+00 8.614924287402660197e-02 1.320574808987923449e-04 3.670185697027717082e-05 2.150950342421248858e-06 3.6 0.00022015384281 1.6e-09
1.839244824406356682e-05 3.572395730243404621e+00 1.667039381991151092e-01 2.186599462998162929e-04 4.494089573919677950e-06 -2.971701532876877650e-08 3.6 0.00022015384281 1.6e-09
1.605398672586205928e-05 2.861464508607825863e+00 9.925367312072527759e-02 1.815116945856755468e-04 -1.998130799630047161e-05 -1.325437250833897444e-06 3.6 0.00022015384281 1.6e-09
-3.289891291476656425e-05 4.127792449911733552e-01 -2.076093626147433591e-02 1.449089034132298743e-04 -2.253001636175487303e-05 1.556559809525383679e-06 3.6 0.00022015384281 1.6e-09
-2.633183779370900323e-05 2.492130536127842966e+00 1.098879263989844396e-01 1.630376393943365129e-04 2.560543709087890189e-05 1.114483770369572415e-06 3.6 0.00022015384281 1.6e-09
-1.014012634687956225e-04 3.597031162939360094e+00 1.377638270353357675e-01 2.199924055800377793e-04 -1.041160420448286128e-06 -3.510847872530266267e-07 3.6 0.00022015384281 1.6e-09
4.571515873822016489e-05 2.246717997925046895e+00 4.804641634023942842e-02 1.512220501108057060e-04 -2.952501446566378041e-05 -1.510041955594399639e-06 3.6 0.00022015384281 1.6e-09
-5.574145290914374914e-06 4.772963821208123236e-01 -3.583999707305478115e-03 1.325947993544900820e-04 4.342386844890018272e-05 4.531584948399975714e-06 3.6 0.00022015384281 1.6e-09
2.071717332479712645e-06 3.035597536074077674e+00 1.307483811730525414e-01 1.904491304454604557e-04 1.721332564320149046e-05 5.440525946064910396e-07 3.6 0.00022015384281 1.6e-09
3.713517374802238779e-05 3.531995882529959552e+00 1.206119483986275998e-01 2.165030030188957316e-04 -6.497685463397207582e-06 -6.374527490735441121e-07 3.6 0.00022015384281 1.6e-09
5.241488391504718440e-05 1.541175040733135493e+00 9.143663526236068401e-03 1.211338475909743426e-04 -4.189857150725240893e-05 -1.716256198786079943e-06 3.6 0.00022015384281 1.6e-09
-2.592652619902742749e-05 9.256750227569541245e-01 2.854321137791351534e-02 1.077872974261149223e-04 5.356193792665183605e-05 2.883176391276918997e-06 3.6 0.00022015384281 1.6e-09
-7.842362117051036472e-05 3.352962337967610118e+00 1.124367990554065444e-01 2.070447726798717780e-04 1.092287758099073087e-05 9.206717330264171424e-08 3.6 0.00022015384281 1.6e-09
-9.209316509576857270e-05 3.285802901306794865e+00 7.604959808084504891e-02 2.035121320298938392e-04 -1.236474296801872745e-05 -7.563038833757412409e-07 3.6 0.00022015384281 1.6e-09
-2.189117515673968912e-06 7.703629450483440166e-01 -1.740904456006271001e-02 1.098589715862884238e-04 -5.559135715862826470e-05 -7.828997900224743601e-07 3.6 0.00022015384281 1.6e-09
4.486827229947618490e-06 1.727681600087771052e+00 6.760606027442533916e-02 1.282770982130755763e-04 3.838050830352825096e-05 1.495120542109811116e-06 3.6 0.00022015384281 1.6e-09
-4.082813540295404279e-05 3.560877911089247227e+00 1.083995079610229062e-01 2.180467394881605448e-04 5.153456102897002047e-06 -1.964145067388965491e-07 3.6 0.00022015384281 1.6e-09
3.813146631204301370e-05 2.918889466214913853e+00 4.923113638619035226e-02 1.844482421277425315e-04 -1.910184546409912358e-05 -9.408630451278205045e-07 3.6 0.00022015384281 1.6e-09
5.340584643655474541e-05 4.269592621922077003e-01 -1.641365790030641092e-02 1.418369672434452249e-04 -2.980087896136357514e-05 2.398567662103205889e-06 3.6 0.00022015384281 1.6e-09
5.345947273140611483e-05 2.419945713583388169e+00 7.159248839904690243e-02 1.595217684808134147e-04 2.675334670813463394e-05 5.596711147513596751e-07 3.6 0.00022015384281 1.6e-09
-6.980268645581847830e-05 3.597986635112069731e+00 7.321792754193763575e-02 2.200467540519884390e-04 -4.363248702665393145e-07 -3.522687480662290579e-07 3.6 0.00022015384281 1.6e-09
7.511604955696957512e-05 2.316565271262251535e+00 1.219216963233008162e-02 1.545416219631306934e-04 -2.842065168648455020e-05 -8.382043926584780384e-07 3.6 0.00022015384281 1.6e-09
5.840792867743836074e-05 4.540680189536014932e-01 6.599610317582368542e-06 1.365332557139630680e-04 3.868496594479622696e-05 3.661416272289230784e-06 3.6 0.00022015384281 1.6e-09
-9.125948459428184507e-05 2.992363914845621586e+00 7.858603654014290063e-02 1.882187110784113554e-04 1.796678540288478845e-05 1.805694723707553989e-07 3.6 0.00022015384281 1.6e-09
8.111965704164483999e-05 3.547444804111746564e+00 5.873434691995610413e-02 2.173263767234815650e-04 -5.957425671618722386e-06 -4.815255027581291501e-07 3.6 0.00022015384281 1.6e-09
5.597327193620484450e-05 1.618865048170813337e+00 -7.704736484219392237e-03 1.240065130373847291e-04 -4.046728963761376944e-05 -7.869114703055373131e-07 3.6 0.00022015384281 1.6e-09
-1.427770038784763215e-05 8.591090532659558798e-01 1.875959700526490248e-02 1.082007670979763135e-04 5.463550101897457988e-05 1.661979466354728272e-06 3.6 0.00022015384281 1.6e-09
-3.578410608440357201e-05 3.327574293039794462e+00 5.149401654937647843e-02 2.057086811657414635e-04 1.150844758739238689e-05 -8.977934134920753605e-08 3.6 0.00022015384281 1.6e-09
-6.442047668892270627e-05 3.314454578894517667e+00 2.292574820074077396e-02 2.050186283839792447e-04 -1.178861150783032566e-05 -4.254884126504674544e-07 3.6 0.00022015384281 1.6e-09
-2.229545813185250825e-05 8.282929045361142606e-01 -1.537991408312963312e-02 1.086124333110581055e-04 -5.506392414834470738e-05 1.389333854347986193e-07 3.6 0.00022015384281 1.6e-09
-8.745136292335990301e-07 1.654510997824859997e+00 3.730942687388896783e-02 1.253893253040477254e-04 3.974775600447763178e-05 7.034379405318495486e-07 3.6 0.00022015384281 1.6e-09
6.975193645137384624e-05 3.549747120142014545e+00 4.705568808747437326e-02 2.174552748033523530e-04 5.652256384460966596e-06 -2.034728018363909885e-07 3.6 0.00022015384281 1.6e-09
-6.902817867570237062e-05 2.960570126243772471e+00 1.099722489904041492e-02 1.865896442387999740e-04 -1.842954934425457720e-05 -4.688160836120606251e-07 3.6 0.00022015384281 1.6e-09
5.008270359056113098e-05 4.410140525083129370e-01 -9.622055255318085268e-03 1.390257982352849776e-04 -3.493743343973461910e-05 1.996772257734970634e-06 3.6 0.00022015384281 1.6e-09
7.452343368418871744e-05 2.363210217637106147e+00 2.722711494407720895e-02 1.567811394207869699e-04 2.766875157255919949e-05 1.137574018277786075e-07 3.6 0.00022015384281 1.6e-09
-5.164096378058942758e-05 3.598825119108965964e+00 1.877903654631775388e-02 2.200920878104754093e-04 4.849059391030035258e-08 -1.992232660183185652e-07 3.6 0.00022015384281 1.6e-09
4.934578903953749322e-05 2.373879223272721717e+00 -5.917343769447825155e-03 1.572925711187241017e-04 -2.751564698783740633e-05 -2.509954551726224970e-07 3.6 0.00022015384281 1.6e-09
4.841133769106743204e-07 4.377722822814854586e-01 8.385235892221948000e-06 1.396029736644389875e-04 3.422328170411682142e-05 1.740473873206654533e-06 3.6 0.00022015384281 1.6e-09
-6.193107254177015802e-05 2.954101992534793997e+00 2.931097568906123121e-02 1.862514486067181957e-04 1.859622983273078503e-05 2.014420066099877264e-08 3.6 0.00022015384281 1.6e-09
8.397980968683567589e-05 3.558287086389109621e+00 1.745112078174616832e-02 2.179050209749699247e-04 -5.502669684387109718e-06 -2.118197998561758860e-07 3.6 0.00022015384281 1.6e-09
-1.423468243918663586e-05 1.683121560601172906e+00 -7.406227071479491199e-03 1.264939430794856086e-04 -3.928395509142062060e-05 -2.262094610985661690e-07 3.6 0.00022015384281 1.6e-09
2.588260414768539118e-05 8.066947692960987348e-01 4.282991652189816791e-03 1.090052859613707572e-04 5.530535071754665195e-05 3.288756369601796243e-07 3.6 0.00022015384281 1.6e-09
3.154530111847727702e-05 3.305280875273635566e+00 6.837595241532917929e-03 2.045351354184526754e-04 1.201182852666486693e-05 -5.447166136067233397e-08 3.6 0.00022015384281 1.6e-09
4.548682173652266304e-05 3.339607590173305773e+00 -7.910838887197518040e-04 2.063408718276701220e-04 -1.128049690971199000e-05 -8.274900465697255454e-08 3.6 0.00022015384281 1.6e-09
-2.701947821681730124e-05 8.846758504027585346e-01 -4.692411179503315488e-03 1.079589402677185968e-04 -5.433073553784301823e-05 1.674037549860902030e-07 3.6 0.00022015384281 1.6e-09
3.660389205326759315e-06 1.587036395063436522e+00 8.309454015110736419e-03 1.228315214826133071e-04 4.100708473807605537e-05 2.045195985457198279e-07 3.6 0.00022015384281 1.6e-09
9.806132230531231701e-05 3.537844887040164643e+00 1.302475526778817949e-02 2.168225070635256403e-04 6.117220235741445511e-06 -3.240018324700263690e-08 3.6 0.00022015384281 1.6e-09
-3.010898001755690372e-05 2.997610197268722132e+00 5.120403648977736935e-03 1.884969994135012494e-04 -1.782024458045834944e-05 -1.166785270369648754e-07 3.6 0.00022015384281 1.6e-09
4.174002996490739677e-05 4.567321493055231940e-01 -2.700172102927729523e-03 1.361251491707526971e-04 -3.924949839191934481e-05 4.082735477904898367e-07 3.6 0.00022015384281 1.6e-09
5.015786519521851642e-05 2.308718771583480489e+00 -3.036774319454500944e-03 1.541687673306263852e-04 2.855020372085597654e-05 3.734668229370833835e-08 3.6 0.00022015384281 1.6e-09
-4.932283824654669184e-06 3.599647572439780951e+00 2.030453451073446162e-03 2.201346310707079823e-04 5.220844371669366698e-07 5.005610621798980103e-08 3.6 0.00022015384281 1.6e-09
-4.249700056630460873e-05 2.430763065390306288e+00 5.321164581475603533e-03 1.600453276092896754e-04 -2.662366741131292806e-05 -1.220790802528466270e-09 3.6 0.00022015384281 1.6e-09
4.702376057415855843e-05 4.243502416643627484e-01 -3.718317394785709828e-03 1.423453195260917766e-04 2.921652009291945867e-05 -4.530695646181356074e-07 3.6 0.00022015384281 1.6e-09
-6.924116219124194663e-05 2.913352840547830613e+00 6.183934080641842468e-03 1.841614462625962268e-04 1.925253970996594605e-05 1.640416764619727456e-07 3.6 0.00022015384281 1.6e-09
7.322489797736271794e-05 3.568519627152051399e+00 1.758259002759011286e-02 2.184507562405962108e-04 -5.027586073259471317e-06 5.215296229458752905e-08 3.6 0.00022015384281 1.6e-09
7.981137309367960684e-06 1.749758838725547827e+00 1.252988156558883931e-02 1.291617981114883892e-04 -3.808258935029161052e-05 -2.401023196191848769e-07 3.6 0.00022015384281 1.6e-09
-4.794274690063936203e-05 7.548871187242195413e-01 -9.604056985346179354e-03 1.102980765376358416e-04 5.571840043578773642e-05 -4.535243144551795505e-07 3.6 0.00022015384281 1.6e-09
-9.224793789206572772e-05 3.280686297819102926e+00 2.464145162841152072e-04 2.032399691393925944e-04 1.257117102422044281e-05 2.028887310384230967e-07 3.6 0.00022015384281 1.6e-09
-5.235146906428628753e-05 3.366676212577174976e+00 1.813184606007843536e-02 2.077651365958843436e-04 -1.071430096646824359e-05 1.204020656878307417e-07 3.6 0.00022015384281 1.6e-09
2.367344485101556377e-06 9.510048113903573075e-01 1.215441342654033363e-02 1.077679636982604609e-04 -5.326790390599463990e-05 -6.451011053508090293e-07 3.6 0.00022015384281 1.6e-09
1.631268677364537122e-05 1.510866373771520887e+00 -7.629604425294195594e-03 1.200817339348196616e-04 4.244015590148767652e-05 2.818361510244373787e-07 3.6 0.00022015384281 1.6e-09
1.550803992206807369e-05 3.523343980187814584e+00 2.202045661508479635e-02 2.160509215828682527e-04 6.653996679398811563e-06 2.453980814368636888e-07 3.6 0.00022015384281 1.6e-09
-2.785277835329482516e-05 3.038750853496638982e+00 3.517595418608964603e-02 1.906207985626730337e-04 -1.713116955841415960e-05 -2.893814316418707321e-08 3.6 0.00022015384281 1.6e-09
-1.260554945471032933e-05 4.785375857469881811e-01 1.975208024148702567e-03 1.324876117437345335e-04 -4.358040934455490860e-05 -1.684675407730969935e-06 3.6 0.00022015384281 1.6e-09
1.561105399605277006e-05 2.243928206423730476e+00 -6.160303597741765592e-03 1.510921462341396752e-04 2.960919447808182240e-05 4.078302277043387025e-07 3.6 0.00022015384281 1.6e-09
-9.971577276354656955e-05 3.600214971055092583e+00 3.155363049130242153e-02 2.201618568068587742e-04 1.092588786370185276e-06 2.892830798074554973e-07 3.6 0.00022015384281 1.6e-09
-4.055137319136269873e-05 2.498002485471957357e+00 4.279574775731448399e-02 1.633253632599596008e-04 -2.558433793195279395e-05 -1.719004163221289833e-07 3.6 0.00022015384281 1.6e-09
-1.574379783810793225e-05 4.117434352108634288e-01 -9.520832103288485310e-03 1.451016229531694283e-04 2.253219025282376307e-05 -2.035317729643011573e-06 3.6 0.00022015384281 1.6e-09
2.534105248745579484e-05 2.861300910555123256e+00 1.838262929405967000e-02 1.815019053204393112e-04 2.006868587541886322e-05 5.614082320145823486e-07 3.6 0.00022015384281 1.6e-09
-2.828040082447509900e-05 3.579400876272792686e+00 5.841925475061484491e-02 2.190312377595962016e-04 -4.439090344992528754e-06 1.981727369427325617e-07 3.6 0.00022015384281 1.6e-09
5.669123982270802138e-05 1.830863808078615040e+00 4.467274920994999954e-02 1.325199634562767507e-04 -3.663288595396617294e-05 -7.433320567324891780e-07 3.6 0.00022015384281 1.6e-09
1.181209235913263845e-05 6.958304075516591469e-01 -1.803194479857615426e-02 1.125396554822319297e-04 5.573810190964769990e-05 -3.044309672022572742e-07 3.6 0.00022015384281 1.6e-09
7.676156432241505669e-05 3.248534917834204450e+00 3.394045794161577867e-02 2.015500048722160677e-04 1.325349529869629658e-05 5.772985335696472728e-07 3.6 0.00022015384281 1.6e-09
-2.158575713665762750e-05 3.398953502144812511e+00 7.132839526520792783e-02 2.094646166504271988e-04 -1.002041255361401157e-05 1.068879689961400087e-07 3.6 0.00022015384281 1.6e-09
-8.725973906268987142e-06 1.040361081432757295e+00 3.009923880311087679e-02 1.083093605316872235e-04 -5.160603156189829776e-05 -1.818751384050034972e-06 3.6 0.00022015384281 1.6e-09
3.154920358256863515e-05 1.412842732591263806e+00 -6.518962353292396747e-03 1.167978936778923900e-04 4.431669391395447552e-05 9.385052608159042901e-07 3.6 0.00022015384281 1.6e-09
5.693512158232939873e-05 3.502108989959108243e+00 6.718787134527134941e-02 2.149225161140275056e-04 7.329530663115762971e-06 5.108028462658840610e-07 3.6 0.00022015384281 1.6e-09
8.665957714313261330e-05 3.087873171014777984e+00 8.653971380924765922e-02 1.931642164614928367e-04 -1.627852466718495461e-05 -2.076035740274420946e-07 3.6 0.00022015384281 1.6e-09
