5.218187176326730776e-05 2.912251941701553548e+00 -3.353550657861307241e-05 1.839666238102420485e-04 -2.259277662432806924e-05 -6.475580392216575174e-10 3.97 0.00023988359665 1.6e-09
2.598454447278655263e-05 3.918796564003804161e-01 -7.365798226891974833e-04 1.489105288930030516e-04 -1.636448374168890542e-05 1.829622421344722758e-07 3.97 0.00023988359665 1.6e-09
6.209785785621364893e-05 2.640162742170763188e+00 -1.368808615418819555e-02 1.701975544317678272e-04 2.627449044729674395e-05 -1.010721813664013347e-07 3.97 0.00023988359665 1.6e-09
7.240229338738287193e-05 3.945100336702924260e+00 -1.546803303647421857e-02 2.385496805031197924e-04 2.017648067300580594e-06 4.094778278256575316e-08 3.97 0.00023988359665 1.6e-09
8.016727296662309377e-05 3.114392196819401271e+00 -6.903149433802111337e-03 1.944240911583310809e-04 -1.961572317595762578e-05 1.239506556131319872e-07 3.97 0.00023988359665 1.6e-09
1.686043879218814261e-05 4.474745889496147822e-01 2.091969571677797061e-03 1.370069011269613082e-04 -4.087547414042165810e-05 -1.371742537829849737e-07 3.97 0.00023988359665 1.6e-09
5.583534079080576854e-05 2.366837077846597026e+00 -2.751700922330126142e-02 1.567979889945569005e-04 2.999909618013204372e-05 -1.658991648591388825e-07 3.97 0.00023988359665 1.6e-09
8.697852646025376155e-05 3.892130342105306617e+00 -2.446443267357433296e-02 2.357141800398475460e-04 3.720061533219018450e-06 1.449318692442682265e-07 3.97 0.00023988359665 1.6e-09
-2.874993730626968028e-05 3.239410631548221176e+00 -3.564810153146338347e-03 2.009794907256820420e-04 -1.749551767532638412e-05 2.427638260142069594e-07 3.97 0.00023988359665 1.6e-09
-2.395305465853240923e-05 5.298166362562258813e-01 7.329895810089902611e-03 1.249228061353899080e-04 -5.209789856546915578e-05 -7.790258416859703828e-07 3.97 0.00023988359665 1.6e-09
-2.114879127429913325e-05 2.149214798097140111e+00 -3.265145728183455054e-02 1.465280828131088726e-04 3.315697378836562318e-05 -7.489999098107528164e-08 3.97 0.00023988359665 1.6e-09
6.459927374508560955e-05 3.845835258644991761e+00 -1.497031605606512217e-02 2.332347422896236444e-04 5.038354920346942010e-06 2.876107221397462926e-07 3.97 0.00023988359665 1.6e-09
5.436996478764575061e-05 3.328103565148283760e+00 1.608888601116547495e-02 2.056541870942076326e-04 -1.594739219455423255e-05 2.744821047291287295e-07 3.97 0.00023988359665 1.6e-09
8.779633081526111449e-06 6.238997809440006703e-01 1.437178176080948500e-02 1.163175482768210027e-04 -5.631718875195966935e-05 -1.517716342978610495e-06 3.97 0.00023988359665 1.6e-09
1.357561451382678516e-05 1.971509733409287701e+00 -3.002948169239669923e-02 1.384834247699376841e-04 3.592908839254031793e-05 1.762718967465613650e-07 3.97 0.00023988359665 1.6e-09
9.803214260960000444e-05 3.810785513874154873e+00 9.313833932826344475e-03 2.313524406324432830e-04 6.159753487374596325e-06 4.384395448258340294e-07 3.97 0.00023988359665 1.6e-09
1.358403787940100208e-05 3.409937240947200632e+00 4.670260701310086776e-02 2.099750086399746894e-04 -1.458910719961106923e-05 2.279238234091490377e-07 3.97 0.00023988359665 1.6e-09
-2.694022298474752473e-05 7.404878603208089327e-01 2.306890699251506333e-02 1.104335445585518478e-04 -5.713527316197269062e-05 -2.130685639245751243e-06 3.97 0.00023988359665 1.6e-09
6.524052344598759649e-05 1.796264121234171895e+00 -2.254812192820168648e-02 1.309429308354876221e-04 3.885971148645009333e-05 5.428190958160256507e-07 3.97 0.00023988359665 1.6e-09
3.108637878334929777e-05 3.778395076136388031e+00 4.150062581641488640e-02 2.296062250758738833e-04 7.322291968420184089e-06 5.757190331550677600e-07 3.97 0.00023988359665 1.6e-09
-5.014355872269535860e-07 3.499756567014447484e+00 8.164572244746678975e-02 2.147270826726790384e-04 -1.316360160075574941e-05 1.358454441244450540e-07 3.97 0.00023988359665 1.6e-09
2.120157289352801603e-05 9.050601007372431894e-01 3.410253533348827498e-02 1.075271006968378333e-04 -5.534011560557130122e-05 -2.462830329443873812e-06 3.97 0.00023988359665 1.6e-09
-3.518954966509798139e-05 1.589072453353263858e+00 -1.451272079756489586e-02 1.227268346991670206e-04 4.254261775120473678e-05 9.481768732554979032e-07 3.97 0.00023988359665 1.6e-09
7.853116333209826422e-05 3.734293448072546706e+00 7.274610882714482862e-02 2.272318465280771219e-04 8.668154304078401067e-06 6.855955295591658676e-07 3.97 0.00023988359665 1.6e-09
-4.154121965934321934e-06 3.595120963757151067e+00 1.134256887145859982e-01 2.197915901897878259e-04 -1.158174774645482513e-05 4.061290943148714817e-08 3.97 0.00023988359665 1.6e-09
4.890003416234487820e-05 1.131053066633943116e+00 4.746870971404887340e-02 1.093412858827542733e-04 -5.122073245732127047e-05 -2.481832390167818903e-06 3.97 0.00023988359665 1.6e-09
6.460463206265935269e-06 1.340837262007201991e+00 -1.066930773984545167e-02 1.143930165883154252e-04 4.718153168795400721e-05 1.287738435295373256e-06 3.97 0.00023988359665 1.6e-09
6.918879798151042124e-05 3.664426781372256414e+00 9.394993118903557927e-02 2.234916252547856420e-04 1.019838588459228831e-05 7.653214156590940953e-07 3.97 0.00023988359665 1.6e-09
3.352946199921319530e-05 3.674041096160279629e+00 1.349216414333282987e-01 2.240053260190041592e-04 -1.000131345413531622e-05 -2.043701857179854651e-08 3.97 0.00023988359665 1.6e-09
-3.904349696118947037e-05 1.376586996347904712e+00 6.020648701426782601e-02 1.154602349111407469e-04 -4.640918703416444430e-05 -2.321308270979069975e-06 3.97 0.00023988359665 1.6e-09
-1.702855253755150314e-05 1.096380452780858494e+00 -1.150017931062185042e-02 1.088119429619002938e-04 5.188449018180532932e-05 1.492873947894568196e-06 3.97 0.00023988359665 1.6e-09
-6.476254594004742936e-06 3.574701397948214066e+00 1.039491754171890936e-01 2.187164931908436717e-04 1.169928350421641462e-05 8.279776677365673976e-07 3.97 0.00023988359665 1.6e-09
-6.232069463295070080e-05 3.718922966300636901e+00 1.462437829792447297e-01 2.264206232709045229e-04 -8.672393661696032333e-06 -4.311795473609667283e-08 3.97 0.00023988359665 1.6e-09
2.606654130236069660e-05 1.572731386781394125e+00 6.939603096276109051e-02 1.221480880189005280e-04 -4.266912970293074928e-05 -2.159724914245536432e-06 3.97 0.00023988359665 1.6e-09
-1.911793947599303654e-05 9.177425378590593485e-01 -1.346798505113944167e-02 1.075781920075300798e-04 5.502784601981198652e-05 1.599976929207546777e-06 3.97 0.00023988359665 1.6e-09
-5.730064256908611237e-05 3.491760317819514015e+00 1.095272970635238485e-01 2.143248959470721781e-04 1.289147723618276277e-05 8.856148683900553673e-07 3.97 0.00023988359665 1.6e-09
-9.947298438669922849e-05 3.736241092901475547e+00 1.536946117194900596e-01 2.273660441499798194e-04 -7.746563102067156861e-06 -5.265512644107130869e-08 3.97 0.00023988359665 1.6e-09
-2.064450450284263335e-06 1.696482132136784227e+00 7.548503580238113964e-02 1.269280847517478307e-04 -4.034511097051923963e-05 -2.085207896536818790e-06 3.97 0.00023988359665 1.6e-09
-5.171435141263938478e-05 8.147367601272994531e-01 -1.454227700550741673e-02 1.086628357659175841e-04 5.633945779506852009e-05 1.708117723072117468e-06 3.97 0.00023988359665 1.6e-09
-2.164373444126913612e-05 3.432502318000031138e+00 1.156248672022888307e-01 2.112013049998718206e-04 1.365617629115995993e-05 9.372292783465196008e-07 3.97 0.00023988359665 1.6e-09
6.035687206557618098e-05 3.738186614195324609e+00 1.610629872958326825e-01 2.274854270174119712e-04 -7.223698599295543850e-06 -7.037340092022580475e-08 3.97 0.00023988359665 1.6e-09
4.917028912150507624e-05 1.758361119284861829e+00 7.929783107182707125e-02 1.294522108958591597e-04 -3.916630769695875712e-05 -2.101361222960188559e-06 3.97 0.00023988359665 1.6e-09
4.193716377148024537e-05 7.666859490629643892e-01 -1.440651306790602729e-02 1.098378637941199845e-04 5.662108217185409095e-05 1.887442298962068958e-06 3.97 0.00023988359665 1.6e-09
-5.455479663150959876e-05 3.398215961547555786e+00 1.233368930388995671e-01 2.094023639168399393e-04 1.402737463620197040e-05 9.754064363235528871e-07 3.97 0.00023988359665 1.6e-09
-2.628352285046013084e-05 3.730448075921220408e+00 1.685788439585496068e-01 2.270837807349814061e-04 -7.017409089582569965e-06 -1.049774317425255220e-07 3.97 0.00023988359665 1.6e-09
-5.840518066999818888e-05 1.770640347050119523e+00 8.063240567827410776e-02 1.299847696217171938e-04 -3.885153910826342702e-05 -2.185770993879725897e-06 3.97 0.00023988359665 1.6e-09
-4.376194051301510104e-06 7.573879730793902088e-01 -1.295061199526348350e-02 1.101651057857506153e-04 5.655721266639761541e-05 2.147572234308265210e-06 3.97 0.00023988359665 1.6e-09
-1.015328129598561747e-04 3.385330356308208444e+00 1.321143195368473799e-01 2.087351386176746707e-04 1.404312921640988809e-05 9.910678473416563162e-07 3.97 0.00023988359665 1.6e-09
-8.973159159850802762e-05 3.713010973159126316e+00 1.750675446439370342e-01 2.261622805887849750e-04 -7.114493949722437995e-06 -1.595420733768610654e-07 3.97 0.00023988359665 1.6e-09
5.511314254771894838e-05 1.736168299956499794e+00 7.860388732055562100e-02 1.286039067964087697e-04 -3.936084146184218335e-05 -2.321912416938908381e-06 3.97 0.00023988359665 1.6e-09
2.625828442904099382e-05 7.834435552396792346e-01 -9.728224944678575542e-03 1.095209197772102280e-04 5.624879183891662125e-05 2.451720073987364323e-06 3.97 0.00023988359665 1.6e-09
-4.988907633148197064e-05 3.391635897893200635e+00 1.409684155653633530e-01 2.090835644363398611e-04 1.369290699609480351e-05 9.736396817228453535e-07 3.97 0.00023988359665 1.6e-09
-9.867444307597004896e-05 3.682250378808525682e+00 1.789118682682983019e-01 2.245304584661400181e-04 -7.544020135860202600e-06 -2.364348625384751118e-07 3.97 0.00023988359665 1.6e-09
4.768114241340861413e-05 1.647946608764428333e+00 7.191782338879604275e-02 1.251500335653300464e-04 -4.080667161594634437e-05 -2.504394592539125859e-06 3.97 0.00023988359665 1.6e-09
4.717814987588702519e-07 8.536601590628671854e-01 -3.738811364396962128e-03 1.083281639897377339e-04 5.535501552336410296e-05 2.721390997974447622e-06 3.97 0.00023988359665 1.6e-09
6.549430520630833983e-05 3.417651264601392569e+00 1.487860608190111622e-01 2.104767314618885858e-04 1.292750774486839727e-05 9.105359179867264264e-07 3.97 0.00023988359665 1.6e-09
1.892489252240923427e-05 3.632752132234149389e+00 1.782572796030881812e-01 2.219030177172595642e-04 -8.384789130286533375e-06 -3.385579576901646518e-07 3.97 0.00023988359665 1.6e-09
-5.427898850155130875e-05 1.493945182333980659e+00 5.922233322271409223e-02 1.195543456510539496e-04 -4.348643881266778537e-05 -2.730595238246736929e-06 3.97 0.00023988359665 1.6e-09
-5.353316608642735711e-05 9.866538173916308274e-01 6.716743052120818791e-03 1.080251643117846339e-04 5.312258570077131375e-05 2.849000824518019707e-06 3.97 0.00023988359665 1.6e-09
1.043619123089401435e-05 3.465307086088940558e+00 1.547444642440629348e-01 2.130161575705129880e-04 1.172287946202077376e-05 7.911706302954581339e-07 3.97 0.00023988359665 1.6e-09
-9.742260296524371012e-05 3.562477282193427186e+00 1.716701418819612801e-01 2.181754476386028115e-04 -9.661962702544059007e-06 -4.672633678417980201e-07 3.97 0.00023988359665 1.6e-09
-9.177446771664897934e-06 1.276385129662052975e+00 4.059868055681606358e-02 1.129392870531533257e-04 -4.754037856853109210e-05 -2.965910023884747822e-06 3.97 0.00023988359665 1.6e-09
2.338653831515967313e-05 1.192275599598803026e+00 2.319669417640808293e-02 1.109588022365792814e-04 4.915217524221498531e-05 2.780395341593407172e-06 3.97 0.00023988359665 1.6e-09
-3.585848163143463949e-05 3.532843556766487758e+00 1.597111813090733579e-01 2.166067341334939245e-04 1.018099586928124942e-05 6.224014383608642952e-07 3.97 0.00023988359665 1.6e-09
9.761033109794748936e-05 3.481470647964883369e+00 1.604088119138230017e-01 2.138796997769331666e-04 -1.127386566860657315e-05 -6.189637015311792948e-07 3.97 0.00023988359665 1.6e-09
-3.419719629803856547e-05 1.040938760690624409e+00 1.993423760213018647e-02 1.084777250986634564e-04 -5.206058736337781066e-05 -3.089038922361029939e-06 3.97 0.00023988359665 1.6e-09
-1.441071689966836526e-05 1.434738219400207404e+00 4.434071491471273940e-02 1.176127181711118927e-04 4.450635653249871175e-05 2.602024046624036292e-06 3.97 0.00023988359665 1.6e-09
2.328582980245516777e-05 3.606540888902224573e+00 1.661120707477223291e-01 2.205220085711775274e-04 8.619483857127734696e-06 4.407690121016803876e-07 3.97 0.00023988359665 1.6e-09
-2.786752999102956786e-05 3.407079610361788635e+00 1.491879064505616248e-01 2.099355496328814325e-04 -1.284520745979055736e-05 -7.821936341536699798e-07 3.97 0.00023988359665 1.6e-09
-3.097415445083782611e-05 8.515238993336218254e-01 2.897721791654066757e-03 1.084206972076261276e-04 -5.524040230179865836e-05 -2.960593558753958220e-06 3.97 0.00023988359665 1.6e-09
4.475000525800895012e-05 1.650748493576683185e+00 6.540616250449768354e-02 1.253102664442876720e-04 4.060963492124599434e-05 2.426615472685863746e-06 3.97 0.00023988359665 1.6e-09
8.494096921139001526e-05 3.667390988360363480e+00 1.736437244615550712e-01 2.237572874775185620e-04 7.332585696067532767e-06 2.827066953853701830e-07 3.97 0.00023988359665 1.6e-09
4.927247443129412175e-05 3.345336887516042523e+00 1.406767359646973747e-01 2.066646801260717931e-04 -1.416516830186905456e-05 -9.358664130787126939e-07 3.97 0.00023988359665 1.6e-09
-5.432744236636657031e-05 7.247701879824504090e-01 -8.640220358028569136e-03 1.114569479561242267e-04 -5.628362175808286828e-05 -2.586295722875752086e-06 3.97 0.00023988359665 1.6e-09
1.495644757144725070e-05 1.815213693461985578e+00 8.276954172494496720e-02 1.319135557685860688e-04 3.780638373127816795e-05 2.278745683847823762e-06 3.97 0.00023988359665 1.6e-09
9.855038788975353033e-05 3.708530492166689285e+00 1.796053592196162896e-01 2.259490448180721334e-04 6.349697188282288895e-06 1.562040781315455455e-07 3.97 0.00023988359665 1.6e-09
3.147525711468980846e-05 3.289801666088079557e+00 1.335554548469228830e-01 2.037344268838493528e-04 -1.523729291369651923e-05 -1.063179968585544570e-06 3.97 0.00023988359665 1.6e-09
-2.174009070479193575e-05 6.389357340249726125e-01 -1.600453380803660425e-02 1.157904249135609080e-04 -5.559491630545160962e-05 -2.048142366861602418e-06 3.97 0.00023988359665 1.6e-09
5.968749624210767439e-05 1.943584897864245820e+00 9.559606246993232470e-02 1.374101193923566518e-04 3.566592555384239460e-05 2.130197490021838578e-06 3.97 0.00023988359665 1.6e-09
1.932623296816936412e-05 3.733125410956921186e+00 1.819332847933374242e-01 2.272654954140232680e-04 5.517655866173709850e-06 5.320332433739660967e-08 3.97 0.00023988359665 1.6e-09
-1.904276567979198823e-05 3.227088723598668274e+00 1.256293688365150152e-01 2.004462099366337356e-04 -1.626764989482558591e-05 -1.160753324353404012e-06 3.97 0.00023988359665 1.6e-09
1.670549275409793496e-05 5.694740185863680360e-01 -2.057099623690692922e-02 1.213344413075478380e-04 -5.313210028074429893e-05 -1.356127237440528750e-06 3.97 0.00023988359665 1.6e-09
-3.851925131432880551e-05 2.065293423202904322e+00 1.040478182178533884e-01 1.428488096506541367e-04 3.364419106126363750e-05 1.936950290735646986e-06 3.97 0.00023988359665 1.6e-09
4.160931700885851591e-05 3.745505452075844843e+00 1.788801928857881030e-01 2.279383860562288536e-04 4.598604032385831679e-06 -3.693334969205412078e-08 3.97 0.00023988359665 1.6e-09
8.388212424839153094e-05 3.137035960707573068e+00 1.146656092921944092e-01 1.957565596710535616e-04 -1.757800030448142253e-05 -1.230041383746606560e-06 3.97 0.00023988359665 1.6e-09
1.042865107899790093e-05 5.014631243692331264e-01 -2.267093112361002333e-02 1.293197394752148937e-04 -4.712386424725870842e-05 -3.899721581373423528e-07 3.97 0.00023988359665 1.6e-09
-3.235805757627686679e-05 2.213239627953163424e+00 1.076315690214133258e-01 1.497028505597175854e-04 3.118012121130170702e-05 1.644384125980109016e-06 3.97 0.00023988359665 1.6e-09
-1.131414378746489947e-05 3.747739787745472562e+00 1.672512848700457577e-01 2.280786486443578918e-04 3.337797568361998704e-06 -1.260761084380858289e-07 3.97 0.00023988359665 1.6e-09
-9.150036502581628342e-05 2.991433578957762851e+00 9.736688086379781393e-02 1.882416363757175189e-04 -1.956445260937713631e-05 -1.263481742426756482e-06 3.97 0.00023988359665 1.6e-09
-8.272940291572114600e-06 4.365715004561191437e-01 -2.149492086473966251e-02 1.403249319388959475e-04 -3.279630576920994876e-05 1.079394291767614642e-06 3.97 0.00023988359665 1.6e-09
6.660548869977233070e-05 2.417082237012752266e+00 1.054841983381916842e-01 1.594644751170451566e-04 2.788438530494881100e-05 1.217272823622936157e-06 3.97 0.00023988359665 1.6e-09
6.858021329080507262e-05 3.743007148532610628e+00 1.432603307298518647e-01 2.278497282002268096e-04 1.507399750254549817e-06 -2.299336100088885661e-07 3.97 0.00023988359665 1.6e-09
6.579871515021147956e-05 2.769553016908692378e+00 7.029450769064914117e-02 1.769427212603498132e-04 -2.265699573218517607e-05 -1.233568677890900909e-06 3.97 0.00023988359665 1.6e-09
1.137737897547402523e-05 4.001225663417428136e-01 -1.588885744539033501e-02 1.484955283315168894e-04 -5.549399592426625902e-06 2.962004560162598772e-06 3.97 0.00023988359665 1.6e-09
-8.208352881107384839e-05 2.675379790639319744e+00 1.016000336975652618e-01 1.722073564259759323e-04 2.402995481938004506e-05 7.551341662834236139e-07 3.97 0.00023988359665 1.6e-09
-2.991848469627888168e-05 3.745403327217795120e+00 1.136839747904828390e-01 2.279809140575845281e-04 -6.798487442740459027e-07 -3.533879375627120423e-07 3.97 0.00023988359665 1.6e-09
1.021279147101909122e-05 2.515281152891053473e+00 3.906670979228296647e-02 1.642613731286209555e-04 -2.643908648490717603e-05 -1.138554029679662617e-06 3.97 0.00023988359665 1.6e-09
4.557654230229916199e-05 4.167193919641010158e-01 -7.121795483609980396e-03 1.444838661423009400e-04 2.409312921048667851e-05 4.207351726803133088e-06 3.97 0.00023988359665 1.6e-09
-3.867341715489621161e-05 2.916856143869599460e+00 1.016595739973896878e-01 1.844114631861204197e-04 2.071048300663815773e-05 4.465553258607392424e-07 3.97 0.00023988359665 1.6e-09
-8.515719008871515221e-05 3.759870144158003136e+00 9.479973109375172680e-02 2.287304878237974572e-04 -2.565154940150379732e-06 -4.564297408380034979e-07 3.97 0.00023988359665 1.6e-09
5.727312996937809297e-05 2.315329807547477969e+00 1.795003869762635401e-02 1.545305411199961686e-04 -2.969284179173324275e-05 -1.059737197779075846e-06 3.97 0.00023988359665 1.6e-09
4.778586213368187245e-05 4.653776073905621646e-01 7.048590875399939797e-04 1.348059195374847787e-04 4.142039938664990464e-05 4.368139587789292698e-06 3.97 0.00023988359665 1.6e-09
2.208954641790769759e-05 3.076923743166634750e+00 1.012757616532103666e-01 1.926277394268140057e-04 1.862217389017991671e-05 2.947438611939653378e-07 3.97 0.00023988359665 1.6e-09
-5.442915484297619280e-05 3.772568223247026786e+00 8.539875703561905507e-02 2.293836873808159183e-04 -3.778739898209950266e-06 -5.010056565675990305e-07 3.97 0.00023988359665 1.6e-09
-1.286311359860326377e-07 2.192696755745972226e+00 8.327662042270221610e-03 1.486971869142654945e-04 -3.180087667876085688e-05 -1.006175148607627399e-06 3.97 0.00023988359665 1.6e-09
-1.324888610638928248e-05 5.107622476175075477e-01 5.267208285888839298e-03 1.278566635786544583e-04 4.876050558722300784e-05 4.039909278954155560e-06 3.97 0.00023988359665 1.6e-09
4.903468555620328926e-05 3.165654445372776848e+00 9.725450130420845718e-02 1.972183194686025947e-04 1.751292473638376142e-05 2.251456842122795741e-07 3.97 0.00023988359665 1.6e-09
-3.466464081573878260e-05 3.781968957869377590e+00 7.884893000699470800e-02 2.298685645763124470e-04 -4.423315029447475495e-06 -4.944064759428001494e-07 3.97 0.00023988359665 1.6e-09
2.516410281352031298e-05 2.131565627768679860e+00 4.956438658818949558e-03 1.458292148072985110e-04 -3.290931975398326647e-05 -9.470807084272066869e-07 3.97 0.00023988359665 1.6e-09
-4.752038407792757611e-05 5.379094493028747648e-01 6.723737064256164221e-03 1.244271849474745781e-04 5.155408093240987057e-05 3.615825134683943612e-06 3.97 0.00023988359665 1.6e-09
3.890896355119796441e-05 3.209695907997106801e+00 9.073841035863404458e-02 1.995018393045507044e-04 1.702086565891974956e-05 1.988132503789537015e-07 3.97 0.00023988359665 1.6e-09
3.612071563583040706e-06 3.792420438694886542e+00 7.348030755572085293e-02 2.304157626440438188e-04 -4.675124604299679650e-06 -4.567278616586347779e-07 3.97 0.00023988359665 1.6e-09
6.743084836919958078e-05 2.117408208153948479e+00 4.994477090133824654e-03 1.451530141562089446e-04 -3.324322070304743117e-05 -8.827767537636572657e-07 3.97 0.00023988359665 1.6e-09
-6.129709823272587422e-05 5.445752146725602039e-01 5.968200536673446896e-03 1.235955743543307498e-04 5.228176649654776116e-05 3.233241767314612829e-06 3.97 0.00023988359665 1.6e-09
-2.009164186027803672e-05 3.225050504886753266e+00 8.402324031911836966e-02 2.002903205864329920e-04 1.696022485339726110e-05 2.028643014755520792e-07 3.97 0.00023988359665 1.6e-09
-6.628818128897077337e-05 3.808433315943835495e+00 7.011851977784742951e-02 2.312635520362583920e-04 -4.607698812484640361e-06 -4.043233412133929638e-07 3.97 0.00023988359665 1.6e-09
-3.942790395645535755e-05 2.147101266492808413e+00 7.574130067213019103e-03 1.465006969337059059e-04 -3.287220509178995231e-05 -8.279459203917688007e-07 3.97 0.00023988359665 1.6e-09
-5.262604273050355727e-05 5.305045975378779310e-01 3.790075433398579566e-03 1.250895777211519179e-04 5.148325764684188511e-05 2.959259547534645173e-06 3.97 0.00023988359665 1.6e-09
3.626942572820876368e-05 3.216660368565532391e+00 7.925151908150765423e-02 1.998338016976314671e-04 1.729518095874389290e-05 2.342040402055340900e-07 3.97 0.00023988359665 1.6e-09
4.679114650145667017e-05 3.835029641514862142e+00 7.005653885995584418e-02 2.326780699098124740e-04 -4.220062059116979653e-06 -3.495717369564042472e-07 3.97 0.00023988359665 1.6e-09
-4.089876263038135862e-05 2.230040290753494858e+00 1.258185861924208254e-02 1.503431957180454423e-04 -3.172104481869850634e-05 -7.941797842971808667e-07 3.97 0.00023988359665 1.6e-09
-4.798764707350483782e-05 4.948497181849239590e-01 7.729872173845935522e-04 1.295629506060891833e-04 4.824418790425696760e-05 2.855124128331928764e-06 3.97 0.00023988359665 1.6e-09
-3.235178595391259094e-05 3.179107193931712594e+00 7.771159782831672802e-02 1.978444101282589892e-04 1.815894785695512691e-05 2.886968276068315711e-07 3.97 0.00023988359665 1.6e-09
1.085846253332251184e-04 3.877511921087873237e+00 7.369753006854171118e-02 2.349427266868102555e-04 -3.388775400008450190e-06 -3.028857406087749005e-07 3.97 0.00023988359665 1.6e-09
-4.473341193987036485e-05 2.386870882407324146e+00 1.971604427672687260e-02 1.577907232993310113e-04 -2.956197814706710414e-05 -7.772775981656953191e-07 3.97 0.00023988359665 1.6e-09
3.010635270159077554e-05 4.415013239735505746e-01 -2.622141796663950229e-03 1.381666354591288984e-04 3.912957592156281097e-05 2.943737295207032378e-06 3.97 0.00023988359665 1.6e-09
-4.846625464328739271e-05 3.092301855746654837e+00 7.715130488506287409e-02 1.932869651012242306e-04 1.980152266968918838e-05 3.411756632306104695e-07 3.97 0.00023988359665 1.6e-09
-3.428315842571379477e-05 3.933859837095283751e+00 7.693438049230383324e-02 2.379514257738502036e-04 -1.960511219642242667e-06 -2.717435177473793849e-07 3.97 0.00023988359665 1.6e-09
5.003210851646131100e-05 2.632035848671093525e+00 2.600092734083041951e-02 1.698023706386313702e-04 -2.630665636152728525e-05 -7.374880214283356571e-07 3.97 0.00023988359665 1.6e-09
5.688391744628812005e-06 3.928829068848418427e-01 -6.005910357211927293e-03 1.486272067149206513e-04 1.726873792731498146e-05 2.984268892198522267e-06 3.97 0.00023988359665 1.6e-09
-1.706709925998428320e-05 2.916301700620575144e+00 6.669819751073279013e-02 1.841729131736515208e-04 2.253119430980605683e-05 3.178440958739332555e-07 3.97 0.00023988359665 1.6e-09
1.182253273751813669e-04 3.971139007907304119e+00 6.572490458121355017e-02 2.399435822406460533e-04 -2.370703103202048751e-08 -2.487030984490589756e-07 3.97 0.00023988359665 1.6e-09
-2.774759599611072370e-05 2.912309998162824431e+00 2.195414591809439347e-02 1.839681079473630822e-04 -2.259435866107900012e-05 -5.957041416964748066e-07 3.97 0.00023988359665 1.6e-09
5.882080304044774689e-06 3.918976749262761405e-01 -8.513549494538525178e-03 1.488763011900933895e-04 -1.627263390306344585e-05 2.463700371568852069e-06 3.97 0.00023988359665 1.6e-09
5.766696686319034023e-05 2.640471735898174188e+00 4.127860508753030538e-02 1.702120013109886874e-04 2.627014964595824736e-05 2.017358481025452813e-07 3.97 0.00023988359665 1.6e-09
-8.500065818675862786e-05 3.945550410421830190e+00 3.737315889333206465e-02 2.385732507604236368e-04 2.032094647300747680e-06 -1.936868708828200470e-07 3.97 0.00023988359665 1.6e-09
-9.632336914876103067e-05 3.115690128908072509e+00 7.948496475298898536e-03 1.944919098918358453e-04 -1.959082595469601590e-05 -3.584104365579950089e-07 3.97 0.00023988359665 1.6e-09
3.599781831593980503e-05 4.479902603423880914e-01 -8.302139772356414982e-03 1.368988737969307969e-04 -4.096218654063321944e-05 1.545024508676351145e-06 3.97 0.00023988359665 1.6e-09
2.275326251792512324e-05 2.364717845630544879e+00 1.909414164596712898e-02 1.566989180921248492e-04 3.001577181877357559e-05 1.305727067003283293e-07 3.97 0.00023988359665 1.6e-09
-7.500387781328983028e-05 3.889754410841841370e+00 1.814177141873116531e-02 2.355881181017953330e-04 3.718939471334499043e-06 -9.305374431682612771e-08 3.97 0.00023988359665 1.6e-09
-9.106162602457079289e-05 3.234746196631595794e+00 3.899468611154181634e-03 2.007379556459121619e-04 -1.753281152594812661e-05 -1.722364518687398104e-07 3.97 0.00023988359665 1.6e-09
2.954580511441299697e-05 5.270355201412351143e-01 -5.267141456317655027e-03 1.252613995695798621e-04 -5.185133080314684021e-05 5.844147441897961351e-07 3.97 0.00023988359665 1.6e-09
-3.782446061579127286e-05 2.154637763291864516e+00 7.548850112688775156e-03 1.467878212583783627e-04 3.304026367599494004e-05 1.793935373971079314e-07 3.97 0.00023988359665 1.6e-09
8.876419774263261770e-05 3.842361155363015257e+00 1.677541794293450558e-02 2.330528276694047779e-04 4.947037009597381126e-06 2.781735721624139181e-08 3.97 0.00023988359665 1.6e-09
3.832729129086543914e-05 3.312676819932593553e+00 1.399783471604931426e-02 2.048480223820129515e-04 -1.611680549463906373e-05 -8.660473544095555042e-08 3.97 0.00023988359665 1.6e-09
4.024046051473477236e-06 6.091007726864282601e-01 -7.475476762414915051e-04 1.174337325089406961e-04 -5.591188483489322228e-05 -2.731229665783232449e-07 3.97 0.00023988359665 1.6e-09
1.060943518168401981e-05 1.995917358289847066e+00 4.158349129653340567e-03 1.395821039493319094e-04 3.548138799597394668e-05 3.432749840836249721e-07 3.97 0.00023988359665 1.6e-09
4.801110633640928743e-05 3.808823295322056879e+00 2.830331829928594764e-02 2.312550251631148991e-04 5.925660398716611464e-06 1.467728485682482965e-07 3.97 0.00023988359665 1.6e-09
6.497918971580891520e-05 3.379412907356406315e+00 3.280744753914807688e-02 2.083712275261510784e-04 -1.496787903445155776e-05 -7.856749279530356258e-08 3.97 0.00023988359665 1.6e-09
-5.255653373960712056e-05 6.996028542981969078e-01 4.367778252362728049e-03 1.120780830502860967e-04 -5.713495366824954629e-05 -9.707799180259542361e-07 3.97 0.00023988359665 1.6e-09
4.053051277825509891e-05 1.853245177189838166e+00 5.936060334346577282e-03 1.333612605723208811e-04 3.782950966501217259e-05 5.921065842180006272e-07 3.97 0.00023988359665 1.6e-09
-6.099248406318999156e-05 3.782466185130837211e+00 4.686276467097745535e-02 2.298356272967038501e-04 6.871526087167208178e-06 2.488694537993278453e-07 3.97 0.00023988359665 1.6e-09
-1.014761623505110888e-04 3.452052175606756812e+00 5.498506751282702942e-02 2.122094287168595802e-04 -1.380029203657379383e-05 -1.183295164971811616e-07 3.97 0.00023988359665 1.6e-09
2.727764625901425613e-05 8.191292131396581411e-01 1.000948171802122991e-02 1.084656877790807303e-04 -5.653377096931907553e-05 -1.448045667661964829e-06 3.97 0.00023988359665 1.6e-09
5.148206790855972242e-05 1.692538473125061671e+00 9.742294650891058366e-03 1.267329787521656917e-04 4.062962926474971651e-05 8.785502776993807987e-07 3.97 0.00023988359665 1.6e-09
4.173780482605616584e-05 3.752908424781923102e+00 6.604684191903194279e-02 2.282403067379233609e-04 7.950536624452312441e-06 3.219274892374864607e-07 3.97 0.00023988359665 1.6e-09
3.510156467348399842e-05 3.537168416338746013e+00 7.502099756588406776e-02 2.167166368093836979e-04 -1.247580159423652094e-05 -1.737692151928299206e-07 3.97 0.00023988359665 1.6e-09
1.292071069967636404e-05 9.925434093784416545e-01 1.634952956944522515e-02 1.076524770968085036e-04 -5.387874976873981191e-05 -1.641871771684894631e-06 3.97 0.00023988359665 1.6e-09
-3.060723998719183528e-05 1.489213987230243674e+00 1.146627769884136713e-02 1.191452249136542684e-04 4.435393086335205788e-05 1.122419510042519662e-06 3.97 0.00023988359665 1.6e-09
-3.279477832481490876e-05 3.706434356329070923e+00 7.756990774510799658e-02 2.257412939092260371e-04 9.276140357648040950e-06 3.567881827844859468e-07 3.97 0.00023988359665 1.6e-09
-6.421337374615501323e-05 3.625287277862550894e+00 8.612417774530095604e-02 2.214032347941859461e-04 -1.096856964380512895e-05 -2.077828474707606124e-07 3.97 0.00023988359665 1.6e-09
4.257598408059964695e-05 1.219682871042883754e+00 2.237455916089442498e-02 1.111891252650203706e-04 -4.953633902857949682e-05 -1.556701872599684581e-06 3.97 0.00023988359665 1.6e-09
3.978141554761484993e-06 1.250300839401823572e+00 8.266474140417683775e-03 1.119457435598103891e-04 4.891725114519313554e-05 1.221580371112652344e-06 3.97 0.00023988359665 1.6e-09
-1.610102058353282385e-05 3.633796963818902270e+00 7.561510595323038542e-02 2.218599972359881008e-04 1.075128703129766681e-05 3.589581570773482076e-07 3.97 0.00023988359665 1.6e-09
-4.667363956341271964e-05 3.692922602256031084e+00 8.447895020657913978e-02 2.250206850309491042e-04 -9.512140932284935730e-06 -1.936325764335190540e-07 3.97 0.00023988359665 1.6e-09
-1.496970879890416781e-05 1.447352423046245784e+00 2.599358708463950229e-02 1.177325285900088713e-04 -4.511518741825970151e-05 -1.312036881956700159e-06 3.97 0.00023988359665 1.6e-09
-1.685722969454584886e-05 1.030726468894395786e+00 2.190100520053577405e-03 1.079972809929141610e-04 5.311721958799148029e-05 1.124315164806217744e-06 3.97 0.00023988359665 1.6e-09
-9.101039295208304745e-05 3.547814706771346138e+00 6.440205517496069842e-02 2.172910383973743545e-04 1.213934694703076351e-05 3.544277497673333062e-07 3.97 0.00023988359665 1.6e-09
3.870024142947920412e-05 3.728935922894083710e+00 7.565366739112740213e-02 2.269626800460433896e-04 -8.341713258458826447e-06 -1.380370795458995816e-07 3.97 0.00023988359665 1.6e-09
-1.616307389339991088e-06 1.619038218011270125e+00 2.780973751130220301e-02 1.238943941519772953e-04 -4.187761184777095394e-05 -1.066482358722696593e-06 3.97 0.00023988359665 1.6e-09
7.949309495138404857e-06 8.790864816700223461e-01 -3.421455742874593767e-03 1.077925175592642725e-04 5.561723453876851953e-05 8.697878455611116552e-07 3.97 0.00023988359665 1.6e-09
-8.821624241105139349e-07 3.473426671166016888e+00 5.233835209966403168e-02 2.133573265420558840e-04 1.318912040240495858e-05 3.654432107098287699e-07 3.97 0.00023988359665 1.6e-09
-9.537803549892944627e-05 3.742322555681621310e+00 6.791858759516689048e-02 2.276964277181706923e-04 -7.535556539596114159e-06 -6.679213138072522166e-08 3.97 0.00023988359665 1.6e-09
-5.447779145667821751e-05 1.724309699921109829e+00 3.027132579669960383e-02 1.280503884022491333e-04 -3.991300672554914274e-05 -9.045263956318681684e-07 3.97 0.00023988359665 1.6e-09
-1.415276424542968970e-05 7.936907539952839929e-01 -7.820685650262271943e-03 1.091051967719946196e-04 5.655429470628448279e-05 5.538613079505681543e-07 3.97 0.00023988359665 1.6e-09
3.106100588124837553e-05 3.422304469919573044e+00 4.350676838810322439e-02 2.106647376563858449e-04 1.384910290291321315e-05 3.974877312759051759e-07 3.97 0.00023988359665 1.6e-09
2.137338932228265089e-05 3.743441982474682739e+00 6.459501943616202668e-02 2.277697077149626499e-04 -7.093396501166461075e-06 2.491340247083347800e-09 3.97 0.00023988359665 1.6e-09
-1.854858872843395990e-05 1.775735972953891517e+00 3.429278801048334102e-02 1.301715608608221926e-04 -3.893610992797473747e-05 -8.346917462866871411e-07 3.97 0.00023988359665 1.6e-09
6.950236857125007814e-06 7.543685447315309212e-01 -1.140630216990308823e-02 1.102011775494747537e-04 5.672381747845829040e-05 2.680245195621071790e-07 3.97 0.00023988359665 1.6e-09
-6.516085752810102470e-05 3.393646858842403358e+00 3.849652777190928910e-02 2.091616865897423885e-04 1.416565081335119759e-05 4.458734128937399295e-07 3.97 0.00023988359665 1.6e-09
-4.140738437974894858e-05 3.736752304735814434e+00 6.549789866623453860e-02 2.274222557467739294e-04 -6.927275937608782909e-06 6.192427496548752094e-08 3.97 0.00023988359665 1.6e-09
-3.219212916693667422e-05 1.784862210280065087e+00 3.936613468652391812e-02 1.305713266283755312e-04 -3.869890319407747229e-05 -8.416123389592466953e-07 3.97 0.00023988359665 1.6e-09
4.445055037505310491e-05 7.473748350189847178e-01 -1.446568340723139445e-02 1.104757310610170499e-04 5.664481575043423813e-05 7.487656704191410887e-08 3.97 0.00023988359665 1.6e-09
-5.969686437613839298e-06 3.383582801806842788e+00 3.682338507811494521e-02 2.086417341358519058e-04 1.416758408534505864e-05 5.018158838456054031e-07 3.97 0.00023988359665 1.6e-09
-3.711886745299581994e-05 3.722249169237550781e+00 6.938123878641348774e-02 2.266554524927275093e-04 -7.019503451206069784e-06 1.069057709085395340e-07 3.97 0.00023988359665 1.6e-09
-5.972935043413434431e-05 1.755163459279665883e+00 4.438734330747973189e-02 1.293743603673774573e-04 -3.912852312015377106e-05 -9.127361481410176537e-07 3.97 0.00023988359665 1.6e-09
1.762129484965567001e-06 7.691867088014243681e-01 -1.696608589509706472e-02 1.098723910482394248e-04 5.642871007845132896e-05 1.710890412767682347e-08 3.97 0.00023988359665 1.6e-09
2.887714001356019564e-05 3.389672907775155508e+00 3.795097513359360630e-02 2.089758793809453111e-04 1.387182757375745400e-05 5.545750449377206906e-07 3.97 0.00023988359665 1.6e-09
2.399114727899890036e-05 3.697053585877375426e+00 7.485224854133762373e-02 2.253180036060088969e-04 -7.384836731962818485e-06 1.322390629056837952e-07 3.97 0.00023988359665 1.6e-09
-3.720420649204514066e-05 1.681586426432633896e+00 4.792092018510758777e-02 1.264523369443035553e-04 -4.032425433829325346e-05 -1.045978380127242507e-06 3.97 0.00023988359665 1.6e-09
-1.652564750374006355e-05 8.261055902104869064e-01 -1.848981284786486295e-02 1.086886607840901244e-04 5.579787438007980966e-05 1.256111864402777588e-07 3.97 0.00023988359665 1.6e-09
-5.409819633704852356e-05 3.411936063197716251e+00 4.176452437005666318e-02 2.101668489802367723e-04 1.324362455895064886e-05 5.924312660020890528e-07 3.97 0.00023988359665 1.6e-09
1.055013011498047649e-04 3.656376481213474250e+00 8.074810067547599779e-02 2.231572913011409015e-04 -8.081879865239890515e-06 1.296872140874659958e-07 3.97 0.00023988359665 1.6e-09
-3.567855528925167972e-05 1.553162820900594987e+00 4.827936235846002483e-02 1.216304991069161554e-04 -4.252472589374906199e-05 -1.254515890491589395e-06 3.97 0.00023988359665 1.6e-09
-2.517494882521194175e-05 9.333364801607313410e-01 -1.797735122124111823e-02 1.078737394514141782e-04 5.415603246164006667e-05 4.051446460163056544e-07 3.97 0.00023988359665 1.6e-09
5.516557985900380815e-05 3.452120351917566055e+00 4.914444564681223065e-02 2.123097099494621639e-04 1.220947161259528765e-05 6.057986129518721533e-07 3.97 0.00023988359665 1.6e-09
-8.597080878077677192e-05 3.596261216430468366e+00 8.678561175238519443e-02 2.199663328294880244e-04 -9.159566621789715373e-06 8.653076301248842510e-08 3.97 0.00023988359665 1.6e-09
1.862737088148776931e-06 1.363846270933616989e+00 4.401339360818318225e-02 1.153718532932510298e-04 -4.596595916858998315e-05 -1.570384969300540243e-06 3.97 0.00023988359665 1.6e-09
3.957575678797409111e-05 1.106267936429638388e+00 -1.348406607901581067e-02 1.093340587458004542e-04 5.092617818143219425e-05 7.986751655120383910e-07 3.97 0.00023988359665 1.6e-09
8.578353969033623242e-05 3.510677520229845250e+00 6.222544543812455475e-02 2.154259557161335029e-04 1.081396325000924920e-05 5.941804679405149352e-07 3.97 0.00023988359665 1.6e-09
-8.496046223217747391e-05 3.520235185198654193e+00 9.439867375566740604e-02 2.159333280778258325e-04 -1.061129607446111658e-05 -1.075203757648862326e-08 3.97 0.00023988359665 1.6e-09
-3.670233743896773404e-05 1.136606671736291041e+00 3.529177405203205026e-02 1.098405687578659913e-04 -5.029372248393221951e-05 -2.025880782617016397e-06 3.97 0.00023988359665 1.6e-09
-4.084364086505812600e-05 1.332543964897579203e+00 -3.217297964573808886e-03 1.144868321068646824e-04 4.653104573684813876e-05 1.191806026090418874e-06 3.97 0.00023988359665 1.6e-09
9.012886800465235500e-05 3.580393253960898914e+00 8.238542181728106262e-02 2.191319320548897704e-04 9.264837347422344877e-06 5.687966724030184441e-07 3.97 0.00023988359665 1.6e-09
-7.316645813988965625e-05 3.441917207289127312e+00 1.056472393009923461e-01 2.117806918986715303e-04 -1.219612657480819399e-05 -1.620005979754658695e-07 3.97 0.00023988359665 1.6e-09
-3.271195003138389657e-05 9.273671277612660635e-01 2.470239363625909360e-02 1.079192149954596758e-04 -5.410577802880313792e-05 -2.590016909526019330e-06 3.97 0.00023988359665 1.6e-09
-5.468116386018733469e-05 1.561013072842341032e+00 1.198677754552427907e-02 1.219557571119614294e-04 4.228084201046687933e-05 1.506050236910690622e-06 3.97 0.00023988359665 1.6e-09
-1.207925234451851507e-05 3.645097680697310771e+00 1.071490708146772275e-01 2.225721792672794702e-04 7.861292508472746821e-06 5.405251972020197710e-07 3.97 0.00023988359665 1.6e-09
4.742719913395049107e-05 3.371896962891294258e+00 1.198681971304635108e-01 2.080709688279672111e-04 -1.364696009510238822e-05 -3.447004242085464061e-07 3.97 0.00023988359665 1.6e-09
4.784043759600679641e-06 7.732458116136615711e-01 1.491930454089782088e-02 1.099045328729349695e-04 -5.604333660352920753e-05 -3.145122870288449364e-06 3.97 0.00023988359665 1.6e-09
6.239068118328461462e-05 1.750655419419419712e+00 2.918195255505362518e-02 1.292633285031102516e-04 3.894755325947296920e-05 1.737482449719937832e-06 3.97 0.00023988359665 1.6e-09
1.337633198612554292e-05 3.693353017719257281e+00 1.320977999696026639e-01 2.251419143445403126e-04 6.718718544615990389e-06 5.103640794031184895e-07 3.97 0.00023988359665 1.6e-09
-3.529452871522872079e-05 3.309006340642988597e+00 1.339870409508432392e-01 2.047496171676595352e-04 -1.486001931022999484e-05 -5.334755292816730947e-07 3.97 0.00023988359665 1.6e-09
-4.213948240425233833e-05 6.676542866420154265e-01 6.577164897852129377e-03 1.140953285967899396e-04 -5.594401987659630498e-05 -3.574153091130555943e-06 3.97 0.00023988359665 1.6e-09
7.493621976490497951e-06 1.900604264687477674e+00 4.627776029441383471e-02 1.355456718226777206e-04 3.641982242634251438e-05 1.899868153692503434e-06 3.97 0.00023988359665 1.6e-09
-7.164097402566775076e-05 3.724498808988301768e+00 1.543023912192655334e-01 2.268056865335375469e-04 5.774024835593489404e-06 4.728150082055190631e-07 3.97 0.00023988359665 1.6e-09
-4.994796836222942775e-05 3.243486708808545949e+00 1.452752645670014608e-01 2.013077350243325388e-04 -1.597357619493025360e-05 -7.184729223425636414e-07 3.97 0.00023988359665 1.6e-09
-4.722726946598362527e-05 5.881549221035213826e-01 -9.496152293828243746e-04 1.196487290815590452e-04 -5.394449320834747820e-05 -3.802301706642569407e-06 3.97 0.00023988359665 1.6e-09
3.998635373888909854e-05 2.033158726576551167e+00 6.268890916354606657e-02 1.413975557877244658e-04 3.420191284962695663e-05 1.988476577027285631e-06 3.97 0.00023988359665 1.6e-09
9.298048080829615246e-05 3.742021819128757087e+00 1.721674292401207396e-01 2.277501476001446239e-04 4.820043032276365510e-06 4.192098124386766290e-07 3.97 0.00023988359665 1.6e-09
6.987999327247155536e-05 3.158823964120748951e+00 1.515837089270384019e-01 1.968895488397494776e-04 -1.724378691643586658e-05 -9.033503165159983704e-07 3.97 0.00023988359665 1.6e-09
-4.792001315751653472e-06 5.173422333608612700e-01 -8.311090638490675406e-03 1.271937199821754415e-04 -4.896708462006701013e-05 -3.718325005967177381e-06 3.97 0.00023988359665 1.6e-09
-6.829696394474295360e-05 2.177637213167536334e+00 7.845400030867200059e-02 1.480305118218287112e-04 3.179506173619218415e-05 1.974834533445956853e-06 3.97 0.00023988359665 1.6e-09
5.602984025792685812e-05 3.748258912434223156e+00 1.838580977373287240e-01 2.281001694793015388e-04 3.646712272750836056e-06 3.369634719621203320e-07 3.97 0.00023988359665 1.6e-09
-5.481281022180878293e-05 3.030501830964057675e+00 1.501458810297622293e-01 1.902493618510384728e-04 -1.901336397059563558e-05 -1.097967357271487161e-06 3.97 0.00023988359665 1.6e-09
-3.335580879284185817e-05 4.508838947032206557e-01 -1.532909832245965900e-02 1.375461792938275068e-04 -3.737502135626056469e-05 -3.029194432623035791e-06 3.97 0.00023988359665 1.6e-09
-3.449186609047939658e-05 2.363849210113394328e+00 9.387613144940107346e-02 1.568810619822913878e-04 2.873857788262383514e-05 1.821262173135331022e-06 3.97 0.00023988359665 1.6e-09
7.056090777674209748e-05 3.744750728902788595e+00 1.870249862628638460e-01 2.279356703442232917e-04 1.998001123088994491e-06 2.089107714311363028e-07 3.97 0.00023988359665 1.6e-09
2.168284989707791962e-05 2.832388298414150185e+00 1.375660892810278702e-01 1.801196792819708022e-04 -2.173870754146247920e-05 -1.311084128843573721e-06 3.97 0.00023988359665 1.6e-09
-6.644724559378006336e-05 4.049696639506483176e-01 -2.016877547880801397e-02 1.473071404815671928e-04 -1.383105112635371712e-05 -1.263248201560227457e-06 3.97 0.00023988359665 1.6e-09
9.741589822628381309e-06 2.604904856379600453e+00 1.108121995209604416e-01 1.686948054349013859e-04 2.501007831162250255e-05 1.547665113041026883e-06 3.97 0.00023988359665 1.6e-09
-7.984367342956978652e-05 3.741172876639731193e+00 1.834657954333346330e-01 2.277561842498357857e-04 -1.039454799392901339e-07 2.888236112410936458e-08 3.97 0.00023988359665 1.6e-09
1.840267333135631959e-05 2.579817481534434798e+00 1.154015658589778170e-01 1.674490560605610486e-04 -2.538686566223081917e-05 -1.538844115401120743e-06 3.97 0.00023988359665 1.6e-09
-1.345204560897762295e-05 4.073801019553277003e-01 -2.003854619529051029e-02 1.466636812582396013e-04 1.698968158101234904e-05 1.270671395307531471e-06 3.97 0.00023988359665 1.6e-09
1.111579179972998734e-05 2.856565627066047774e+00 1.306712959075738700e-01 1.813432436214264601e-04 2.144732895351535002e-05 1.274193686800410328e-06 3.97 0.00023988359665 1.6e-09
4.052332053950257227e-05 3.750643126721269205e+00 1.813622540780664982e-01 2.282452227291377803e-04 -2.144380188362914531e-06 -1.657442109131748111e-07 3.97 0.00023988359665 1.6e-09
4.757071701770654776e-05 2.355997239030718227e+00 9.417773030600461170e-02 1.564928584143078624e-04 -2.892006038376366401e-05 -1.756739499771918994e-06 3.97 0.00023988359665 1.6e-09
6.498232715321060468e-05 4.526426523298996973e-01 -1.522325785912823776e-02 1.370874620566769203e-04 3.832413802012311606e-05 3.151943802424514828e-06 3.97 0.00023988359665 1.6e-09
-5.652359217627502393e-05 3.041754897048543071e+00 1.481715169026451007e-01 1.908159209300216898e-04 1.899652007245428167e-05 1.079725910217027610e-06 3.97 0.00023988359665 1.6e-09
1.089613061577718393e-04 3.763578096334819989e+00 1.818227200444715863e-01 2.289092951467435659e-04 -3.568579102376263703e-06 -3.230881649498393216e-07 3.97 0.00023988359665 1.6e-09
6.306247517547809418e-05 2.209494295099942995e+00 7.935460046805377365e-02 1.494947807826116218e-04 -3.140604749630662170e-05 -1.919673904229950609e-06 3.97 0.00023988359665 1.6e-09
-3.882152693443610057e-05 5.035247274913501325e-01 -9.168442446450368599e-03 1.288510649275829533e-04 4.784150529487000368e-05 4.081763925610827580e-06 3.97 0.00023988359665 1.6e-09
8.196803512437589984e-05 3.149046489300486584e+00 1.594628561982052994e-01 1.963580703100329078e-04 1.763397814381861931e-05 9.520272783361603857e-07 3.97 0.00023988359665 1.6e-09
-9.644369524354411637e-06 3.774490234796517907e+00 1.814435771288019916e-01 2.294715810327291718e-04 -4.342235515447816036e-06 -4.297682447953966532e-07 3.97 0.00023988359665 1.6e-09
-1.928179151797158175e-05 2.134532830478488741e+00 6.949606472301592119e-02 1.459743330290661249e-04 -3.275133110086680174e-05 -1.999323023835054041e-06 3.97 0.00023988359665 1.6e-09
3.288225244668284230e-06 5.364146362083684894e-01 -4.311334771185190359e-03 1.246069664288413379e-04 5.134259809369152712e-05 4.524017559180046243e-06 3.97 0.00023988359665 1.6e-09
4.586503144086603292e-05 3.202745130266468010e+00 1.650473925521920293e-01 1.991400466938365627e-04 1.702923538268200993e-05 8.645514440525994684e-07 3.97 0.00023988359665 1.6e-09
4.882129783374627806e-05 3.786990110970815948e+00 1.791782809822020373e-01 2.301255015645023569e-04 -4.651821251134787703e-06 -4.953405110964121898e-07 3.97 0.00023988359665 1.6e-09
6.906970919321329581e-05 2.116520031211594155e+00 6.287483745559122039e-02 1.451146303488113493e-04 -3.317577217084468044e-05 -2.001465307393724906e-06 3.97 0.00023988359665 1.6e-09
4.615271850605177602e-05 5.451083012326662924e-01 -1.453543001251867382e-03 1.235364611928002490e-04 5.220407356231831591e-05 4.792733309734928450e-06 3.97 0.00023988359665 1.6e-09
3.761935223984344686e-05 3.221416916020825916e+00 1.667067000972769497e-01 2.000990262533745520e-04 1.694691701142619510e-05 8.038278761034406594e-07 3.97 0.00023988359665 1.6e-09
5.474367032106738494e-05 3.806105816369460104e+00 1.756744033066518496e-01 2.311371622543675680e-04 -4.579838791869847325e-06 -5.306970336703634652e-07 3.97 0.00023988359665 1.6e-09
1.162061681352600330e-05 2.151301772189142092e+00 5.887679829417493543e-02 1.466920859149036340e-04 -3.275421471998700798e-05 -1.943441175433640070e-06 3.97 0.00023988359665 1.6e-09
8.827774438817743627e-06 5.288310245475214000e-01 -7.723989998819606349e-04 1.252637461243079505e-04 5.124001882678772132e-05 5.048872927517331939e-06 3.97 0.00023988359665 1.6e-09
-4.939784265960492360e-05 3.211470672824995098e+00 1.660009871764983047e-01 1.995570536305094577e-04 1.735361196067923523e-05 7.662388595226595637e-07 3.97 0.00023988359665 1.6e-09
-1.795071856455402555e-06 3.837647936082282385e+00 1.719076396399464857e-01 2.328149320804317416e-04 -4.109943650369228412e-06 -5.432578143068905388e-07 3.97 0.00023988359665 1.6e-09
-2.163197941630764197e-06 2.249132001976667183e+00 5.756196523035905094e-02 1.512355974060837743e-04 -3.140771608139106855e-05 -1.837809768097315055e-06 3.97 0.00023988359665 1.6e-09
5.738969300075490079e-05 4.878198843983011512e-01 -2.413754974393048612e-03 1.305349887802713859e-04 4.723069397153642534e-05 5.388066687915231056e-06 3.97 0.00023988359665 1.6e-09
9.841958481279955331e-05 3.166567680429670517e+00 1.631283121741340936e-01 1.971811165356199074e-04 1.836383211438095018e-05 7.481738440949331000e-07 3.97 0.00023988359665 1.6e-09
6.597199657589612905e-05 3.887250693319752592e+00 1.675271954067772684e-01 2.354595976793223038e-04 -3.132872665087217659e-06 -5.374976207611578730e-07 3.97 0.00023988359665 1.6e-09
-5.295972282889284291e-05 2.432627385949078125e+00 5.851481666109904778e-02 1.599983145604323709e-04 -2.890901517932815222e-05 -1.681747589668186675e-06 3.97 0.00023988359665 1.6e-09
-2.531865211837132707e-05 4.297768334629360476e-01 -6.553639934841745673e-03 1.403793367553555268e-04 3.571621119189652589e-05 5.745961136113994721e-06 3.97 0.00023988359665 1.6e-09
8.088422782011411253e-05 3.061167513879940127e+00 1.533885340987210799e-01 1.916587545728158117e-04 2.030253546297293858e-05 7.234207810565643601e-07 3.97 0.00023988359665 1.6e-09
-4.498636916179078949e-05 3.948109077533536126e+00 1.562552128769903181e-01 2.387100389398965781e-04 -1.499391148764638946e-06 -5.151677915515853214e-07 3.97 0.00023988359665 1.6e-09
1.870128367989031101e-05 2.707820967146070235e+00 5.704414004388143333e-02 1.735875771037207447e-04 -2.530040157672568092e-05 -1.447013558956906806e-06 3.97 0.00023988359665 1.6e-09
-3.324558481699624605e-06 3.868782934780817251e-01 -1.268509239703224760e-02 1.500948248900935990e-04 8.959273782926614131e-06 5.493231074009553731e-06 3.97 0.00023988359665 1.6e-09
7.336237358460839146e-05 2.849212689680705513e+00 1.258097841035666353e-01 1.807367934199023956e-04 2.345146084414626025e-05 6.361721849939271410e-07 3.97 0.00023988359665 1.6e-09
-9.123536914666718954e-06 3.972364001381827769e+00 1.249658262844793866e-01 2.400064118295022688e-04 5.870952941816156545e-07 -4.696483834481740634e-07 3.97 0.00023988359665 1.6e-09
-7.099979212087312850e-05 2.985719396916768353e+00 4.252693148405124052e-02 1.877392777384877254e-04 -2.157964506510489267e-05 -1.112798048142858114e-06 3.97 0.00023988359665 1.6e-09
-6.723389386945494714e-05 4.045493991733777328e-01 -1.787908485676257056e-02 1.457929624540812790e-04 -2.531729828731799743e-05 4.122911376020669006e-06 3.97 0.00023988359665 1.6e-09
-6.167949111936941911e-05 2.550147428285416851e+00 8.869515410880671191e-02 1.657282166291366358e-04 2.746800751394009465e-05 5.331799576003192125e-07 3.97 0.00023988359665 1.6e-09
5.925457105334077583e-05 3.929044387560890250e+00 8.594732065954122091e-02 2.376888028566929436e-04 2.606821595067444000e-06 -3.869325112675009863e-07 3.97 0.00023988359665 1.6e-09
6.976625372758304771e-05 3.161346388431104604e+00 2.365491469932715085e-02 1.968774925977928841e-04 -1.884730206950196754e-05 -7.843702858476277266e-07 3.97 0.00023988359665 1.6e-09
2.786739625058874713e-05 4.727638383477000827e-01 -1.910403450315360102e-02 1.326840654361661348e-04 -4.553994025602485312e-05 2.620539218277487472e-06 3.97 0.00023988359665 1.6e-09
-2.729480534857186105e-06 2.288034849565872442e+00 6.253574612872916938e-02 1.530390513798924159e-04 3.106774277196660617e-05 4.965758436917874504e-07 3.97 0.00023988359665 1.6e-09
-1.159884632052431250e-04 3.870795924839167235e+00 6.284799943148658419e-02 2.345743307788879847e-04 4.158952675375987626e-06 -2.891326274531269415e-07 3.97 0.00023988359665 1.6e-09
-1.534749653242634782e-05 3.259480149784165004e+00 1.655752021855493722e-02 2.020432368791116526e-04 -1.704957628110917580e-05 -5.740681479564500227e-07 3.97 0.00023988359665 1.6e-09
1.474831086958329170e-05 5.516403353681224031e-01 -1.751651486704858263e-02 1.225519273382005728e-04 -5.342678767817542413e-05 1.506680333497271900e-06 3.97 0.00023988359665 1.6e-09
2.884751138315102834e-05 2.101838678511626757e+00 4.815980514486235126e-02 1.443678340279067236e-04 3.378867451407699385e-05 5.309036246456635561e-07 3.97 0.00023988359665 1.6e-09
1.131230016923052257e-04 3.827345606149933133e+00 5.495346384264819528e-02 2.322512703339383905e-04 5.227577323370657958e-06 -1.978763316144100134e-07 3.97 0.00023988359665 1.6e-09
-1.208466537076431939e-05 3.324610847428066229e+00 1.937580990108405538e-02 2.054832089723499606e-04 -1.582952908256913166e-05 -4.657697915533054832e-07 3.97 0.00023988359665 1.6e-09
-4.310197478520745395e-05 6.272453278538183685e-01 -1.502589765109700777e-02 1.161529557243255078e-04 -5.625732516398093274e-05 7.145720558964025426e-07 3.97 0.00023988359665 1.6e-09
-2.730673152659817299e-05 1.964167224127905786e+00 4.115691329030489454e-02 1.381832847916884973e-04 3.594381147577875520e-05 6.211386682754408746e-07 3.97 0.00023988359665 1.6e-09
-2.520001864020643292e-05 3.798206414012356369e+00 5.596602209416989826e-02 2.306892818719060649e-04 6.084955766859192133e-06 -1.219769824746678356e-07 3.97 0.00023988359665 1.6e-09
7.557876961758171414e-05 3.382586005708057897e+00 2.698149000779950443e-02 2.085440376324012245e-04 -1.483673494682392938e-05 -4.207850090586669298e-07 3.97 0.00023988359665 1.6e-09
-5.550962525318042101e-05 7.085776497617068959e-01 -1.265693837970326835e-02 1.117129247727802752e-04 -5.710049762623721958e-05 1.339065914712668786e-07 3.97 0.00023988359665 1.6e-09
6.498201474684398666e-05 1.839240388156940798e+00 3.838604720386540325e-02 1.327763123118314297e-04 3.801860588601203047e-05 7.498261553427395076e-07 3.97 0.00023988359665 1.6e-09
-2.483973814501215846e-05 3.775975133246721960e+00 6.099955243146307216e-02 2.294912820135294339e-04 6.919849183251183824e-06 -6.816203665521891849e-08 3.97 0.00023988359665 1.6e-09
-3.142457139069821390e-06 3.448723706878371154e+00 3.540485915922739202e-02 2.120371243017736703e-04 -1.379466426360966710e-05 -4.115984960044620671e-07 3.97 0.00023988359665 1.6e-09
4.216566560333771883e-05 8.168971505579595282e-01 -1.085091290442584053e-02 1.085220507621414271e-04 -5.654184297054642039e-05 -2.670404552121667685e-07 3.97 0.00023988359665 1.6e-09
-2.982640078462249540e-05 1.694369526620309596e+00 3.708704866873324679e-02 1.268100687783884890e-04 4.057169606221311875e-05 8.835445459792939710e-07 3.97 0.00023988359665 1.6e-09
2.086307918424543041e-07 3.751206545764729672e+00 6.470372200641880123e-02 2.281518514881833795e-04 7.919136140081057173e-06 -4.667666252381649683e-08 3.97 0.00023988359665 1.6e-09
-8.849953761803646833e-05 3.530528131354642163e+00 3.999927154952998692e-02 2.163670732749497713e-04 -1.254132878297569567e-05 -4.126934312447309829e-07 3.97 0.00023988359665 1.6e-09
5.081915974999225589e-05 9.792903005135673578e-01 -1.006066353402795474e-02 1.075874497914232488e-04 -5.413098850097226421e-05 -4.554580256740261625e-07 3.97 0.00023988359665 1.6e-09
-4.360267527730971688e-06 1.503318740415763077e+00 3.371630453716938786e-02 1.196357093492518792e-04 4.408164849684694788e-05 9.466159302202422728e-07 3.97 0.00023988359665 1.6e-09
-2.234977530790552839e-05 3.710679321784695617e+00 5.928210768628782573e-02 2.259686609542582052e-04 9.194432778225305374e-06 -7.016925864628143447e-08 3.97 0.00023988359665 1.6e-09
3.988662156710708046e-05 3.621336779922906146e+00 3.407490235116709953e-02 2.211920977018260598e-04 -1.106718054929777460e-05 -3.913093242826249945e-07 3.97 0.00023988359665 1.6e-09
3.364469519466483369e-05 1.205183193657938467e+00 -1.150287008206288264e-02 1.108559077502437420e-04 -4.985137771480785721e-05 -3.888388351072395482e-07 3.97 0.00023988359665 1.6e-09
4.915788723435690323e-05 1.264911031925452622e+00 2.558152486060286113e-02 1.123066305701077311e-04 4.865141787065300268e-05 8.203877478958240924e-07 3.97 0.00023988359665 1.6e-09
4.008679903974445393e-05 3.641830508724416049e+00 3.842143782952371633e-02 2.222850322435450366e-04 1.069186013777445132e-05 -1.359143136365361336e-07 3.97 0.00023988359665 1.6e-09
8.597133325881584163e-06 3.697244780205967807e+00 1.347823619233642911e-02 2.252477833188885198e-04 -9.538781719413012752e-06 -3.154964785381415464e-07 3.97 0.00023988359665 1.6e-09
2.458877881227074621e-05 1.449186259168889102e+00 -1.621895867399318625e-02 1.177816743322876436e-04 -4.513521710773677105e-05 -1.113711543993600481e-07 3.97 0.00023988359665 1.6e-09
1.607084864989232731e-05 1.029589744440062571e+00 1.485290861862390011e-02 1.079635666070763445e-04 5.318817913142195528e-05 4.222700494560806034e-07 3.97 0.00023988359665 1.6e-09
9.551186900600315761e-05 3.552247991091118884e+00 7.313746647921039179e-03 2.175204688702430506e-04 1.218920617325106349e-05 -2.050239427652262122e-07 3.97 0.00023988359665 1.6e-09
-1.122055145424400010e-04 3.741903350767682657e+00 -1.409306249539697339e-02 2.276512859786914583e-04 -8.217685297182351404e-06 -1.839341071284182702e-07 3.97 0.00023988359665 1.6e-09
4.151252338377462521e-06 1.647820896089402520e+00 -2.110268375765306931e-02 1.249813043739573279e-04 -4.142786901565076202e-05 2.173402543417338883e-07 3.97 0.00023988359665 1.6e-09
8.814635375808953265e-06 8.560311110659561962e-01 5.258160308852904627e-03 1.079731520479714673e-04 5.602490027923534750e-05 -2.329564685733060599e-07 3.97 0.00023988359665 1.6e-09
-5.698657463404749156e-05 3.467935044328609884e+00 -2.239274519678221068e-02 2.130565453103299193e-04 1.344864282933821910e-05 -2.314266175084758489e-07 3.97 0.00023988359665 1.6e-09
-2.803532119166245791e-05 3.763712035158490732e+00 -3.604132290681640038e-02 2.288346490926291177e-04 -7.234698750695382150e-06 -2.451824955306870860e-08 3.97 0.00023988359665 1.6e-09
-2.116397717910573306e-05 1.786537157191762537e+00 -2.118752981404030053e-02 1.305707571395531394e-04 -3.892030939867898614e-05 4.591846515662232048e-07 3.97 0.00023988359665 1.6e-09
-5.171438691343468140e-05 7.476563060346000933e-01 -2.653064605043462931e-03 1.102926705976187290e-04 5.698807223452894983e-05 -1.045374651740697099e-06 3.97 0.00023988359665 1.6e-09
-1.315688685671481613e-05 3.403180945527478851e+00 -4.449742962200825547e-02 2.096398681356227592e-04 1.438243068090168018e-05 -1.944305586222262610e-07 3.97 0.00023988359665 1.6e-09
4.465001310831758055e-05 3.776836987785679334e+00 -4.663659511563739146e-02 2.295485471858661893e-04 -6.524496380515259415e-06 1.384057138041160575e-07 3.97 0.00023988359665 1.6e-09
4.791119755984179975e-05 1.884784314067038391e+00 -1.469018398061637531e-02 1.347361964693072594e-04 -3.720987742789947750e-05 5.719252122013718749e-07 3.97 0.00023988359665 1.6e-09
3.824457007462802178e-05 6.788266572134304955e-01 -9.538718802846228584e-03 1.131520592829938956e-04 5.683294765623249210e-05 -1.891971679060803542e-06 3.97 0.00023988359665 1.6e-09
-7.399613753148545517e-05 3.355708094339941994e+00 -5.740519116993145210e-02 2.071375853083427603e-04 1.511271484571915862e-05 -9.328583464629848595e-08 3.97 0.00023988359665 1.6e-09
-4.996082171563578418e-05 3.790550027606797379e+00 -4.524400475077702821e-02 2.302883432865652320e-04 -5.945757271829988532e-06 2.904361280054046346e-07 3.97 0.00023988359665 1.6e-09
6.155138180162599405e-05 1.968570388805678917e+00 -2.133062142551028946e-03 1.383948187111711404e-04 -3.581840358163699688e-05 5.594190990987630125e-07 3.97 0.00023988359665 1.6e-09
-4.474742483369048785e-05 6.257560691386396812e-01 -1.554161331416495720e-02 1.163077932457403437e-04 5.605464479021385246e-05 -2.694831348318404149e-06 3.97 0.00023988359665 1.6e-09
9.741365144225197308e-05 3.316242755672868636e+00 -6.062006874708909809e-02 2.050559005115383244e-04 1.578894424339480991e-05 6.630462718997855212e-08 3.97 0.00023988359665 1.6e-09
1.097174918903867191e-04 3.811114438141297356e+00 -3.232656790565886784e-02 2.313893480214922974e-04 -5.368990059425145541e-06 4.217960559862375329e-07 3.97 0.00023988359665 1.6e-09
-3.161204177847324031e-06 2.064066308455418053e+00 1.572647081305798833e-02 1.426648506037636144e-04 -3.431715068616705258e-05 4.375201512809906680e-07 3.97 0.00023988359665 1.6e-09
-8.312429695591605993e-06 5.719678724202003073e-01 -2.015011281672447752e-02 1.206084459836700192e-04 5.427096745288336919e-05 -3.452979234343009877e-06 3.97 0.00023988359665 1.6e-09
-9.309558580857772855e-05 3.272421851076622978e+00 -5.349814659742956058e-02 2.027384127821520968e-04 1.665828180458888598e-05 2.801894229164690462e-07 3.97 0.00023988359665 1.6e-09
8.628354005662221206e-05 3.844461052564970949e+00 -7.941625323203574047e-03 2.331707254638408478e-04 -4.590279097268198371e-06 5.255407322992208883e-07 3.97 0.00023988359665 1.6e-09
-3.465831282089591541e-05 2.200241199054626229e+00 3.895503070478312235e-02 1.489199673566983680e-04 -3.229404432937378936e-05 2.314811177190463823e-07 3.97 0.00023988359665 1.6e-09
4.979488321281290132e-05 5.075499103805628520e-01 -2.232215566038061108e-02 1.276946590524996410e-04 4.976889633722422594e-05 -4.261327914241977414e-06 3.97 0.00023988359665 1.6e-09
7.792415021445428676e-05 3.206316867429074513e+00 -3.542086459376450613e-02 1.992492151080100474e-04 1.795089354614300419e-05 5.481794980875050229e-07 3.97 0.00023988359665 1.6e-09
1.026835207486159605e-04 3.895064018763854108e+00 2.816393170809262242e-02 2.358736742562102685e-04 -3.416024330122058238e-06 5.987271195186637838e-07 3.97 0.00023988359665 1.6e-09
-2.791041927323891875e-05 2.408208522353344705e+00 6.873391613570770109e-02 1.588001857758399265e-04 -2.936962959726754604e-05 -1.627118111000053460e-08 3.97 0.00023988359665 1.6e-09
-5.768128514074856303e-05 4.360882581016654602e-01 -2.062969839783786868e-02 1.390656994296482431e-04 3.765628700242947859e-05 -5.295197509736573814e-06 3.97 0.00023988359665 1.6e-09
-8.318199314244020966e-05 3.085436675652085903e+00 -8.771294932061687172e-03 1.929131964162003761e-04 2.006785448379422713e-05 8.602628216756859818e-07 3.97 0.00023988359665 1.6e-09
1.254253606537578748e-05 3.952720780602025918e+00 7.292800049278351515e-02 2.389561757959162563e-04 -1.684072037014985914e-06 6.451461032589227536e-07 3.97 0.00023988359665 1.6e-09
-4.142161009840273532e-05 2.691992269350599098e+00 1.047241567415727881e-01 1.727877269411086381e-04 -2.555903425991074197e-05 -2.399043303227980702e-07 3.97 0.00023988359665 1.6e-09
4.419232514465500138e-05 3.881460744816431774e-01 -1.404965569870172959e-02 1.497707937393075411e-04 1.043656346755504109e-05 -6.521189239103051679e-06 3.97 0.00023988359665 1.6e-09
-6.307456578626304119e-05 2.864802563558780601e+00 1.298074824716266909e-02 1.815339786971416651e-04 2.325529286366188338e-05 1.155694458290581660e-06 3.97 0.00023988359665 1.6e-09
7.718350803938162368e-05 3.970362585125420729e+00 1.105437808603891847e-01 2.399000495498961722e-04 4.099551636962181251e-07 6.830039894553760619e-07 3.97 0.00023988359665 1.6e-09
-9.154919223782346572e-05 2.963687229682663737e+00 1.366231217111570362e-01 1.866064960769773704e-04 -2.183891744515287833e-05 -3.630197029225988295e-07 3.97 0.00023988359665 1.6e-09
4.540292296745611480e-05 4.020998903942240577e-01 -4.228111248100255293e-03 1.464086696408558935e-04 -2.326972082289394808e-05 -7.155321756715423147e-06 3.97 0.00023988359665 1.6e-09
4.900082049928261010e-05 2.572089823214310123e+00 1.958389080125592235e-02 1.668166627856950031e-04 2.714347449143693277e-05 1.415802303361928974e-06 3.97 0.00023988359665 1.6e-09
2.483807461707226121e-05 3.928571807969961860e+00 1.322496170214670641e-01 2.376635744130605648e-04 2.415280202814969737e-06 7.496539007852505280e-07 3.97 0.00023988359665 1.6e-09
-4.532126397964341042e-05 3.140441297676232146e+00 1.589119669168911342e-01 1.957885728991488460e-04 -1.907754233581902562e-05 -3.940221186416187596e-07 3.97 0.00023988359665 1.6e-09
5.167327673229465002e-06 4.659751095796501041e-01 5.719103361110769446e-03 1.338173753112124973e-04 -4.396189970371384157e-05 -7.075426381808341260e-06 3.97 0.00023988359665 1.6e-09
-3.231118128554199404e-05 2.313050721833768364e+00 2.371425606578875245e-02 1.542231940483410524e-04 3.070885819038549335e-05 1.737068975940105421e-06 3.97 0.00023988359665 1.6e-09
-6.593678692105329000e-05 3.875088817016338005e+00 1.550657178284120252e-01 2.348007560939804363e-04 4.003150902200847651e-06 8.401980170641067615e-07 3.97 0.00023988359665 1.6e-09
-8.749899225391504127e-05 3.251428570191181144e+00 1.831681176443495651e-01 2.016155832349392262e-04 -1.713864065640447750e-05 -4.428457625269648232e-07 3.97 0.00023988359665 1.6e-09
2.807754257263008998e-05 5.498691110047964070e-01 1.494508240146827198e-02 1.227130712650604377e-04 -5.297890247594002109e-05 -6.914067531650949547e-06 3.97 0.00023988359665 1.6e-09
2.342274256504589430e-05 2.110708002372041925e+00 3.158432139925972798e-02 1.447537524583055856e-04 3.368144831967172210e-05 2.154486575438580512e-06 3.97 0.00023988359665 1.6e-09
-8.301060981949628459e-05 3.833120887206535876e+00 1.846870066465457483e-01 2.325503274246364636e-04 5.255959571866907028e-06 9.282896221600505958e-07 3.97 0.00023988359665 1.6e-09
-2.044165929549926719e-05 3.340096825980796602e+00 2.118596819341003745e-01 2.062859472164482700e-04 -1.561487555241915047e-05 -5.357759662106160941e-07 3.97 0.00023988359665 1.6e-09
-1.028988539948404166e-05 6.511291776879304383e-01 2.446086115903193386e-02 1.145469376948122841e-04 -5.639705562301638802e-05 -6.723765936885754208e-06 3.97 0.00023988359665 1.6e-09
1.201692019587245725e-05 1.930821689578679834e+00 4.108338327746752922e-02 1.366828575349398169e-04 3.653152815161098024e-05 2.652123657632160315e-06 3.97 0.00023988359665 1.6e-09
-5.964368085281279328e-05 3.799752106539135976e+00 2.169238772728588338e-01 2.307530850421767965e-04 6.438410936881300426e-06 1.003320346031602903e-06 3.97 0.00023988359665 1.6e-09
3.728362967558566157e-05 3.433127750416209878e+00 2.415478893660907844e-01 2.111947910361233749e-04 -1.412222376152405270e-05 -6.393323489243833496e-07 3.97 0.00023988359665 1.6e-09
-4.419715031897227323e-05 7.932642610982779674e-01 3.680056445130702042e-02 1.089342615302156265e-04 -5.647675804115020180e-05 -6.333825070454711766e-06 3.97 0.00023988359665 1.6e-09
8.204617336247925242e-06 1.729480939662704220e+00 4.699528518651592546e-02 1.281810892004012139e-04 3.994264525509043915e-05 3.208135451126895484e-06 3.97 0.00023988359665 1.6e-09
3.291957763672069000e-05 3.762008675830733395e+00 2.446989529360274751e-01 2.287156511691696868e-04 7.786649425816661045e-06 1.067629353794327613e-06 3.97 0.00023988359665 1.6e-09
-3.678673063689764597e-06 3.539531667477038734e+00 2.673538279169036525e-01 2.168288881145052959e-04 -1.243664249337626681e-05 -7.100553763509021409e-07 3.97 0.00023988359665 1.6e-09
2.139349753027923665e-05 1.008622037979943098e+00 5.445920203290733480e-02 1.077190157088916695e-04 -5.331594136836529215e-05 -5.656123641085230612e-06 3.97 0.00023988359665 1.6e-09
-8.498001058323217629e-06 1.474907635874914913e+00 4.340291877879884352e-02 1.186257522014491688e-04 4.452816225676414091e-05 3.803322576081900694e-06 3.97 0.00023988359665 1.6e-09
6.930714821415913190e-05 3.700176857940237873e+00 2.602192310172222189e-01 2.253946159774148717e-04 9.404168039480598337e-06 1.128511640761222744e-06 3.97 0.00023988359665 1.6e-09
-1.023008184042733257e-04 3.641567399137421113e+00 2.832931263239367725e-01 2.222604984411873346e-04 -1.062169192992740551e-05 -7.239416564321025103e-07 3.97 0.00023988359665 1.6e-09
1.363497921961456222e-05 1.283865261706499172e+00 7.478590012814288757e-02 1.127666591431276770e-04 -4.804407685764775816e-05 -4.857941805827941280e-06 3.97 0.00023988359665 1.6e-09
-3.916653158877471240e-05 1.188911202630164921e+00 3.072644190895928301e-02 1.104935019101111024e-04 4.996717075596891235e-05 4.425770867095940384e-06 3.97 0.00023988359665 1.6e-09
-9.348595512157235801e-05 3.605533471756257491e+00 2.627804315276497382e-01 2.203460789016853773e-04 1.114603696644797554e-05 1.190429108931046750e-06 3.97 0.00023988359665 1.6e-09
-3.274798166801289322e-05 3.707728490950966460e+00 2.880399588221301821e-01 2.258079599414395582e-04 -8.998664279876588087e-06 -7.051440597957297299e-07 3.97 0.00023988359665 1.6e-09
-8.506196059345214392e-06 1.532355284953164087e+00 8.962798229877848299e-02 1.206522353748647636e-04 -4.330001975449289771e-05 -4.227545360191773319e-06 3.97 0.00023988359665 1.6e-09
-1.622618248604191284e-05 9.554865820132352194e-01 1.829889565206957100e-02 1.075320553371036871e-04 5.425897003389800241e-05 5.029764794994833084e-06 3.97 0.00023988359665 1.6e-09
9.908731585987449206e-05 3.504862277297205342e+00 2.609004810152283915e-01 2.150088243883954784e-04 1.264051776226020110e-05 1.237028242023858306e-06 3.97 0.00023988359665 1.6e-09
6.228662503861885039e-05 3.736706463984481807e+00 2.870106205152712642e-01 2.273792452810969125e-04 -7.788376448564605855e-06 -7.011545639975894377e-07 3.97 0.00023988359665 1.6e-09
6.726773414650475595e-06 1.701565702025026106e+00 9.577613604350862508e-02 1.271047946005694057e-04 -4.017549772012123533e-05 -3.839938099013538656e-06 3.97 0.00023988359665 1.6e-09
-3.795438916655366078e-05 8.129121867522166589e-01 1.166010907910765976e-02 1.086543355470473893e-04 5.619705071878976796e-05 5.567245777473226475e-06 3.97 0.00023988359665 1.6e-09
7.035352522511814015e-05 3.426774042782469110e+00 2.598284221640837499e-01 2.108878814986498329e-04 1.371526639445693411e-05 1.243665935383514538e-06 3.97 0.00023988359665 1.6e-09
1.989258616696803068e-05 3.746610842502549943e+00 2.832783426816298800e-01 2.279272781826153181e-04 -6.998014224690622058e-06 -7.305205641163606090e-07 3.97 0.00023988359665 1.6e-09
3.378990603535672349e-05 1.801502557005256744e+00 9.469499839684680786e-02 1.312116959738767841e-04 -3.836685163286691376e-05 -3.609107289175398039e-06 3.97 0.00023988359665 1.6e-09
-1.114160411658665786e-05 7.370121816175263518e-01 9.990355248572276720e-03 1.107158199999129142e-04 5.657971319794301963e-05 6.040762732124195947e-06 3.97 0.00023988359665 1.6e-09
-7.202953335625625277e-05 3.376150171578355508e+00 2.593327382991681418e-01 2.082254192249718278e-04 1.439070156691560459e-05 1.202796375626521290e-06 3.97 0.00023988359665 1.6e-09
-9.346491691275784944e-05 3.748862526964624742e+00 2.766523018375831589e-01 2.280601594023737961e-04 -6.533364206258281478e-06 -7.852095005476570541e-07 3.97 0.00023988359665 1.6e-09
-6.320778995829012662e-05 1.854918002377902164e+00 8.825686133318609572e-02 1.334859363820988399e-04 -3.740095214758584698e-05 -3.446198270079601621e-06 3.97 0.00023988359665 1.6e-09
-4.750314590215657653e-05 6.994560561890914574e-01 1.140566852208198603e-02 1.122517289752151051e-04 5.643863341259755040e-05 6.437110721225084595e-06 3.97 0.00023988359665 1.6e-09
-6.520500374854121468e-05 3.346995665044308232e+00 2.577120944205832931e-01 2.066973212455386778e-04 1.475355537836300465e-05 1.119208078508862763e-06 3.97 0.00023988359665 1.6e-09
-7.449496002564042732e-07 3.747219938417973406e+00 2.663858683883975065e-01 2.279802886751055441e-04 -6.314634541261532759e-06 -8.514367556296015360e-07 3.97 0.00023988359665 1.6e-09
1.033864625490077112e-05 1.876730970344397509e+00 7.785746182270611437e-02 1.344320853794483874e-04 -3.700880435235578026e-05 -3.298184519047384180e-06 3.97 0.00023988359665 1.6e-09
2.182220753320996946e-05 6.848939995745904064e-01 1.472014671282039985e-02 1.129820726034451439e-04 5.623367012536947655e-05 6.709203461678205542e-06 3.97 0.00023988359665 1.6e-09
-2.447138933776422086e-05 3.333191226785302774e+00 2.534576652461506541e-01 2.059782046593018742e-04 1.488634461331641005e-05 1.000364477621547251e-06 3.97 0.00023988359665 1.6e-09
-8.109815869769684479e-05 3.741595904840761655e+00 2.519472366831146948e-01 2.276859466208462027e-04 -6.267738671071334074e-06 -9.177845029000451685e-07 3.97 0.00023988359665 1.6e-09
-5.385506761798161988e-05 1.872373671716610399e+00 6.443450574367085015e-02 1.342607791717396668e-04 -3.705387638835970921e-05 -3.137899883533423822e-06 3.97 0.00023988359665 1.6e-09
3.711920810663935810e-05 6.880113077597403981e-01 1.939741051061805166e-02 1.128747995277096808e-04 5.613998360057480773e-05 6.786691456920067615e-06 3.97 0.00023988359665 1.6e-09
3.120152653603964441e-05 3.331581427567731346e+00 2.453386467345602395e-01 2.059025888001058346e-04 1.480855153334669082e-05 8.514695737300618001e-07 3.97 0.00023988359665 1.6e-09
1.897020427815817380e-05 3.729446219953674202e+00 2.328267162724877992e-01 2.270426864615308470e-04 -6.418811121653011858e-06 -9.760590490394834459e-07 3.97 0.00023988359665 1.6e-09
4.721072766421489789e-05 1.837887859962330950e+00 4.847290068312319622e-02 1.328093738939642194e-04 -3.761009724519074184e-05 -2.950564145297961653e-06 3.97 0.00023988359665 1.6e-09
2.972268540297164021e-05 7.116810873928703929e-01 2.546790391172835261e-02 1.118690143137116293e-04 5.612248014173395062e-05 6.570047315666641604e-06 3.97 0.00023988359665 1.6e-09
-9.772807547009326561e-05 3.342385764758208033e+00 2.319434400421374054e-01 2.064836521421932556e-04 1.448624236794893731e-05 6.728396868086862909e-07 3.97 0.00023988359665 1.6e-09
-3.594170808605733823e-05 3.705664950417234316e+00 2.080436693479688903e-01 2.257807791472588336e-04 -6.812518783984532280e-06 -1.019429863385308878e-06 3.97 0.00023988359665 1.6e-09
-1.152813596933624258e-05 1.759562740500327571e+00 3.009496163168937782e-02 1.295806837755461560e-04 -3.888823627335833176e-05 -2.718007902356518851e-06 3.97 0.00023988359665 1.6e-09
-1.800747846881213285e-05 7.683246354059651839e-01 3.348197470864348879e-02 1.099904236079635758e-04 5.588388713326479117e-05 5.926043600405103957e-06 3.97 0.00023988359665 1.6e-09
-6.299769356762463090e-05 3.369232963123257818e+00 2.109831864485477160e-01 2.079174972055452175e-04 1.378544253890680649e-05 4.572935601677568179e-07 3.97 0.00023988359665 1.6e-09
2.340754024646033490e-05 3.662417512859452273e+00 1.754458256610210154e-01 2.234850435689851632e-04 -7.594691852668969664e-06 -1.039279086541179825e-06 3.97 0.00023988359665 1.6e-09
5.120131171168691188e-05 1.614502828378129085e+00 9.350324198158415159e-03 1.239075280531049634e-04 -4.136034553724111018e-05 -2.390315654120171149e-06 3.97 0.00023988359665 1.6e-09
1.037993781789531191e-05 8.834725068333595388e-01 4.429513935691705567e-02 1.081212340326902579e-04 5.455584478398347117e-05 4.761646764228754045e-06 3.97 0.00023988359665 1.6e-09
2.362457249221686383e-05 3.418364348011524001e+00 1.795097217285676061e-01 2.105343021848413458e-04 1.258054807205184686e-05 1.920065929295948193e-07 3.97 0.00023988359665 1.6e-09
-1.928243290030741424e-05 3.593307320535428229e+00 1.319718024944815660e-01 2.198188463870157463e-04 -8.889082812322109752e-06 -1.022998678003271940e-06 3.97 0.00023988359665 1.6e-09
-1.917808837910057893e-05 1.387614825574932764e+00 -1.238487172461153613e-02 1.161209249327671425e-04 -4.545936902766973631e-05 -1.829478082916354890e-06 3.97 0.00023988359665 1.6e-09
-1.205759900177398361e-05 1.085289371331981556e+00 5.782498751595173403e-02 1.090544269022226140e-04 5.107079492023972392e-05 3.279249523030555075e-06 3.97 0.00023988359665 1.6e-09
-2.853936918862816759e-05 3.493734516101325127e+00 1.392832207379386400e-01 2.145376436267774402e-04 1.091217322160501494e-05 -1.134039648315785029e-07 3.97 0.00023988359665 1.6e-09
-9.095083142588534847e-05 3.507441772510335731e+00 7.948192969678229136e-02 2.152651862130350291e-04 -1.062411564554430375e-05 -9.678443283966857980e-07 3.97 0.00023988359665 1.6e-09
7.880501796529928727e-06 1.119745882560543748e+00 -3.019312391046920577e-02 1.095798414215613754e-04 -5.059062115663645024e-05 -8.175582488570743845e-07 3.97 0.00023988359665 1.6e-09
2.292976026163619119e-05 1.349442682999534071e+00 7.049494397769581755e-02 1.149878760688376070e-04 4.607077830461801083e-05 2.016672644498728739e-06 3.97 0.00023988359665 1.6e-09
-1.525670776068118915e-05 3.581944122845167833e+00 1.022650620746176908e-01 2.192175115179523291e-04 9.149291945456802870e-06 -3.829629072301031635e-07 3.97 0.00023988359665 1.6e-09
4.032973748758375099e-05 3.429565274988752854e+00 3.201141210744913590e-02 2.111302247401468141e-04 -1.238475302976382145e-05 -9.002668074555573597e-07 3.97 0.00023988359665 1.6e-09
-3.122361169328852600e-05 9.010533166350991330e-01 -3.899662971071622686e-02 1.080178880529992667e-04 -5.450779946193159032e-05 5.782102133649125065e-07 3.97 0.00023988359665 1.6e-09
-5.656122006776840021e-05 1.588990504466312181e+00 7.679512359030069013e-02 1.229767135479338568e-04 4.174020588810671762e-05 1.212267089894330808e-06 3.97 0.00023988359665 1.6e-09
-3.516747934539579809e-05 3.654326615639345022e+00 7.519998685501164126e-02 2.230619202068830889e-04 7.722558691081108219e-06 -5.475854146547023466e-07 3.97 0.00023988359665 1.6e-09
5.623269487743260542e-05 3.367222659678119179e+00 -1.460956199871871349e-04 2.078211417387311726e-04 -1.380722472259840445e-05 -8.280133308622986220e-07 3.97 0.00023988359665 1.6e-09
-3.282913290305204858e-05 7.589335522307725235e-01 -3.973849195812397678e-02 1.103006621177394586e-04 -5.609856981696243101e-05 1.903339776337014852e-06 3.97 0.00023988359665 1.6e-09
-1.580679993282845685e-05 1.766437093978356021e+00 7.524838291212981867e-02 1.298996424504152115e-04 3.869245940412514216e-05 7.149563366612382168e-07 3.97 0.00023988359665 1.6e-09
-4.390886061080548672e-05 3.700483940823065865e+00 5.436325163724099740e-02 2.255205466729220682e-04 6.658869607753546205e-06 -6.130409130724029656e-07 3.97 0.00023988359665 1.6e-09
-7.510454225529257987e-05 3.309108367204036227e+00 -1.965246559348789168e-02 2.047520767952102673e-04 -1.494640854705486184e-05 -7.334875745300952146e-07 3.97 0.00023988359665 1.6e-09
3.879565874033811276e-05 6.623100639904982989e-01 -3.547160536471436615e-02 1.143715121138423466e-04 -5.582372115719875383e-05 2.905079573117116973e-06 3.97 0.00023988359665 1.6e-09
5.828447391584671048e-05 1.906012094925286338e+00 6.677258645116636304e-02 1.357853789502547496e-04 3.633866526723821975e-05 3.603825216481859158e-07 3.97 0.00023988359665 1.6e-09
6.550557382438250485e-05 3.726301869793848365e+00 3.536142664559029092e-02 2.269050845297431872e-04 5.717607210242645936e-06 -6.041407412395048623e-07 3.97 0.00023988359665 1.6e-09
-2.171719985135528181e-05 3.236680287209061646e+00 -3.132545673705529332e-02 2.009541226848674065e-04 -1.611751480886257408e-05 -6.022611480647109114e-07 3.97 0.00023988359665 1.6e-09
-5.000836480953302533e-05 5.793788251199954997e-01 -2.753384704776028896e-02 1.204442045973088901e-04 -5.339114999953192408e-05 3.608178816156982151e-06 3.97 0.00023988359665 1.6e-09
9.261424186206679667e-06 2.047987039699109779e+00 5.114275463578887154e-02 1.420850818149790190e-04 3.394627117727721068e-05 4.887325908721481703e-08 3.97 0.00023988359665 1.6e-09
4.410608690074531505e-05 3.738661222149801233e+00 1.402060707368694981e-02 2.275813404938168186e-04 4.618058086928040306e-06 -5.366554097050313791e-07 3.97 0.00023988359665 1.6e-09
-3.175886709413916877e-05 3.125344451560672532e+00 -3.911504516820342447e-02 1.951605157692809034e-04 -1.770056761665764214e-05 -4.125829659243525646e-07 3.97 0.00023988359665 1.6e-09
-4.244830095094891923e-05 4.961621962168153432e-01 -1.641481825641462333e-02 1.301431708049818566e-04 -4.611852575857489512e-05 4.038295120616462985e-06 3.97 0.00023988359665 1.6e-09
6.357016002914549625e-06 2.230392985561448604e+00 2.622200904426952306e-02 1.505292047173758586e-04 3.090713905131673312e-05 -2.836611201981019745e-07 3.97 0.00023988359665 1.6e-09
-4.914191641389924290e-05 3.741697363356142780e+00 -1.575908431290894834e-02 2.277675925024956103e-04 3.074229133944802835e-06 -4.279884534980472297e-07 3.97 0.00023988359665 1.6e-09
-3.260564226824235774e-05 2.948067127693833278e+00 -4.822401791373162605e-02 1.860266505942155155e-04 -2.013966159756227570e-05 -1.211026091368351620e-07 3.97 0.00023988359665 1.6e-09
-6.807836759414833858e-05 4.253649506742498976e-01 -3.880836171865856537e-03 1.427296160553052614e-04 -2.795239537513015686e-05 3.929643783058809219e-06 3.97 0.00023988359665 1.6e-09
-4.633298137288977491e-05 2.472919791269400314e+00 -6.070332586901392401e-03 1.621903389842427388e-04 2.706647299572090672e-05 -6.076866469061954129e-07 3.97 0.00023988359665 1.6e-09
4.441270963206763410e-05 3.742181675270797481e+00 -5.424339516050163956e-02 2.278114860492964780e-04 9.896961271138561118e-07 -3.147816147576089744e-07 3.97 0.00023988359665 1.6e-09
-7.989221127866689802e-05 2.705591807867890441e+00 -6.139258807133406159e-02 1.737281865960675642e-04 -2.357567993920574900e-05 2.824028048586010298e-07 3.97 0.00023988359665 1.6e-09
1.470347594557401327e-05 3.990940698413742993e-01 5.872293435812926329e-03 1.487820243987936946e-04 2.202071177817018764e-06 2.801973351722794412e-06 3.97 0.00023988359665 1.6e-09
-5.686798666124768154e-05 2.742647146708291572e+00 -3.034118132125381007e-02 1.755806127770845500e-04 2.312035073033629956e-05 -7.276054092760764768e-07 3.97 0.00023988359665 1.6e-09
-8.775621953853735143e-05 3.750611307945057593e+00 -7.865446738500307677e-02 2.282542793854823058e-04 -1.201409349800248754e-06 -2.202452802787813147e-07 3.97 0.00023988359665 1.6e-09
3.386876387753598146e-05 2.461121835127503488e+00 -6.642061279871219748e-02 1.616000882706349127e-04 -2.730874137557912215e-05 6.124050550953639169e-07 3.97 0.00023988359665 1.6e-09
2.147333788760128644e-05 4.265377065948655622e-01 9.051654113081954514e-03 1.423497587583549763e-04 2.937288264146190872e-05 1.066085147165082762e-06 3.97 0.00023988359665 1.6e-09
-4.896457282321319373e-05 2.962996685047972090e+00 -3.974293900757468190e-02 1.867742839438534940e-04 2.008769142055217291e-05 -6.085025253613023572e-07 3.97 0.00023988359665 1.6e-09
-1.857308081341392368e-05 3.759811778925499226e+00 -7.626773321745347611e-02 2.287232807000158150e-04 -2.972193291335826132e-06 -1.096371921519873562e-07 3.97 0.00023988359665 1.6e-09
6.309468463910551563e-05 2.268651361376521347e+00 -5.405966722112903744e-02 1.523055938467731199e-04 -3.043602077363312359e-05 7.086189322066260035e-07 3.97 0.00023988359665 1.6e-09
5.149774772907321643e-05 4.812593339193859676e-01 5.950078698300723806e-03 1.322591897262675423e-04 4.446751606503152152e-05 -4.318324347434662929e-07 3.97 0.00023988359665 1.6e-09
3.205003373146437845e-05 3.108213420747095501e+00 -4.398281118771102394e-02 1.942561069938696203e-04 1.811792827138498024e-05 -4.051973075526362973e-07 3.97 0.00023988359665 1.6e-09
-1.741936154933154712e-05 3.761381334106328467e+00 -6.237247529754973846e-02 2.287872512267841846e-04 -4.192366068661320156e-06 3.137272929031104868e-08 3.97 0.00023988359665 1.6e-09
3.242177405443446805e-05 2.129459275395009676e+00 -3.328390485161569767e-02 1.457731463359275082e-04 -3.276103131873562326e-05 6.608331546715121315e-07 3.97 0.00023988359665 1.6e-09
-4.275202293211899260e-05 5.391889103207221368e-01 -9.943770318333706396e-04 1.244443474823859943e-04 5.137011219226085042e-05 -1.509264351469407088e-06 3.97 0.00023988359665 1.6e-09
1.253453316823146028e-05 3.199455617492140025e+00 -4.817996920822090884e-02 1.989949570344925339e-04 1.686520535879891053e-05 -1.977384376805962577e-07 3.97 0.00023988359665 1.6e-09
2.066004309969475436e-05 3.757051824881384228e+00 -4.717729150845496877e-02 2.285422657301774269e-04 -5.026956188528189628e-06 1.852695930616001766e-07 3.97 0.00023988359665 1.6e-09
6.112936608720910775e-06 2.027527556498670336e+00 -1.161930534957912597e-02 1.411177273779434240e-04 -3.447926468429366776e-05 5.572623212405065917e-07 3.97 0.00023988359665 1.6e-09
-2.059874569478818679e-05 5.914522657585434828e-01 -9.650233283808658247e-03 1.192516979873641826e-04 5.440067280641249208e-05 -2.235701689076446974e-06 3.97 0.00023988359665 1.6e-09
1.952351501595153254e-05 3.258993022302579146e+00 -5.165778121950571899e-02 2.021032648719403254e-04 1.601305358834729858e-05 -2.140763886040914359e-09 3.97 0.00023988359665 1.6e-09
7.443594566658532372e-05 3.749117571615679267e+00 -3.215689697790198587e-02 2.281097157487187784e-04 -5.636264357070796624e-06 3.318602995440913302e-07 3.97 0.00023988359665 1.6e-09
-6.080138914742977098e-05 1.947229229815412577e+00 8.635753638332573784e-03 1.375436280689246215e-04 -3.582799044219495534e-05 4.179217244251283043e-07 3.97 0.00023988359665 1.6e-09
-1.292480368405832640e-05 6.382432878204402638e-01 -1.865175217899338322e-02 1.157359713205340166e-04 5.574984002810586323e-05 -2.664388888431321658e-06 3.97 0.00023988359665 1.6e-09
-3.172340192110595608e-06 3.301004198264553047e+00 -5.250398591368090478e-02 2.043055604933211923e-04 1.536715655384209841e-05 1.823281804635366969e-07 3.97 0.00023988359665 1.6e-09
-2.749495351354773936e-05 3.737521986550175868e+00 -1.626595380160178114e-02 2.274857252648359077e-04 -6.131560834279842635e-06 4.568740857482460714e-07 3.97 0.00023988359665 1.6e-09
-1.330032053494279733e-05 1.874391414017467561e+00 2.704166978131382348e-02 1.343825504213722467e-04 -3.704850818586384804e-05 2.347135800368396649e-07 3.97 0.00023988359665 1.6e-09
-2.266032083773522778e-05 6.847080734044144190e-01 -2.721973127808220011e-02 1.130887904490598700e-04 5.630893120411363946e-05 -2.802852636213758943e-06 3.97 0.00023988359665 1.6e-09
-5.181416352731250236e-05 3.334626771574948023e+00 -4.920033144955749532e-02 2.060758040598321787e-04 1.478411097330022017e-05 3.567063637781784972e-07 3.97 0.00023988359665 1.6e-09
-4.009586276047753654e-05 3.719911613445048282e+00 1.459993385105127399e-03 2.265439927397293188e-04 -6.634854575946770087e-06 5.502196347810295017e-07 3.97 0.00023988359665 1.6e-09
4.842461742594723152e-05 1.793852399516361995e+00 4.323493948277272458e-02 1.309914002177368334e-04 -3.838915379231201653e-05 -9.445396705016445363e-09 3.97 0.00023988359665 1.6e-09
4.364208295414515341e-05 7.404533585377348626e-01 -3.488253250906030167e-02 1.108068769487326752e-04 5.633053977727482263e-05 -2.618655426641044595e-06 3.97 0.00023988359665 1.6e-09
-6.436247644491953270e-05 3.366985558765320352e+00 -4.055062294204990481e-02 2.077880699992230894e-04 1.412665667143694178e-05 5.186839208860241124e-07 3.97 0.00023988359665 1.6e-09
7.150916033492899101e-05 3.691650689622485881e+00 2.152770746326684859e-02 2.250377747672270795e-04 -7.266419422246174821e-06 6.017920828782375081e-07 3.97 0.00023988359665 1.6e-09
2.654774655753737651e-05 1.686863262253764706e+00 5.626573673269008591e-02 1.266779205433312392e-04 -4.017860353508564432e-05 -3.445827723938839551e-07 3.97 0.00023988359665 1.6e-09
4.483662233031620226e-06 8.212878898144237994e-01 -4.105327099020048692e-02 1.088027455780643814e-04 5.567192161269294301e-05 -2.059412758896799563e-06 3.97 0.00023988359665 1.6e-09
7.731507340677208975e-05 3.404884544317146489e+00 -2.497313697751364289e-02 2.098022911977440402e-04 1.324259551635504264e-05 6.631530724450873113e-07 3.97 0.00023988359665 1.6e-09
1.081465837962786305e-04 3.646087058240014667e+00 4.446526788753956544e-02 2.226148202523869479e-04 -8.155387556327695078e-06 5.966436920183056790e-07 3.97 0.00023988359665 1.6e-09
4.790096036467372993e-06 1.531558207031730401e+00 6.433512157443191382e-02 1.208708735869261591e-04 -4.286552716926829811e-05 -8.337336298411205222e-07 3.97 0.00023988359665 1.6e-09
3.048614021824618610e-05 9.511390053668479228e-01 -4.428045124620558215e-02 1.079087657759952249e-04 5.372611840538904331e-05 -1.122408475279666539e-06 3.97 0.00023988359665 1.6e-09
7.499741682536789601e-05 3.455027013428390248e+00 1.360748599403222101e-04 2.124711287562680638e-04 1.201849317478158548e-05 7.851999947415594465e-07 3.97 0.00023988359665 1.6e-09
-3.788681857678716041e-06 3.577769577342359231e+00 7.154322710566352050e-02 2.189883758715257828e-04 -9.425443693563750821e-06 5.125672013040283955e-07 3.97 0.00023988359665 1.6e-09
-4.071320909295162674e-05 1.315692178044288063e+00 6.510682900448888644e-02 1.139995654020245876e-04 -4.680237112774849776e-05 -1.597134619537170966e-06 3.97 0.00023988359665 1.6e-09
-5.309731861707786088e-05 1.151313112922706328e+00 -4.141358324746240854e-02 1.101348654908270233e-04 4.998750897942397730e-05 1.075355610191179372e-08 3.97 0.00023988359665 1.6e-09
-3.659734277361601857e-05 3.521178021439366201e+00 3.686435914306798733e-02 2.159900588780979238e-04 1.044502510094911306e-05 8.816017682061333168e-07 3.97 0.00023988359665 1.6e-09
-3.497362079016884189e-05 3.491301879259149032e+00 1.040304139431758867e-01 2.144045268312460976e-04 -1.107015729990324514e-05 3.321298624818989863e-07 3.97 0.00023988359665 1.6e-09
4.703736671303949577e-05 1.067377806663863060e+00 5.758349248364776074e-02 1.087913975322715824e-04 -5.148615855969629861e-05 -2.761349728234531677e-06 3.97 0.00023988359665 1.6e-09
-5.380882540595100313e-05 1.404937570787405887e+00 -2.914101977116457035e-02 1.166768878544998192e-04 4.510277267690606263e-05 1.008027776411858852e-06 3.97 0.00023988359665 1.6e-09
-9.963094621192034636e-05 3.595883708085250152e+00 8.208200765370052276e-02 2.199614863650630142e-04 8.745607218892008166e-06 9.442807787126773742e-07 3.97 0.00023988359665 1.6e-09
-2.877076203443809139e-05 3.402731605294854411e+00 1.394904095704374014e-01 2.097140324761394043e-04 -1.282400873623436627e-05 7.104431957074845838e-08 3.97 0.00023988359665 1.6e-09
3.463846632989120211e-05 8.519403100633943238e-01 4.446658822769347652e-02 1.084457610243430537e-04 -5.499316477562208173e-05 -4.228413739098786918e-06 3.97 0.00023988359665 1.6e-09
-5.942693123141704818e-05 1.651269933469126316e+00 -8.142360142283928959e-03 1.253503698925089132e-04 4.061513767855008927e-05 1.709211094868430576e-06 3.97 0.00023988359665 1.6e-09
-6.341041099965866808e-05 3.660850542093375903e+00 1.283249266435505798e-01 2.234178063210505156e-04 7.221426323448408967e-06 9.626719262326747912e-07 3.97 0.00023988359665 1.6e-09
8.399064080739869465e-05 3.320768363397858636e+00 1.719687577965813841e-01 2.053825871944165099e-04 -1.442510332923875897e-05 -2.305040497265788036e-07 3.97 0.00023988359665 1.6e-09
4.334867671297719811e-05 7.000108144443294433e-01 2.970059471108774107e-02 1.125408259296889566e-04 -5.583360083168367369e-05 -5.622526042906735407e-06 3.97 0.00023988359665 1.6e-09
5.946004282047348191e-05 1.854108017935838681e+00 1.795663602111623874e-02 1.335773267213486641e-04 3.711496046154738235e-05 2.173318168667992900e-06 3.97 0.00023988359665 1.6e-09
-2.373003954213157756e-05 3.705509056321157235e+00 1.706117273435637238e-01 2.257994773028847678e-04 5.949957424956334425e-06 9.336974669438545000e-07 3.97 0.00023988359665 1.6e-09
-1.791560582015209449e-05 3.238675603098101874e+00 1.972936166990538753e-01 2.010674064808924341e-04 -1.585237316877249078e-05 -5.502293126154701968e-07 3.97 0.00023988359665 1.6e-09
2.188915378975834984e-05 5.943969975587661825e-01 1.474142086302135043e-02 1.191769600032765655e-04 -5.376521639083965210e-05 -6.615987865014277776e-06 3.97 0.00023988359665 1.6e-09
4.649581086968169715e-05 2.024871989806598549e+00 4.698803908966437543e-02 1.410410774772206098e-04 3.425053131322150642e-05 2.471307256228557882e-06 3.97 0.00023988359665 1.6e-09
5.877915468441748386e-05 3.730521615900245891e+00 2.073334074329092891e-01 2.271422542690641928e-04 4.762146134180202410e-06 8.535349529581869740e-07 3.97 0.00023988359665 1.6e-09
-9.193729960046635437e-05 3.138140118367789277e+00 2.133438650948661364e-01 1.958229362895043250e-04 -1.737401442814634045e-05 -8.952353656269699589e-07 3.97 0.00023988359665 1.6e-09
-2.984746903808521048e-05 5.108274913546770879e-01 -7.690492376962033798e-04 1.281068007055379617e-04 -4.774974205626838120e-05 -6.965886329747337533e-06 3.97 0.00023988359665 1.6e-09
5.852139171670076067e-05 2.196810320009591422e+00 7.897979144665878692e-02 1.489389973880963646e-04 3.137655935328520599e-05 2.612916667007223927e-06 3.97 0.00023988359665 1.6e-09
1.418334401389489507e-05 3.738909956095596065e+00 2.376401442555917398e-01 2.276072043700077380e-04 3.389643921028824630e-06 7.096237716438271941e-07 3.97 0.00023988359665 1.6e-09
-5.535672833753328638e-05 2.990911440695721346e+00 2.175750265402528472e-01 1.882166017801989433e-04 -1.942310345556928994e-05 -1.294317630118905470e-06 3.97 0.00023988359665 1.6e-09
-5.913484233830978716e-05 4.410330742402958082e-01 -1.643249270985604540e-02 1.394728307349956276e-04 -3.378446145452142501e-05 -6.152339688616989306e-06 3.97 0.00023988359665 1.6e-09
7.881288560223059098e-05 2.405061176626128727e+00 1.149176502883548917e-01 1.588822157014616846e-04 2.796393627512615753e-05 2.567833373658928997e-06 3.97 0.00023988359665 1.6e-09
-3.319545785609033826e-05 3.734307889732298325e+00 2.602833595857424465e-01 2.273836167661476770e-04 1.557527187636080197e-06 4.853992911295753030e-07 3.97 0.00023988359665 1.6e-09
-5.114415573042444311e-05 2.770881678147881999e+00 2.069742705733139676e-01 1.770108050830902693e-04 -2.245306821073641626e-05 -1.780802393092763299e-06 3.97 0.00023988359665 1.6e-09
-5.071970487621375325e-05 4.018226450976004061e-01 -2.860119796194894592e-02 1.480907733823610549e-04 -6.960110329764333052e-06 -3.326182386165362718e-06 3.97 0.00023988359665 1.6e-09
-3.941132066486383587e-05 2.660980520748074341e+00 1.545346175280608858e-01 1.714920141969772838e-04 2.405180715115173669e-05 2.336679298782389171e-06 3.97 0.00023988359665 1.6e-09
7.756019527215429093e-05 3.731156776827996957e+00 2.751805663979823846e-01 2.272212690919650990e-04 -6.675511716251630211e-07 1.917619939596333461e-07 3.97 0.00023988359665 1.6e-09
-8.158619776577442039e-05 2.508079490635052089e+00 1.839454248594846464e-01 1.639138217044323214e-04 -2.629324387872138347e-05 -2.320661457060857538e-06 3.97 0.00023988359665 1.6e-09
-4.861750527927572802e-05 4.178694357111590874e-01 -3.152452829425188979e-02 1.442451297224696762e-04 2.398038747207357525e-05 8.201574679748744421e-07 3.97 0.00023988359665 1.6e-09
-2.264511715835331525e-07 2.908572065330781165e+00 1.923519821628578708e-01 1.839955317567228588e-04 2.057377134627120586e-05 2.018990501044819709e-06 3.97 0.00023988359665 1.6e-09
4.924778237925680368e-05 3.740234780961105621e+00 2.831066892133432544e-01 2.276842731084348175e-04 -2.660336486296712011e-06 -1.144586595570123468e-07 3.97 0.00023988359665 1.6e-09
-1.616695862945135350e-05 2.289248396268248165e+00 1.573243584300879627e-01 1.533001231018511540e-04 -2.980242191290778572e-05 -2.772776915997654632e-06 3.97 0.00023988359665 1.6e-09
-2.769618107972892661e-05 4.734604339449255406e-01 -2.513650749752644603e-02 1.334895125390575098e-04 4.268823799501064351e-05 3.942040865690699485e-06 3.97 0.00023988359665 1.6e-09
3.598578384663171496e-05 3.079450052485688705e+00 2.220381869455609336e-01 1.927664270925423800e-04 1.829443060015100624e-05 1.736322431340601640e-06 3.97 0.00023988359665 1.6e-09
1.123523018314561751e-04 3.749072163418564863e+00 2.854585138894532026e-01 2.281298203771821049e-04 -4.009125476929377210e-06 -3.819630821530908523e-07 3.97 0.00023988359665 1.6e-09
2.631686365318006284e-05 2.145904827743219112e+00 1.330677147357182677e-01 1.465359457396373660e-04 -3.225252090203695410e-05 -3.062210910527101471e-06 3.97 0.00023988359665 1.6e-09
4.028713668190371262e-05 5.310650256109050726e-01 -1.478251264210332303e-02 1.253603342616901103e-04 5.041354989565131884e-05 5.671905275317166018e-06 3.97 0.00023988359665 1.6e-09
8.237287120101469389e-05 3.177719826545627235e+00 2.421883153857206095e-01 1.978554553575036386e-04 1.701288274144179138e-05 1.510837678758462619e-06 3.97 0.00023988359665 1.6e-09
1.123079576071158440e-04 3.754029429218033620e+00 2.831241069394085930e-01 2.283759882224819355e-04 -4.785365549136621573e-06 -5.951455570062127836e-07 3.97 0.00023988359665 1.6e-09
-1.232333579224514537e-05 2.062851270342913601e+00 1.123836170310140992e-01 1.427028599285894671e-04 -3.372502022767207621e-05 -3.198314241241535504e-06 3.97 0.00023988359665 1.6e-09
3.753811218871752284e-05 5.725284917126942652e-01 -4.505379730247714189e-03 1.208977970764829872e-04 5.330640186695282214e-05 6.628759215952510497e-06 3.97 0.00023988359665 1.6e-09
-8.554735711247370622e-05 3.230762574581381052e+00 2.535868921660554554e-01 2.006132207789551342e-04 1.635041514307765064e-05 1.320187477982999177e-06 3.97 0.00023988359665 1.6e-09
6.588548617653653978e-05 3.757498458814022779e+00 2.759846096028010787e-01 2.285501012704152838e-04 -5.194863414281158685e-06 -7.585175813964782871e-07 3.97 0.00023988359665 1.6e-09
5.994092388979204144e-05 2.019319804934045948e+00 9.419348702174815124e-02 1.407191979653130663e-04 -3.453713688907079622e-05 -3.208210599957717345e-06 3.97 0.00023988359665 1.6e-09
-5.728168907762052112e-05 5.967325258569482482e-01 4.176378306213850838e-03 1.187107532303872492e-04 5.440488436607032074e-05 7.201682193371608712e-06 3.97 0.00023988359665 1.6e-09
6.439396159275246430e-05 3.258269782958309158e+00 2.574431568382951063e-01 2.020468666386217565e-04 1.601417903583898973e-05 1.145577349111079885e-06 3.97 0.00023988359665 1.6e-09
1.018069352929223552e-04 3.761203785440672576e+00 2.641324196160740323e-01 2.287414944826418692e-04 -5.391901786270992430e-06 -8.801220522143984398e-07 3.97 0.00023988359665 1.6e-09
4.649852661360753976e-05 2.000824685445627527e+00 7.743243191978591011e-02 1.398796901997570821e-04 -3.491424956994572832e-05 -3.118970231500567911e-06 3.97 0.00023988359665 1.6e-09
3.726276647371038440e-05 6.077547503588550670e-01 1.101143152941420900e-02 1.178108043479731944e-04 5.476106325299406939e-05 7.554325298423327485e-06 3.97 0.00023988359665 1.6e-09
3.844305234270476671e-05 3.271167338586773443e+00 2.549289679668750308e-01 2.027178057865231084e-04 1.589467861052154673e-05 9.778776163880246284e-07 3.97 0.00023988359665 1.6e-09
