1.480085609299862262e-05 2.474713374719211600e+00 -4.412401532710017089e-05 1.621444561863841574e-04 -2.652381485975127912e-05 -8.414467245899057882e-10 3.67 0.00022385994718 1.6e-09
5.215599102566743824e-05 4.158021737825633446e-01 -2.419510101992814084e-03 1.439529230087050913e-04 2.676855817305734712e-05 -3.573868603630629291e-08 3.67 0.00022385994718 1.6e-09
-6.872459017384797140e-05 2.915728942635063436e+00 5.791995574120917777e-03 1.842466411939039047e-04 1.998474652220505932e-05 8.965458180630424800e-08 3.67 0.00022385994718 1.6e-09
2.352054067142751552e-06 3.660812845076912403e+00 1.095446137404242591e-02 2.233440882604349254e-04 -3.871389258864277375e-06 1.208563488400646045e-08 3.67 0.00022385994718 1.6e-09
-2.586398449834343663e-05 2.012345201620718615e+00 6.860787760520665676e-03 1.403528186169800845e-04 -3.403823085059992247e-05 -1.237061521308860770e-07 3.67 0.00022385994718 1.6e-09
4.372086080908968019e-05 5.868601995671427485e-01 -6.907683059228666642e-03 1.193621337175276240e-04 5.423432647581449812e-05 -4.763364600168147808e-07 3.67 0.00022385994718 1.6e-09
-1.227949621545006614e-05 3.208409260136091845e+00 5.373244269720474364e-03 1.994012584836408336e-04 1.527041934098176688e-05 2.041477322754220173e-07 3.67 0.00022385994718 1.6e-09
3.453514567780861609e-05 3.574889607613334963e+00 2.145915116601877781e-02 2.187530981289137109e-04 -7.433990307310698448e-06 9.220572508514762334e-08 3.67 0.00022385994718 1.6e-09
-5.267955385676085064e-05 1.499714924040461028e+00 1.631323815335424671e-02 1.195969231572375276e-04 -4.311189393425603341e-05 -3.696461447191025632e-07 3.67 0.00022385994718 1.6e-09
-1.018573594910506471e-05 9.657377102892297227e-01 -1.159870258970468679e-02 1.076854124133166420e-04 5.340500647984603913e-05 -2.731273406152884886e-07 3.67 0.00022385994718 1.6e-09
-2.920873673498109542e-06 3.412860503128171796e+00 3.668089428582820520e-04 2.101687692134952248e-04 1.112617476956045178e-05 2.054488682757674577e-07 3.67 0.00022385994718 1.6e-09
5.873525068189628794e-05 3.401134101090783624e+00 1.865174443272766408e-02 2.095486746878241302e-04 -1.138224053277314977e-05 1.245344574271439836e-07 3.67 0.00022385994718 1.6e-09
-2.750141331936418050e-05 9.352943342421681239e-01 1.260616901140720197e-02 1.076352521246932699e-04 -5.394139769536026316e-05 -6.792579382373236964e-07 3.67 0.00022385994718 1.6e-09
4.615056915470997162e-05 1.533872895320018692e+00 -8.364087294420927826e-03 1.208173550987524236e-04 4.242570646988384233e-05 2.860199965806447927e-07 3.67 0.00022385994718 1.6e-09
7.908894244227481364e-05 3.578426391986877508e+00 2.251751529076610747e-02 2.189473285860631872e-04 7.146567551263563651e-06 2.601874611369590904e-07 3.67 0.00022385994718 1.6e-09
7.041201407538118999e-05 3.180981844399425995e+00 3.756593750820451383e-02 1.979736942886045235e-04 -1.566942665663091205e-05 -4.241851523584383219e-09 3.67 0.00022385994718 1.6e-09
-6.043807282768654871e-05 5.618086886233932820e-01 5.488516293775521845e-03 1.217446710878826845e-04 -5.288695847994232094e-05 -1.654058700515781733e-06 3.67 0.00022385994718 1.6e-09
-5.472778249395397049e-05 2.059604929332999212e+00 -4.187875410035379539e-03 1.424951088368145847e-04 3.319506843628335655e-05 5.295857360647888190e-07 3.67 0.00022385994718 1.6e-09
6.691192949459710501e-05 3.658796938286784428e+00 4.161750774354384258e-02 2.232449885514694622e-04 3.429406101158712527e-06 3.354545094354008231e-07 3.67 0.00022385994718 1.6e-09
5.401791910099978369e-05 2.861942562302409954e+00 5.542570940591136364e-02 1.815061368012063018e-04 -2.071931248754196563e-05 -1.459611010744656194e-07 3.67 0.00022385994718 1.6e-09
3.296427171308977686e-05 4.059251365394490607e-01 -3.209448858272940727e-03 1.462968568371518182e-04 -1.997145238749590507e-05 -2.696246872866705183e-06 3.67 0.00022385994718 1.6e-09
-3.073342500421811016e-05 2.537491710647667098e+00 4.740578670401496102e-03 1.652291278359403195e-04 2.555299833413679673e-05 5.683464032773780963e-07 3.67 0.00022385994718 1.6e-09
-7.300972074951393698e-05 3.669212752219155327e+00 5.039409953488276084e-02 2.238173435055180994e-04 -5.411108592335338643e-07 2.978041997895848086e-07 3.67 0.00022385994718 1.6e-09
-2.333465804317563812e-05 2.410423556322099259e+00 5.459272309279399049e-02 1.590122587259820057e-04 -2.750274472257379911e-05 -3.587733444029107922e-07 3.67 0.00022385994718 1.6e-09
2.639573295027138582e-05 4.296039435637564741e-01 -1.350322171813357099e-02 1.409682771019541987e-04 3.265702066449794065e-05 -1.914753783573505708e-06 3.67 0.00022385994718 1.6e-09
4.493825430358425584e-05 2.964029638627575292e+00 3.278360660227980228e-02 1.867242750150251672e-04 1.923568875475397958e-05 7.132588792747682029e-07 3.67 0.00022385994718 1.6e-09
-3.129250000532736865e-06 3.653082708479529206e+00 8.099219600605958580e-02 2.229280306252645898e-04 -4.371072231298131163e-06 2.075429845725213109e-07 3.67 0.00022385994718 1.6e-09
1.780053548657363385e-06 1.945842519685373917e+00 5.956595886659743488e-02 1.374010880465132171e-04 -3.512916291061491140e-05 -9.332879475755953418e-07 3.67 0.00022385994718 1.6e-09
3.366440551752974069e-05 6.246540344704329950e-01 -1.986802719781593021e-02 1.164093765056504445e-04 5.538119962963400790e-05 -2.445390518821015306e-07 3.67 0.00022385994718 1.6e-09
3.950223456212122056e-05 3.239120545154521302e+00 5.266179808389502559e-02 2.010100516309198644e-04 1.468590870413583581e-05 7.493567562655907999e-07 3.67 0.00022385994718 1.6e-09
-5.517486956488800158e-05 3.555192478225422281e+00 9.883905913937954257e-02 2.177055295527109842e-04 -7.926586997988819275e-06 1.137007460631239908e-07 3.67 0.00022385994718 1.6e-09
-5.184343815946996766e-05 1.424489510427206618e+00 5.147701056767616662e-02 1.170735420139897974e-04 -4.447895191403715464e-05 -1.711290216282215399e-06 3.67 0.00022385994718 1.6e-09
2.570089367249958997e-05 1.033669820125842742e+00 -1.427237902869554070e-02 1.081516116962524495e-04 5.212325436682431826e-05 9.719246418912801328e-07 3.67 0.00022385994718 1.6e-09
4.174100619218187093e-05 3.435110794187133720e+00 7.374154877228338012e-02 2.113473992560015993e-04 1.056406411231498407e-05 6.693857967120436727e-07 3.67 0.00022385994718 1.6e-09
7.939117872662270717e-05 3.370265391180828018e+00 1.061820380572492117e-01 2.079203455976506778e-04 -1.195534359112241316e-05 -9.097225607176103278e-08 3.67 0.00022385994718 1.6e-09
-2.265265452841919511e-05 8.683527532093933132e-01 2.587940623098198417e-02 1.079563384550430254e-04 -5.488903635143947988e-05 -2.886736763753967198e-06 3.67 0.00022385994718 1.6e-09
-2.382555871904908733e-05 1.612841568309269835e+00 1.005132423511116355e-02 1.237187318105042143e-04 4.094419171289746920e-05 1.523462621505455625e-06 3.67 0.00022385994718 1.6e-09
2.205446236348140046e-05 3.593163959214281000e+00 1.101251435941150159e-01 2.197319072652805091e-04 6.611784645650666197e-06 5.788746321531799418e-07 3.67 0.00022385994718 1.6e-09
-4.443562922115887738e-05 3.141713338069705763e+00 1.217155803645622036e-01 1.959257845876706083e-04 -1.628725571738686968e-05 -4.379412528658363423e-07 3.67 0.00022385994718 1.6e-09
-5.419580421703672050e-05 5.293720748936976417e-01 2.053131787033520960e-03 1.252796745287381266e-04 -5.047637727729871264e-05 -4.057414505037262565e-06 3.67 0.00022385994718 1.6e-09
-2.574296452343364784e-05 2.126678647320308091e+00 3.843627010715509190e-02 1.455627349226083517e-04 3.204219970147345256e-05 1.563607530507635471e-06 3.67 0.00022385994718 1.6e-09
-4.731654594583981131e-06 3.660671472353756783e+00 1.358601775485552277e-01 2.233480174173567044e-04 2.894864376414504428e-06 4.574201686708502031e-07 3.67 0.00022385994718 1.6e-09
7.168930673187492303e-06 2.804404499074242274e+00 1.243450860706406536e-01 1.785813770156505003e-04 -2.151525592105885031e-05 -8.355879130726180202e-07 3.67 0.00022385994718 1.6e-09
-3.976673236886944590e-06 3.989027399578046751e-01 -1.450119575461633267e-02 1.479688921294466280e-04 -1.283708247280274269e-05 -3.245358142533379480e-06 3.67 0.00022385994718 1.6e-09
4.973167538664079450e-05 2.599742808544002415e+00 7.129936061783592738e-02 1.683115204053822886e-04 2.454893576729095874e-05 1.383609307896393965e-06 3.67 0.00022385994718 1.6e-09
-7.710735061590046784e-05 3.664841160647289264e+00 1.501786517971683554e-01 2.235826330509187079e-04 -1.100908330456275744e-06 2.262855635561275235e-07 3.67 0.00022385994718 1.6e-09
2.952391729988582166e-05 2.342405538004803223e+00 1.059927316057139163e-01 1.557291569017600706e-04 -2.850103969323525095e-05 -1.364062743940733688e-06 3.67 0.00022385994718 1.6e-09
3.868951385442946091e-05 4.471088203077334122e-01 -2.117306162118908278e-02 1.375196324741826011e-04 3.807008996096497376e-05 1.717110971175719344e-07 3.67 0.00022385994718 1.6e-09
6.359145712714866963e-05 3.009231810922802453e+00 1.119118855427256032e-01 1.890498835668215946e-04 1.849082327462776195e-05 1.220715464383668866e-06 3.67 0.00022385994718 1.6e-09
9.332090385006921931e-05 3.642424027674013409e+00 1.707001992727751882e-01 2.223550692595753779e-04 -4.864077244510554805e-06 -4.114093668002521174e-08 3.67 0.00022385994718 1.6e-09
3.795109403511172488e-05 1.879611075317017876e+00 8.628352414090598166e-02 1.345201608113096958e-04 -3.619408617556645156e-05 -2.104024898018905348e-06 3.67 0.00022385994718 1.6e-09
-4.168271444182924956e-06 6.663587725549032781e-01 -1.384541879408360612e-02 1.138240453733568185e-04 5.603313568581239556e-05 2.388393867231254989e-06 3.67 0.00022385994718 1.6e-09
9.804316977520124510e-05 3.264796091577518489e+00 1.395620063006309808e-01 2.023600126413660429e-04 1.409283077423655599e-05 1.017167212026671631e-06 3.67 0.00022385994718 1.6e-09
-3.079877716231625728e-05 3.529411713845751031e+00 1.756907103239435941e-01 2.163376064763561813e-04 -8.439735486929441667e-06 -3.130559479156284155e-07 3.67 0.00022385994718 1.6e-09
3.881927844953406907e-05 1.343340968642947386e+00 5.304202622437258208e-02 1.145772524918927749e-04 -4.597274076942145000e-05 -2.999006557472172974e-06 3.67 0.00022385994718 1.6e-09
-2.623886459760360653e-05 1.111279486656925553e+00 1.324621485867753107e-02 1.091853399142151890e-04 5.054850525342941784e-05 2.801756604185746416e-06 3.67 0.00022385994718 1.6e-09
-2.639776474540176152e-05 3.456835539645068955e+00 1.584776238510415824e-01 2.124981857618463187e-04 9.971123579471230904e-06 7.219314720011726635e-07 3.67 0.00022385994718 1.6e-09
-5.534524912234192945e-05 3.336285899892238227e+00 1.641749454266983044e-01 2.061303872745676191e-04 -1.254212453841769103e-05 -6.433450741578099392e-07 3.67 0.00022385994718 1.6e-09
-4.300082407221542260e-06 8.025721374566672228e-01 1.164958343784012335e-02 1.089339882259050200e-04 -5.566626074086090102e-05 -3.797792775266380457e-06 3.67 0.00022385994718 1.6e-09
2.784019345246284446e-05 1.693973669380681724e+00 5.831511553079308380e-02 1.268586009388605602e-04 3.939524496570028335e-05 2.511658015444758239e-06 3.67 0.00022385994718 1.6e-09
7.334275258981085455e-05 3.606387560559210392e+00 1.834141472801092965e-01 2.204360888884401349e-04 6.068036426991016655e-06 4.277749794521599852e-07 3.67 0.00022385994718 1.6e-09
-3.859105917098341757e-05 3.100820553434085802e+00 1.547173515690440093e-01 1.937975084600103437e-04 -1.692463796738951731e-05 -1.057455891791311961e-06 3.67 0.00022385994718 1.6e-09
8.446272915632655718e-06 4.997094246121810412e-01 -1.363541915115585972e-02 1.290913970125402081e-04 -4.743832616283580989e-05 -3.188030351051684147e-06 3.67 0.00022385994718 1.6e-09
2.202340730238665819e-05 2.193028637927091573e+00 9.573536672250521073e-02 1.486468995569348002e-04 3.087023032823611252e-05 2.035996332026527698e-06 3.67 0.00022385994718 1.6e-09
5.947283669045780514e-05 3.659754707778962057e+00 1.927578093932125203e-01 2.233038118951512609e-04 2.337972868589138670e-06 1.584972200867170332e-07 3.67 0.00022385994718 1.6e-09
-1.033362686429048114e-05 2.740583108125642209e+00 1.325316656675656901e-01 1.753569916911378382e-04 -2.240699074428169460e-05 -1.474884506823657349e-06 3.67 0.00022385994718 1.6e-09
-1.791105222151781213e-05 3.946223354121598526e-01 -2.156138185357415332e-02 1.490152499814424562e-04 -4.535046817958936682e-06 1.442672689245815103e-07 3.67 0.00022385994718 1.6e-09
9.176050503924306737e-06 2.666057061066780420e+00 1.262181200313615137e-01 1.716154808399938416e-04 2.351923178603092344e-05 1.449812591594485110e-06 3.67 0.00022385994718 1.6e-09
9.837980747787903669e-05 3.662817906940084356e+00 1.837908001749028464e-01 2.234710548391115391e-04 -1.680783436864939134e-06 -1.632007354014872625e-07 3.67 0.00022385994718 1.6e-09
3.518826479847705262e-05 2.274325280619589940e+00 9.180696587224640437e-02 1.524762821981029068e-04 -2.957976048402071283e-05 -1.874899258742366246e-06 3.67 0.00022385994718 1.6e-09
5.769201259075281091e-06 4.690155780464722035e-01 -1.346413074727065978e-02 1.336692014170905770e-04 4.294452833210831528e-05 3.674101236969851389e-06 3.67 0.00022385994718 1.6e-09
5.645811940140576211e-05 3.053301666796774505e+00 1.564377076970124847e-01 1.913255004835343379e-04 1.778367559156268288e-05 1.029314562554642390e-06 3.67 0.00022385994718 1.6e-09
-1.089545359040818402e-04 3.632366697940741851e+00 1.803640613288293448e-01 2.218157526814672729e-04 -5.340342640281188702e-06 -4.684113048235055110e-07 3.67 0.00022385994718 1.6e-09
-4.218957472580156228e-05 1.810020059056193453e+00 5.657348529741042242e-02 1.315690657622601396e-04 -3.741833569037408466e-05 -2.329728486719894683e-06 3.67 0.00022385994718 1.6e-09
-9.563894790031013241e-06 7.153763623401583338e-01 7.253956068193618059e-03 1.115217652484974280e-04 5.616546966654801870e-05 4.089536246770562772e-06 3.67 0.00022385994718 1.6e-09
-6.664684852304494380e-06 3.292512229291971515e+00 1.649300665870935545e-01 2.038197751557919795e-04 1.350578951651040005e-05 6.820079894783401133e-07 3.67 0.00022385994718 1.6e-09
-2.408356658039083244e-05 3.503134926219941381e+00 1.615883229373338836e-01 2.149462891153233279e-04 -9.008644662453267702e-06 -6.997704135052301536e-07 3.67 0.00022385994718 1.6e-09
-2.125584735792195005e-05 1.253343735359918609e+00 1.894152191123799067e-02 1.121407344243973488e-04 -4.778033558178816751e-05 -2.666339893834113122e-06 3.67 0.00022385994718 1.6e-09
-2.361898485343486793e-05 1.199454230873068461e+00 4.319994538618691926e-02 1.108868750902496753e-04 4.875862816346954675e-05 3.001379045403911343e-06 3.67 0.00022385994718 1.6e-09
6.496931978304578141e-05 3.484836728722584098e+00 1.579316127663793756e-01 2.139809541534977021e-04 9.359127235944151739e-06 2.793064434841243201e-07 3.67 0.00022385994718 1.6e-09
-5.595723383621092613e-05 3.306086556849700653e+00 1.245004774860076768e-01 2.045392131557622749e-04 -1.318711117052813181e-05 -9.145145460291567016e-07 3.67 0.00022385994718 1.6e-09
2.363215185584958763e-05 7.395121718681580969e-01 -1.249222656787077855e-02 1.106404735093146144e-04 -5.619820622238651128e-05 -2.035431286488322344e-06 3.67 0.00022385994718 1.6e-09
5.837458838191916902e-05 1.774651721127289417e+00 8.275811484288170261e-02 1.301177225476119262e-04 3.796185648655904152e-05 2.122589385869892404e-06 3.67 0.00022385994718 1.6e-09
-2.327977907888531967e-05 3.622495339004385251e+00 1.613499742218262867e-01 2.212950455690753564e-04 5.543885627329302732e-06 -1.302463795952442432e-08 3.67 0.00022385994718 1.6e-09
-4.029013100163916512e-05 3.060175870657966257e+00 1.012586731570958160e-01 1.916886517651776882e-04 -1.763633178601416485e-05 -1.167710595972878597e-06 3.67 0.00022385994718 1.6e-09
-4.343786540035840028e-05 4.726589537423998566e-01 -2.156097133551525963e-02 1.331621654834702531e-04 -4.337695098706374102e-05 2.058134147549078020e-07 3.67 0.00022385994718 1.6e-09
-9.108978562506926668e-06 2.263014936283621825e+00 1.000633400934026751e-01 1.519453285945439726e-04 2.975243169199226842e-05 1.372129127363226629e-06 3.67 0.00022385994718 1.6e-09
7.050475739921221031e-05 3.662159788238901648e+00 1.440448742744492028e-01 2.234380543519483818e-04 1.746126326678262155e-06 -2.149643941956781550e-07 3.67 0.00022385994718 1.6e-09
-6.012033124580799142e-05 2.671454213279474743e+00 6.928341474554378099e-02 1.718885803900161086e-04 -2.346943934654672454e-05 -1.295033667062742838e-06 3.67 0.00022385994718 1.6e-09
-4.098941384852495835e-05 3.944237029686659124e-01 -1.443472756312371048e-02 1.490561133378393347e-04 4.550052064945246026e-06 3.479915116939849666e-06 3.67 0.00022385994718 1.6e-09
-3.328687039295056399e-05 2.739083278085848061e+00 1.079400036064703111e-01 1.752781914316202145e-04 2.251427604790110561e-05 7.042316543920393708e-07 3.67 0.00022385994718 1.6e-09
4.556329811522556370e-05 3.666832867878341951e+00 1.137360767821196383e-01 2.236795585151148103e-04 -2.275163083781950177e-06 -4.353362707355498602e-07 3.67 0.00022385994718 1.6e-09
3.247854650412167047e-05 2.206862939370346943e+00 2.861903744005904471e-02 1.492875458033967098e-04 -3.076488689735342895e-05 -1.289544048225896711e-06 3.67 0.00022385994718 1.6e-09
2.229293802437030874e-05 4.943857317519195771e-01 1.074573515023503120e-03 1.297721966716943961e-04 4.693256121875112249e-05 4.347161376730530487e-06 3.67 0.00022385994718 1.6e-09
3.145511939933386770e-05 3.098832951582537021e+00 1.154739502278417235e-01 1.936858617021372433e-04 1.711836911187994414e-05 3.834848553217433731e-07 3.67 0.00022385994718 1.6e-09
8.149814408448564646e-05 3.623021102430565854e+00 1.007392684007393513e-01 2.213156924779659241e-04 -5.885313593379349503e-06 -5.746829587508434538e-07 3.67 0.00022385994718 1.6e-09
5.586773016263089762e-05 1.733692508315499037e+00 6.923755539721699812e-03 1.284271990978971270e-04 -3.884234345189899261e-05 -1.336510186768300951e-06 3.67 0.00022385994718 1.6e-09
-9.161588701606149558e-06 7.719383266358098572e-01 1.863133726518341818e-02 1.096528859150512115e-04 5.598354856521039634e-05 2.873574334267276767e-06 3.67 0.00022385994718 1.6e-09
5.549062019369582332e-05 3.325771094941827322e+00 9.616170414351707385e-02 2.055736891521587522e-04 1.288012917941306219e-05 1.178674294778949039e-07 3.67 0.00022385994718 1.6e-09
5.464717122639015654e-06 3.477037268634766143e+00 6.944324582238262100e-02 2.135657718315875538e-04 -9.657570274958710889e-06 -5.846666472673536879e-07 3.67 0.00022385994718 1.6e-09
2.892038992283258911e-05 1.158841506732419147e+00 -1.062404833374240229e-02 1.100273636148056732e-04 -4.971029477508548183e-05 -9.595758908902444262e-07 3.67 0.00022385994718 1.6e-09
2.905622908883178827e-05 1.293529444959961472e+00 4.038686641070529659e-02 1.131962126601527034e-04 4.699306680222849176e-05 1.494144017057359930e-06 3.67 0.00022385994718 1.6e-09
7.719439105639014386e-06 3.517239100575500821e+00 7.483393082396128104e-02 2.156961114921166758e-04 8.748600838968027631e-06 -1.462742044293088313e-07 3.67 0.00022385994718 1.6e-09
-2.853925499545049445e-05 3.278774032491484469e+00 3.418761489398057518e-02 2.030989051750990996e-04 -1.384947223256750211e-05 -6.034437775262091586e-07 3.67 0.00022385994718 1.6e-09
5.636358373766044513e-05 6.854913109191449472e-01 -1.881750731924195646e-02 1.128525945788344195e-04 -5.618442637893677192e-05 4.081165546661012282e-07 3.67 0.00022385994718 1.6e-09
2.891982281693085389e-05 1.850835823164668881e+00 5.379097097740659361e-02 1.333077132301465088e-04 3.671131407595382417e-05 8.703016208351737494e-07 3.67 0.00022385994718 1.6e-09
8.625025441048403559e-07 3.636579154098306343e+00 7.027708074650720893e-02 2.220494197343142418e-04 5.001353199120573702e-06 -2.242638480276645793e-07 3.67 0.00022385994718 1.6e-09
6.669635691019909463e-05 3.013996097207069624e+00 2.455726716252736724e-02 1.893023591997398014e-04 -1.841898064050375276e-05 -6.381705048865421951e-07 3.67 0.00022385994718 1.6e-09
-5.195296274748587939e-05 4.492369354317953256e-01 -1.325239867376680133e-02 1.372248565331749253e-04 -3.836638147828155875e-05 2.033015680244793344e-06 3.67 0.00022385994718 1.6e-09
-4.938459663805546253e-06 2.337736987851818604e+00 4.441710201463097002e-02 1.555093749091618935e-04 2.862666731662567052e-05 3.297279588452154059e-07 3.67 0.00022385994718 1.6e-09
-2.403574946402523308e-06 3.666257823684425432e+00 4.254064295925297223e-02 2.236601716991694594e-04 1.128389287769908760e-06 -2.376133244048858076e-07 3.67 0.00022385994718 1.6e-09
-9.154172991407203807e-06 2.601676864072675954e+00 5.271038384239595462e-03 1.684092648430797110e-04 -2.456337677988141560e-05 -4.691819143960885189e-07 3.67 0.00022385994718 1.6e-09
3.511059042423246877e-05 3.982233422999791328e-01 -3.216995238578247707e-03 1.481060169629890727e-04 1.297060995479667203e-05 2.741653823920770805e-06 3.67 0.00022385994718 1.6e-09
1.517896504695313262e-05 2.807750039636446537e+00 3.936537105217092353e-02 1.787466244663142969e-04 2.156969974220878647e-05 3.703995338516038098e-08 3.67 0.00022385994718 1.6e-09
-1.172733058903956008e-05 3.668851829121425823e+00 2.311685402363668901e-02 2.237811924173306220e-04 -2.851279220740641932e-06 -2.860603342597134331e-07 3.67 0.00022385994718 1.6e-09
4.712604430024975032e-05 2.141070037046781671e+00 -1.039547018137680634e-02 1.462175236918066077e-04 -3.189433938852739647e-05 -3.161582310344032311e-07 3.67 0.00022385994718 1.6e-09
1.842105814939682925e-06 5.220822271617027166e-01 3.491851825706584946e-03 1.260906785566383217e-04 5.014273559757449295e-05 1.684325828657870375e-06 3.67 0.00022385994718 1.6e-09
-9.020225958674458436e-06 3.139802261748684487e+00 3.543199401974646279e-02 1.958183862064925959e-04 1.646626321719326844e-05 2.166807513926158679e-08 3.67 0.00022385994718 1.6e-09
-8.222994315334107259e-05 3.608208380289088524e+00 2.257743606584226848e-02 2.205272083699467154e-04 -6.425265599016171936e-06 -2.356533986276847795e-07 3.67 0.00022385994718 1.6e-09
-6.994103024721289681e-06 1.651780392279548426e+00 -6.573397044473345066e-03 1.251905691132512211e-04 -4.031555743335885392e-05 -2.943628937420568810e-07 3.67 0.00022385994718 1.6e-09
4.367096170185698459e-05 8.362847887667405056e-01 5.651076601961447371e-03 1.083383611134471064e-04 5.542710732896203912e-05 4.413909117696134275e-07 3.67 0.00022385994718 1.6e-09
-3.241324744785382256e-06 3.359368329823711363e+00 1.126934653060394226e-02 2.073437555763962055e-04 1.225045422868301375e-05 -5.215718227900833848e-08 3.67 0.00022385994718 1.6e-09
2.598631588937725583e-05 3.452259449602419927e+00 2.223851453613963011e-03 2.122528175829473205e-04 -1.027031814281064410e-05 -1.102974058781894511e-07 3.67 0.00022385994718 1.6e-09
-4.399753574184438014e-05 1.076715219517813349e+00 -5.945044842737170869e-03 1.086520137350498974e-04 -5.133411088720726020e-05 6.811507321278033914e-08 3.67 0.00022385994718 1.6e-09
4.966046216964104074e-05 1.378749203721636896e+00 8.350098600988346137e-03 1.156524754149872814e-04 4.538297420602842270e-05 1.534743925740914900e-07 3.67 0.00022385994718 1.6e-09
-9.771286055696034277e-05 3.541699666707783134e+00 6.447389600416450484e-03 2.169936266884619352e-04 8.190265667203779434e-06 -8.242911922862002708e-08 3.67 0.00022385994718 1.6e-09
-5.013297336092564018e-05 3.247975130213058392e+00 -3.340437143275197616e-03 2.014806529388482549e-04 -1.446458697404606498e-05 -9.469078241394591520e-08 3.67 0.00022385994718 1.6e-09
-1.126735939511308831e-05 6.388661655411109752e-01 -4.629008532215992192e-03 1.154888649124958340e-04 -5.565505239404799800e-05 4.490908677474967044e-07 3.67 0.00022385994718 1.6e-09
-6.418428984325467003e-05 1.923691474116576483e+00 6.114297525772751166e-03 1.364458936316349032e-04 3.548679491519949312e-05 1.767097229673517501e-07 3.67 0.00022385994718 1.6e-09
-8.218083487648482897e-05 3.645663070881071555e+00 1.442655124036733988e-02 2.225380661421159163e-04 4.464016637458060227e-06 1.873438465775133273e-08 3.67 0.00022385994718 1.6e-09
7.169645520880921772e-06 2.962957972026383224e+00 1.071627724822492647e-02 1.866763766497587314e-04 -1.919837968359151440e-05 -9.750112461046460639e-08 3.67 0.00022385994718 1.6e-09
-1.787483909683847526e-05 4.300426519934520408e-01 -1.912678371703325358e-03 1.409823892903834845e-04 -3.257541033187079577e-05 1.034143175623871289e-08 3.67 0.00022385994718 1.6e-09
-7.939761578288178343e-05 2.410156512206886426e+00 -5.479622554707304360e-03 1.589995549730433509e-04 2.752103212251126810e-05 5.934150730538272203e-08 3.67 0.00022385994718 1.6e-09
-7.421930539763291169e-05 3.669393369248563630e+00 2.884846762719051050e-03 2.238273680616037205e-04 5.470874312295429201e-07 8.475009739457233445e-08 3.67 0.00022385994718 1.6e-09
-6.022875732056818827e-05 2.537388937750074902e+00 8.911836466189499567e-03 1.652248508529509776e-04 -2.555522996663810739e-05 9.424373060412152024e-09 3.67 0.00022385994718 1.6e-09
-4.408360577187405322e-05 4.054933264029517703e-01 -3.515772269832865594e-03 1.463301251208813918e-04 2.030529402309183979e-05 -6.964532100806751405e-07 3.67 0.00022385994718 1.6e-09
2.726772318911190236e-05 2.864355147568567350e+00 2.361924204043130970e-03 1.816246421757510736e-04 2.073292250899696801e-05 1.646733314914934794e-07 3.67 0.00022385994718 1.6e-09
3.355069114051437612e-05 3.664673342315875715e+00 1.564753841448482743e-02 2.235545128439382634e-04 -3.388529301255497458e-06 8.417428829035313593e-08 3.67 0.00022385994718 1.6e-09
1.198664630228932546e-05 2.073528828748855801e+00 1.534727214374326937e-02 1.431181445719342793e-04 -3.300768523411782434e-05 -1.559061731337648315e-07 3.67 0.00022385994718 1.6e-09
-5.323030492446522495e-07 5.543361477871796561e-01 -9.574645153835829176e-03 1.224337381162570512e-04 5.260658881647562986e-05 -7.724417055781889161e-07 3.67 0.00022385994718 1.6e-09
-4.660659099275284438e-05 3.177178285453769568e+00 8.740074083139582478e-03 1.977673905472432598e-04 1.583297337576703275e-05 3.081439462671389175e-07 3.67 0.00022385994718 1.6e-09
-3.314525231955804441e-05 3.592023758239757836e+00 3.271150507983392602e-02 2.196644845426561641e-04 -6.948850235244549928e-06 1.349883862751339713e-07 3.67 0.00022385994718 1.6e-09
-5.301472636667046312e-05 1.573841911937866378e+00 2.519477773415730246e-02 1.222478346616641897e-04 -4.172931818075821634e-05 -5.218464293594911532e-07 3.67 0.00022385994718 1.6e-09
4.238577147057990505e-05 9.007055772323508958e-01 -1.486412768217225747e-02 1.077267551688573159e-04 5.449887692744488367e-05 -2.844686132007981633e-07 3.67 0.00022385994718 1.6e-09
2.724389814650113773e-05 3.387386763026530634e+00 8.395648209676000867e-03 2.088223755778798594e-04 1.167012487414518875e-05 3.201530603639182304e-07 3.67 0.00022385994718 1.6e-09
1.259700069315990005e-07 3.426831419224846798e+00 3.393801879833101276e-02 2.109069428838253953e-04 -1.083119657439153358e-05 1.420089282744181491e-07 3.67 0.00022385994718 1.6e-09
1.192944211652081978e-05 1.003502337658035426e+00 1.943049792109780710e-02 1.078752797894934736e-04 -5.271729497752962934e-05 -1.016387094760734800e-06 3.67 0.00022385994718 1.6e-09
7.263955730588208013e-06 1.457636925618220225e+00 -1.009918792468025676e-02 1.181810288503205148e-04 4.386138448009211770e-05 4.165563328930380077e-07 3.67 0.00022385994718 1.6e-09
7.120659773931841893e-05 3.560249872573903129e+00 3.264616838795229847e-02 2.179808681500853998e-04 7.644462027933935811e-06 3.500792442558792625e-07 3.67 0.00022385994718 1.6e-09
5.164614339596408871e-05 3.212767877464262511e+00 5.206193714786309240e-02 1.996365122741186843e-04 -1.508968203788668392e-05 -1.865846313311998195e-08 3.67 0.00022385994718 1.6e-09
-4.437209923323298064e-05 5.965124903743688201e-01 8.236590256651819819e-03 1.185997728128790330e-04 -5.445158533310664800e-05 -2.127667167392806434e-06 3.67 0.00022385994718 1.6e-09
-1.829257279027639846e-05 1.995631343214398168e+00 -5.016428621494395737e-04 1.396175134214936082e-04 3.426394826417744708e-05 7.330474816030265620e-07 3.67 0.00022385994718 1.6e-09
-7.529577172494211865e-05 3.653353396416480603e+00 5.810198120265201022e-02 2.229506583613398896e-04 3.930303389932245938e-06 4.000270903547780508e-07 3.67 0.00022385994718 1.6e-09
8.276547101548168838e-05 2.912215851295005820e+00 7.171454744928187908e-02 1.840726328460315147e-04 -1.996421761937431050e-05 -2.256963159779547959e-07 3.67 0.00022385994718 1.6e-09
-6.896475243842257585e-05 4.163677231852851990e-01 -3.254644139949091058e-03 1.439094217937318394e-04 -2.641586238784775529e-05 -3.189244462627781462e-06 3.67 0.00022385994718 1.6e-09
6.835853010123592256e-05 2.474924567970217648e+00 1.224022805693230492e-02 1.621569021722118792e-04 2.649557590763611752e-05 7.641180575879058572e-07 3.67 0.00022385994718 1.6e-09
-6.934913961504607610e-05 3.668518543590863601e+00 6.952256158539527053e-02 2.237810759009396040e-04 -1.333273991341581155e-08 3.416479058996595965e-07 3.67 0.00022385994718 1.6e-09
-2.194176223190642989e-05 2.471649327219350489e+00 7.010991584124962039e-02 1.619954259162271018e-04 -2.653899513093802996e-05 -4.940066868311583424e-07 3.67 0.00022385994718 1.6e-09
-7.277857508162226968e-06 4.164735896191695264e-01 -1.474693729550916391e-02 1.437825998174944607e-04 2.690231143327874349e-05 -2.124447633629100090e-06 3.67 0.00022385994718 1.6e-09
-1.783635274916165755e-05 2.916481389081698516e+00 4.402328586977109076e-02 1.842858398636729807e-04 1.994150105330152160e-05 8.596736723471236313e-07 3.67 0.00022385994718 1.6e-09
-5.714012045245693994e-05 3.658255370415255392e+00 9.932610231879152041e-02 2.232077100248571659e-04 -3.895567847775569161e-06 2.090798057861005180e-07 3.67 0.00022385994718 1.6e-09
-1.812814173870006481e-05 2.007724114127527493e+00 7.049227749196411430e-02 1.401466291943614169e-04 -3.406361028462230568e-05 -1.099997708638273419e-06 3.67 0.00022385994718 1.6e-09
2.044047412991020622e-05 5.884661807004598622e-01 -2.050890393152617758e-02 1.192098643528984628e-04 5.426719570914806628e-05 -3.192397017034602729e-08 3.67 0.00022385994718 1.6e-09
1.155003359553756221e-05 3.209145434728853274e+00 6.955692737087618149e-02 1.994381923509442244e-04 1.523707599827712266e-05 8.692694780117308903e-07 3.67 0.00022385994718 1.6e-09
-2.450586485279036586e-05 3.573799732152837194e+00 1.193613463421825671e-01 2.186936690177337375e-04 -7.434054072865156012e-06 7.244672557501540535e-08 3.67 0.00022385994718 1.6e-09
-4.963216157289535756e-05 1.501088399612147573e+00 5.972376269408481014e-02 1.196411809063151985e-04 -4.301435021067561614e-05 -1.918695785531713291e-06 3.67 0.00022385994718 1.6e-09
-2.551564471146988158e-05 9.638913486515676698e-01 -1.335495080783852262e-02 1.076837064520928886e-04 5.341264610131343804e-05 1.301360985830090780e-06 3.67 0.00022385994718 1.6e-09
1.826644462068722981e-05 3.409423558948140531e+00 9.160905309617756176e-02 2.099885504112774918e-04 1.111397877236574490e-05 7.567033653804206253e-07 3.67 0.00022385994718 1.6e-09
-5.025836468850735793e-05 3.396706721996434641e+00 1.249618492687760429e-01 2.093165409986449434e-04 -1.138153158782710196e-05 -1.562274147806546342e-07 3.67 0.00022385994718 1.6e-09
-3.601064498518598349e-06 9.338303812890612621e-01 3.021276928363032799e-02 1.076402013043032297e-04 -5.384350203023004265e-05 -3.088140418414757727e-06 3.67 0.00022385994718 1.6e-09
-1.535956620671994740e-05 1.536506173282224719e+00 1.441541877309541163e-02 1.209100834392925095e-04 4.234112115625339868e-05 1.808657421313486006e-06 3.67 0.00022385994718 1.6e-09
-1.956592208752748756e-05 3.576031212234373591e+00 1.264222460757492561e-01 2.188196463535762725e-04 7.117128624021735371e-06 6.124761106335018837e-07 3.67 0.00022385994718 1.6e-09
9.307327927872347374e-05 3.176265390442037706e+00 1.351356775502170482e-01 1.977274564865941567e-04 -1.568229058608760536e-05 -5.224301993391509672e-07 3.67 0.00022385994718 1.6e-09
-3.111746615878861316e-05 5.613318470979947739e-01 2.509931649487812892e-03 1.217909865653849665e-04 -5.272840670998095431e-05 -4.148745489928449679e-06 3.67 0.00022385994718 1.6e-09
5.791076768498352095e-05 2.061174160248633314e+00 4.787097036664154925e-02 1.425660357456590946e-04 3.311131818047259904e-05 1.799106790336255269e-06 3.67 0.00022385994718 1.6e-09
-1.011148895894150115e-04 3.656228733886658144e+00 1.539733104028202515e-01 2.231064974061554231e-04 3.422305908483311153e-06 4.545832506410935838e-07 3.67 0.00022385994718 1.6e-09
3.590262221090813181e-06 2.860056376163109260e+00 1.361327302452851606e-01 1.814088457333477562e-04 -2.067982456699631673e-05 -9.466765138667639520e-07 3.67 0.00022385994718 1.6e-09
-5.113335520827657661e-05 4.065347231517318916e-01 -1.513168896802170177e-02 1.461376790745587244e-04 -2.011552146197022941e-05 -3.233875268082090341e-06 3.67 0.00022385994718 1.6e-09
-7.465557437032089986e-05 2.534437695550172176e+00 8.128920670881732702e-02 1.650793558196851272e-04 2.552609368814047643e-05 1.534475873859644339e-06 3.67 0.00022385994718 1.6e-09
1.204423868614891153e-05 3.664110309329789317e+00 1.648250831368643365e-01 2.235455356614680510e-04 -5.518850972791875679e-07 2.030483173875213234e-07 3.67 0.00022385994718 1.6e-09
-4.599930832595502267e-05 2.406755922898672573e+00 1.137270021891054195e-01 1.588361370480170949e-04 -2.746729314449086588e-05 -1.459625606357719269e-06 3.67 0.00022385994718 1.6e-09
-3.783752651455811179e-05 4.301408386001538409e-01 -2.122959469025917367e-02 1.408404630540663772e-04 3.278183768864025233e-05 4.376613239743100744e-07 3.67 0.00022385994718 1.6e-09
-2.336199462346344707e-06 2.962299733271717805e+00 1.223105956013760820e-01 1.866338340461596245e-04 1.919770655621319446e-05 1.283929496571222034e-06 3.67 0.00022385994718 1.6e-09
-7.490305299547351278e-05 3.649830551832720982e+00 1.804489926023898627e-01 2.227534605937122182e-04 -4.357278715000340251e-06 -9.348109559945128061e-08 3.67 0.00022385994718 1.6e-09
-1.023736037893651485e-05 1.946702977208791596e+00 8.898868544524507485e-02 1.374373580364173192e-04 -3.503727021909592269e-05 -2.145263251244745321e-06 3.67 0.00022385994718 1.6e-09
3.692035748142479803e-05 6.240637275160003661e-01 -1.270942163890747059e-02 1.164524220517781586e-04 5.532430996433745538e-05 2.822537522551274485e-06 3.67 0.00022385994718 1.6e-09
-6.272487931312604656e-05 3.234428132919311860e+00 1.508363207013601048e-01 2.007637571362751595e-04 1.468675939221103806e-05 1.040330484721733118e-06 3.67 0.00022385994718 1.6e-09
-7.762494609125801710e-05 3.551821492746494613e+00 1.838806568829787214e-01 2.175261940353804592e-04 -7.891379632351931358e-06 -3.774874861385885795e-07 3.67 0.00022385994718 1.6e-09
-3.720045311974091637e-05 1.427332911413708327e+00 5.487221354023338188e-02 1.171651272222620159e-04 -4.435558961389040407e-05 -2.945772302150912822e-06 3.67 0.00022385994718 1.6e-09
4.609798876490967960e-05 1.032338177452052363e+00 1.424967464489374294e-02 1.081439988815457260e-04 5.205353564792390204e-05 3.108295166031075092e-06 3.67 0.00022385994718 1.6e-09
-3.150898989745882025e-05 3.429993609644727215e+00 1.652471032547370433e-01 2.110776253134858857e-04 1.056388112046124491e-05 7.154455520326963476e-07 3.67 0.00022385994718 1.6e-09
-4.107919926474657351e-05 3.366003324887322457e+00 1.674283934897317638e-01 2.076972040548914875e-04 -1.192783659755013270e-05 -6.893885446683221973e-07 3.67 0.00022385994718 1.6e-09
-3.431712614011990514e-05 8.675877111537297903e-01 1.213089925949651163e-02 1.079687967845382036e-04 -5.487239959935634329e-05 -3.599399678000896691e-06 3.67 0.00022385994718 1.6e-09
5.246610981059068315e-05 1.613936395356053044e+00 6.003959011192942785e-02 1.237597759647517690e-04 4.083175205321132767e-05 2.645214721853663554e-06 3.67 0.00022385994718 1.6e-09
6.952342000671025654e-06 3.590763897492484702e+00 1.846181970050347343e-01 2.196028817995221839e-04 6.614181535701069438e-06 3.844303163735103385e-07 3.67 0.00022385994718 1.6e-09
8.430609038632439032e-06 3.141542643644708921e+00 1.517605693487279472e-01 1.959153718464501804e-04 -1.624944363641547910e-05 -1.074815137284041514e-06 3.67 0.00022385994718 1.6e-09
5.309894470252907341e-05 5.301293977250689515e-01 -1.425381768268550384e-02 1.251687904716706416e-04 -5.061713375987632378e-05 -2.877777233751791397e-06 3.67 0.00022385994718 1.6e-09
-6.215064870598067611e-05 2.122643986591079113e+00 9.817419078220897266e-02 1.453766453840538012e-04 3.203196175212191712e-05 2.094028722882586296e-06 3.67 0.00022385994718 1.6e-09
-5.074748109247270402e-05 3.657499533934642777e+00 1.928261271701647295e-01 2.231784744210043095e-04 2.927842097669445582e-06 1.113170330879980716e-07 3.67 0.00022385994718 1.6e-09
-5.193121316096475145e-05 2.805630839483587380e+00 1.294863826375557136e-01 1.786440655901832338e-04 -2.145429154236956615e-05 -1.456868275532990173e-06 3.67 0.00022385994718 1.6e-09
-6.886206736195580865e-06 3.990329574127026158e-01 -2.160377333889954704e-02 1.479259943924159885e-04 -1.292124060428921216e-05 3.193750063231909612e-07 3.67 0.00022385994718 1.6e-09
-6.234248386501566172e-05 2.596055249100061246e+00 1.240198628744829668e-01 1.681276662221309413e-04 2.456394269114931873e-05 1.433654582140480971e-06 3.67 0.00022385994718 1.6e-09
-5.408511408473647120e-05 3.663093262803124972e+00 1.776757306934353409e-01 2.234895432466282926e-04 -1.073139613504602050e-06 -1.949138038770873381e-07 3.67 0.00022385994718 1.6e-09
7.433664885690772551e-05 2.343824640850709073e+00 8.678528811082868166e-02 1.557971885532610031e-04 -2.847425580503928279e-05 -1.772197769840089190e-06 3.67 0.00022385994718 1.6e-09
4.349096838829458037e-05 4.472169373338970577e-01 -1.292862837165506193e-02 1.375021679718666531e-04 3.804939391980705971e-05 3.892778595556342026e-06 3.67 0.00022385994718 1.6e-09
2.124169227683897151e-05 3.006979677810682539e+00 1.510779696149161522e-01 1.889324085742646983e-04 1.851793096481159760e-05 9.600309831362117589e-07 3.67 0.00022385994718 1.6e-09
7.574166013308120625e-06 3.643652309599658246e+00 1.693878391720176901e-01 2.224199841597886704e-04 -4.817724206024381401e-06 -4.913829813183595144e-07 3.67 0.00022385994718 1.6e-09
4.330271014985595296e-05 1.884592732399812842e+00 5.056874774653800919e-02 1.347323629913377632e-04 -3.615049810583457134e-05 -2.119559231088424335e-06 3.67 0.00022385994718 1.6e-09
2.902986351913795879e-05 6.644769467967963639e-01 6.867028230521260782e-03 1.139392439207516470e-04 5.589820653408222802e-05 4.252470316235669814e-06 3.67 0.00022385994718 1.6e-09
-7.886508196668894088e-05 3.261835678665323535e+00 1.580004770284858251e-01 2.022049046293982366e-04 1.414664670076139601e-05 6.165807249049444959e-07 3.67 0.00022385994718 1.6e-09
6.244997336508173013e-05 3.530227161282959436e+00 1.508092683883093532e-01 2.163816181599385749e-04 -8.415448430559822348e-06 -6.948568583957491461e-07 3.67 0.00022385994718 1.6e-09
3.274288548371112769e-05 1.344556873533004238e+00 1.662036450787703068e-02 1.146151299265442001e-04 -4.602039328583416649e-05 -2.353493695865669045e-06 3.67 0.00022385994718 1.6e-09
-4.935035788994303671e-05 1.110633645309512918e+00 3.874659264656300783e-02 1.091738422536303854e-04 5.051934286895839934e-05 2.982274614043996418e-06 3.67 0.00022385994718 1.6e-09
8.535053804136435193e-05 3.457611537475551167e+00 1.445284341574186171e-01 2.125394850477311257e-04 9.989626966625093186e-06 2.236641143531116246e-07 3.67 0.00022385994718 1.6e-09
4.758870547742409757e-05 3.338912719472806323e+00 1.107011829726590180e-01 2.062682060793650097e-04 -1.254124440076582409e-05 -8.533927325424564740e-07 3.67 0.00022385994718 1.6e-09
4.659749970456981136e-05 8.022006747351730915e-01 -1.295751694741524573e-02 1.089367090848528347e-04 -5.577939784070330221e-05 -1.694463143113885552e-06 3.67 0.00022385994718 1.6e-09
8.746664518816130515e-06 1.692384747478584028e+00 7.552434393202576979e-02 1.267927135183194085e-04 3.944111996008111147e-05 1.999638645785315783e-06 3.67 0.00022385994718 1.6e-09
-9.402657658491102549e-05 3.609163393059134695e+00 1.436075984849564946e-01 2.205826012112995860e-04 6.117582656574237798e-06 -6.362714060312477707e-08 3.67 0.00022385994718 1.6e-09
-6.349161272615562641e-05 3.106705376718233325e+00 8.563356595680801653e-02 1.941019841818170881e-04 -1.689932194193698530e-05 -1.056369514468578110e-06 3.67 0.00022385994718 1.6e-09
-1.012599141573378888e-05 5.007432505655649013e-01 -2.132224487989032441e-02 1.289382300734376416e-04 -4.761114315613604959e-05 3.891307458663303102e-07 3.67 0.00022385994718 1.6e-09
-2.166403872554385380e-05 2.189043672725239809e+00 9.074820249138471073e-02 1.484626321037767942e-04 3.097152262964334406e-05 1.262873122358604025e-06 3.67 0.00022385994718 1.6e-09
3.670633272837445178e-05 3.661406462633670422e+00 1.278069836098143786e-01 2.233934195729237750e-04 2.370216525860183450e-06 -2.293018257293140532e-07 3.67 0.00022385994718 1.6e-09
-8.615471575776649429e-06 2.742721805505089705e+00 5.875108931347720886e-02 1.754667215984184324e-04 -2.243302004087157069e-05 -1.141564620692633866e-06 3.67 0.00022385994718 1.6e-09
-6.619485539336598587e-05 3.944950068421623213e-01 -1.403254788806215271e-02 1.490566968322156588e-04 -4.423503722483314280e-06 3.300238642412428774e-06 3.67 0.00022385994718 1.6e-09
6.809115590128241220e-05 2.668377924820203972e+00 9.217208335626107807e-02 1.717309443326518270e-04 2.355565230719650270e-05 5.866844601982745199e-07 3.67 0.00022385994718 1.6e-09
6.269073980903148427e-05 3.667783724363840037e+00 9.347743038742845068e-02 2.237355157587126732e-04 -1.668820344255017600e-06 -4.067355704376175326e-07 3.67 0.00022385994718 1.6e-09
-7.045393248003055321e-05 2.278203509060516829e+00 1.989534998319669734e-02 1.526600505060068122e-04 -2.960074706109294039e-05 -1.054214874786764819e-06 3.67 0.00022385994718 1.6e-09
5.125437554375599213e-05 4.680221157461368353e-01 4.248945955366845704e-04 1.338509506014674702e-04 4.275398176536111464e-05 4.112394413171983860e-06 3.67 0.00022385994718 1.6e-09
-9.194627954824921741e-05 3.054749435153840231e+00 9.790328286853958173e-02 1.913997507731065272e-04 1.784673490403068476e-05 2.860166441539350216e-07 3.67 0.00022385994718 1.6e-09
9.769440091081277072e-05 3.636687654994369634e+00 8.095326023242993552e-02 2.220462485328566701e-04 -5.347036962942206250e-06 -5.214665340522536185e-07 3.67 0.00022385994718 1.6e-09
3.127723038540378034e-05 1.812293277582230466e+00 1.430033985504266560e-03 1.316627473565215860e-04 -3.746649806203773561e-05 -1.052807401362298819e-06 3.67 0.00022385994718 1.6e-09
-4.349873954404036899e-05 7.139042948369549446e-01 1.483413876141915708e-02 1.115857093286437107e-04 5.622992630557413518e-05 2.628845703509160837e-06 3.67 0.00022385994718 1.6e-09
7.828923204831210643e-05 3.295292863492151891e+00 7.960154488312522203e-02 2.039675409346469498e-04 1.352129686281648585e-05 7.457720849394737585e-08 3.67 0.00022385994718 1.6e-09
-1.916195238429224728e-05 3.505372146948142031e+00 5.509415969872993174e-02 2.150662788344772400e-04 -9.040500093565747184e-06 -4.992870476076181859e-07 3.67 0.00022385994718 1.6e-09
3.109320573566553246e-05 1.249457508468047706e+00 -1.065842089749218305e-02 1.120449347119458915e-04 -4.792756750049237630e-05 -7.326996837648743558e-07 3.67 0.00022385994718 1.6e-09
3.253417597619113577e-05 1.202393267830558443e+00 3.115344685857089971e-02 1.109475004761584070e-04 4.880580119745173064e-05 1.234575610402385587e-06 3.67 0.00022385994718 1.6e-09
-9.083835020974285145e-05 3.490947145824581099e+00 5.465065617470658138e-02 2.143023987698483958e-04 9.370925993814660287e-06 -1.565144230799835679e-07 3.67 0.00022385994718 1.6e-09
-5.426372018545419268e-05 3.311693257636403764e+00 2.036698985887651012e-02 2.048316247721483413e-04 -1.319621431813645152e-05 -4.705960305127874899e-07 3.67 0.00022385994718 1.6e-09
-4.769332122353478357e-05 7.416862591192106002e-01 -1.706081917301644629e-02 1.105606962524173997e-04 -5.622686736837314989e-05 4.416393846627122433e-07 3.67 0.00022385994718 1.6e-09
5.446912492749039341e-05 1.771766234448878929e+00 4.209684689354192821e-02 1.300007926342235175e-04 3.810127602089031422e-05 6.866139685463849285e-07 3.67 0.00022385994718 1.6e-09
3.329294995241162001e-05 3.624997579587216912e+00 5.180901196402577791e-02 2.214296003514767399e-04 5.556290981251349256e-06 -2.088358068423469384e-07 3.67 0.00022385994718 1.6e-09
8.159681784415483531e-05 3.062255974803957059e+00 1.426748074866143051e-02 1.917968428422080185e-04 -1.766419962032445015e-05 -4.915912469882753638e-07 3.67 0.00022385994718 1.6e-09
3.431072521563430537e-05 4.725059231771815416e-01 -1.172486406287929009e-02 1.331869047278879661e-04 -4.345329326221033844e-05 1.709763660634689643e-06 3.67 0.00022385994718 1.6e-09
1.725033070163722640e-05 2.265383163254623078e+00 3.229481840883343530e-02 1.520581301719640011e-04 2.978758244664597539e-05 2.485380040609223548e-07 3.67 0.00022385994718 1.6e-09
4.358451564062647829e-05 3.665355974218663881e+00 3.038244651720980669e-02 2.236091058475175115e-04 1.733983674065012008e-06 -1.810965324903224585e-07 3.67 0.00022385994718 1.6e-09
-5.766289382886394889e-05 2.671704222342432544e+00 2.853264982139652912e-03 1.719014419936648326e-04 -2.351492626824041161e-05 -3.369172329667152548e-07 3.67 0.00022385994718 1.6e-09
-1.749765902485434687e-05 3.939569162252164469e-01 -3.212588213588711550e-03 1.491934622444002472e-04 4.552116902391338234e-06 2.119119044328452072e-06 3.67 0.00022385994718 1.6e-09
-8.498467540583261911e-05 2.742524634513594961e+00 2.422184558590098277e-02 1.754501817692955879e-04 2.252731063579821845e-05 -1.183308610973421856e-08 3.67 0.00022385994718 1.6e-09
-1.106107147053649449e-04 3.670207604740349794e+00 1.072002891092279156e-02 2.238591069381411485e-04 -2.274709871561553966e-06 -2.028830851558400283e-07 3.67 0.00022385994718 1.6e-09
-4.596930254771020545e-05 2.209052110792251611e+00 -1.063081728794395414e-02 1.493895856482551948e-04 -3.076241707202916303e-05 -1.675413260819952469e-07 3.67 0.00022385994718 1.6e-09
-3.347768385084214234e-05 4.932665419985903243e-01 1.277028430100894067e-03 1.299377926911806530e-04 4.695857628267974542e-05 1.157118285710113513e-06 3.67 0.00022385994718 1.6e-09
-2.265770414040903572e-05 3.100125913649099729e+00 2.374101178844641863e-02 1.937546831025156356e-04 1.712633488267926361e-05 2.744104649947986282e-08 3.67 0.00022385994718 1.6e-09
1.015561892046141628e-04 3.622831217365857448e+00 1.608046182664770590e-02 2.213072030459621651e-04 -5.917300534920874426e-06 -1.516204588241781695e-07 3.67 0.00022385994718 1.6e-09
6.111049897469850352e-05 1.728920400096669141e+00 -3.477750039230967805e-03 1.282380058903243622e-04 -3.893807487717234597e-05 -2.115747753228683574e-07 3.67 0.00022385994718 1.6e-09
2.204458046109216394e-05 7.751987030736895434e-01 6.252265156812789222e-04 1.095587752826480813e-04 5.607041264853784087e-05 1.332087589538684527e-07 3.67 0.00022385994718 1.6e-09
7.472604375943489379e-06 3.330505698087639743e+00 4.369071696271857423e-03 2.058208941412213006e-04 1.285498705562495775e-05 6.567413157339592952e-09 3.67 0.00022385994718 1.6e-09
-1.558682775289058005e-05 3.479395311422045278e+00 3.228413029568853732e-03 2.136891046817616111e-04 -9.676467427859275242e-06 -2.639394296310840940e-08 3.67 0.00022385994718 1.6e-09
2.762306467305200859e-05 1.159256465625079002e+00 -5.221326571270489773e-04 1.100302767219804828e-04 -4.972535057334021686e-05 -4.499386904932255682e-08 3.67 0.00022385994718 1.6e-09
2.624050231481725665e-05 1.292850130526532748e+00 7.919296526374802183e-04 1.131776024724112108e-04 4.705868820179922771e-05 1.645634920345261620e-08 3.67 0.00022385994718 1.6e-09
1.976273093149181039e-05 3.518126025094445719e+00 3.749881417835915220e-04 2.157433246398994466e-04 8.749276100035782423e-06 -1.087991857920279939e-08 3.67 0.00022385994718 1.6e-09
-4.458431861775093564e-05 3.279546156705513749e+00 -7.776457246921098009e-04 2.031395877662465024e-04 -1.384972555511561427e-05 -9.837050655324800929e-09 3.67 0.00022385994718 1.6e-09
-4.077925833386064110e-05 6.858601528579817419e-01 -7.267751880766103092e-04 1.128430856848230371e-04 -5.620798268102591977e-05 7.351378134878780452e-08 3.67 0.00022385994718 1.6e-09
3.894292747806830582e-05 1.851654099529654651e+00 2.896906149362163136e-04 1.333454799095271483e-04 3.671775087790025012e-05 1.908536557392401850e-07 3.67 0.00022385994718 1.6e-09
3.476495132936604018e-05 3.636392033429435067e+00 1.468126335371419504e-02 2.220409560718590602e-04 4.978381219145613655e-06 9.383289616660076351e-08 3.67 0.00022385994718 1.6e-09
-1.372073347881295542e-05 3.010757774605238524e+00 1.757652991625840988e-02 1.891374228416739761e-04 -1.845908095680999893e-05 -5.571780124589860365e-08 3.67 0.00022385994718 1.6e-09
-6.969884786688468846e-06 4.478461655171382949e-01 -5.064332039664515110e-04 1.374970253687836136e-04 -3.811370345224377446e-05 -6.334668325267703357e-07 3.67 0.00022385994718 1.6e-09
-5.286673674821867148e-05 2.342885461721553320e+00 -7.984718813250822611e-03 1.557528953558821232e-04 2.857512722209159229e-05 1.581458005891949877e-07 3.67 0.00022385994718 1.6e-09
-3.837657078327321884e-05 3.668548167850505415e+00 1.038690409036130760e-02 2.237807989428962450e-04 1.110721945851671403e-06 1.673173894998333450e-07 3.67 0.00022385994718 1.6e-09
5.550620544139468380e-05 2.602538722054216436e+00 2.059929840206079638e-02 1.684490156287585813e-04 -2.457385793988703439e-05 -1.540333659227734298e-08 3.67 0.00022385994718 1.6e-09
5.570153934180595154e-05 3.980752431193681495e-01 -4.433242883595924291e-03 1.481462995158219624e-04 1.292654301323586892e-05 -1.344820877832910419e-06 3.67 0.00022385994718 1.6e-09
4.049133299459796269e-05 2.807226516185340248e+00 1.839524298607830670e-03 1.787222592211466917e-04 2.156300857308384242e-05 2.655332080403953317e-07 3.67 0.00022385994718 1.6e-09
3.356552085620694134e-05 3.667023072282884488e+00 2.409780156247792043e-02 2.236849633237732713e-04 -2.873388596389854556e-06 1.498544054317475161e-07 3.67 0.00022385994718 1.6e-09
3.043260604389939040e-05 2.136375957465540321e+00 2.558395152549114426e-02 1.460038467375450607e-04 -3.195359231085183858e-05 -2.212609359406461163e-07 3.67 0.00022385994718 1.6e-09
-3.956411896857562130e-05 5.241026248857748593e-01 -1.184039946005642496e-02 1.258274047561633866e-04 5.034107519356022502e-05 -1.031903254993751727e-06 3.67 0.00022385994718 1.6e-09
2.343796378344583867e-05 3.142733195756413078e+00 1.507564175380626120e-02 1.959706952337118369e-04 1.641872530930566225e-05 4.255149511686874749e-07 3.67 0.00022385994718 1.6e-09
8.573727028700672056e-05 3.607372302477985571e+00 4.681406036425259792e-02 2.204818615253091737e-04 -6.470122888639745474e-06 1.649355629969001953e-07 3.67 0.00022385994718 1.6e-09
-7.770067929386289765e-06 1.647496064291652740e+00 3.490885879548434600e-02 1.250240706279292331e-04 -4.037950201843021792e-05 -6.918261066143374634e-07 3.67 0.00022385994718 1.6e-09
1.975780184035719450e-05 8.388356054059818989e-01 -1.723445591117982179e-02 1.082948402389447094e-04 5.539402048643101123e-05 -2.345922019668570090e-07 3.67 0.00022385994718 1.6e-09
-4.761565222540807877e-05 3.360841355891758031e+00 1.991075184352875116e-02 2.074201719152316058e-04 1.223237631445239546e-05 4.419579607566229068e-07 3.67 0.00022385994718 1.6e-09
9.531678194765606012e-06 3.452214181407916804e+00 5.196025519906073697e-02 2.122494039608106235e-04 -1.027962640626001379e-05 1.406702227391792756e-07 3.67 0.00022385994718 1.6e-09
-3.336205719522441728e-05 1.076622155290624328e+00 2.682737877588831782e-02 1.086471530542789049e-04 -5.130758361945514704e-05 -1.338396732905184060e-06 3.67 0.00022385994718 1.6e-09
2.041037705893289738e-05 1.378895781743630700e+00 -1.073367239614313531e-02 1.156609411632964678e-04 4.536536775267355226e-05 5.934240624438305939e-07 3.67 0.00022385994718 1.6e-09
2.896448988260228678e-05 3.539847074024165874e+00 4.544767452681442582e-02 2.168973538624095016e-04 8.158960248037655641e-06 4.404653743501107726e-07 3.67 0.00022385994718 1.6e-09
-4.717168099025915740e-05 3.242989578729611466e+00 6.826755218100889755e-02 2.012214828682957937e-04 -1.450785077424898871e-05 -5.011747944210462675e-08 3.67 0.00022385994718 1.6e-09
-4.155450705112932356e-05 6.353478012426165833e-01 1.114073098255313407e-02 1.157349598274216173e-04 -5.548755373543638210e-05 -2.546506264293033964e-06 3.67 0.00022385994718 1.6e-09
-5.098051813070821563e-05 1.930290751475995936e+00 4.374167805076786472e-03 1.367321717930053090e-04 3.536831566250246174e-05 9.621742575138264676e-07 3.67 0.00022385994718 1.6e-09
-6.089496943808533945e-05 3.646051920335488639e+00 7.603168096240195406e-02 2.225580202613424688e-04 4.414333446031045256e-06 4.567343176431747524e-07 3.67 0.00022385994718 1.6e-09
-2.185063613942422075e-06 2.959063686024316020e+00 8.830076907041457812e-02 1.864750871239369365e-04 -1.923938645552377094e-05 -3.162026819283818030e-07 3.67 0.00022385994718 1.6e-09
3.339472800333704271e-07 4.297172493062180187e-01 -3.286650198760866608e-03 1.410462753235917292e-04 -3.226040142137199260e-05 -3.590912511066866437e-06 3.67 0.00022385994718 1.6e-09
4.288976240970798662e-05 2.412569694570659173e+00 2.143551527949638658e-02 1.591183118926237918e-04 2.745393476563165583e-05 9.781870639199870345e-07 3.67 0.00022385994718 1.6e-09
-5.684818007023211721e-05 3.667498855045675743e+00 9.020561441306099160e-02 2.237263349821660757e-04 5.100237063357494678e-07 3.740103674354612858e-07 3.67 0.00022385994718 1.6e-09
-3.640293991293162612e-05 2.532197231529711878e+00 8.581916698976410629e-02 1.649688877002042614e-04 -2.559501001024030520e-05 -6.377174133563493101e-07 3.67 0.00022385994718 1.6e-09
-5.604264888522983266e-05 4.063617176388411578e-01 -1.581458751398108487e-02 1.461052307024616895e-04 2.060979978384699078e-05 -2.271110927622892029e-06 3.67 0.00022385994718 1.6e-09
-2.479468749890232401e-05 2.866258198566622895e+00 5.600607303052932556e-02 1.817215472426003599e-04 2.066966395952119789e-05 1.007031757932118842e-06 3.67 0.00022385994718 1.6e-09
3.786683918588708731e-05 3.661454658912145721e+00 1.176724923323500260e-01 2.233825979540453245e-04 -3.429941656998666554e-06 2.004298127155089883e-07 3.67 0.00022385994718 1.6e-09
1.491551932939932086e-05 2.067099690044683413e+00 8.080005418548329155e-02 1.428264252411611630e-04 -3.304934733295749520e-05 -1.259617441868718930e-06 3.67 0.00022385994718 1.6e-09
-3.003421757902272152e-06 5.566673630324765476e-01 -2.081202712127243337e-02 1.221827691653997242e-04 5.270829301900116384e-05 2.403531874566882675e-07 3.67 0.00022385994718 1.6e-09
8.925151175435657304e-05 3.178248653129903012e+00 8.641926827658216737e-02 1.978224545866848140e-04 1.577111591229559564e-05 9.776278044966887132e-07 3.67 0.00022385994718 1.6e-09
2.326865963443836114e-05 3.589639687266216406e+00 1.385896297873074889e-01 2.195360019435343296e-04 -6.969100321016410954e-06 2.193538450553554827e-08 3.67 0.00022385994718 1.6e-09
3.181715174482259640e-05 1.572726864578239292e+00 6.693965740945664877e-02 1.222016890012209904e-04 -4.167358490453237940e-05 -2.094702568531307803e-06 3.67 0.00022385994718 1.6e-09
4.095817953496317298e-06 9.011184782946958238e-01 -1.203786095897728392e-02 1.077275837538179423e-04 5.446515211757304209e-05 1.673962688032520929e-06 3.67 0.00022385994718 1.6e-09
1.596667812315385792e-05 3.384249789769477434e+00 1.092845542034089068e-01 2.086580418856799222e-04 1.163969585034271091e-05 8.307214296047806365e-07 3.67 0.00022385994718 1.6e-09
3.977620562201287900e-05 3.421194500782570813e+00 1.423180969843262367e-01 2.106099638585929852e-04 -1.085152548377414788e-05 -2.285173532298341754e-07 3.67 0.00022385994718 1.6e-09
5.321884716842212169e-05 1.000083554386709928e+00 3.401654766312275924e-02 1.078540245410501691e-04 -5.266014745657177456e-05 -3.227509591589950585e-06 3.67 0.00022385994718 1.6e-09
5.916163728851306320e-05 1.462462450673153391e+00 1.858248225871571291e-02 1.183447016030495603e-04 4.371224927951637186e-05 2.096561254010401377e-06 3.67 0.00022385994718 1.6e-09
5.446303128188744364e-05 3.557841695728123810e+00 1.411069800230999038e-01 2.178528114705883297e-04 7.594993801387502308e-06 6.329182802436383731e-07 3.67 0.00022385994718 1.6e-09
4.724489892390557836e-05 3.206813782741102514e+00 1.462624451961664351e-01 1.993252830002404633e-04 -1.511308487683627475e-05 -6.040582401062182413e-07 3.67 0.00022385994718 1.6e-09
9.284026440543617013e-06 5.947457884317997046e-01 2.653344956706816821e-03 1.187422379171743743e-04 -5.428523070896038537e-05 -4.150635619808518622e-06 3.67 0.00022385994718 1.6e-09
2.258631150357897409e-05 1.999105677864602804e+00 5.647887891152175710e-02 1.397711172968808271e-04 3.413867969534425571e-05 2.012077508788448669e-06 3.67 0.00022385994718 1.6e-09
7.157487202229886891e-06 3.650546539034930316e+00 1.690279193417309200e-01 2.227998017725131064e-04 3.894296546887222220e-06 4.374891424809561003e-07 3.67 0.00022385994718 1.6e-09
1.527839894328939917e-05 2.908756612860622148e+00 1.447036749236187414e-01 1.838946049723805525e-04 -1.994252344079325945e-05 -1.042733336286342027e-06 3.67 0.00022385994718 1.6e-09
-5.943008886121962350e-05 4.165796435919011387e-01 -1.586025807536500798e-02 1.438430722355385396e-04 -2.637074436698459871e-05 -3.111704554963569858e-06 3.67 0.00022385994718 1.6e-09
-2.747895560391650641e-05 2.473576444981812728e+00 9.028769928179022908e-02 1.620911981263482306e-04 2.643779227745522112e-05 1.664032920031879418e-06 3.67 0.00022385994718 1.6e-09
4.581394932558773448e-05 3.663276957855179816e+00 1.767006870900531545e-01 2.235018019993009275e-04 -3.797433957268743799e-08 1.702301117633232903e-07 3.67 0.00022385994718 1.6e-09
-4.128093377083174578e-05 2.466403081654243046e+00 1.190326077307680003e-01 1.617403998332341821e-04 -2.652966082660639709e-05 -1.533763257657338278e-06 3.67 0.00022385994718 1.6e-09
-5.932339239151090005e-07 4.173139889671824698e-01 -2.117846210254390599e-02 1.435851149951486590e-04 2.723320954219164087e-05 7.424568202438227199e-07 3.67 0.00022385994718 1.6e-09
-6.865851556856034338e-05 2.916051914064298423e+00 1.301679506646868933e-01 1.842623162375501221e-04 1.988266161401837649e-05 1.321236035989976435e-06 3.67 0.00022385994718 1.6e-09
-1.456746665053147401e-05 3.654976267219186337e+00 1.862117304929200023e-01 2.230315240834429840e-04 -3.899974720434388694e-06 -1.471908636783525730e-07 3.67 0.00022385994718 1.6e-09
-1.997645335667621845e-05 2.006716791450053883e+00 8.923147254494118163e-02 1.400999940466802032e-04 -3.401729040706589748e-05 -2.151252208290843492e-06 3.67 0.00022385994718 1.6e-09
2.093082398835290588e-05 5.892495575328662305e-01 -1.144135813990340353e-02 1.191445628781350488e-04 5.424589136855997027e-05 3.248192717201043091e-06 3.67 0.00022385994718 1.6e-09
7.751939088295812293e-05 3.205556871474966485e+00 1.587151244449886145e-01 1.992507497564728809e-04 1.521398166912014976e-05 1.036455909808291130e-06 3.67 0.00022385994718 1.6e-09
1.018236596918037107e-04 3.570488517104972281e+00 1.874866361681000182e-01 2.185169982663595287e-04 -7.419454804407811448e-06 -4.377825883210890254e-07 3.67 0.00022385994718 1.6e-09
-3.270606018119204229e-05 1.501859216107711337e+00 5.451275290468713536e-02 1.196673071120427784e-04 -4.295694034665282601e-05 -2.851966968305976253e-06 3.67 0.00022385994718 1.6e-09
2.116617422533458552e-05 9.646597511321057805e-01 1.517861759684177407e-02 1.076939437934489789e-04 5.329046601150924764e-05 3.381580068446045073e-06 3.67 0.00022385994718 1.6e-09
7.207035285143590145e-05 3.405382900424198667e+00 1.687923753205751165e-01 2.097764383474497879e-04 1.109625991373772559e-05 6.898035960559085859e-07 3.67 0.00022385994718 1.6e-09
-7.232077696999479729e-05 3.392427279717504796e+00 1.669229332787819375e-01 2.090918486598366676e-04 -1.137568195910335123e-05 -7.264144008259910382e-07 3.67 0.00022385994718 1.6e-09
4.729056975006458772e-05 9.307637804934051351e-01 1.169278566302482496e-02 1.076435011918646615e-04 -5.390736321484556048e-05 -3.355765715798564404e-06 3.67 0.00022385994718 1.6e-09
5.292158236428506126e-05 1.539998824084274798e+00 6.049901444036451942e-02 1.210347021959086721e-04 4.218844605841243217e-05 2.727329284585259163e-06 3.67 0.00022385994718 1.6e-09
2.524900086738963078e-05 3.575010294540779565e+00 1.816339164235081793e-01 2.187642129108773319e-04 7.106231700992841244e-06 3.300276646105606128e-07 3.67 0.00022385994718 1.6e-09
4.725571975272293776e-05 3.176031790205484207e+00 1.450162286290272162e-01 1.977141880961950438e-04 -1.566137671609002893e-05 -1.074041794946930316e-06 3.67 0.00022385994718 1.6e-09
-3.649468365198572342e-05 5.610000762276035058e-01 -1.510304330667806491e-02 1.218144434519488639e-04 -5.278518157781488071e-05 -2.509139751949784956e-06 3.67 0.00022385994718 1.6e-09
-1.765785923292537024e-05 2.059244866647271799e+00 9.851519479123249656e-02 1.424773919171648572e-04 3.308505210961784875e-05 2.098955253352175053e-06 3.67 0.00022385994718 1.6e-09
-1.044777534239406093e-04 3.654407801218553686e+00 1.881080935629202977e-01 2.230091339434727739e-04 3.443252022060067290e-06 5.736305531113712830e-08 3.67 0.00022385994718 1.6e-09
-6.838237581159089596e-05 2.860870163074269001e+00 1.225893187805105200e-01 1.814507839205141068e-04 -2.064897996868137381e-05 -1.415690051049043492e-06 3.67 0.00022385994718 1.6e-09
-2.100250153999253696e-05 4.064154224802763449e-01 -2.156688984751370386e-02 1.461544415325307083e-04 -2.001943421981738241e-05 5.519849374249791529e-07 3.67 0.00022385994718 1.6e-09
-4.868658901647201148e-05 2.532814483705479347e+00 1.197596483281705149e-01 1.650003116388461298e-04 2.551983286318981278e-05 1.384010566450377376e-06 3.67 0.00022385994718 1.6e-09
1.030843622442760836e-04 3.663360260531932422e+00 1.681122296893350354e-01 2.235059378008847817e-04 -5.434837311983618036e-07 -2.253306471883792650e-07 3.67 0.00022385994718 1.6e-09
-7.685146686541366521e-05 2.406512198184486362e+00 7.958842763040493984e-02 1.588254092024962130e-04 -2.748407109435419568e-05 -1.650194631821789670e-06 3.67 0.00022385994718 1.6e-09
4.169991119936984506e-05 4.307409184940735880e-01 -1.226744778884170974e-02 1.407273690059367784e-04 3.293362845857218831e-05 4.051821582164963527e-06 3.67 0.00022385994718 1.6e-09
-3.045014132175006665e-05 2.962624742673649614e+00 1.425066772349852795e-01 1.866491582153782932e-04 1.921000185555030751e-05 8.676651300975264233e-07 3.67 0.00022385994718 1.6e-09
8.524477754810004244e-05 3.652156024622657426e+00 1.547195869636449062e-01 2.228765036325217530e-04 -4.345727317122680492e-06 -5.048968540284972037e-07 3.67 0.00022385994718 1.6e-09
-5.124381735154195504e-05 1.949809488822085157e+00 4.280996175639208146e-02 1.375725023133115275e-04 -3.504587057643315502e-05 -1.891739790295972956e-06 3.67 0.00022385994718 1.6e-09
5.620534817514902563e-05 6.234268811846848113e-01 6.606555760353483367e-03 1.165088600390789381e-04 5.520804460296982691e-05 4.321653762404395807e-06 3.67 0.00022385994718 1.6e-09
1.792258693825472143e-05 3.233509631783817895e+00 1.477686384366097005e-01 2.007170415867415335e-04 1.471369178000430598e-05 5.355343995946389941e-07 3.67 0.00022385994718 1.6e-09
5.814305232198524757e-05 3.553105986885362721e+00 1.367057173781481838e-01 2.175951655640668571e-04 -7.891872095715007492e-06 -6.783360245779578449e-07 3.67 0.00022385994718 1.6e-09
-4.066322605156744548e-05 1.426039470916414142e+00 1.299066346591451829e-02 1.171254334952691822e-04 -4.446418497865504678e-05 -2.036713363679339695e-06 3.67 0.00022385994718 1.6e-09
-1.670414432786132943e-05 1.033942596307151796e+00 3.437284101243110596e-02 1.081573904662450183e-04 5.201100474789828280e-05 2.894282966507380160e-06 3.67 0.00022385994718 1.6e-09
5.958044322377189546e-05 3.432591708863050428e+00 1.291564216249560526e-01 2.112153668802588149e-04 1.056633849873196231e-05 1.646781936814767306e-07 3.67 0.00022385994718 1.6e-09
7.472429450641152483e-05 3.368219424464549583e+00 9.544249511061944635e-02 2.078136681249121093e-04 -1.195671860434341464e-05 -7.824738494011241294e-07 3.67 0.00022385994718 1.6e-09
-2.674065933858033037e-05 8.647180581756587214e-01 -1.355554251113692994e-02 1.079957007111575666e-04 -5.501315861977964757e-05 -1.362608829218722579e-06 3.67 0.00022385994718 1.6e-09
9.398903282136334786e-06 1.615545196760762359e+00 6.732895083102791167e-02 1.238164970807689703e-04 4.084980614196412417e-05 1.829264599844964933e-06 3.67 0.00022385994718 1.6e-09
4.016283150830938364e-05 3.595157485395482855e+00 1.237169597959392187e-01 2.198357187223794207e-04 6.629947858622152904e-06 -1.102133366566181244e-07 3.67 0.00022385994718 1.6e-09
-6.041652539165636782e-05 3.146528353653316401e+00 6.886407040079661757e-02 1.961738700085438386e-04 -1.625200281110810314e-05 -9.342659839722043535e-07 3.67 0.00022385994718 1.6e-09
-3.490100815028625585e-05 5.303940120651015055e-01 -2.085870347600488756e-02 1.251350627287971056e-04 -5.066614224660942185e-05 5.678948527424127943e-07 3.67 0.00022385994718 1.6e-09
3.228256248569545900e-05 2.121286317662947063e+00 8.037803823549471982e-02 1.453184404054068250e-04 3.210138500531136037e-05 1.124737778578003886e-06 3.67 0.00022385994718 1.6e-09
-9.359232169972436235e-05 3.659814184745372678e+00 1.098908571016752322e-01 2.233037312256955535e-04 2.938280740576511278e-06 -2.387461009048615058e-07 3.67 0.00022385994718 1.6e-09
-5.856585005818447295e-05 2.805601593128458582e+00 4.731202634987821676e-02 1.786447241642462205e-04 -2.151740467278101014e-05 -9.844252822023670430e-07 3.67 0.00022385994718 1.6e-09
-5.787172776884752100e-05 3.985989805099988681e-01 -1.337508917251428384e-02 1.480446486940262371e-04 -1.254803881902595168e-05 3.078974916600866684e-06 3.67 0.00022385994718 1.6e-09
7.230367465368555346e-06 2.601425537460048787e+00 7.624354174167646825e-02 1.683938373099360384e-04 2.456303662016681423e-05 4.660967589566239396e-07 3.67 0.00022385994718 1.6e-09
-1.006549841115150594e-04 3.668228098765899947e+00 7.369940786848772074e-02 2.237629796470218051e-04 -1.088273293303426072e-06 -3.695687629090163854e-07 3.67 0.00022385994718 1.6e-09
4.115780391250732938e-05 2.344827029502807303e+00 1.187642782673366953e-02 1.558441039955630637e-04 -2.854321239057118226e-05 -8.346271936147077828e-07 3.67 0.00022385994718 1.6e-09
-6.624357807858037507e-05 4.469557734639744151e-01 -1.125230656240578438e-04 1.375566469671601249e-04 3.808208631755652883e-05 3.770287610064110951e-06 3.67 0.00022385994718 1.6e-09
7.232964086723562723e-05 3.010624564360090183e+00 7.985261088900807991e-02 1.891209635672135730e-04 1.853662160646895167e-05 1.931266070076196536e-07 3.67 0.00022385994718 1.6e-09
5.579328398656239438e-05 3.647431408103506634e+00 6.162296452429823906e-02 2.226218238055255815e-04 -4.840139396996530677e-06 -4.592609506741633193e-07 3.67 0.00022385994718 1.6e-09
-2.079499356837508347e-05 1.883807587318628851e+00 -3.528888306190559009e-03 1.346999318814275798e-04 -3.623056777728816095e-05 -7.944591181838547596e-07 3.67 0.00022385994718 1.6e-09
-5.153059118187565266e-06 6.649823038804817399e-01 1.138266082655315856e-02 1.139166841160792003e-04 5.599839410113863344e-05 2.310743535220968677e-06 3.67 0.00022385994718 1.6e-09
-9.015422730224906245e-05 3.265913628208107600e+00 6.348228902974659138e-02 2.024204451287745280e-04 1.413733486908858642e-05 4.000321428558991626e-08 3.67 0.00022385994718 1.6e-09
5.790286674525685427e-05 3.530925669709931825e+00 4.192192001460853801e-02 2.164202792991137760e-04 -8.474773105430131700e-06 -4.115670672405469546e-07 3.67 0.00022385994718 1.6e-09
5.222129630169006600e-05 1.336467899026036577e+00 -1.023442868902748118e-02 1.143828530786674975e-04 -4.623060518902927100e-05 -5.411909927794993704e-07 3.67 0.00022385994718 1.6e-09
-6.619481268647993042e-07 1.117609154029832741e+00 2.263084539312680207e-02 1.092837712025776053e-04 5.049776281542788366e-05 9.556601613580383096e-07 3.67 0.00022385994718 1.6e-09
6.160434635242765622e-05 3.464788650428851202e+00 3.666610235469085211e-02 2.129173009860263260e-04 9.958694089350670042e-06 -1.513494238568452019e-07 3.67 0.00022385994718 1.6e-09
-4.522133940861926493e-05 3.342573494643865217e+00 9.397570180104626580e-03 2.064588923530168586e-04 -1.257374016045695859e-05 -3.443260614393437791e-07 3.67 0.00022385994718 1.6e-09
3.564803619297635866e-05 8.016521223922172812e-01 -1.465794340876597213e-02 1.089383514646551017e-04 -5.582479050069263433e-05 4.238840101295832252e-07 3.67 0.00022385994718 1.6e-09
-3.950932179508084765e-05 1.693270772181233674e+00 3.095340488790151307e-02 1.268287339983630924e-04 3.951300436954346333e-05 5.081641559546826324e-07 3.67 0.00022385994718 1.6e-09
9.911856711538772702e-05 3.611732474771346180e+00 3.541831963592734223e-02 2.207209909338998647e-04 6.092013458765968273e-06 -1.808926892336292503e-07 3.67 0.00022385994718 1.6e-09
-8.420026035507402083e-05 3.106126177851321835e+00 6.348498789790232508e-03 1.940732091567635607e-04 -1.694779440445090465e-05 -3.564469668845171177e-07 3.67 0.00022385994718 1.6e-09
-6.124319383493307236e-05 4.992285732699508483e-01 -9.833809919630247601e-03 1.291617052495004061e-04 -4.748692742125989129e-05 1.352988213704807351e-06 3.67 0.00022385994718 1.6e-09
-3.155518898610221775e-05 2.194805744343598874e+00 2.170909335877817259e-02 1.487324635805517656e-04 3.094234776758523998e-05 1.888723988293490565e-07 3.67 0.00022385994718 1.6e-09
-1.078931577149782760e-04 3.663951960538452735e+00 2.129219326127172046e-02 2.235300314961710102e-04 2.332814499705238895e-06 -1.190053847700270405e-07 3.67 0.00022385994718 1.6e-09
1.921603762220702651e-05 2.738859094887059697e+00 2.724827338013693836e-03 1.752724533064010676e-04 -2.252783501465781751e-05 -2.303046992657311662e-07 3.67 0.00022385994718 1.6e-09
2.796031375311140263e-05 3.938848507500766205e-01 -3.017476074075370676e-03 1.492289473040003811e-04 -3.950131703359319005e-06 1.448924548934560581e-06 3.67 0.00022385994718 1.6e-09
-8.180452396474162152e-05 2.675333431711263810e+00 1.159172190867502339e-02 1.720763793901343094e-04 2.351166587328689419e-05 -3.216621424431362425e-08 3.67 0.00022385994718 1.6e-09
-9.295483008450887885e-06 3.670649494471220908e+00 2.569450352570190957e-03 2.238874218402727074e-04 -1.704041741878342905e-06 -1.163698334960290903e-07 3.67 0.00022385994718 1.6e-09
-1.500502314118618832e-05 2.276694489107926156e+00 -8.209903815555159162e-03 1.525856284484602401e-04 -2.965900730455379389e-05 -6.273607241970803800e-08 3.67 0.00022385994718 1.6e-09
6.033104080040576722e-05 4.683291184762913839e-01 -7.398943841866312396e-04 1.338087624557585402e-04 4.297594856011809463e-05 5.920320041732466712e-07 3.67 0.00022385994718 1.6e-09
-9.214954813277700257e-05 3.057754930794941650e+00 1.469008390415125001e-02 1.915573417885935712e-04 1.781168317846849121e-05 5.507204266675870529e-08 3.67 0.00022385994718 1.6e-09
-7.695604701386561935e-05 3.635333705587390440e+00 1.319175528436677958e-02 2.219758299708487364e-04 -5.390551652907203689e-06 -7.114945408889154493e-08 3.67 0.00022385994718 1.6e-09
-2.648080191932395842e-05 1.803701410627460255e+00 1.238982902003107206e-03 1.313084772342029585e-04 -3.761389083822949848e-05 -1.724947739405821851e-07 3.67 0.00022385994718 1.6e-09
-9.091373367651108672e-06 7.197112792385864655e-01 -3.679277806953670446e-03 1.113457071351965611e-04 5.632298491402861049e-05 -1.579418238761506765e-07 3.67 0.00022385994718 1.6e-09
-3.936028759238663474e-05 3.301082425728258940e+00 1.266878737704996410e-03 2.042697634428794224e-04 1.346622154387685426e-05 8.323761899749690012e-08 3.67 0.00022385994718 1.6e-09
5.806476069031945555e-06 3.505850678212333094e+00 8.206523066282774698e-03 2.150901162115325055e-04 -9.091651773454887178e-06 4.327122854170142967e-08 3.67 0.00022385994718 1.6e-09
3.007411177464739947e-05 1.245047289128822676e+00 6.022242257044762778e-03 1.119315338927919922e-04 -4.803169924546055311e-05 -1.906940467102064295e-07 3.67 0.00022385994718 1.6e-09
-2.860806588706652870e-06 1.206351906300604293e+00 -5.437301653945122298e-03 1.110340153840833652e-04 4.876645359246815166e-05 -8.154064023225789637e-08 3.67 0.00022385994718 1.6e-09
5.138997580423185663e-05 3.492813690069683119e+00 -1.329295320692423007e-03 2.144016881251635358e-04 9.332550836385738991e-06 7.521897709606108279e-08 3.67 0.00022385994718 1.6e-09
-1.388103329515396510e-05 3.310638140737736101e+00 5.877033291436694479e-03 2.047758247484587403e-04 -1.322995090534373578e-05 5.434260827840877764e-08 3.67 0.00022385994718 1.6e-09
4.514244550268961873e-05 7.391013007766875642e-01 3.818495770293193255e-03 1.106416660299717070e-04 -5.627312555001073077e-05 -3.176935513495077622e-07 3.67 0.00022385994718 1.6e-09
6.707902180823214003e-06 1.776247317767087885e+00 -3.878608829842347585e-03 1.301871962068077240e-04 3.803562692933594371e-05 2.446673145669048883e-07 3.67 0.00022385994718 1.6e-09
-1.631491142708964352e-05 3.625005597180434691e+00 1.856328100759799260e-02 2.214314922320015930e-04 5.512440247618840507e-06 1.733349588952836661e-07 3.67 0.00022385994718 1.6e-09
3.506105941250790825e-05 3.056554298121411328e+00 2.715803883974508837e-02 1.915035455628342066e-04 -1.773891607673127910e-05 -3.624365160541255867e-08 3.67 0.00022385994718 1.6e-09
7.982442130353276425e-07 4.697427635879091179e-01 1.109844824488404220e-03 1.336586542596298038e-04 -4.296971624116593328e-05 -1.245148087833454372e-06 3.67 0.00022385994718 1.6e-09
-1.424047098770908534e-05 2.273909503908650542e+00 -7.719124986722772884e-03 1.524590294124666555e-04 2.967317737480494664e-05 2.966733413958276203e-07 3.67 0.00022385994718 1.6e-09
1.798538457887469827e-05 3.667415736701730822e+00 2.206969640085394702e-02 2.237175745929069048e-04 1.685711132064577741e-06 2.454778789536731020e-07 3.67 0.00022385994718 1.6e-09
-1.141677366965459362e-05 2.668916479941455755e+00 3.463060750695326484e-02 1.717591587672781398e-04 -2.357390387446058180e-05 -6.990928486574590888e-08 3.67 0.00022385994718 1.6e-09
-4.128790946145085043e-06 3.940739706325620539e-01 -5.150757156037790926e-03 1.491629537837041355e-04 4.918036202375560855e-06 -1.964083069876871653e-06 3.67 0.00022385994718 1.6e-09
-1.613673859490906545e-05 2.744941873341018912e+00 4.091298327758218292e-03 1.755744073531576173e-04 2.247129264392350392e-05 3.922438105860711230e-07 3.67 0.00022385994718 1.6e-09
1.082568032656152122e-04 3.668158776524601983e+00 3.605887397821078144e-02 2.237506738338996930e-04 -2.333623192630042846e-06 2.082079798813054725e-07 3.67 0.00022385994718 1.6e-09
7.293167145034122004e-05 2.201187561172353480e+00 3.741858955968054012e-02 1.490219357970975220e-04 -3.087691122970682349e-05 -3.146539172364325677e-07 3.67 0.00022385994718 1.6e-09
-3.329076618760372027e-05 4.963041275161154120e-01 -1.372735270243669731e-02 1.294894618431969798e-04 4.731872067404906612e-05 -1.251784735814013512e-06 3.67 0.00022385994718 1.6e-09
-6.449640161913021918e-05 3.104633869435386551e+00 2.396047817809453598e-02 1.939880857720300221e-04 1.705166255896856234e-05 5.535734573244527345e-07 3.67 0.00022385994718 1.6e-09
7.545825861951540561e-05 3.621069034898972916e+00 6.318970978493132495e-02 2.212127031985897259e-04 -5.972714544940349546e-06 1.823493531693480091e-07 3.67 0.00022385994718 1.6e-09
-1.597546500833035629e-05 1.721255823064076651e+00 4.521989477526489748e-02 1.279303812579129390e-04 -3.904415599017876915e-05 -8.712283121912895976e-07 3.67 0.00022385994718 1.6e-09
1.134172295353570929e-05 7.800720423979499163e-01 -1.883980242907538211e-02 1.094278529012846944e-04 5.601947284070619862e-05 -1.223503147825532073e-07 3.67 0.00022385994718 1.6e-09
-8.652068413229040134e-05 3.332958205257341877e+00 3.428200817457324051e-02 2.059486999911092531e-04 1.281090883827759780e-05 5.673671523934776377e-07 3.67 0.00022385994718 1.6e-09
-2.979098101874706978e-05 3.477694223090891157e+00 7.197158120353681909e-02 2.135980068891211200e-04 -9.712364660793861818e-06 1.224817149393535491e-07 3.67 0.00022385994718 1.6e-09
4.345246488187084246e-05 1.155445194868465197e+00 3.469293845293008882e-02 1.099526007373422161e-04 -4.975392502689672471e-05 -1.633475656006247614e-06 3.67 0.00022385994718 1.6e-09
-2.198284084463539178e-05 1.296664984441388224e+00 -1.053705069513727506e-02 1.132841089318616676e-04 4.696625357137608584e-05 8.147844395386214780e-07 3.67 0.00022385994718 1.6e-09
4.596110096095206457e-05 3.516995937922527293e+00 6.028717572125706636e-02 2.156851874396549084e-04 8.697541036136724186e-06 5.293871611072374177e-07 3.67 0.00022385994718 1.6e-09
4.860181935822249647e-05 3.272852545333419183e+00 8.557620557686010376e-02 2.027897586913270339e-04 -1.392287304698622501e-05 -9.541974345466230946e-08 3.67 0.00022385994718 1.6e-09
-3.401051001165974368e-05 6.799960313610173834e-01 1.423527289015142153e-02 1.131461866084587241e-04 -5.605220989067136953e-05 -2.898331769633061623e-06 3.67 0.00022385994718 1.6e-09
4.525926837413486747e-05 1.861300119144890797e+00 9.987568017076469198e-03 1.337545440998271309e-04 3.653651088720956202e-05 1.211869328493862887e-06 3.67 0.00022385994718 1.6e-09
9.322945152345019158e-05 3.636666171363471811e+00 9.457360442706216896e-02 2.220549918981520052e-04 4.901347918494242405e-06 5.044776591306917374e-07 3.67 0.00022385994718 1.6e-09
-7.206603767571649372e-05 3.004331324409943882e+00 1.045421037665110187e-01 1.888052468912935209e-04 -1.852447552883429061e-05 -4.121493525236357944e-07 3.67 0.00022385994718 1.6e-09
-3.011092174710530673e-05 4.466051819317253813e-01 -3.268402230340135967e-03 1.377277182343438302e-04 -3.758016383204752011e-05 -3.894205993229017332e-06 3.67 0.00022385994718 1.6e-09
-2.257481525628650520e-05 2.348222215700833893e+00 3.166112554249204958e-02 1.560097226696390590e-04 2.845840901578562085e-05 1.204434695988319767e-06 3.67 0.00022385994718 1.6e-09
8.008169018833621931e-05 3.666212463598325755e+00 1.114333125582372686e-01 2.236561886046772060e-04 1.041819393361155224e-06 3.949692862201132637e-07 3.67 0.00022385994718 1.6e-09
1.539582707940006183e-05 2.594442835806615832e+00 1.011413819418287285e-01 1.680472753683995768e-04 -2.464048335621340995e-05 -7.804981156003920133e-07 3.67 0.00022385994718 1.6e-09
3.059301102534269054e-06 3.990123758152103184e-01 -1.669260124789117422e-02 1.478922210142814744e-04 1.355439550799446760e-05 -2.364726661472958247e-06 3.67 0.00022385994718 1.6e-09
-1.534404252253094127e-05 2.811206556501651299e+00 6.795237177247992477e-02 1.789239106478718289e-04 2.145892060043368748e-05 1.151568613606133474e-06 3.67 0.00022385994718 1.6e-09
-5.067451015173910655e-05 3.663172779493984343e+00 1.351466278556023026e-01 2.234791760599223439e-04 -2.929371737670818046e-06 1.835828875128831584e-07 3.67 0.00022385994718 1.6e-09
-7.222409056719282917e-05 2.127369711649087058e+00 9.016640885651608373e-02 1.455903773055581554e-04 -3.201854171162131090e-05 -1.401828046248333708e-06 3.67 0.00022385994718 1.6e-09
4.442967455301564250e-05 5.274181927590568808e-01 -2.085265895423269941e-02 1.254240291028239484e-04 5.057198490405420156e-05 5.529285075440187681e-07 3.67 0.00022385994718 1.6e-09
-5.160663359395526942e-05 3.144713617686836216e+00 1.023778799961781449e-01 1.960721024277444434e-04 1.634069750120586398e-05 1.071519877393085153e-06 3.67 0.00022385994718 1.6e-09
6.119152956392842515e-05 3.603750051488272099e+00 1.556866938804896128e-01 2.202875457456558608e-04 -6.502964412951574927e-06 -3.445187131858996781e-08 3.67 0.00022385994718 1.6e-09
4.590655223003008655e-05 1.643212238243252354e+00 7.293229117592200939e-02 1.248550959518806875e-04 -4.037285912585685346e-05 -2.229568290998659220e-06 3.67 0.00022385994718 1.6e-09
-4.612436467696859598e-05 8.419795417659257097e-01 -1.056717408266130004e-02 1.082523723685184860e-04 5.532345900743571021e-05 2.075495810124189130e-06 3.67 0.00022385994718 1.6e-09
8.210243216168848219e-06 3.358395304070185716e+00 1.257937440101595528e-01 2.072926924889177235e-04 1.217188252920615673e-05 8.894734661301557276e-07 3.67 0.00022385994718 1.6e-09
-3.254232474720619175e-05 3.445293684875792461e+00 1.574540831901032334e-01 2.118842938141717426e-04 -1.031178027332186237e-05 -3.025665269131097094e-07 3.67 0.00022385994718 1.6e-09
-1.723479955910713307e-05 1.070221912246288154e+00 3.729750636717689416e-02 1.085645257972278187e-04 -5.131730571112490941e-05 -3.297038561024096773e-06 3.67 0.00022385994718 1.6e-09
-4.050083092814977468e-06 1.386829467014767836e+00 2.211222899147571169e-02 1.159049827449608013e-04 4.514721105407774491e-05 2.379267169553407332e-06 3.67 0.00022385994718 1.6e-09
7.386386688189820878e-05 3.537900881545376297e+00 1.533734537885938498e-01 2.167941273227679683e-04 8.085761981959168029e-06 6.404971328306860819e-07 3.67 0.00022385994718 1.6e-09
-7.177757663806719820e-05 3.235753647689742607e+00 1.546003726747942342e-01 2.008426715291994477e-04 -1.454880466264448589e-05 -6.771454046670623773e-07 3.67 0.00022385994718 1.6e-09
5.743727498408633604e-05 6.314929528623478561e-01 2.596260881032867729e-03 1.159849115788509708e-04 -5.534484894116279411e-05 -4.067141950569478371e-06 3.67 0.00022385994718 1.6e-09
6.047549178377190126e-05 1.936568007832195626e+00 6.370974947368557295e-02 1.370066939494083086e-04 3.517805364696726094e-05 2.196643054423390235e-06 3.67 0.00022385994718 1.6e-09
-7.148626487897359930e-05 3.643464390538606601e+00 1.803478063594542991e-01 2.224188991131974659e-04 4.367157613246920018e-06 4.081781825393831319e-07 3.67 0.00022385994718 1.6e-09
-8.091687524525735585e-06 2.953970663622100368e+00 1.497920803042370463e-01 1.862120973530639499e-04 -1.924823091968529267e-05 -1.118066743744983579e-06 3.67 0.00022385994718 1.6e-09
-6.712183017350017132e-05 4.291754471889779321e-01 -1.660829156369458826e-02 1.411453513027471917e-04 -3.196219245325393878e-05 -2.905334897437065413e-06 3.67 0.00022385994718 1.6e-09
1.717511569204934884e-05 2.413711652350460479e+00 9.763729039625532180e-02 1.591747882922078946e-04 2.734833420344160321e-05 1.767820533211376739e-06 3.67 0.00022385994718 1.6e-09
-2.855273757689422810e-05 3.662426700362893861e+00 1.851276132407940200e-01 2.234561658657524443e-04 4.737602372884251886e-07 1.307582475129222385e-07 3.67 0.00022385994718 1.6e-09
7.287896884232062224e-05 2.524845013895096635e+00 1.217459537622742755e-01 1.646067391943606178e-04 -2.563375732639787901e-05 -1.579452623937708100e-06 3.67 0.00022385994718 1.6e-09
4.157480019150281314e-05 4.074167306879216133e-01 -2.103668767447186561e-02 1.458514409543945904e-04 2.125203947392353222e-05 1.051962662562823032e-06 3.67 0.00022385994718 1.6e-09
3.275240276566070835e-06 2.868127707088049760e+00 1.349695770671611728e-01 1.818158755213473087e-04 2.057662505926144097e-05 1.332267583333900995e-06 3.67 0.00022385994718 1.6e-09
1.903461947054645436e-05 3.658556951570743454e+00 1.876814353527142543e-01 2.232267239488589568e-04 -3.447942634934752442e-06 -1.985641946872380305e-07 3.67 0.00022385994718 1.6e-09
6.417689475754425081e-05 2.063710661292491810e+00 8.715116165063498122e-02 1.426700899878582441e-04 -3.306528986332336266e-05 -2.116741342714630512e-06 3.67 0.00022385994718 1.6e-09
3.955898078107848676e-05 5.588911668746194827e-01 -1.018167031203863655e-02 1.219631055128032312e-04 5.276858926632312162e-05 3.640421989795790788e-06 3.67 0.00022385994718 1.6e-09
5.615280712403359042e-05 3.176480284116585118e+00 1.627747646543406534e-01 1.977297705196624008e-04 1.573697414311047953e-05 1.007389608817649669e-06 3.67 0.00022385994718 1.6e-09
-1.673061642600509282e-05 3.586683913028017479e+00 1.864246837949370406e-01 2.193783865829521725e-04 -6.961371534628247974e-06 -4.898855402473965350e-07 3.67 0.00022385994718 1.6e-09
5.915736829663914716e-05 1.570833670465418441e+00 5.219514624301758998e-02 1.221308576364823649e-04 -4.169531662422504791e-05 -2.714418373731751185e-06 3.67 0.00022385994718 1.6e-09
-3.044454998064360961e-05 9.042550773260982222e-01 1.579879841361184201e-02 1.077175804032036330e-04 5.430954845795827354e-05 3.608099752378817879e-06 3.67 0.00022385994718 1.6e-09
-5.703875508058164293e-06 3.381841869905127140e+00 1.687477498535036591e-01 2.085322037901773213e-04 1.161283795754268592e-05 6.473325150281702293e-07 3.67 0.00022385994718 1.6e-09
8.793225765785169000e-05 3.416912568115573201e+00 1.626474054390372181e-01 2.103846979686176187e-04 -1.087276542852883132e-05 -7.504783762992321425e-07 3.67 0.00022385994718 1.6e-09
-1.528645929028430450e-05 9.938941156425612489e-01 1.049168520718247490e-02 1.078212110509068364e-04 -5.280252966425170151e-05 -3.072953267894698923e-06 3.67 0.00022385994718 1.6e-09
-1.969729995349355975e-05 1.469138518969765883e+00 5.954623060353321506e-02 1.185643528119680615e-04 4.352137572450249402e-05 2.755298600411185063e-06 3.67 0.00022385994718 1.6e-09
-4.682850668427842981e-06 3.558743288420727069e+00 1.745327932676144500e-01 2.178993595159390683e-04 7.575524681458502106e-06 2.679647571679443157e-07 3.67 0.00022385994718 1.6e-09
-4.388691887094270611e-05 3.206474174184064108e+00 1.348668980220565361e-01 1.993064952305123117e-04 -1.511867108619058847e-05 -1.052907260139685669e-06 3.67 0.00022385994718 1.6e-09
-3.470886441470019950e-05 5.927925406130993835e-01 -1.605397196340870372e-02 1.188994879121667791e-04 -5.429719302243561917e-05 -2.108472656007764890e-06 3.67 0.00022385994718 1.6e-09
2.947317966421396398e-05 1.999947801219673194e+00 9.663091105088233990e-02 1.398086192377037034e-04 3.408234529926075897e-05 2.052583930290580148e-06 3.67 0.00022385994718 1.6e-09
-9.019300138943259085e-05 3.650359202746153553e+00 1.788982724556357762e-01 2.227895801303280375e-04 3.906617230273774636e-06 7.612661379397486604e-10 3.67 0.00022385994718 1.6e-09
2.265291342944774744e-05 2.908876034252598330e+00 1.124012867178621755e-01 1.839005205393628864e-04 -1.995337612734951856e-05 -1.350727854407135144e-06 3.67 0.00022385994718 1.6e-09
-1.924480128451177557e-05 4.159711752451524802e-01 -2.140372380846066250e-02 1.439671079988889921e-04 -2.607234651857154119e-05 8.077679349016261889e-07 3.67 0.00022385994718 1.6e-09
7.671437893717354814e-05 2.474645905876732499e+00 1.134199513988289887e-01 1.621456893535365884e-04 2.640710722378676785e-05 1.303027763918277392e-06 3.67 0.00022385994718 1.6e-09
-1.212322218104867064e-05 3.663610150070916838e+00 1.554019428187863872e-01 2.235203047439874246e-04 -4.121535497375087858e-08 -2.517026317785538528e-07 3.67 0.00022385994718 1.6e-09
1.781151947378243342e-05 2.463990736985688379e+00 7.062417297572134989e-02 1.616228796280585079e-04 -2.660632871254155018e-05 -1.509784800341551695e-06 3.67 0.00022385994718 1.6e-09
4.075879141269627369e-06 4.182343036866453811e-01 -1.151592245764772489e-02 1.433878536626211433e-04 2.766766233184908284e-05 4.135231528224356835e-06 3.67 0.00022385994718 1.6e-09
1.357371058960415338e-05 2.919544790247934785e+00 1.310864382258669636e-01 1.844403415521766402e-04 1.986576778381610877e-05 7.570368546181234358e-07 3.67 0.00022385994718 1.6e-09
-6.761871574191951066e-05 3.658393207973571926e+00 1.370899595221030665e-01 2.232128600672710680e-04 -3.899390976195915093e-06 -5.072295500998046533e-07 3.67 0.00022385994718 1.6e-09
-3.110677004756085559e-05 2.007634265668594153e+00 3.388885524663855231e-02 1.401387316433276749e-04 -3.408271985605867635e-05 -1.650283086489012610e-06 3.67 0.00022385994718 1.6e-09
1.112968313874109958e-07 5.897404306692319853e-01 6.355423538679820170e-03 1.191119912056379183e-04 5.419290000523543016e-05 4.286470674789507219e-06 3.67 0.00022385994718 1.6e-09
-7.882017605170539391e-06 3.206850447552848316e+00 1.346677731935254640e-01 1.993190614270686119e-04 1.523561363886681201e-05 4.443734458105735830e-07 3.67 0.00022385994718 1.6e-09
2.539437194555112167e-05 3.572054409508408135e+00 1.200625937804516430e-01 2.186014979360250841e-04 -7.431452828153133715e-06 -6.492898187551236132e-07 3.67 0.00022385994718 1.6e-09
-5.932623696991109509e-05 1.497772084443279805e+00 8.490704270584212981e-03 1.195281179543984033e-04 -4.312116399027311200e-05 -1.722157664667826776e-06 3.67 0.00022385994718 1.6e-09
5.112520245029061774e-05 9.686314965511124697e-01 3.010131290604902213e-02 1.077095482954774561e-04 5.322754500166647427e-05 2.732460914659795445e-06 3.67 0.00022385994718 1.6e-09
-6.053603345232671509e-05 3.409824329609297600e+00 1.122594396306837439e-01 2.100108155924547415e-04 1.109135297714139459e-05 1.055691562707121210e-07 3.67 0.00022385994718 1.6e-09
-8.028236131327662188e-05 3.394060266466388143e+00 7.930843797145767371e-02 2.091781842905114761e-04 -1.142572055996893907e-05 -7.024442428883273033e-07 3.67 0.00022385994718 1.6e-09
3.105185963291912652e-05 9.250556054033289843e-01 -1.414977169581724606e-02 1.076512132088105003e-04 -5.409209695481704183e-05 -1.048876720450376384e-06 3.67 0.00022385994718 1.6e-09
-2.136425380299535824e-05 1.544942140977833667e+00 5.852648615932197484e-02 1.212067873411277650e-04 4.217227531366361299e-05 1.617332135968741371e-06 3.67 0.00022385994718 1.6e-09
9.030591173139549657e-05 3.580861631723730731e+00 1.026536765063894019e-01 2.190744115159557349e-04 7.096593976197739118e-06 -1.495258556624452925e-07 3.67 0.00022385994718 1.6e-09
8.629191070713717574e-05 3.179994888512476692e+00 5.191657431643953435e-02 1.979190901708719223e-04 -1.569805501231491199e-05 -8.048328121860725161e-07 3.67 0.00022385994718 1.6e-09
7.936020936695346758e-06 5.602088226209174238e-01 -2.006889265256222438e-02 1.218787795125393029e-04 -5.279318874809065107e-05 7.251616457625206068e-07 3.67 0.00022385994718 1.6e-09
-9.848750552599012205e-06 2.060438543337975048e+00 6.923044339651071577e-02 1.425347399115731877e-04 3.313355967725756495e-05 9.639928264008801790e-07 3.67 0.00022385994718 1.6e-09
8.469407651584185239e-05 3.657192830957658902e+00 9.109154735352260890e-02 2.231599139578693022e-04 3.416758958098627282e-06 -2.407113804235580503e-07 3.67 0.00022385994718 1.6e-09
-8.179478105000257033e-05 2.858809618509334349e+00 3.572355908671964730e-02 1.813480494345791100e-04 -2.074172875789059161e-05 -8.268399048619046027e-07 3.67 0.00022385994718 1.6e-09
-5.462917099640752594e-06 4.054538321302995074e-01 -1.240746595136454390e-02 1.463925890955789758e-04 -1.945550885477444100e-05 2.821473185028171930e-06 3.67 0.00022385994718 1.6e-09
-5.417884167824610391e-05 2.540941842947674001e+00 6.070902920827185578e-02 1.653997334274841030e-04 2.548498666075224768e-05 3.475609315357772564e-07 3.67 0.00022385994718 1.6e-09
1.085963945499024083e-04 3.668432104714038466e+00 5.517049310075974877e-02 2.237759789666462780e-04 -5.872017084852707001e-07 -3.246362341419471821e-07 3.67 0.00022385994718 1.6e-09
3.609438305051014474e-05 2.404836385453139158e+00 5.011061845322874880e-03 1.587413582300837569e-04 -2.759733290270384388e-05 -6.349662534417569451e-07 3.67 0.00022385994718 1.6e-09
2.714336988538801896e-05 4.309835553501871752e-01 -4.961769831032620745e-04 1.406927752306676247e-04 3.316826628113377160e-05 3.326127875414858752e-06 3.67 0.00022385994718 1.6e-09
1.600366377486117571e-05 2.968205586117523609e+00 6.216121246667843936e-02 1.869366110374133896e-04 1.919597819962879650e-05 1.106382118180939332e-07 3.67 0.00022385994718 1.6e-09
1.054576595633607453e-04 3.655283447301367339e+00 4.379516169964736000e-02 2.230435401922800935e-04 -4.388441099845473874e-06 -3.895305344839337980e-07 3.67 0.00022385994718 1.6e-09
-5.465468544631299930e-05 1.946296421691495304e+00 -7.393403104309824447e-03 1.374183168648669098e-04 -3.516277562310610616e-05 -5.676561377731467976e-07 3.67 0.00022385994718 1.6e-09
3.397406468043351178e-06 6.253992182915750764e-01 8.254456595525715840e-03 1.163747517978910384e-04 5.537822879486786862e-05 1.919146587929611549e-06 3.67 0.00022385994718 1.6e-09
-2.937572078537932182e-05 3.238645487221293529e+00 4.830456544764637206e-02 2.009877198348824752e-04 1.467790271957593488e-05 1.722986226438785983e-08 3.67 0.00022385994718 1.6e-09
-8.293320454890494109e-05 3.552460863526133661e+00 3.050966745662159196e-02 2.175628542549129843e-04 -7.964277145383493026e-06 -3.226775135599206010e-07 3.67 0.00022385994718 1.6e-09
4.211087283742293870e-06 1.414474826359746196e+00 -9.084759131332695997e-03 1.167561124574636479e-04 -4.472597351744402272e-05 -3.869533611263358873e-07 3.67 0.00022385994718 1.6e-09
3.920116540485581359e-06 1.043966413879190647e+00 1.503416156433285029e-02 1.082552509468888381e-04 5.194022529345728481e-05 6.641285726836610572e-07 3.67 0.00022385994718 1.6e-09
-9.214015002955949058e-05 3.440488462226431121e+00 2.154156784019174015e-02 2.116304301580934221e-04 1.051382649155569310e-05 -1.302703136526918106e-07 3.67 0.00022385994718 1.6e-09
8.685730303083963701e-05 3.370135926507815238e+00 1.736363555702956840e-03 2.079122545854414166e-04 -1.201889480848666960e-05 -2.282210628499554252e-07 3.67 0.00022385994718 1.6e-09
2.595945299763668913e-05 8.613693293293571696e-01 -1.152146410340603062e-02 1.080169828811714211e-04 -5.510381102783583633e-05 3.633024553520303231e-07 3.67 0.00022385994718 1.6e-09
-2.848569548336875377e-05 1.619800174598970077e+00 2.074652628350036332e-02 1.239790734769803866e-04 4.084913040029059000e-05 3.443366652928335279e-07 3.67 0.00022385994718 1.6e-09
-2.394740944300061505e-05 3.597731014617091994e+00 2.196519690912620421e-02 2.199738845627468783e-04 6.595256526237603160e-06 -1.395739901482901836e-07 3.67 0.00022385994718 1.6e-09
-2.091197905281549419e-06 3.143743967770959102e+00 1.466494273175632333e-03 1.960297670732331823e-04 -1.632851968727796273e-05 -2.366364078973127928e-07 3.67 0.00022385994718 1.6e-09
-5.340743001580285147e-05 5.272496528267208715e-01 -7.514432077888160907e-03 1.255195544706745494e-04 -5.046158340220358474e-05 9.709942078434948401e-07 3.67 0.00022385994718 1.6e-09
4.429004837538216193e-05 2.130019500468150362e+00 1.271790330016137754e-02 1.457220440861916591e-04 3.200766561156766714e-05 1.533906183999540462e-07 3.67 0.00022385994718 1.6e-09
1.520118386375456305e-05 3.661842581662688723e+00 1.538110117870081055e-02 2.234132181379885180e-04 2.858616641270647940e-06 -5.181457865770992214e-08 3.67 0.00022385994718 1.6e-09
-7.045812385972074706e-05 2.798480963778895436e+00 4.973550399890825507e-03 1.782846867817788699e-04 -2.164572860723652911e-05 -1.479640545575197309e-07 3.67 0.00022385994718 1.6e-09
1.288320246758399736e-05 3.974683979111359733e-01 -2.599425658119624161e-03 1.483407636803838565e-04 -1.167009435591594695e-05 7.523159667845097204e-07 3.67 0.00022385994718 1.6e-09
6.989998314050234745e-05 2.611516596447144067e+00 1.992833537932746368e-03 1.688943404273220194e-04 2.444656567860594627e-05 -1.905707470595205966e-08 3.67 0.00022385994718 1.6e-09
-5.250814219661197431e-05 3.670657750968841171e+00 -8.119901121874999140e-04 2.238913360761551202e-04 -1.157615753838890855e-06 -2.938186570025900335e-08 3.67 0.00022385994718 1.6e-09
3.473003128857841883e-05 2.340020989778194505e+00 -2.969207191078999594e-03 1.556112596631776764e-04 -2.864290943289431532e-05 -3.105234607281459026e-09 3.67 0.00022385994718 1.6e-09
-1.806066063604997460e-05 4.482180514497483559e-01 -2.559291398717114009e-03 1.373311038224386870e-04 3.855525723608537781e-05 3.026244244116636736e-09 3.67 0.00022385994718 1.6e-09
-1.411079239864414931e-05 3.015392799731499984e+00 8.631093814333377912e-03 1.893684530414625603e-04 1.846963988438001921e-05 1.064454532025899787e-07 3.67 0.00022385994718 1.6e-09
-6.899679927003760733e-06 3.645232033974706631e+00 1.422312261446130599e-02 2.225059137180889412e-04 -4.911569775802891372e-06 4.030743342213704136e-09 3.67 0.00022385994718 1.6e-09
-2.217361356913722544e-05 1.871924880913161893e+00 7.698168897067582568e-03 1.341933613674692132e-04 -3.642948820433417051e-05 -1.766823234476073352e-07 3.67 0.00022385994718 1.6e-09
-1.561689431540665306e-05 6.725305699256582947e-01 -7.328222164284591694e-03 1.134961740697813066e-04 5.614839190581725201e-05 -4.206394350041782565e-07 3.67 0.00022385994718 1.6e-09
-1.855823904991674389e-05 3.272756585210747637e+00 1.815802330358342286e-03 2.027785280066648414e-04 1.403964568449260337e-05 1.756774025248173735e-07 3.67 0.00022385994718 1.6e-09
5.237258988832141636e-05 3.529847060038854067e+00 1.683011063963498963e-02 2.163617125405889344e-04 -8.549834176281085512e-06 9.828525692353660424e-08 3.67 0.00022385994718 1.6e-09
-4.261541375379789031e-05 1.327621800051401291e+00 1.360376801805172724e-02 1.141284950847135300e-04 -4.640496888180543141e-05 -3.608944004203184716e-07 3.67 0.00022385994718 1.6e-09
-1.520090342834103469e-05 1.125582120079000603e+00 -1.030184632387799899e-02 1.094184618863107894e-04 5.036233983085441868e-05 -1.285532066529056012e-07 3.67 0.00022385994718 1.6e-09
2.861160217468921657e-05 3.467684253562173247e+00 1.495914195790623829e-03 2.130704541592863413e-04 9.901808404909107119e-06 1.739425755985372022e-07 3.67 0.00022385994718 1.6e-09
7.799484052920621256e-05 3.339831193791483077e+00 1.652506378981292989e-02 2.063137344064940753e-04 -1.264194750376185794e-05 9.591942302001041157e-08 3.67 0.00022385994718 1.6e-09
4.163824946729851359e-05 7.957988163217601940e-01 8.967052626612770014e-03 1.090628076215927511e-04 -5.588944780846093283e-05 -7.123054698471930153e-07 3.67 0.00022385994718 1.6e-09
7.236096725384801915e-06 1.701543655374668340e+00 -6.437593747835912254e-03 1.271611552279499984e-04 3.936121177625132538e-05 3.413066264881205965e-07 3.67 0.00022385994718 1.6e-09
1.815024549471890773e-05 3.612170581571747086e+00 2.595223368613464726e-02 2.207457621912926936e-04 6.024285645283072044e-06 2.557702916878378331e-07 3.67 0.00022385994718 1.6e-09
-9.213592895092745036e-05 3.098266726101726043e+00 3.925677639999464175e-02 1.936667047705948285e-04 -1.705506112350037041e-05 -3.841433904337429532e-08 3.67 0.00022385994718 1.6e-09
-3.020412323060477812e-05 4.946986325892784309e-01 2.889816629218562583e-03 1.298172675220033909e-04 -4.689021009857370431e-05 -1.812887599730691968e-06 3.67 0.00022385994718 1.6e-09
4.896197595962182843e-05 2.206711074924337268e+00 -5.041178923432938080e-03 1.492879552057082681e-04 3.075750935828081104e-05 4.709987788111704555e-07 3.67 0.00022385994718 1.6e-09
