2.971266234125453150e-06 2.250132769042963776e+00 -5.112004759983727144e-05 1.514487248500479488e-04 -2.885567515204359360e-05 -9.550550391352559156e-10 3.52 0.00021593562481 1.6e-09
3.075490192287815640e-05 4.738278220891308790e-01 -3.664582328204698224e-03 1.334771216705768081e-04 4.179290514281661041e-05 -2.808548917140809462e-07 3.52 0.00021593562481 1.6e-09
1.853386715550935234e-05 2.993055282250109528e+00 6.970230550395480063e-03 1.883056878722511778e-04 1.687930413274064102e-05 1.441620265477994267e-07 3.52 0.00021593562481 1.6e-09
-5.171199476589389855e-05 3.417368089149635857e+00 1.625893658139349052e-02 2.104726706897319557e-04 -7.639818283100162957e-06 3.016301849869391269e-08 3.52 0.00021593562481 1.6e-09
5.434759573732425824e-06 1.272267837141696223e+00 8.140138095795217132e-03 1.128134975021730357e-04 -4.665070856198719619e-05 -3.331790522396722855e-07 3.52 0.00021593562481 1.6e-09
1.889821649144597678e-05 1.169227861996992246e+00 -4.392958436651456071e-03 1.104519637049173437e-04 4.866350997445188700e-05 4.740062670061141273e-08 3.52 0.00021593562481 1.6e-09
-1.551905324250486530e-05 3.388482416333121527e+00 6.413614957503943094e-03 2.089520062401041241e-04 8.372104486366292866e-06 1.061948268182922556e-07 3.52 0.00021593562481 1.6e-09
-3.142473628632865527e-05 3.035270849243271840e+00 1.302392194705650694e-02 1.904903152981315441e-04 -1.605705749064912171e-05 7.086728557636382878e-09 3.52 0.00021593562481 1.6e-09
-2.297678853029582591e-05 5.020580484498380347e-01 1.197681063863857698e-03 1.293094205366939874e-04 -4.602086877499269099e-05 -6.261381361366898180e-07 3.52 0.00021593562481 1.6e-09
6.038285551565654593e-05 2.176505366689633902e+00 -9.475141993248030123e-03 1.480021036570429069e-04 3.006307108974666531e-05 1.808210912722410356e-07 3.52 0.00021593562481 1.6e-09
-6.336772461538808321e-05 3.520169753436469762e+00 1.213120987660549696e-02 2.159433950844567569e-04 6.389984986172352335e-07 1.974442223227908780e-07 3.52 0.00021593562481 1.6e-09
-4.917025168491615217e-05 2.324383249334006418e+00 2.287103496398527891e-02 1.549724330227111868e-04 -2.765048771243243584e-05 -5.921795283876393951e-08 3.52 0.00021593562481 1.6e-09
-2.560862976437735476e-07 4.501737629605456203e-01 -8.748193754189430987e-03 1.375254036461656681e-04 3.648959984635379727e-05 -1.410617828651423788e-06 3.52 0.00021593562481 1.6e-09
-6.075319171304873530e-05 2.946723012431935906e+00 1.054622661051788507e-02 1.859175605893316984e-04 1.773353241060421842e-05 3.957789658479301854e-07 3.52 0.00021593562481 1.6e-09
-2.533653917653956616e-05 3.441952602303351760e+00 3.995425852865526484e-02 2.117695146673100970e-04 -6.931471976482445009e-06 1.509226668202869690e-07 3.52 0.00021593562481 1.6e-09
4.464360055247976124e-06 1.373699034258730078e+00 2.643144698093219044e-02 1.156638883069718783e-04 -4.464479554283140095e-05 -7.822044645633857502e-07 3.52 0.00021593562481 1.6e-09
4.301692780450158519e-05 1.071355944835973073e+00 -1.294561413339891109e-02 1.088212450075339352e-04 5.056971171303320382e-05 1.625139755956704249e-07 3.52 0.00021593562481 1.6e-09
9.067749940067477098e-05 3.359439959728174774e+00 2.339261878264382172e-02 2.074229708739451158e-04 9.105702671895484043e-06 3.489520460929710460e-07 3.52 0.00021593562481 1.6e-09
-7.925869714923836811e-05 3.078431860133258091e+00 4.425675143753507457e-02 1.927277568175590479e-04 -1.521675450239729664e-05 1.100823011769866304e-08 3.52 0.00021593562481 1.6e-09
-5.215962221879254186e-05 5.379703113573301998e-01 5.494498746589986451e-03 1.247950026633090539e-04 -4.966749146167965872e-05 -2.081971204261203654e-06 3.52 0.00021593562481 1.6e-09
-4.004234464418659632e-05 2.095461259562827916e+00 -3.954809787375997837e-03 1.442643637810908490e-04 3.143077153811171489e-05 5.973337228148151139e-07 3.52 0.00021593562481 1.6e-09
-9.545827195982809084e-05 3.519262781813088825e+00 4.668737017338370210e-02 2.158924221595722999e-04 1.332863735279193105e-06 3.571792721381599997e-07 3.52 0.00021593562481 1.6e-09
-4.419113877164170413e-05 2.404414233860705963e+00 5.572175746530477758e-02 1.588176896841801623e-04 -2.636528537069448473e-05 -3.248087524987870315e-07 3.52 0.00021593562481 1.6e-09
7.332421377647249455e-06 4.295555684281566755e-01 -1.341345456319519187e-02 1.415210402306335785e-04 2.959479504759478092e-05 -2.053347664699595424e-06 3.52 0.00021593562481 1.6e-09
1.555489986478848547e-06 2.891287061116497803e+00 3.196378652122786046e-02 1.830746660904672364e-04 1.868883039573066072e-05 7.290248753686483807e-07 3.52 0.00021593562481 1.6e-09
-4.351182699224278374e-05 3.464193614979437008e+00 7.963411285861110578e-02 2.129452112929129367e-04 -6.169408076117451105e-06 1.758287091366428080e-07 3.52 0.00021593562481 1.6e-09
-3.605924749066100965e-05 1.482217683783275008e+00 4.658676984332162790e-02 1.191643023789451110e-04 -4.251097320436258162e-05 -1.359367784646235619e-06 3.52 0.00021593562481 1.6e-09
-1.938477321813013426e-05 9.709913923727404583e-01 -1.532989782186112981e-02 1.079681594138989992e-04 5.242725494891639388e-05 6.679796994088254778e-07 3.52 0.00021593562481 1.6e-09
4.969080833037361762e-05 3.325629230917529267e+00 5.795548560566662899e-02 2.056446621978998655e-04 9.912854662392323279e-06 5.896875589736300853e-07 3.52 0.00021593562481 1.6e-09
7.468407523195099101e-05 3.122285443900754132e+00 8.554816758858177494e-02 1.950063593770940654e-04 -1.433725078717256203e-05 -1.162962290570072842e-07 3.52 0.00021593562481 1.6e-09
3.813202385465104950e-05 5.845018179058582009e-01 8.460634134029495698e-03 1.200943150985712374e-04 -5.252436030816316163e-05 -3.247118497624138638e-06 3.52 0.00021593562481 1.6e-09
1.609438897984511479e-05 2.005017444527999348e+00 1.334110440507228941e-02 1.401791071724562267e-04 3.296455786524780311e-05 1.175362838992076628e-06 3.52 0.00021593562481 1.6e-09
1.183705154830628174e-05 3.516406110037041621e+00 9.419974077131770818e-02 2.157363275261993678e-04 2.086271797085622657e-06 4.469795249026979574e-07 3.52 0.00021593562481 1.6e-09
7.032268672424399358e-05 2.490675792675286715e+00 9.090066687409426027e-02 1.630119545062024998e-04 -2.499147025626893468e-05 -7.018840601511888095e-07 3.52 0.00021593562481 1.6e-09
-4.129092427456436138e-06 4.130756720900308210e-01 -1.712000491457234957e-02 1.450726553611641502e-04 2.087383484993977082e-05 -2.114540820823375414e-06 3.52 0.00021593562481 1.6e-09
-2.989469461035760374e-05 2.824189221495135627e+00 6.365653388265590795e-02 1.796538385942421389e-04 1.978364888259114246e-05 1.069271180657409730e-06 3.52 0.00021593562481 1.6e-09
-4.410318571432101818e-05 3.482497913271146661e+00 1.239575255603576204e-01 2.139157888943942149e-04 -5.353497526450280379e-06 1.114902288033565082e-07 3.52 0.00021593562481 1.6e-09
-5.878362599077876756e-05 1.595486561307032147e+00 6.417883521308266614e-02 1.232146552831887571e-04 -4.032099321650479588e-05 -1.890578023695944670e-06 3.52 0.00021593562481 1.6e-09
1.757794613787056251e-05 8.721497381736138532e-01 -1.316147902353720714e-02 1.082215362607369944e-04 5.398928313678792842e-05 1.494347780734378549e-06 3.52 0.00021593562481 1.6e-09
-9.235912677211988891e-05 3.286941600373999961e+00 9.960921101572867142e-02 2.036124684194044352e-04 1.078798200678804223e-05 7.751300680947429794e-07 3.52 0.00021593562481 1.6e-09
-9.355251222609528117e-05 3.166497114882183439e+00 1.258460113865568775e-01 1.973107919396401878e-04 -1.338921249936139612e-05 -3.242114757382859008e-07 3.52 0.00021593562481 1.6e-09
2.368152804540125407e-05 6.438469989884827438e-01 9.633058404329236657e-03 1.156127602856364531e-04 -5.435309205462850684e-05 -3.905250021688603458e-06 3.52 0.00021593562481 1.6e-09
-5.111385328497942743e-05 1.904773195446471723e+00 3.595712498784192634e-02 1.357683039658055747e-04 3.469293784370991744e-05 1.791555022784655778e-06 3.52 0.00021593562481 1.6e-09
1.548222659818522144e-05 3.510704500002972850e+00 1.410912563755948590e-01 2.154279498804076431e-04 2.911407080215031216e-06 4.504839640136678568e-07 3.52 0.00021593562481 1.6e-09
6.405121476949578087e-05 2.581167278933021336e+00 1.192961024506763862e-01 1.674650283495288030e-04 -2.354804917132641290e-05 -1.071883052478244113e-06 3.52 0.00021593562481 1.6e-09
4.359102486422508914e-05 4.025171824323348080e-01 -1.969879716460708197e-02 1.475435589397040435e-04 1.046638313057546049e-05 -1.629115291816928851e-06 3.52 0.00021593562481 1.6e-09
-6.662432024662261415e-05 2.745117155502669881e+00 9.512710340869970360e-02 1.756526004855412466e-04 2.101588967818401353e-05 1.334358422961327376e-06 3.52 0.00021593562481 1.6e-09
-4.374373592692501527e-05 3.495805208835881750e+00 1.597326714282033544e-01 2.146251125940418366e-04 -4.496070616907232594e-06 -1.521630781696453228e-08 3.52 0.00021593562481 1.6e-09
1.984050851784857403e-05 1.709036946423895476e+00 7.436161164241911203e-02 1.276015754015608983e-04 -3.818651947276962655e-05 -2.232575017919900572e-06 3.52 0.00021593562481 1.6e-09
2.107912966177763155e-05 7.803925531418686168e-01 -8.627675586252363943e-03 1.097765479740507794e-04 5.495507797932412723e-05 2.487165227803547811e-06 3.52 0.00021593562481 1.6e-09
-9.111365696810054657e-06 3.244564591338874759e+00 1.358625545513885979e-01 2.013912586468500146e-04 1.169180808285699565e-05 8.604825052470594144e-07 3.52 0.00021593562481 1.6e-09
5.221057505563748394e-05 3.209968702223785719e+00 1.537820504636159546e-01 1.995806085238084203e-04 -1.244398287430915529e-05 -5.460021546845630520e-07 3.52 0.00021593562481 1.6e-09
-2.533047983611366939e-05 7.159625265446878384e-01 8.485277254260317065e-03 1.118922024667155584e-04 -5.505976115051696622e-05 -3.981293873492987163e-06 3.52 0.00021593562481 1.6e-09
5.719605806545214461e-05 1.797430005433435118e+00 5.645676659353422722e-02 1.312131052728317173e-04 3.656126895573926942e-05 2.298872790193874725e-06 3.52 0.00021593562481 1.6e-09
-1.870056505321153072e-05 3.501691098091417764e+00 1.735932900826214209e-01 2.149438732243190171e-04 3.773849407331647228e-06 3.690345517323108657e-07 3.52 0.00021593562481 1.6e-09
-3.080496776251539370e-05 2.670464569546595612e+00 1.325659513232452791e-01 1.719081264822262714e-04 -2.212716157009358763e-05 -1.332007050084960654e-06 3.52 0.00021593562481 1.6e-09
-5.168390086387615839e-05 3.993596293611298975e-01 -2.120700083162018260e-02 1.483257644768510588e-04 -7.003056553076020962e-07 -7.277358050015674409e-07 3.52 0.00021593562481 1.6e-09
8.868220258129610090e-06 2.658169751599573694e+00 1.166260036580006598e-01 1.712926173534605066e-04 2.233718691509537364e-05 1.451700872825659126e-06 3.52 0.00021593562481 1.6e-09
-1.006481958266442639e-04 3.504381676587540184e+00 1.760166475334650760e-01 2.150863375196569380e-04 -3.632596730897001492e-06 -1.674134751782951357e-07 3.52 0.00021593562481 1.6e-09
-3.653931682190144725e-06 1.817150654405407684e+00 7.342017125600802663e-02 1.320303283596177297e-04 -3.620871428530343379e-05 -2.305014406079565947e-06 3.52 0.00021593562481 1.6e-09
5.161507570616175072e-05 7.011155081772062481e-01 -3.554922734821431424e-03 1.125332278831761980e-04 5.504278996436409764e-05 3.422962151178373824e-06 3.52 0.00021593562481 1.6e-09
-4.022342883792542716e-05 3.201108337794002612e+00 1.559955906863089714e-01 1.991178372912720800e-04 1.260879908963158066e-05 8.213999970853548473e-07 3.52 0.00021593562481 1.6e-09
3.509876197199469146e-05 3.251251376471473442e+00 1.610826464476304010e-01 2.017413957145352415e-04 -1.152206612855790347e-05 -7.181566103968750685e-07 3.52 0.00021593562481 1.6e-09
2.032061537360215791e-05 7.974546933643360536e-01 4.623679448295523430e-03 1.093633571544421867e-04 -5.478217575623734131e-05 -3.539460797391482684e-06 3.52 0.00021593562481 1.6e-09
-1.168099505099206287e-05 1.688365800375636105e+00 6.902837101999620417e-02 1.267904726913304651e-04 3.852326306023000200e-05 2.561731879728024914e-06 3.52 0.00021593562481 1.6e-09
3.413857715509095589e-05 3.489738712413444688e+00 1.821990175729588934e-01 2.143056309378442903e-04 4.615481784318731821e-06 2.214987254846989856e-07 3.52 0.00021593562481 1.6e-09
-8.050422457554251598e-05 2.752088231243397409e+00 1.260405230749914729e-01 1.760080920682180797e-04 -2.083792570086793311e-05 -1.421673123022938391e-06 3.52 0.00021593562481 1.6e-09
2.647631119340250363e-07 4.035558842140611335e-01 -2.164613677645195813e-02 1.473304740559880279e-04 -1.139320845491563075e-05 3.953014215939374039e-07 3.52 0.00021593562481 1.6e-09
5.469088682134940751e-05 2.570709313770115578e+00 1.221720944518965291e-01 1.669497348352578592e-04 2.367762112652255398e-05 1.376908233705588194e-06 3.52 0.00021593562481 1.6e-09
-1.554671933075174616e-05 3.509803532321924990e+00 1.675730661279015432e-01 2.153809143994807091e-04 -2.825095006520530706e-06 -3.065649425485546772e-07 3.52 0.00021593562481 1.6e-09
-6.632874804706532341e-05 1.915380393045796215e+00 6.057481051199021388e-02 1.362290622380941539e-04 -3.446775554202588239e-05 -2.098177521095318066e-06 3.52 0.00021593562481 1.6e-09
-3.658949162946801631e-05 6.365374274768671459e-01 8.671818500404092269e-04 1.160839700886708172e-04 5.420626560729784982e-05 4.047784314711329036e-06 3.52 0.00021593562481 1.6e-09
8.697073534755647630e-05 3.159394542492719449e+00 1.542915954160495040e-01 1.969408511028079357e-04 1.348239912699840650e-05 6.653650509495125770e-07 3.52 0.00021593562481 1.6e-09
-8.785650605786985128e-05 3.289279487950255820e+00 1.454656783074215198e-01 2.037357937844384078e-04 -1.066809141466409920e-05 -7.948219674892620670e-07 3.52 0.00021593562481 1.6e-09
1.210410520016313695e-05 8.834925391000616468e-01 -1.529619830178604971e-03 1.081190402683610599e-04 -5.380193841250926145e-05 -2.742382933581967561e-06 3.52 0.00021593562481 1.6e-09
-1.350230905350094799e-05 1.582822833845745292e+00 7.097686218276069714e-02 1.227541071770284664e-04 4.048602904370979792e-05 2.497127985341446992e-06 3.52 0.00021593562481 1.6e-09
9.316095867864492821e-05 3.475753196497072040e+00 1.647299754138051020e-01 2.135619652286210673e-04 5.402301626436758672e-06 4.382744034891879210e-08 3.52 0.00021593562481 1.6e-09
-2.084796247004043284e-06 2.822676974425320395e+00 1.010590214916112922e-01 1.795812409641240888e-04 -1.972961678879172622e-05 -1.327559475966840105e-06 3.52 0.00021593562481 1.6e-09
3.426989113202610801e-05 4.135916852575640679e-01 -2.080930077403041201e-02 1.450144920793192994e-04 -2.069407984434373099e-05 1.471903366132150241e-06 3.52 0.00021593562481 1.6e-09
3.881878531391744474e-05 2.488405241816388003e+00 1.105449307298488615e-01 1.629040633497137779e-04 2.497280536788023885e-05 1.114994112766648403e-06 3.52 0.00021593562481 1.6e-09
-7.660553571348758411e-05 3.513709253904032437e+00 1.363976680587726809e-01 2.155942510116884002e-04 -2.082833753342621153e-06 -3.963488391590568487e-07 3.52 0.00021593562481 1.6e-09
2.945150615380182402e-05 2.003014756743462854e+00 3.901010689726382152e-02 1.400895083729176353e-04 -3.297009970704342099e-05 -1.665050195576182956e-06 3.52 0.00021593562481 1.6e-09
5.275395496786750731e-05 5.852548674014819152e-01 3.853073310583356170e-03 1.200266641558911645e-04 5.250554553560711209e-05 4.147069256481374685e-06 3.52 0.00021593562481 1.6e-09
-5.318833856894591603e-05 3.120410089129819653e+00 1.315387004331128873e-01 1.949091923581189626e-04 1.432212586617264064e-05 4.363026766538219016e-07 3.52 0.00021593562481 1.6e-09
9.231873945552920391e-05 3.323831426565503566e+00 1.116804523363199853e-01 2.055495452203311157e-04 -9.913271694256885232e-06 -7.556834710730830539e-07 3.52 0.00021593562481 1.6e-09
3.166661890016472390e-05 9.710449043947757541e-01 -8.236483769744496614e-03 1.079609225607211661e-04 -5.242106110015483443e-05 -1.804751247804487258e-06 3.52 0.00021593562481 1.6e-09
-5.068271885224840458e-05 1.482432627202377340e+00 6.261562520868715898e-02 1.191812686572036304e-04 4.242691122363399998e-05 2.107516144599085072e-06 3.52 0.00021593562481 1.6e-09
-4.827019688848725450e-05 3.460047828998042085e+00 1.266252276780384101e-01 2.127290266333444987e-04 6.141139716309484690e-06 -1.159710154465517478e-07 3.52 0.00021593562481 1.6e-09
-1.432386928975238894e-05 2.882921849268055947e+00 6.492566311420910896e-02 1.826510462191750631e-04 -1.876228706607988898e-05 -1.078283300081165765e-06 3.52 0.00021593562481 1.6e-09
-2.058163154654367349e-05 4.279883716407709704e-01 -1.845639711094755608e-02 1.419096814416453663e-04 -2.846945345368252935e-05 2.202782073476765184e-06 3.52 0.00021593562481 1.6e-09
-5.245039966896365604e-05 2.412098365245050502e+00 8.494686211596413905e-02 1.591908012405249088e-04 2.620739219700742972e-05 7.311669283848493952e-07 3.52 0.00021593562481 1.6e-09
1.037680699512816783e-04 3.516765850142219207e+00 9.114197366945261947e-02 2.157606252062114083e-04 -1.420781155057051006e-06 -4.087360853583659075e-07 3.52 0.00021593562481 1.6e-09
-1.147174578072553819e-05 2.082891497677420656e+00 1.523229666929131094e-02 1.436926280805686800e-04 -3.162195404483521976e-05 -1.109640554584408767e-06 3.52 0.00021593562481 1.6e-09
-5.619959232289231497e-05 5.437021738249594449e-01 4.839909684183039962e-03 1.241225327362624410e-04 5.010532652147041361e-05 3.625076377066941430e-06 3.52 0.00021593562481 1.6e-09
-4.697855636281429530e-05 3.082860297987242149e+00 9.457529179076160086e-02 1.929565849654141479e-04 1.511430094870545469e-05 2.046329149362560188e-07 3.52 0.00021593562481 1.6e-09
-1.895929797583915201e-05 3.355443991939444537e+00 7.010353981989446426e-02 2.072116887888161634e-04 -9.192083919192225923e-06 -6.098016368096201106e-07 3.52 0.00021593562481 1.6e-09
1.284205673869258138e-05 1.060538018795214699e+00 -1.278544585015870851e-02 1.086742344334863056e-04 -5.079230016414692638e-05 -9.503566407399895644e-07 3.52 0.00021593562481 1.6e-09
-5.485593393647060186e-05 1.385164595380048436e+00 4.657355506094607023e-02 1.160226555099935840e-04 4.435722563739725760e-05 1.487118500831314878e-06 3.52 0.00021593562481 1.6e-09
9.049742185758541521e-05 3.441904908111776962e+00 7.893227482550949081e-02 2.117694475247723380e-04 6.825844939251518391e-06 -2.101946272737728349e-07 3.52 0.00021593562481 1.6e-09
-7.815493049223360864e-05 2.935620054749844332e+00 2.849222865269043087e-02 1.853507377539523630e-04 -1.787865805379700783e-05 -7.366200235340946845e-07 3.52 0.00021593562481 1.6e-09
2.524506532222427666e-05 4.462438778617908719e-01 -1.456156005647879503e-02 1.383057733769363015e-04 -3.504893608940528400e-05 2.353473299212359861e-06 3.52 0.00021593562481 1.6e-09
-7.644888076398002961e-05 2.338960123798607071e+00 5.206386400910403139e-02 1.556697262980378149e-04 2.740145634490377756e-05 3.366652875947045979e-07 3.52 0.00021593562481 1.6e-09
8.157924023012588463e-05 3.518959744718493710e+00 4.467890101032454681e-02 2.158794096293216035e-04 -7.779875181139283037e-07 -3.329299680466500158e-07 3.52 0.00021593562481 1.6e-09
-6.946847743971058938e-05 2.159201546964186313e+00 -2.999841922356522375e-03 1.471990367892803196e-04 -3.034730837166663435e-05 -5.653518813860976922e-07 3.52 0.00021593562481 1.6e-09
3.254411505950944493e-05 5.089226605758518929e-01 3.670432992728305324e-03 1.283459810090680658e-04 4.688081916498008212e-05 2.547192327572068005e-06 3.52 0.00021593562481 1.6e-09
8.516452842176700920e-05 3.044137642055783743e+00 5.413073316145990133e-02 1.909479114660723358e-04 1.589477475045988293e-05 4.565553536548782401e-08 3.52 0.00021593562481 1.6e-09
-5.371087850834340891e-06 3.384978071369665997e+00 3.346339336781319063e-02 2.087657127583821795e-04 -8.490684556500129084e-06 -3.934909738813682690e-07 3.52 0.00021593562481 1.6e-09
-4.421167287529236413e-05 1.154430687193675809e+00 -1.245920679965362848e-02 1.101525038278404760e-04 -4.897314081342313036e-05 -3.636296669376709126e-07 3.52 0.00021593562481 1.6e-09
-2.520160508932069808e-05 1.287404660976914084e+00 2.695927572670896860e-02 1.132168120545206541e-04 4.631647287813674878e-05 7.970296522115707702e-07 3.52 0.00021593562481 1.6e-09
-1.046963357336375074e-04 3.420200901977293650e+00 3.501570368699040425e-02 2.106227406436154384e-04 7.532797960948411269e-06 -2.057099754491962584e-07 3.52 0.00021593562481 1.6e-09
-5.834485261692127481e-05 2.983958479206312298e+00 2.779381929632189843e-03 1.878376189883297740e-04 -1.702947554750709966e-05 -3.850526407223767674e-07 3.52 0.00021593562481 1.6e-09
3.774123642856874283e-05 4.690509677616881423e-01 -9.410651288418636976e-03 1.342869497342622713e-04 -4.069087586682888509e-05 1.838771414858775723e-06 3.52 0.00021593562481 1.6e-09
2.794689024156385342e-05 2.264958109960740096e+00 2.034346005800632268e-02 1.521494937743400426e-04 2.860707197804350941e-05 5.555509412252945054e-08 3.52 0.00021593562481 1.6e-09
6.631396612580308433e-05 3.520264985450816564e+00 1.040610219538220735e-02 2.159492498344540979e-04 -1.298177404383838752e-07 -1.804143568266419106e-07 3.52 0.00021593562481 1.6e-09
1.475970443278506517e-05 2.235919499759276619e+00 -9.076050708592150670e-03 1.507785858367296171e-04 -2.909148167016228204e-05 -1.599069830403623326e-07 3.52 0.00021593562481 1.6e-09
-4.923137056436202239e-05 4.787843788998447092e-01 6.516255784696012906e-04 1.326849540814899653e-04 4.269501680585024002e-05 1.123035020149373271e-06 3.52 0.00021593562481 1.6e-09
4.873087888986567316e-06 3.001482618811805558e+00 2.157481927360037355e-02 1.887401814089289338e-04 1.672784048747644181e-05 1.658168588261369252e-08 3.52 0.00021593562481 1.6e-09
-7.800981294076111299e-05 3.413163526585472951e+00 1.298594799536957438e-02 2.102506030058137808e-04 -7.763626629734065451e-06 -1.594266827166192548e-07 3.52 0.00021593562481 1.6e-09
-5.550931711180788193e-06 1.254986573905536362e+00 -5.418551311798571954e-03 1.123743287725116212e-04 -4.699586730459055230e-05 -1.449564999878524937e-07 3.52 0.00021593562481 1.6e-09
-3.485403578090348359e-05 1.186390817250559948e+00 8.220941128272729950e-03 1.107983258650092982e-04 4.833807379079261928e-05 2.212204935168642756e-07 3.52 0.00021593562481 1.6e-09
-2.600280367464025090e-05 3.394232726833555258e+00 6.818953492332647734e-03 2.092534240082399876e-04 8.258407474529786286e-06 -9.325640049192010807e-08 3.52 0.00021593562481 1.6e-09
-2.002006776813057261e-05 3.030521797150805607e+00 -4.156139952031332775e-03 1.902424256605262753e-04 -1.617183131378403772e-05 -1.043546201599484029e-07 3.52 0.00021593562481 1.6e-09
-6.216621171507898135e-05 4.979904879012750918e-01 -3.507531738388057659e-03 1.298676516133219841e-04 -4.550667101472072437e-05 7.569275392698768288e-07 3.52 0.00021593562481 1.6e-09
-1.641458543546668819e-05 2.186510193910023325e+00 -2.363748555794316537e-03 1.484658202139061485e-04 2.990691751628205469e-05 -1.140163493327212538e-08 3.52 0.00021593562481 1.6e-09
2.901786877382324376e-05 3.520778423228006826e+00 -1.612008861041896697e-03 2.159753969930536699e-04 5.543379325845606131e-07 1.794098768744063158e-08 3.52 0.00021593562481 1.6e-09
5.582840177209923404e-05 2.315986276911863762e+00 5.360705182713045979e-04 1.545696927246795020e-04 -2.779916273409920903e-05 2.094968056436214729e-08 3.52 0.00021593562481 1.6e-09
-5.764425737815338904e-05 4.525521521672501990e-01 -3.517650176390769382e-03 1.370924430424344531e-04 3.718502316888802248e-05 -3.567491585912598919e-07 3.52 0.00021593562481 1.6e-09
5.000621198815085125e-05 2.952449160765564073e+00 5.535699587064547844e-03 1.862124541541641982e-04 1.763025534991863785e-05 1.409472373228761324e-07 3.52 0.00021593562481 1.6e-09
-4.403148157043492941e-05 3.439902654504713997e+00 1.514191859309461582e-02 2.116611363701931920e-04 -7.006521143798356398e-06 3.923812615377692989e-08 3.52 0.00021593562481 1.6e-09
-3.618746040170467318e-05 1.362933829852617462e+00 8.711822234555705730e-03 1.153411348301276187e-04 -4.486834232381203591e-05 -2.911498921786096439e-07 3.52 0.00021593562481 1.6e-09
2.188841397651933901e-05 1.081851932618089318e+00 -6.156157391785539550e-03 1.089565319433744044e-04 5.038351602681175739e-05 -7.740702129403411673e-08 3.52 0.00021593562481 1.6e-09
3.575781280068730025e-05 3.363765058282277565e+00 1.611685472562335688e-03 2.076490441411591424e-04 9.040569582790402317e-06 1.108217492274253560e-07 3.52 0.00021593562481 1.6e-09
-7.873902375491908568e-05 3.076751381414469577e+00 1.060202097434261373e-02 1.926387071854276435e-04 -1.527935584777513617e-05 4.788336192962164933e-08 3.52 0.00021593562481 1.6e-09
3.896748945881301326e-05 5.350964938038846874e-01 2.556849808099613194e-03 1.251055676264671806e-04 -4.952089917614628772e-05 -6.449303580551504941e-07 3.52 0.00021593562481 1.6e-09
3.248000710925068210e-05 2.101205773861718917e+00 -1.110306646112667675e-02 1.445271076845335522e-04 3.133680299704391203e-05 1.857225217078608657e-07 3.52 0.00021593562481 1.6e-09
-4.706606289790206919e-05 3.520307626666713929e+00 1.241127373662812353e-02 2.159475932437199611e-04 1.291579102105487631e-06 2.205481039989424040e-07 3.52 0.00021593562481 1.6e-09
-5.089839785911900853e-05 2.400888500255233815e+00 2.519351391040348248e-02 1.586466512191333860e-04 -2.643836774800216194e-05 -4.298234763514541428e-08 3.52 0.00021593562481 1.6e-09
-2.107660224524255332e-05 4.303645201471368864e-01 -8.024849398307939280e-03 1.413595075649858902e-04 3.002894628063951742e-05 -1.598988996908216848e-06 3.52 0.00021593562481 1.6e-09
9.140360294333477827e-05 2.894653253946606775e+00 9.384066116498619714e-03 1.832474690618279150e-04 1.863844694779623752e-05 4.030361091922676993e-07 3.52 0.00021593562481 1.6e-09
-4.489197657890944929e-05 3.463997488341008513e+00 3.976484693785482805e-02 2.129348902093782902e-04 -6.206302655370689759e-06 1.633376902713439510e-07 3.52 0.00021593562481 1.6e-09
4.839651293649094559e-05 1.476759788524677042e+00 2.844286802380885729e-02 1.189762437489787450e-04 -4.265539157241601625e-05 -7.081028187908103937e-07 3.52 0.00021593562481 1.6e-09
3.010607006933893452e-07 9.761653143069184413e-01 -1.454946124118035658e-02 1.079847308612125076e-04 5.234697235050662678e-05 9.344210118404814917e-09 3.52 0.00021593562481 1.6e-09
7.293536541129843394e-05 3.328795364627433084e+00 2.003299886902201038e-02 2.058100599558228684e-04 9.882269178609663846e-06 3.680931124644840910e-07 3.52 0.00021593562481 1.6e-09
2.214518551488378818e-05 3.122861239798118582e+00 4.394191447072899603e-02 1.950351864849448962e-04 -1.436289169850763056e-05 5.127744414435705821e-08 3.52 0.00021593562481 1.6e-09
4.518820508438529395e-05 5.828555669952042440e-01 8.155862663699220416e-03 1.202327649376817560e-04 -5.252736693015804502e-05 -2.049511703059742740e-06 3.52 0.00021593562481 1.6e-09
-6.506344503884703933e-06 2.007611204013622697e+00 -5.258598345679453556e-03 1.402938330697384303e-04 3.293997407366306925e-05 6.311991388270252190e-07 3.52 0.00021593562481 1.6e-09
-6.010220256391078273e-05 3.518016838264650836e+00 4.870308677393847541e-02 2.158215340259039480e-04 2.080238096049456692e-06 3.856045868540330637e-07 3.52 0.00021593562481 1.6e-09
6.944903998913730533e-05 2.490331373062384834e+00 5.992515583439836369e-02 1.629946756802356849e-04 -2.502870563669622157e-05 -3.034733814990061536e-07 3.52 0.00021593562481 1.6e-09
7.033213612156279625e-05 4.131882506883793882e-01 -1.220139816940745726e-02 1.450581038898286171e-04 2.104193281358511045e-05 -2.378369441167651503e-06 3.52 0.00021593562481 1.6e-09
-9.942357109958243331e-07 2.826061218590311341e+00 3.032461331633290805e-02 1.797493975487140442e-04 1.977575701430288348e-05 7.512911702525265234e-07 3.52 0.00021593562481 1.6e-09
-3.893799418819626963e-05 3.483546160316329576e+00 7.994936308167652217e-02 2.139715092764768402e-04 -5.369222914012566675e-06 1.959306985841674413e-07 3.52 0.00021593562481 1.6e-09
1.999818959330933480e-05 1.593236699514259058e+00 5.027254042737776957e-02 1.231291487819884990e-04 -4.041019131275676171e-05 -1.246504289694746633e-06 3.52 0.00021593562481 1.6e-09
3.935682833884104859e-05 8.740729539237008794e-01 -1.726001541496160335e-02 1.082024122963374705e-04 5.397749746456535172e-05 5.110678249732319933e-07 3.52 0.00021593562481 1.6e-09
-8.063317779537523637e-05 3.289517100834630892e+00 5.593493695390428649e-02 2.037469541611402189e-04 1.078176562382934538e-05 6.249621229449042962e-07 3.52 0.00021593562481 1.6e-09
-8.846623093748617829e-06 3.168117083659290678e+00 8.729749381715598555e-02 1.973940821390267417e-04 -1.341106558657963874e-05 -7.465355243194740692e-08 3.52 0.00021593562481 1.6e-09
5.526133177067848741e-05 6.430005730126886476e-01 1.257432264946493211e-02 1.156602264261956376e-04 -5.439105884869729261e-05 -3.161159517590755837e-06 3.52 0.00021593562481 1.6e-09
6.738315110370768661e-05 1.905911147252690174e+00 1.142428581177509783e-02 1.358194665213453942e-04 3.469773584670702990e-05 1.242549876788648071e-06 3.52 0.00021593562481 1.6e-09
-7.631974278963426985e-05 3.512603880405065659e+00 9.675223837776629476e-02 2.155286389092901525e-04 2.914795373893836254e-06 4.802084513677608765e-07 3.52 0.00021593562481 1.6e-09
6.124492927974814818e-05 2.581655129444936136e+00 9.628916009551166666e-02 1.674891366712038089e-04 -2.357708256956040944e-05 -6.630641922083400047e-07 3.52 0.00021593562481 1.6e-09
-6.500144274230540637e-05 4.024759429351968398e-01 -1.568655499590942970e-02 1.475577781386748434e-04 1.055503766725508408e-05 -2.578440675437622973e-06 3.52 0.00021593562481 1.6e-09
3.644097486734980613e-05 2.746667975208862966e+00 6.053343437408432309e-02 1.757319781682614387e-04 2.101585348813067567e-05 1.108853958876000565e-06 3.52 0.00021593562481 1.6e-09
2.223292818688295789e-05 3.497047024002034377e+00 1.239527629676676346e-01 2.146911696678202748e-04 -4.514158883211294852e-06 1.426898278589910643e-07 3.52 0.00021593562481 1.6e-09
6.088370687857118661e-06 1.707416345746072928e+00 6.910990546552311931e-02 1.275378920053966796e-04 -3.824516214122123650e-05 -1.747092902257328240e-06 3.52 0.00021593562481 1.6e-09
5.015249913083832852e-05 7.813514105290307876e-01 -1.579908217939281212e-02 1.097521286962155790e-04 5.497527833838908827e-05 1.363496769827468583e-06 3.52 0.00021593562481 1.6e-09
-1.415216887845744499e-05 3.246956477298861721e+00 9.821755122432683505e-02 2.015161362129542187e-04 1.168688959038957883e-05 8.228503552568199697e-07 3.52 0.00021593562481 1.6e-09
1.584478435346013095e-05 3.211083161454529211e+00 1.287855660638639321e-01 1.996386072810819228e-04 -1.246301212110329754e-05 -2.796733587512642993e-07 3.52 0.00021593562481 1.6e-09
-2.727462467162749128e-05 7.150576369899970253e-01 1.487712880786566660e-02 1.119281251507459437e-04 -5.506172745916265129e-05 -3.785602832914094153e-06 3.52 0.00021593562481 1.6e-09
1.397783143871453342e-05 1.798892782797901990e+00 3.243156936098275794e-02 1.312734710344677798e-04 3.657766993738899666e-05 1.884949695588365714e-06 3.52 0.00021593562481 1.6e-09
7.820453662977629931e-05 3.503160376606480941e+00 1.423876750565740146e-01 2.150222610045831695e-04 3.753633682721385289e-06 4.861072074590104194e-07 3.52 0.00021593562481 1.6e-09
6.396493628773599434e-05 2.669377659496927180e+00 1.243559176934247446e-01 1.718533214321092510e-04 -2.217318309301865095e-05 -1.010720902536430336e-06 3.52 0.00021593562481 1.6e-09
-7.057006432052001705e-05 3.993455428339243163e-01 -1.842300722814482761e-02 1.483363679945306785e-04 -5.596447862687292998e-07 -2.186265630207456347e-06 3.52 0.00021593562481 1.6e-09
-8.029901495925879180e-05 2.660533397031198177e+00 9.011418669775758672e-02 1.714104990824848261e-04 2.232828961004497783e-05 1.388209755124440177e-06 3.52 0.00021593562481 1.6e-09
7.595634594595753852e-05 3.504695895311501275e+00 1.587596131869853655e-01 2.151031425392444223e-04 -3.672044651962902007e-06 2.577097066110184017e-08 3.52 0.00021593562481 1.6e-09
-6.388781265711962368e-06 1.813824769281904503e+00 7.955572164472765606e-02 1.318920246806843256e-04 -3.627063677721745915e-05 -2.080447865022651258e-06 3.52 0.00021593562481 1.6e-09
1.090644285521728048e-05 7.028621544977806668e-01 -1.191596121783915566e-02 1.124504559384649298e-04 5.510094795651884867e-05 2.405184016997532389e-06 3.52 0.00021593562481 1.6e-09
-4.859815387749575173e-05 3.203461312122604987e+00 1.342780406014698058e-01 1.992406431045505664e-04 1.258151227667008248e-05 9.119242006008286512e-07 3.52 0.00021593562481 1.6e-09
7.917542581031893024e-05 3.250470692427450459e+00 1.566365317865340834e-01 2.017002303419807290e-04 -1.156123105745117364e-05 -4.998541685376260501e-07 3.52 0.00021593562481 1.6e-09
-2.304954754031162279e-06 7.950960336640171544e-01 1.399309184480797622e-02 1.094175795037395367e-04 -5.476676533443010505e-05 -3.864149394933258586e-06 3.52 0.00021593562481 1.6e-09
-4.882406914745590089e-06 1.691965250524866349e+00 5.109038320298792124e-02 1.269339640420138874e-04 3.848304610964448802e-05 2.401404060059290090e-06 3.52 0.00021593562481 1.6e-09
2.240072708825606028e-06 3.490190836877567815e+00 1.723810424543619491e-01 2.143302991180491665e-04 4.578421484874021615e-06 4.026948958854443926e-07 3.52 0.00021593562481 1.6e-09
-2.302638031715567698e-06 2.747967156131704947e+00 1.357749171317055858e-01 1.758003670865065818e-04 -2.090258788165554757e-05 -1.255607587746062372e-06 3.52 0.00021593562481 1.6e-09
1.801484074028534069e-05 4.032974211042496537e-01 -2.038381596900680492e-02 1.473991511164565228e-04 -1.100662299462027712e-05 -1.293797928969637478e-06 3.52 0.00021593562481 1.6e-09
3.222793330372472436e-05 2.574867335614030139e+00 1.103633562189322015e-01 1.671558885228247547e-04 2.361254829824093360e-05 1.509476208714283611e-06 3.52 0.00021593562481 1.6e-09
-2.703205742992140876e-05 3.508588787495082073e+00 1.739984720867087664e-01 2.153167742598915892e-04 -2.875641303856149194e-06 -1.228300456649214987e-07 3.52 0.00021593562481 1.6e-09
-1.680875570014173120e-05 1.908809577231294519e+00 7.787243160355238059e-02 1.359443095026106993e-04 -3.456015738470557706e-05 -2.168219914061937459e-06 3.52 0.00021593562481 1.6e-09
5.570344279746420739e-05 6.401444850829784983e-01 -7.037699483691300245e-03 1.158540759827972355e-04 5.430629867134025522e-05 3.393005385576430810e-06 3.52 0.00021593562481 1.6e-09
9.355584961288408263e-05 3.161948684647669872e+00 1.538293275077839695e-01 1.970741495942761930e-04 1.341683445558023468e-05 8.669761650823671350e-07 3.52 0.00021593562481 1.6e-09
4.680609844239784110e-05 3.285991392800935440e+00 1.629230576382441342e-01 2.035628610509412006e-04 -1.073412087964732830e-05 -6.740592701861157844e-07 3.52 0.00021593562481 1.6e-09
-6.418059144748735235e-06 8.779338953270274803e-01 9.413486677525749469e-03 1.081650638101057778e-04 -5.383376729203528553e-05 -3.455305185734590428e-06 3.52 0.00021593562481 1.6e-09
-5.759469502762366784e-05 1.590091191333938170e+00 6.258094138715578070e-02 1.230242158878341462e-04 4.034935759377431019e-05 2.653847747436385012e-06 3.52 0.00021593562481 1.6e-09
-4.320171172432022826e-05 3.475424438126506033e+00 1.785390448323120605e-01 2.135453082125998811e-04 5.341737435926804379e-06 2.493776706820894195e-07 3.52 0.00021593562481 1.6e-09
-6.515087883066791809e-05 2.815331526587780075e+00 1.268822153370050554e-01 1.792096461671535278e-04 -1.981198277650646005e-05 -1.342557288302831995e-06 3.52 0.00021593562481 1.6e-09
2.126997889505572530e-05 4.125936400933769010e-01 -2.132525522798463247e-02 1.452484183145658233e-04 -1.995211660544533936e-05 -1.140056683889879253e-07 3.52 0.00021593562481 1.6e-09
1.351314250640393231e-05 2.495157929698199162e+00 1.157467204120190274e-01 1.632353709120159093e-04 2.484022912061884604e-05 1.426529183327678405e-06 3.52 0.00021593562481 1.6e-09
9.148783582273596051e-05 3.511177946984361142e+00 1.649036244681308383e-01 2.154601953733528588e-04 -2.171491581281094384e-06 -2.644323937289244114e-07 3.52 0.00021593562481 1.6e-09
-1.560630585876124021e-05 1.992351476682173272e+00 6.383638860786085278e-02 1.396169623192673628e-04 -3.310942660027864598e-05 -1.990429390409186080e-06 3.52 0.00021593562481 1.6e-09
2.046774868840014783e-06 5.908871799027904936e-01 -2.326867992434052731e-03 1.195326957611803791e-04 5.276991002153921952e-05 4.051572843524140757e-06 3.52 0.00021593562481 1.6e-09
8.486787839433402106e-05 3.123938108653955492e+00 1.516921070443081332e-01 1.950937521795898509e-04 1.420393074702137521e-05 7.002394053742460373e-07 3.52 0.00021593562481 1.6e-09
1.305310822734583921e-06 3.318206899300966128e+00 1.461599246795597384e-01 2.052544292009967210e-04 -9.995239128624682656e-06 -7.559934644792944941e-07 3.52 0.00021593562481 1.6e-09
-4.524362911566186880e-05 9.603170930720625886e-01 2.006985906059490215e-03 1.079350971436728691e-04 -5.256179943614258329e-05 -2.702715494029991382e-06 3.52 0.00021593562481 1.6e-09
4.484865370611879228e-06 1.495023648131669658e+00 6.455114757843662121e-02 1.196168588753432566e-04 4.214694557653657142e-05 2.565070696193220725e-06 3.52 0.00021593562481 1.6e-09
-6.420100110171220436e-06 3.460150897372680223e+00 1.596679904747621004e-01 2.127354880061735321e-04 6.035426327009716478e-06 6.526882703110139027e-08 3.52 0.00021593562481 1.6e-09
-8.844447578379746025e-05 2.872820285311662225e+00 1.001469953775500632e-01 1.821367273348200905e-04 -1.888340040793839880e-05 -1.255499745891496156e-06 3.52 0.00021593562481 1.6e-09
-6.982514009268417409e-05 4.256552569538213926e-01 -2.084541502782192440e-02 1.424078381601467231e-04 -2.735390089106249823e-05 1.041145156439183175e-06 3.52 0.00021593562481 1.6e-09
4.282541588453366336e-05 2.422527891386188514e+00 1.048257810899110992e-01 1.596985887230642238e-04 2.599348371036692347e-05 1.151439673850321047e-06 3.52 0.00021593562481 1.6e-09
-1.544811140503288873e-05 3.513741093715209374e+00 1.337681366992963250e-01 2.156007394506398618e-04 -1.524653860187559892e-06 -3.589822517383058545e-07 3.52 0.00021593562481 1.6e-09
-3.968204995537629923e-05 2.067420623392854928e+00 4.133073173418259222e-02 1.429920019404847626e-04 -3.184426803516146435e-05 -1.590084495155304770e-06 3.52 0.00021593562481 1.6e-09
-6.068882919439823564e-05 5.513142254527182429e-01 1.200778595708125842e-03 1.233002831849985782e-04 5.061544808177585524e-05 4.159860773989340073e-06 3.52 0.00021593562481 1.6e-09
9.368745007371165681e-05 3.088683509933492832e+00 1.290291475479626582e-01 1.932603433016294773e-04 1.494565481644131296e-05 4.619559795006872242e-07 3.52 0.00021593562481 1.6e-09
-9.405914630349545701e-05 3.347881289956841755e+00 1.118028305113580034e-01 2.068143932636068894e-04 -9.319954453414744150e-06 -7.238875542453894948e-07 3.52 0.00021593562481 1.6e-09
1.644042167431804713e-07 1.042408368354633019e+00 -5.888952500918013047e-03 1.084711401864394819e-04 -5.111265876352785975e-05 -1.806513660650600908e-06 3.52 0.00021593562481 1.6e-09
5.677628850419040655e-06 1.404830415990431902e+00 5.704772214225638932e-02 1.166381508591630560e-04 4.392073997211535407e-05 2.147719786295223363e-06 3.52 0.00021593562481 1.6e-09
5.960264917201601835e-05 3.444088067648322316e+00 1.214860798934174202e-01 2.118854863475649311e-04 6.681049747017175501e-06 -9.871018616957131241e-08 3.52 0.00021593562481 1.6e-09
1.881403574058687465e-05 2.923085513609616992e+00 6.339922116098040128e-02 1.847079334884711656e-04 -1.806722294544813560e-05 -1.018884696854717300e-06 3.52 0.00021593562481 1.6e-09
-2.229207740184988921e-05 4.418421392051380403e-01 -1.864437469406032832e-02 1.391509078458162576e-04 -3.360271405990158825e-05 1.845103207190938814e-06 3.52 0.00021593562481 1.6e-09
6.703783968464688920e-05 2.354534527963112023e+00 8.050466353147511800e-02 1.564198755791821097e-04 2.710343957112909042e-05 7.584621699917723590e-07 3.52 0.00021593562481 1.6e-09
-2.479886214472609587e-05 3.516253029828858345e+00 8.940510819719582614e-02 2.157367021758255503e-04 -9.269579062577870240e-07 -3.759943266034768187e-07 3.52 0.00021593562481 1.6e-09
-2.435067744009284833e-05 2.138131222935636622e+00 1.723986669215984285e-02 1.462269897304527646e-04 -3.067622450698333247e-05 -1.067348897730035206e-06 3.52 0.00021593562481 1.6e-09
-2.582875120950992175e-05 5.180978298717847652e-01 2.806711858878336435e-03 1.271542926724384315e-04 4.782128178754113798e-05 3.631412366621612748e-06 3.52 0.00021593562481 1.6e-09
2.080333742524603942e-07 3.053742462967512061e+00 9.282658765576580484e-02 1.914461396706589459e-04 1.567895881995731743e-05 2.259835545925497769e-07 3.52 0.00021593562481 1.6e-09
7.931171593863964450e-05 3.375680255938275032e+00 7.050234209042555156e-02 2.082764482575409724e-04 -8.689133623850917493e-06 -5.863246991338430882e-07 3.52 0.00021593562481 1.6e-09
-4.494011101274951654e-05 1.126947400450893255e+00 -1.122249159566547985e-02 1.096553816088995158e-04 -4.950055059251751887e-05 -9.838905322431808053e-07 3.52 0.00021593562481 1.6e-09
3.607943616391289367e-05 1.315774840800898238e+00 4.231761111513795970e-02 1.139923724307308835e-04 4.571107387436690675e-05 1.504743196201075417e-06 3.52 0.00021593562481 1.6e-09
-8.683893674082681800e-05 3.425805022398207278e+00 7.487393652084778362e-02 2.109190817288843526e-04 7.326089288384380311e-06 -1.941009291046667555e-07 3.52 0.00021593562481 1.6e-09
3.290153041152279751e-05 2.968846156124738123e+00 2.743427120513087375e-02 1.870591916537357952e-04 -1.728815443624737112e-05 -6.929520254626643328e-07 3.52 0.00021593562481 1.6e-09
2.687650799264060622e-05 4.615885821751980478e-01 -1.472848756238799225e-02 1.355514832964258053e-04 -3.900529306400463342e-05 2.057857167932498968e-06 3.52 0.00021593562481 1.6e-09
-2.179662567886360769e-05 2.287248846152264647e+00 4.927468375262335221e-02 1.532071263230300922e-04 2.822244159920198433e-05 3.633073937102126764e-07 3.52 0.00021593562481 1.6e-09
4.401895753971086318e-06 3.518225940063407720e+00 4.459665430285136845e-02 2.158423546396848311e-04 -3.386863762332241761e-07 -3.046394842831453145e-07 3.52 0.00021593562481 1.6e-09
-4.520644475024706134e-05 2.208448620897184522e+00 -6.977488332224727769e-04 1.494932527470588235e-04 -2.952217487968603575e-05 -5.539102062333834853e-07 3.52 0.00021593562481 1.6e-09
3.785947391693349261e-05 4.890701500185876682e-01 2.242131173149954949e-03 1.311350691156898396e-04 4.424589827783019199e-05 2.544723048874500668e-06 3.52 0.00021593562481 1.6e-09
-6.205972064682287930e-05 3.016212913656651118e+00 5.369528199616120656e-02 1.895021633323371328e-04 1.643234013325650867e-05 6.713246370982073734e-08 3.52 0.00021593562481 1.6e-09
-5.193800289810377075e-05 3.402211294574288836e+00 3.480826339254156077e-02 2.096739336380636803e-04 -8.028533499840528529e-06 -3.793678911210227053e-07 3.52 0.00021593562481 1.6e-09
-3.684121083782918509e-05 1.216931844813285313e+00 -1.123195995579524646e-02 1.114675084433056280e-04 -4.773728701214730518e-05 -4.153810543009917446e-07 3.52 0.00021593562481 1.6e-09
2.641505411326373263e-05 1.224283331462589164e+00 2.416855839396225142e-02 1.116441337662562677e-04 4.756166816411210648e-05 8.010286318939721553e-07 3.52 0.00021593562481 1.6e-09
-7.119951580812226887e-05 3.403889388606553545e+00 3.279224102530556295e-02 2.097627018718991980e-04 7.982377182314585954e-06 -1.888455039220554423e-07 3.52 0.00021593562481 1.6e-09
-9.011039960358308216e-05 3.012444138172180708e+00 2.887608081367096929e-03 1.893085489745151902e-04 -1.649690670879398979e-05 -3.582964196048848150e-07 3.52 0.00021593562481 1.6e-09
6.109038096609902598e-05 4.860802654508942222e-01 -9.423841289235772994e-03 1.315974333331443313e-04 -4.374033664481658109e-05 1.604948738739853908e-06 3.52 0.00021593562481 1.6e-09
6.546258832642466426e-05 2.216957926697824988e+00 1.936028169690212630e-02 1.498919460945122273e-04 2.938344462169591268e-05 8.914748185795258691e-08 3.52 0.00021593562481 1.6e-09
-5.343933393088426783e-05 3.519389017463013580e+00 1.235105511643552756e-02 2.159034798318737068e-04 2.799771902809848837e-07 -1.572138665510530179e-07 3.52 0.00021593562481 1.6e-09
-6.267120986041642210e-05 2.281418327075834362e+00 -6.153069809245277286e-03 1.529295162954596174e-04 -2.833686834036326156e-05 -1.744238288973704333e-07 3.52 0.00021593562481 1.6e-09
2.927409364977680793e-06 4.632412143099849944e-01 -1.971111413059027737e-04 1.352325765276946935e-04 3.965363921635232936e-05 1.116063081100960407e-06 3.52 0.00021593562481 1.6e-09
-5.359092455210274402e-05 2.973528449466332102e+00 2.262399150913358553e-02 1.872983019348241698e-04 1.724044539690410270e-05 4.005657809162527156e-08 3.52 0.00021593562481 1.6e-09
8.879700623890211927e-05 3.427705916248701801e+00 1.546215367133606244e-02 2.110177917858605933e-04 -7.349859254240625469e-06 -1.547318426471462161e-07 3.52 0.00021593562481 1.6e-09
-5.340034516726462684e-05 1.314173899538044754e+00 -4.189760769657638675e-03 1.139386922982028741e-04 -4.581949969233875216e-05 -1.986064069150451820e-07 3.52 0.00021593562481 1.6e-09
-5.074914792229579577e-05 1.128657186936266488e+00 6.789715444942836034e-03 1.096858319024570142e-04 4.947651007783327516e-05 2.200426691851203187e-07 3.52 0.00021593562481 1.6e-09
-8.079534956738521230e-05 3.377632787983726015e+00 6.637298267637221222e-03 2.083790904955948417e-04 8.688431611800228561e-06 -7.522091858320338917e-08 3.52 0.00021593562481 1.6e-09
7.496072836920791133e-05 3.055528006374116146e+00 -2.701088195146844791e-03 1.915374078212321671e-04 -1.569553546429647997e-05 -9.330543501585933246e-08 3.52 0.00021593562481 1.6e-09
4.844701558966797630e-05 5.170515241830111464e-01 -3.266875893740188441e-03 1.272990744262194349e-04 -4.780914487209986046e-05 5.933518485954738328e-07 3.52 0.00021593562481 1.6e-09
-1.913884571847542654e-05 2.140820604522668535e+00 -1.728548025349232586e-03 1.463485699470661885e-04 3.066310406645245080e-05 3.270379762657985540e-08 3.52 0.00021593562481 1.6e-09
1.013482530041934210e-04 3.519685890450410692e+00 2.131481461938302020e-03 2.159171866565974996e-04 9.309745237459246098e-07 3.502550753770297068e-08 3.52 0.00021593562481 1.6e-09
4.261378852981191449e-05 2.358830231650859588e+00 4.024839666804247776e-03 1.566213365525324962e-04 -2.710499346966769365e-05 -1.019054053274240517e-08 3.52 0.00021593562481 1.6e-09
-5.248557890073438640e-05 4.406033815276759746e-01 -3.837132724096583951e-03 1.393328476191993707e-04 3.372375316446646495e-05 -3.644269544004533580e-07 3.52 0.00021593562481 1.6e-09
-3.727516325691053147e-05 2.923586097869782741e+00 7.712456849454839281e-03 1.847300970489814016e-04 1.813760342481690856e-05 1.655594756764831375e-07 3.52 0.00021593562481 1.6e-09
9.094246493783058336e-05 3.451686531508120659e+00 1.835941066556637941e-02 2.122842180585367516e-04 -6.619030018273235793e-06 3.620292788874052851e-08 3.52 0.00021593562481 1.6e-09
5.559077427983962665e-05 1.418318913177278873e+00 1.008244973900569025e-02 1.170521801522276932e-04 -4.379145354744221226e-05 -3.305344992072824590e-07 3.52 0.00021593562481 1.6e-09
2.674976507947920566e-05 1.029920157887487253e+00 -6.570411550653836724e-03 1.083519464380670709e-04 5.136771584272041845e-05 -7.756745066293103780e-08 3.52 0.00021593562481 1.6e-09
8.885262024717459361e-05 3.347012029157364843e+00 3.073698956493552473e-03 2.067681563911468281e-04 9.442265894109195623e-06 1.289272057742590027e-07 3.52 0.00021593562481 1.6e-09
-2.053757805393375684e-05 3.098871895459890169e+00 1.304893299327517658e-02 1.937879070600587704e-04 -1.484112622087746167e-05 4.713395477463833393e-08 3.52 0.00021593562481 1.6e-09
5.954376216445801299e-05 5.565178645182162764e-01 3.108476242629396383e-03 1.227638691755353546e-04 -5.111026573673334869e-05 -7.292510106831033850e-07 3.52 0.00021593562481 1.6e-09
-2.713419891914224750e-05 2.057265929837151841e+00 -9.435779468334525716e-03 1.425282652545531328e-04 3.208281164832996212e-05 2.384743291281092574e-07 3.52 0.00021593562481 1.6e-09
1.041593045039815085e-04 3.518796269069444094e+00 1.707481169470688454e-02 2.158664405248956651e-04 1.644916707465347468e-06 2.308398335270253796e-07 3.52 0.00021593562481 1.6e-09
-3.692556989889388065e-05 2.441116725356710759e+00 2.880713891901835050e-02 1.605971316271167116e-04 -2.579750780227630982e-05 -7.775314335199638388e-08 3.52 0.00021593562481 1.6e-09
1.427422749331189717e-05 4.218349797595535300e-01 -7.909808042665262759e-03 1.431599257959969011e-04 2.617419632862971507e-05 -1.607246102572547888e-06 3.52 0.00021593562481 1.6e-09
-6.485251011150527749e-06 2.864607999202171129e+00 1.185298774530661736e-02 1.817129422713305666e-04 1.914197142723172076e-05 4.259233260205635642e-07 3.52 0.00021593562481 1.6e-09
2.324900756292929403e-05 3.472764257954280787e+00 4.286012231641983528e-02 2.134000495448538253e-04 -5.843369767593515935e-06 1.559291461182478837e-07 3.52 0.00021593562481 1.6e-09
5.405792749056947548e-05 1.527159426337678871e+00 2.984442505752437150e-02 1.207269854839938166e-04 -4.168628641392857839e-05 -7.214372416524672334e-07 3.52 0.00021593562481 1.6e-09
-5.147845965554914845e-05 9.312777438461836699e-01 -1.442689996238720983e-02 1.079163240639778023e-04 5.311625668777273979e-05 1.326044181209671029e-08 3.52 0.00021593562481 1.6e-09
5.292663633218529608e-05 3.312261231982247978e+00 2.221359974989866454e-02 2.049418119463712639e-04 1.026223484567140221e-05 3.838292176126382662e-07 3.52 0.00021593562481 1.6e-09
6.605999920075260052e-05 3.142113730392741555e+00 4.656867938653354994e-02 1.960382510545233574e-04 -1.396622876428230586e-05 4.474728944835538368e-08 3.52 0.00021593562481 1.6e-09
-4.098173282315366057e-05 6.064531808433228921e-01 9.001615017611500069e-03 1.182644204036542492e-04 -5.345450011746472789e-05 -2.053422623599563073e-06 3.52 0.00021593562481 1.6e-09
-4.559206269991694746e-05 1.965839199632368528e+00 -3.444709396008320979e-03 1.384396829412061578e-04 3.366180378114410254e-05 6.851347995589749743e-07 3.52 0.00021593562481 1.6e-09
2.827358036596651928e-05 3.515799700072885337e+00 5.292486264921761330e-02 2.157025445453234001e-04 2.412902201982505336e-06 3.892203219118298430e-07 3.52 0.00021593562481 1.6e-09
-1.894869284176327930e-05 2.526786969573853625e+00 6.291449717692637611e-02 1.647845128772041257e-04 -2.444604086817767346e-05 -3.285388932566397700e-07 3.52 0.00021593562481 1.6e-09
-1.493700428842653337e-05 4.080613652988617224e-01 -1.179747779880159671e-02 1.462412891368731604e-04 1.704793191311149316e-05 -2.389462625794189953e-06 3.52 0.00021593562481 1.6e-09
-2.016933307966962231e-05 2.795630860786257443e+00 3.206459651027074309e-02 1.782064407623223999e-04 2.025862163444964640e-05 7.686094835995709241e-07 3.52 0.00021593562481 1.6e-09
-1.009609454419063863e-04 3.489155848273371774e+00 8.189148877365241830e-02 2.142710000295052159e-04 -5.035073379044107940e-06 1.880553195506481429e-07 3.52 0.00021593562481 1.6e-09
-5.555042873972194933e-06 1.636716511858752998e+00 5.136064798226991357e-02 1.247747404560660043e-04 -3.958811965779952553e-05 -1.229922442792946673e-06 3.52 0.00021593562481 1.6e-09
-3.789465351517121156e-05 8.378696476747268251e-01 -1.703943949418153248e-02 1.086264947638236334e-04 5.445192965303940254e-05 5.179084183165791881e-07 3.52 0.00021593562481 1.6e-09
-6.200715639561899407e-05 3.273917968158655878e+00 5.765891127018735879e-02 2.029294339849743354e-04 1.111991661871046156e-05 6.350096998082680475e-07 3.52 0.00021593562481 1.6e-09
-4.010747409939484809e-06 3.184048486962952396e+00 8.907491092354481721e-02 1.982264382608674798e-04 -1.306598821138517684e-05 -8.053880295010101526e-08 3.52 0.00021593562481 1.6e-09
-5.419738612966632998e-05 6.674926675657026909e-01 1.356400284859263575e-02 1.142149424875826759e-04 -5.476147959723083884e-05 -3.098640341945985855e-06 3.52 0.00021593562481 1.6e-09
4.684312741199347062e-05 1.867949668352983483e+00 1.251144707282510898e-02 1.341877333065237879e-04 3.536439219753404763e-05 1.286130394546418614e-06 3.52 0.00021593562481 1.6e-09
-3.755565909018543234e-05 3.509499327043690275e+00 9.914089911872389638e-02 2.153627850734179798e-04 3.209713455917474906e-06 4.780144487018862469e-07 3.52 0.00021593562481 1.6e-09
2.895565041702812789e-05 2.612026416292827058e+00 9.781914679871071827e-02 1.689964247402206486e-04 -2.309386662045621419e-05 -6.698663345751844908e-07 3.52 0.00021593562481 1.6e-09
8.086600778435955013e-06 4.005779532987825409e-01 -1.517657514198759300e-02 1.480328662678038359e-04 6.809482671382717557e-06 -2.587346762931458624e-06 3.52 0.00021593562481 1.6e-09
-4.556649587399693791e-05 2.718185546043121903e+00 6.081940019147344390e-02 1.742992248153910680e-04 2.145754818221450055e-05 1.116492655036719259e-06 3.52 0.00021593562481 1.6e-09
-6.716905715446694358e-05 3.499804330168595268e+00 1.239902107558148447e-01 2.148402596658615629e-04 -4.231416747336292118e-06 1.370813692765787271e-07 3.52 0.00021593562481 1.6e-09
8.668888227840073604e-06 1.741846192688901507e+00 6.945520207865568674e-02 1.289248342879331048e-04 -3.760780211209939104e-05 -1.705719768539058288e-06 3.52 0.00021593562481 1.6e-09
1.458565709396402520e-05 7.550320316350374039e-01 -1.571060575738237111e-02 1.104948809212855733e-04 5.511833133365161280e-05 1.367028150878869149e-06 3.52 0.00021593562481 1.6e-09
-5.016407146705502797e-05 3.233376918046728221e+00 9.851168611196543801e-02 2.008059205186158943e-04 1.196988765637238497e-05 8.240963017369487368e-07 3.52 0.00021593562481 1.6e-09
6.767019617915967619e-05 3.223060257697153652e+00 1.288697211279244692e-01 2.002658152816855675e-04 -1.219242556747152761e-05 -2.803521687535412840e-07 3.52 0.00021593562481 1.6e-09
-3.233455277946569394e-06 7.377324003615440828e-01 1.571794256186046304e-02 1.110655873893935620e-04 -5.506866652428953220e-05 -3.684268134880752749e-06 3.52 0.00021593562481 1.6e-09
4.899181909055832466e-05 1.767447808795959308e+00 3.235873083868859301e-02 1.299774816559906240e-04 3.713573617015610115e-05 1.906182343431005160e-06 3.52 0.00021593562481 1.6e-09
-3.931259323303485861e-06 3.499428229148008995e+00 1.421666540450234051e-01 2.148238265022946094e-04 3.993974920913500340e-06 4.794039062827976186e-07 3.52 0.00021593562481 1.6e-09
2.885067697728470936e-05 2.691420198364234295e+00 1.239128796446095360e-01 1.729582691594379763e-04 -2.181677700278677700e-05 -9.988613413061817965e-07 3.52 0.00021593562481 1.6e-09
-4.212583107107921757e-05 3.998015998121682291e-01 -1.794468265743370122e-02 1.482396468488276901e-04 -3.466277924660160671e-06 -2.183960896866682627e-06 3.52 0.00021593562481 1.6e-09
2.437911606216017235e-05 2.637387834228690053e+00 8.885750425772832861e-02 1.702585791094092798e-04 2.267026747732232578e-05 1.382131938648834111e-06 3.52 0.00021593562481 1.6e-09
-5.070145523570496876e-05 3.505436031307431310e+00 1.567368899273963445e-01 2.151452662273687917e-04 -3.458433614435593430e-06 2.313396323325212667e-08 3.52 0.00021593562481 1.6e-09
-5.367527954696228298e-05 1.837780220977992762e+00 7.889027974194759429e-02 1.329032949510175737e-04 -3.583066755457285906e-05 -2.024827673339664006e-06 3.52 0.00021593562481 1.6e-09
5.279161016938370453e-05 6.863168932820831181e-01 -1.195121351736908727e-02 1.132338420563050869e-04 5.498295287861391402e-05 2.393243751033769731e-06 3.52 0.00021593562481 1.6e-09
8.159720309808810956e-05 3.193111267380611018e+00 1.327590374565572329e-01 1.987014726343137058e-04 1.277693719807526402e-05 9.030907021690724624e-07 3.52 0.00021593562481 1.6e-09
-2.295964379993604564e-06 3.258165444295094026e+00 1.547597785443859397e-01 2.021047561806153998e-04 -1.136805702593611785e-05 -4.936715736307292550e-07 3.52 0.00021593562481 1.6e-09
4.993309435294934729e-05 8.126698339978251084e-01 1.441093754302781582e-02 1.090516480302033882e-04 -5.461031661772623930e-05 -3.753190712909261594e-06 3.52 0.00021593562481 1.6e-09
4.629975408119089400e-05 1.669683793533181193e+00 5.003566080339294508e-02 1.260623794797838596e-04 3.888372345098565521e-05 2.392179943144751501e-06 3.52 0.00021593562481 1.6e-09
9.092191024099162237e-05 3.486623622823737279e+00 1.697638817774942688e-01 2.141417787447701614e-04 4.730185417684878632e-06 3.933467118448819523e-07 3.52 0.00021593562481 1.6e-09
-1.801515765643165438e-05 2.760938589342368132e+00 1.335404048544353572e-01 1.764563598319068036e-04 -2.068628893328557973e-05 -1.230875589299345475e-06 3.52 0.00021593562481 1.6e-09
-3.434951827906933925e-05 4.047200209377949109e-01 -1.997019585008079010e-02 1.470743217278419807e-04 -1.275950578749525117e-05 -1.275559200671575080e-06 3.52 0.00021593562481 1.6e-09
-1.022763508999374651e-05 2.559645172846071404e+00 1.079751478581671004e-01 1.664051412312912324e-04 2.384319590981392680e-05 1.487729728610229654e-06 3.52 0.00021593562481 1.6e-09
-5.066794986159873306e-05 3.508244545212281018e+00 1.703551136887297424e-01 2.153006974455000909e-04 -2.750631785915961071e-06 -1.226492804713713852e-07 3.52 0.00021593562481 1.6e-09
-4.559011730106615404e-05 1.922059836691241586e+00 7.629998323038975072e-02 1.365231410279794358e-04 -3.431898025171850673e-05 -2.108881244619998876e-06 3.52 0.00021593562481 1.6e-09
4.394355648154365509e-05 6.318881948291401596e-01 -7.084669768342185051e-03 1.164076573160746159e-04 5.411422088655763816e-05 3.348714970509483227e-06 3.52 0.00021593562481 1.6e-09
6.998718523769687796e-05 3.155625398038034657e+00 1.507622827376157437e-01 1.967456146380589421e-04 1.353409083436057276e-05 8.502008869629898131e-07 3.52 0.00021593562481 1.6e-09
-9.832157351948816288e-05 3.289450401957165759e+00 1.595243725035532245e-01 2.037459966043870098e-04 -1.062818408851477076e-05 -6.615109986307960430e-07 3.52 0.00021593562481 1.6e-09
-4.018138035120171999e-05 8.876253127608206839e-01 9.370097666866385872e-03 1.080970586369043110e-04 -5.368658594747488755e-05 -3.355481885255823997e-06 3.52 0.00021593562481 1.6e-09
2.972504856496320223e-05 1.578647345863087637e+00 6.107204993264883641e-02 1.226057246583868953e-04 4.055383937396229294e-05 2.613174706586517976e-06 3.52 0.00021593562481 1.6e-09
-4.931689025755764849e-05 3.472938218506434804e+00 1.745283783026047308e-01 2.134146174700325834e-04 5.415284220406275532e-06 2.403670858592038461e-07 3.52 0.00021593562481 1.6e-09
-1.471037559736881943e-05 2.819937309037999995e+00 1.237197143346079331e-01 1.794446482192554111e-04 -1.973105798754606438e-05 -1.312438789612569906e-06 3.52 0.00021593562481 1.6e-09
-1.511020700124950125e-05 4.135857021057619543e-01 -2.091091227457434615e-02 1.450366166090067180e-04 -2.058949385932220692e-05 -8.688091599002812786e-08 3.52 0.00021593562481 1.6e-09
2.159293293119198139e-05 2.488957857357715575e+00 1.128336091615941283e-01 1.629336938276447586e-04 2.493029541232987938e-05 1.392296868629255550e-06 3.52 0.00021593562481 1.6e-09
-1.016523218716213514e-04 3.510349486261296725e+00 1.605171810103416252e-01 2.154178437754394122e-04 -2.119332170620608966e-06 -2.611323610304914899e-07 3.52 0.00021593562481 1.6e-09
-1.951102773194519216e-05 1.995473883595672682e+00 6.186142284811071979e-02 1.397583432473216512e-04 -3.304953924635027900e-05 -1.935773577932426078e-06 3.52 0.00021593562481 1.6e-09
-5.307282873134274218e-05 5.890959596892966221e-01 -2.302650150950407391e-03 1.196894038271879694e-04 5.269376637013458082e-05 3.960895212074885813e-06 3.52 0.00021593562481 1.6e-09
1.345921664484488704e-05 3.121997071792948830e+00 1.478047915549963176e-01 1.949939097478650078e-04 1.423196184383220821e-05 6.810328315586090207e-07 3.52 0.00021593562481 1.6e-09
3.911399904990250817e-05 3.317616658845295774e+00 1.422091332198036351e-01 2.052245989437572740e-04 -9.991098747806972257e-06 -7.386939602950512457e-07 3.52 0.00021593562481 1.6e-09
-3.438923074161906820e-06 9.601048200624572315e-01 1.756332566296605734e-03 1.079368864691807939e-04 -5.256460646704626716e-05 -2.625366452007307516e-06 3.52 0.00021593562481 1.6e-09
-3.733136873621168181e-05 1.495149198663065615e+00 6.310738122511154458e-02 1.196230004282150159e-04 4.214536057382703253e-05 2.501072126453056719e-06 3.52 0.00021593562481 1.6e-09
4.734168058338366931e-05 3.459485307855810987e+00 1.556087323737087857e-01 2.127016238094979082e-04 6.019784045707757846e-06 6.037064645027451382e-08 3.52 0.00021593562481 1.6e-09
-6.285429264715980619e-05 2.870142935260262540e+00 9.725656920722654253e-02 1.820014539206638276e-04 -1.891893016613891402e-05 -1.226916865968684389e-06 3.52 0.00021593562481 1.6e-09
-3.642742414248345263e-05 4.250625071370092156e-01 -2.033881334644056793e-02 1.425408109936615229e-04 -2.705285965535752379e-05 1.062546407287956776e-06 3.52 0.00021593562481 1.6e-09
2.114765580910335843e-05 2.425558913068152300e+00 1.020118652434929829e-01 1.598469421862442263e-04 2.594122653660573574e-05 1.113562782847167738e-06 3.52 0.00021593562481 1.6e-09
7.055675596079940474e-05 3.512669962143961211e+00 1.297260584488673096e-01 2.155448378105296063e-04 -1.571515721231291103e-06 -3.522372961626483993e-07 3.52 0.00021593562481 1.6e-09
4.100285281005015597e-05 2.060911528584706165e+00 3.965490999911119863e-02 1.426978472134897446e-04 -3.195425130913068392e-05 -1.546829159529752148e-06 3.52 0.00021593562481 1.6e-09
1.122069661729763372e-05 5.545654338110366233e-01 1.307338327700907762e-03 1.229749117434266663e-04 5.080801277143212429e-05 4.020587313576666091e-06 3.52 0.00021593562481 1.6e-09
2.781903288483373053e-05 3.091386733071900039e+00 1.252402732987898670e-01 1.934022119365776246e-04 1.487734021325169830e-05 4.473503334837823740e-07 3.52 0.00021593562481 1.6e-09
-2.922632340615851672e-05 3.343417150629344192e+00 1.084497600332444689e-01 2.065808777255561269e-04 -9.406518441745542243e-06 -7.040761986680391240e-07 3.52 0.00021593562481 1.6e-09
-4.660104709412173031e-05 1.030882495455694103e+00 -5.923339708041344860e-03 1.083629336663044301e-04 -5.131585493064535358e-05 -1.756909231481934844e-06 3.52 0.00021593562481 1.6e-09
1.330210188152025825e-05 1.417163666965199686e+00 5.601693714851544575e-02 1.170325358557487710e-04 4.367668182757625093e-05 2.077276025141715557e-06 3.52 0.00021593562481 1.6e-09
-2.846457211317126766e-05 3.445861305012726472e+00 1.186771291331697037e-01 2.119804328249911662e-04 6.586738886594802418e-06 -9.608663884632123029e-08 3.52 0.00021593562481 1.6e-09
6.458385268637605785e-05 2.913892083862102300e+00 6.191343118477347918e-02 1.842380322690157001e-04 -1.821434229720620324e-05 -9.977469792628873133e-07 3.52 0.00021593562481 1.6e-09
3.553895564811840313e-05 4.386282021100494921e-01 -1.800631273096423707e-02 1.397806108111900047e-04 -3.252653229392109870e-05 1.846493575037983191e-06 3.52 0.00021593562481 1.6e-09
-7.649486552925393017e-05 2.367059964884695056e+00 7.833010451087032977e-02 1.570215025939035881e-04 2.690584426390060536e-05 7.283761815274173251e-07 3.52 0.00021593562481 1.6e-09
-5.915247303355078467e-05 3.515038800294338905e+00 8.669348916664762483e-02 2.156730201313515757e-04 -1.048809106595505897e-06 -3.662515635710607648e-07 3.52 0.00021593562481 1.6e-09
5.628715257825250742e-05 2.121967139357448850e+00 1.647288252740996412e-02 1.454837656783421434e-04 -3.094509119242985122e-05 -1.040144112902623649e-06 3.52 0.00021593562481 1.6e-09
-3.116459967186853311e-05 5.252847329916083829e-01 2.921626592059742029e-03 1.262718670596761844e-04 4.852070364054520627e-05 3.457848678601754155e-06 3.52 0.00021593562481 1.6e-09
9.475181394923856367e-05 3.061680569068715663e+00 8.997381400325302203e-02 1.918601619621980437e-04 1.549652582339033138e-05 2.220617742086869426e-07 3.52 0.00021593562481 1.6e-09
-2.289400697277712052e-05 3.367502115987978328e+00 6.870783447986637815e-02 2.078477346485207186e-04 -8.856532765186804634e-06 -5.665515417220278042e-07 3.52 0.00021593562481 1.6e-09
2.722790419027420995e-05 1.102498332189500552e+00 -1.067872100718026546e-02 1.092575996309442913e-04 -4.997478071357698391e-05 -9.646356553712480842e-07 3.52 0.00021593562481 1.6e-09
7.247836546887771519e-07 1.341043673267916070e+00 4.182405356952095810e-02 1.147127490253027420e-04 4.520969947006081796e-05 1.451419885518409802e-06 3.52 0.00021593562481 1.6e-09
-6.022587416195441157e-05 3.430744033572311391e+00 7.426627698695875690e-02 2.111814112486981370e-04 7.131353819967286538e-06 -1.823424089826141000e-07 3.52 0.00021593562481 1.6e-09
-3.218858780928824759e-05 2.953561795434885173e+00 2.808927751192052263e-02 1.862749691159341480e-04 -1.753776694320467543e-05 -6.837457731614142354e-07 3.52 0.00021593562481 1.6e-09
-2.904913885632995720e-05 4.546040935489698009e-01 -1.402889699089703533e-02 1.367948340069677945e-04 -3.728122322021004101e-05 2.029142538784156546e-06 3.52 0.00021593562481 1.6e-09
4.061921683561252002e-05 2.310047841060105078e+00 4.809055242355485260e-02 1.542937722761949875e-04 2.784054925201730576e-05 3.508027020271095532e-07 3.52 0.00021593562481 1.6e-09
9.120023907448198016e-05 3.516964131186546716e+00 4.379562790746747980e-02 2.157762198868987710e-04 -5.560524826829133885e-07 -2.935457689485918063e-07 3.52 0.00021593562481 1.6e-09
1.592734434433269240e-05 2.182023515838873884e+00 -2.803873100202621720e-04 1.482613165653860288e-04 -2.995415382663798974e-05 -5.446717842079097219e-07 3.52 0.00021593562481 1.6e-09
-4.801299390078202949e-05 4.994234467500109353e-01 2.237650445905757946e-03 1.296474740769596422e-04 4.570254331217925368e-05 2.367881013042618747e-06 3.52 0.00021593562481 1.6e-09
-7.068564566074827366e-05 3.030467766021001097e+00 5.233666851901237760e-02 1.902415090543794704e-04 1.613920125053140272e-05 7.718735680933689331e-08 3.52 0.00021593562481 1.6e-09
-4.115285514075862113e-05 3.390588157648178225e+00 3.508714663183349486e-02 2.090629414684676236e-04 -8.300114222971594730e-06 -3.622441205525080072e-07 3.52 0.00021593562481 1.6e-09
-3.562868975678310781e-05 1.178126647884815803e+00 -9.993861137555563878e-03 1.106276111476967364e-04 -4.849520813752348125e-05 -4.292930580472722504e-07 3.52 0.00021593562481 1.6e-09
-5.117442573867387652e-06 1.263261373981567459e+00 2.415701355311004883e-02 1.125964112941435497e-04 4.678139001416936876e-05 7.907466868415787491e-07 3.52 0.00021593562481 1.6e-09
1.266458560991585823e-05 3.412870115935474402e+00 3.477637898030151720e-02 2.102381250054570646e-04 7.681966752101552457e-06 -1.691714114430685436e-07 3.52 0.00021593562481 1.6e-09
-8.174594913989747960e-05 2.991298720218559026e+00 5.795729947151583190e-03 1.882188752056821574e-04 -1.686441197320581034e-05 -3.637616258013885533e-07 3.52 0.00021593562481 1.6e-09
9.100376150138063223e-06 4.737983832887310287e-01 -8.872302276398624787e-03 1.335300904791449864e-04 -4.157201547120732417e-05 1.541471624656977984e-06 3.52 0.00021593562481 1.6e-09
-6.304387326276805921e-05 2.251042946129551137e+00 1.927689038743098104e-02 1.514945345715094102e-04 2.882262574200465229e-05 9.878443957575859949e-08 3.52 0.00021593562481 1.6e-09
-1.160024881141589196e-05 3.518228386658529772e+00 1.347052866969527044e-02 2.158432096075575343e-04 -3.107321657269580950e-08 -1.474893638558406320e-07 3.52 0.00021593562481 1.6e-09
-6.672834056644890485e-05 2.243853726842249152e+00 -4.743189564806660728e-03 1.511563297229514711e-04 -2.893854297964303877e-05 -1.828207318264528226e-07 3.52 0.00021593562481 1.6e-09
2.174841049984239637e-05 4.759846467290276828e-01 -4.833341258603469697e-04 1.331457791269855168e-04 4.214271220596379119e-05 9.813516058508254661e-07 3.52 0.00021593562481 1.6e-09
-4.983747361696708731e-05 2.995726260196299506e+00 2.299053560978966959e-02 1.884449636536600294e-04 1.681114799933687857e-05 6.340668611929316139e-08 3.52 0.00021593562481 1.6e-09
6.004407814075213886e-05 3.413252014186622496e+00 1.779818829957079129e-02 2.102566107385326916e-04 -7.722078868820713240e-06 -1.431162451481140981e-07 3.52 0.00021593562481 1.6e-09
-2.529085071107377319e-05 1.259976481148531002e+00 -2.533206663341144686e-03 1.125049748892122505e-04 -4.688331443811049606e-05 -2.500698071902776963e-07 3.52 0.00021593562481 1.6e-09
1.140018923369984905e-05 1.181439706356793184e+00 7.141452608168863750e-03 1.107024011846341363e-04 4.841786860494738881e-05 2.753471035943183516e-07 3.52 0.00021593562481 1.6e-09
6.413946885098150709e-05 3.391546422865653554e+00 1.097157183351095064e-02 2.091140338890965704e-04 8.273162910863540953e-06 -5.231089799968396236e-08 3.52 0.00021593562481 1.6e-09
4.411902658835680337e-06 3.028842466355712748e+00 1.872705886997893653e-03 1.901580029447808170e-04 -1.617354063413933019e-05 -1.144975257628241822e-07 3.52 0.00021593562481 1.6e-09
6.086723060195429878e-05 4.975806270485220173e-01 -3.225046928647003989e-03 1.299301336612250436e-04 -4.544281429113856269e-05 4.936626833353088775e-07 3.52 0.00021593562481 1.6e-09
3.570865175274365712e-05 2.187395740064967065e+00 -7.669228473727656651e-04 1.485110055957934564e-04 2.987211484241256528e-05 6.117930709960831846e-08 3.52 0.00021593562481 1.6e-09
-2.586736109009288645e-05 3.518854480134593565e+00 4.652938353626092510e-03 2.158752335769324022e-04 5.258729039779477975e-07 3.978136737109335821e-08 3.52 0.00021593562481 1.6e-09
7.574730991895684950e-05 2.309434985239035676e+00 5.770557385514856960e-03 1.542600846328773972e-04 -2.788916861067951270e-05 -3.542467387882361534e-08 3.52 0.00021593562481 1.6e-09
4.063026606371926972e-05 4.545489130242892362e-01 -4.553270060902061059e-03 1.367535751236399386e-04 3.761162602482997325e-05 -4.018032065584067295e-07 3.52 0.00021593562481 1.6e-09
-3.731575227769404082e-05 2.955660384459663170e+00 9.815537981969170087e-03 1.863792587724260935e-04 1.755379001450655784e-05 1.970038036104295749e-07 3.52 0.00021593562481 1.6e-09
-9.831711808142519948e-05 3.435519803000945505e+00 2.228370347072392704e-02 2.114313268090359038e-04 -7.086342612636298155e-06 3.866129293488812272e-08 3.52 0.00021593562481 1.6e-09
2.233127466325723296e-05 1.349092933538069916e+00 1.148468778613264893e-02 1.149342684120171619e-04 -4.513139298085758438e-05 -4.238868000695965200e-07 3.52 0.00021593562481 1.6e-09
-2.002015440887625725e-05 1.094885212490428250e+00 -5.869431256885583592e-03 1.091480384642289731e-04 5.012148881088117954e-05 5.480320536158016087e-08 3.52 0.00021593562481 1.6e-09
-8.110535300009424681e-05 3.366473799722292881e+00 8.999309372468511370e-03 2.077932528790914267e-04 8.931673283852604873e-06 1.472764645390509111e-07 3.52 0.00021593562481 1.6e-09
-9.387096605264848813e-05 3.067216680953179342e+00 1.813771041576790755e-02 1.921465461680343825e-04 -1.543061646229824444e-05 1.050242578538564963e-08 3.52 0.00021593562481 1.6e-09
-4.001489528885786756e-05 5.277679437009745733e-01 2.177100072026431216e-03 1.259924289828690393e-04 -4.881390377983743580e-05 -8.616666098582544863e-07 3.52 0.00021593562481 1.6e-09
6.123786991297182672e-05 2.117065402536387975e+00 -7.479623659445660752e-03 1.452574038963882943e-04 3.105106926661334418e-05 2.744123750617379745e-07 3.52 0.00021593562481 1.6e-09
-3.719286203602071000e-05 3.518692579323652758e+00 2.021885642249442172e-02 2.158642803302401598e-04 1.133202733815123175e-06 2.265795498832681828e-07 3.52 0.00021593562481 1.6e-09
-1.700510602452535850e-05 2.380131796114176801e+00 2.996194668812900835e-02 1.576473236339728280e-04 -2.675241292368404290e-05 -1.202844013205109334e-07 3.52 0.00021593562481 1.6e-09
6.108620727333719717e-05 4.353011753032909881e-01 -9.104952826074435776e-03 1.403784943929971122e-04 3.181436823843897233e-05 -1.492363620474338933e-06 3.52 0.00021593562481 1.6e-09
-8.144257182058259434e-05 2.908372680214387884e+00 1.565961315994110134e-02 1.839504880823699025e-04 1.839316091703379908e-05 4.559505860840112271e-07 3.52 0.00021593562481 1.6e-09
5.623804226301592146e-06 3.456543984324293550e+00 4.765737272236936911e-02 2.125417024998111270e-04 -6.420400368940715675e-06 1.448112226336260370e-07 3.52 0.00021593562481 1.6e-09
5.152550982593739301e-05 1.445197829088935126e+00 3.012597028682270292e-02 1.179249860630971462e-04 -4.324932765135954080e-05 -8.560041467283051267e-07 3.52 0.00021593562481 1.6e-09
2.520994958383249342e-05 1.004793853461630304e+00 -1.319064421909230816e-02 1.081510547516985245e-04 5.181624595738994611e-05 2.156222397571404807e-07 3.52 0.00021593562481 1.6e-09
6.070752622795849295e-05 3.337400461068892099e+00 2.874314696985113410e-02 2.062642248666023104e-04 9.632013071813856300e-06 3.886300827046521479e-07 3.52 0.00021593562481 1.6e-09
-9.081932029224828908e-05 3.106596394571454756e+00 5.083944035353425706e-02 1.941918214855741702e-04 -1.464682986214040609e-05 -5.882333646437398262e-09 3.52 0.00021593562481 1.6e-09
4.453998608584178035e-05 5.662626223126021596e-01 6.658000263470040779e-03 1.217976860587436147e-04 -5.162971232063308461e-05 -2.207534858303970123e-06 3.52 0.00021593562481 1.6e-09
-1.028335656524110832e-05 2.038624891899330827e+00 -3.656925494239096695e-04 1.416879911137956219e-04 3.239000985948183573e-05 7.120845844735193827e-07 3.52 0.00021593562481 1.6e-09
-7.610843689642138158e-05 3.517147193684577289e+00 5.606498481270323631e-02 2.157785849242940790e-04 1.800512058811493848e-06 3.723651185557585039e-07 3.52 0.00021593562481 1.6e-09
3.603627682762095810e-05 2.456335660645271091e+00 6.267982893424969837e-02 1.613375661959292565e-04 -2.554102874935575883e-05 -3.899237908858996602e-07 3.52 0.00021593562481 1.6e-09
-3.100972199432861545e-05 4.189480946463761679e-01 -1.335943333013239580e-02 1.437786014074441407e-04 2.453866565534070781e-05 -2.083869105657397220e-06 3.52 0.00021593562481 1.6e-09
-6.216489371763645974e-05 2.851844142787117953e+00 3.755714122771697250e-02 1.810621870748177226e-04 1.933859653936295452e-05 7.849392603544925019e-07 3.52 0.00021593562481 1.6e-09
-8.286491932775415280e-05 3.474902719131494955e+00 8.680873377010861480e-02 2.135139394838258859e-04 -5.693875248452193432e-06 1.595827378629700633e-07 3.52 0.00021593562481 1.6e-09
-4.284857276433734263e-05 1.546722961500451854e+00 4.984125849165321059e-02 1.214293114098795377e-04 -4.126952592432206457e-05 -1.394512954657770562e-06 3.52 0.00021593562481 1.6e-09
6.621199540112714511e-06 9.139278571730273804e-01 -1.498178735528550923e-02 1.079637432950661180e-04 5.337277218405753036e-05 7.614580874384246104e-07 3.52 0.00021593562481 1.6e-09
-1.005595256224196235e-04 3.304067340195793179e+00 6.389583211050260669e-02 2.045123428039522808e-04 1.040818220961408521e-05 6.194172730020672151e-07 3.52 0.00021593562481 1.6e-09
-4.953474730415009753e-05 3.146593924964798283e+00 9.149837723250156540e-02 1.962738433008909332e-04 -1.381814239221528309e-05 -1.421438570234182272e-07 3.52 0.00021593562481 1.6e-09
-5.718811773369277169e-05 6.151133567165603111e-01 9.623585079164356099e-03 1.176101037158764977e-04 -5.365356562725220559e-05 -3.252010058030190597e-06 3.52 0.00021593562481 1.6e-09
1.603042660904003600e-05 1.951505364345432314e+00 1.699445016579230819e-02 1.378104535789237525e-04 3.388444013793875281e-05 1.288316706113846152e-06 3.52 0.00021593562481 1.6e-09
-5.454557794941278833e-05 3.513344505766006876e+00 1.020855415076227929e-01 2.155719151880421168e-04 2.523034465194863534e-06 4.469815639286386969e-07 3.52 0.00021593562481 1.6e-09
-2.322681153265617019e-05 2.537147415274324302e+00 9.596231262664936534e-02 1.652947500605464622e-04 -2.424775965641031328e-05 -7.491368059421178490e-07 3.52 0.00021593562481 1.6e-09
1.794522218831652791e-05 4.068124252129492469e-01 -1.682152309860418526e-02 1.465300000582062286e-04 1.569803330442860967e-05 -2.091727467439275125e-06 3.52 0.00021593562481 1.6e-09
8.576346871071878193e-05 2.784919521987699653e+00 6.774020181237117022e-02 1.776650016668541825e-04 2.039256033031064774e-05 1.107591983882022846e-06 3.52 0.00021593562481 1.6e-09
-5.626617876773795104e-05 3.489221813654811655e+00 1.282807861791533388e-01 2.142749586411691340e-04 -4.931692048889579937e-06 9.102566238090370395e-08 3.52 0.00021593562481 1.6e-09
-3.989531355839866380e-05 1.650467635968499991e+00 6.598083624404862957e-02 1.253048968135205726e-04 -3.928575445497975980e-05 -1.876601944005997013e-06 3.52 0.00021593562481 1.6e-09
-3.840211910291674074e-05 8.266216179509869866e-01 -1.271393001090190614e-02 1.088071200301033190e-04 5.455859061753507143e-05 1.606000700046196495e-06 3.52 0.00021593562481 1.6e-09
6.667378929781153445e-05 3.266896727610435036e+00 1.037746301507608271e-01 2.025627425303889984e-04 1.120788519758979186e-05 7.866341020644823428e-07 3.52 0.00021593562481 1.6e-09
6.382023803307321447e-05 3.186346331066379101e+00 1.290225819162599818e-01 1.983473114112328773e-04 -1.296273227061678902e-05 -3.471157666356283940e-07 3.52 0.00021593562481 1.6e-09
-3.881998085588214741e-05 6.749274256627597612e-01 1.048469347576287680e-02 1.138162854044323560e-04 -5.480341650956443815e-05 -3.803429464696564346e-06 3.52 0.00021593562481 1.6e-09
-3.286908647694835055e-06 1.856887841313316301e+00 3.828855512008189077e-02 1.337157116669559056e-04 3.552634802360953600e-05 1.873920208639620837e-06 3.52 0.00021593562481 1.6e-09
1.870888869289175522e-05 3.506619516375510948e+00 1.449559789868780091e-01 2.152097314997600491e-04 3.286043963619286843e-06 4.363107468818691627e-07 3.52 0.00021593562481 1.6e-09
6.945176035166503560e-05 2.619238718967379143e+00 1.208598596409538733e-01 1.693547433258882871e-04 -2.294446122343843519e-05 -1.087571544190230980e-06 3.52 0.00021593562481 1.6e-09
-6.291351651093326591e-06 4.002825761405596761e-01 -1.930021633329118830e-02 1.481005736660708861e-04 5.789914033975736018e-06 -1.555567810927110697e-06 3.52 0.00021593562481 1.6e-09
5.114694488451218009e-05 2.709170746311231781e+00 9.631792393132145025e-02 1.738471615083719748e-04 2.155665963930247168e-05 1.342811925598085345e-06 3.52 0.00021593562481 1.6e-09
-5.176471270561149501e-05 3.499038623973858897e+00 1.596238243448324101e-01 2.148001224687743423e-04 -4.148336587844632034e-06 -3.467881518247317741e-08 3.52 0.00021593562481 1.6e-09
4.193045523999758820e-05 1.751814630545964313e+00 7.389673833673422731e-02 1.293294538176063455e-04 -3.739805939719385223e-05 -2.171941390688305661e-06 3.52 0.00021593562481 1.6e-09
2.643643858704014529e-05 7.478960723238828878e-01 -8.270681466502134010e-03 1.107273082300549224e-04 5.510474612282591016e-05 2.578626795433563208e-06 3.52 0.00021593562481 1.6e-09
4.131733919395345347e-05 3.227517527812500120e+00 1.364801568146972455e-01 2.005003450842078941e-04 1.203807952115247581e-05 8.486597718106649461e-07 3.52 0.00021593562481 1.6e-09
-7.354012632276028024e-05 3.224650308554678713e+00 1.527607455536166281e-01 2.003502812080787594e-04 -1.209749560153961445e-05 -5.567475799059316066e-07 3.52 0.00021593562481 1.6e-09
-5.199824007258846274e-05 7.440363654091899370e-01 8.695363852252611589e-03 1.108544778394334737e-04 -5.504772767314847952e-05 -3.806308666640076725e-06 3.52 0.00021593562481 1.6e-09
2.027987368295562642e-05 1.758653822353711593e+00 5.678713786606208458e-02 1.296169594086209219e-04 3.725454018216125553e-05 2.324196233238241477e-06 3.52 0.00021593562481 1.6e-09
9.573509124683870228e-05 3.497050269114618359e+00 1.721769711072428377e-01 2.146974176217191833e-04 4.056350991172773993e-06 3.442080809982126118e-07 3.52 0.00021593562481 1.6e-09
-2.427450494415084173e-05 2.697400837378563399e+00 1.299506372243577346e-01 1.732584997038267931e-04 -2.169623023887145937e-05 -1.313931959088791525e-06 3.52 0.00021593562481 1.6e-09
-1.992353285071245240e-07 4.000129207426749711e-01 -2.075246220822332330e-02 1.481837853160329881e-04 -4.249045740027662196e-06 -6.092930521653984612e-07 3.52 0.00021593562481 1.6e-09
-3.649449686061487328e-05 2.629817772819382782e+00 1.146201081541695366e-01 1.698809682717992943e-04 2.276788598026303900e-05 1.422657137224514340e-06 3.52 0.00021593562481 1.6e-09
-4.812773656173119862e-05 3.505228707357048723e+00 1.712310428351111469e-01 2.151346125031453342e-04 -3.385866466703188292e-06 -1.820101066596944989e-07 3.52 0.00021593562481 1.6e-09
-2.643972024086541106e-05 1.845995620067700127e+00 7.056146868465987265e-02 1.332502864902409406e-04 -3.568486543293052527e-05 -2.209367277603799984e-06 3.52 0.00021593562481 1.6e-09
-2.206524011860487653e-05 6.812630683974334467e-01 -3.259664730480302773e-03 1.134845207153803600e-04 5.490367394145904213e-05 3.445948259690225285e-06 3.52 0.00021593562481 1.6e-09
2.939567787731786917e-05 3.188600779906125116e+00 1.524842663663277531e-01 1.984662070415208705e-04 1.285012583524374709e-05 7.876005113463559402e-07 3.52 0.00021593562481 1.6e-09
2.320612634946984856e-05 3.260328314314152820e+00 1.557838637622080413e-01 2.022184955113576340e-04 -1.129876268441815802e-05 -7.117901915259300637e-07 3.52 0.00021593562481 1.6e-09
-5.368196525140427419e-05 8.182954375572875083e-01 4.111393640868057919e-03 1.089549061680623675e-04 -5.457399975430686837e-05 -3.331588956536801798e-06 3.52 0.00021593562481 1.6e-09
-2.015315401384841908e-05 1.662060473154842954e+00 6.752231066842687146e-02 1.257632712993068133e-04 3.900353640680449189e-05 2.516113517434950726e-06 3.52 0.00021593562481 1.6e-09
7.436986767508257283e-05 3.485553991378525840e+00 1.760476500824952328e-01 2.140845136224688212e-04 4.797495975462292506e-06 1.927886582609083793e-07 3.52 0.00021593562481 1.6e-09
-7.756783815737366332e-05 2.767065222049943873e+00 1.200542230754456097e-01 1.767658739583101869e-04 -2.059160460350131073e-05 -1.376279456449724174e-06 3.52 0.00021593562481 1.6e-09
-5.130526473005285194e-05 4.052630484885214601e-01 -2.104671290361867161e-02 1.469416327698303362e-04 -1.340583023081130617e-05 5.283479947466648556e-07 3.52 0.00021593562481 1.6e-09
9.463217308435379997e-06 2.553214974445983554e+00 1.175583540538243377e-01 1.660876618137923104e-04 2.394492813629757417e-05 1.312702595722136601e-06 3.52 0.00021593562481 1.6e-09
6.327000619370931871e-05 3.509403577852602041e+00 1.592459542829880170e-01 2.153622251433604190e-04 -2.690111112540235446e-06 -3.126181627014616590e-07 3.52 0.00021593562481 1.6e-09
-3.835076810425053624e-05 1.930125093074730458e+00 5.612257971772829923e-02 1.368739585261538236e-04 -3.420654432896742266e-05 -1.983361850735345123e-06 3.52 0.00021593562481 1.6e-09
-5.279090614109915435e-05 6.274139668389897562e-01 1.144588525110656115e-03 1.167112312420798476e-04 5.398126958678559062e-05 3.959971273979584784e-06 3.52 0.00021593562481 1.6e-09
-5.670475914894642809e-06 3.152362825008116598e+00 1.473646429733920793e-01 1.965755765891191091e-04 1.361652297981066518e-05 6.191078455788454890e-07 3.52 0.00021593562481 1.6e-09
-3.181369464000620287e-05 3.292788217001458406e+00 1.372760519845026561e-01 2.039213121932460554e-04 -1.057052295614939851e-05 -7.703595714008683509e-07 3.52 0.00021593562481 1.6e-09
-7.626480419246367971e-06 8.934674619637096304e-01 -2.385791569891132502e-03 1.080576625406622516e-04 -5.364984956378269354e-05 -2.539157478191919763e-06 3.52 0.00021593562481 1.6e-09
4.620527551219049062e-05 1.571022533736572857e+00 6.827004604990287440e-02 1.223248235965394815e-04 4.070268533579254227e-05 2.387086993222465283e-06 3.52 0.00021593562481 1.6e-09
2.977016173316820042e-05 3.473112541399100195e+00 1.558829615986157546e-01 2.134233717516299876e-04 5.478162046296937654e-06 2.080516031171834662e-08 3.52 0.00021593562481 1.6e-09
-2.621463101269945944e-05 2.826655288480393935e+00 9.380439539390714176e-02 1.797854688159710574e-04 -1.965373534907280140e-05 -1.265767998289048274e-06 3.52 0.00021593562481 1.6e-09
-6.541324555768210369e-05 4.145167241195464314e-01 -1.993486573004982915e-02 1.448247948589307852e-04 -2.123260730565806618e-05 1.570111823249654297e-06 3.52 0.00021593562481 1.6e-09
-5.268576670443035284e-05 2.483015549067611794e+00 1.044149313591534733e-01 1.626415985422779867e-04 2.505861975793452010e-05 1.031257526152787442e-06 3.52 0.00021593562481 1.6e-09
1.397588983521065706e-05 3.512719072398980735e+00 1.266902547596230888e-01 2.155433251321348174e-04 -2.059583350070836200e-06 -3.904275304267061048e-07 3.52 0.00021593562481 1.6e-09
-2.463592263034521508e-05 2.004461664875250015e+00 3.446467430563018852e-02 1.401578066849182118e-04 -3.293623675342244040e-05 -1.549490289536163785e-06 3.52 0.00021593562481 1.6e-09
3.776332034277994209e-05 5.844066365831570575e-01 4.046763792167180039e-03 1.201107564482405945e-04 5.246183484580581275e-05 3.931856722401858607e-06 3.52 0.00021593562481 1.6e-09
3.261570228635125033e-07 3.119249324830093428e+00 1.228927606856323740e-01 1.948510372692331184e-04 1.432332294808175770e-05 3.929026201109861505e-07 3.52 0.00021593562481 1.6e-09
4.093019356903444773e-05 3.321999555990485575e+00 1.029755340243898587e-01 2.054551550251968394e-04 -9.927947030651695275e-06 -7.160019235001313382e-07 3.52 0.00021593562481 1.6e-09
-1.323446835011142872e-05 9.676919233116918484e-01 -8.700649528836854052e-03 1.079582945694378783e-04 -5.246722050046026835e-05 -1.638677626250816644e-06 3.52 0.00021593562481 1.6e-09
-3.810677086182191590e-06 1.486093307922235596e+00 5.942790982210134632e-02 1.193117238412426243e-04 4.235297614110534190e-05 1.961560564753398198e-06 3.52 0.00021593562481 1.6e-09
-1.002146699721501183e-05 3.459838829940223626e+00 1.178518150348176891e-01 2.127197781270317154e-04 6.096531344568060293e-06 -1.236071042760376710e-07 3.52 0.00021593562481 1.6e-09
-9.416194632097689746e-07 2.877271071973670047e+00 5.900214859712820531e-02 1.823644060128979077e-04 -1.884355976483284307e-05 -1.013638808973528510e-06 3.52 0.00021593562481 1.6e-09
-1.667417765086136091e-05 4.265462831970809887e-01 -1.725672386424138144e-02 1.422237414829394979e-04 -2.779937429359528628e-05 2.218021068718346158e-06 3.52 0.00021593562481 1.6e-09
6.438969908035916268e-05 2.419128733202215109e+00 7.865620296447858872e-02 1.595344752972798538e-04 2.608288009746339127e-05 6.530035163348223632e-07 3.52 0.00021593562481 1.6e-09
5.466929592020279896e-05 3.515423910517506023e+00 8.263634953489415458e-02 2.156904622215223858e-04 -1.497730859071047321e-06 -3.896969326299616337e-07 3.52 0.00021593562481 1.6e-09
-7.677908637951861421e-06 2.071520236704270435e+00 1.220962558004835136e-02 1.431779964281627198e-04 -3.180747220707766832e-05 -1.013082344092307105e-06 3.52 0.00021593562481 1.6e-09
-4.478742300483242502e-05 5.492294499212764247e-01 4.817480377918734354e-03 1.235347755669918813e-04 5.049951747808213254e-05 3.304284032492287880e-06 3.52 0.00021593562481 1.6e-09
-6.749970471378416599e-05 3.087977141662759273e+00 8.634562697360093075e-02 1.932245165284222259e-04 1.499018764563197555e-05 1.798976412484217754e-07 3.52 0.00021593562481 1.6e-09
9.217494453547463000e-05 3.348486844987599298e+00 6.343951652724702517e-02 2.068472508480482999e-04 -9.334861963276881901e-06 -5.613746021866945531e-07 3.52 0.00021593562481 1.6e-09
-4.223767764199802522e-05 1.041762164963918824e+00 -1.213435585256856034e-02 1.084710905390704345e-04 -5.113156352026714739e-05 -8.477821853314600034e-07 3.52 0.00021593562481 1.6e-09
-1.544537199485374591e-05 1.405151435574649277e+00 4.354211447612604813e-02 1.166503531684695967e-04 4.395988560812714660e-05 1.350245232530935047e-06 3.52 0.00021593562481 1.6e-09
7.246892150568168235e-06 3.445006506597562357e+00 7.294463519917518401e-02 2.119351654861909766e-04 6.671348353120658507e-06 -1.961289928106469989e-07 3.52 0.00021593562481 1.6e-09
-5.611779555417795965e-05 2.921350909171606780e+00 2.613510160995823756e-02 1.846208624331653874e-04 -1.810615678505084295e-05 -6.836826786249005337e-07 3.52 0.00021593562481 1.6e-09
-4.649159530230014339e-05 4.409698891363050821e-01 -1.315831813567963290e-02 1.393302038205232127e-04 -3.336642532379314476e-05 2.256344484361791389e-06 3.52 0.00021593562481 1.6e-09
-5.471015175293883817e-05 2.358838975586242448e+00 4.697367480882985724e-02 1.566251026895261792e-04 2.707250926881676141e-05 2.899997138697683643e-07 3.52 0.00021593562481 1.6e-09
-4.422741576189054773e-05 3.517380731099624569e+00 3.962645553249480312e-02 2.157964897722644711e-04 -9.616621424094725990e-07 -3.035002475541862683e-07 3.52 0.00021593562481 1.6e-09
1.352316215930256951e-05 2.134696503898487752e+00 -3.360996938497839981e-03 1.460681046241625895e-04 -3.075209027198493484e-05 -5.048941420762774942e-07 3.52 0.00021593562481 1.6e-09
6.209812480255076124e-06 5.194918825972627552e-01 3.280382957514552111e-03 1.269896655651281978e-04 4.802213555983211293e-05 2.180945410020986860e-06 3.52 0.00021593562481 1.6e-09
9.985581794451245342e-06 3.056558476997884632e+00 4.829080218813643077e-02 1.915936390250684226e-04 1.563125244237501433e-05 5.048114622274642540e-08 3.52 0.00021593562481 1.6e-09
5.804323574068794304e-05 3.373189683301700548e+00 3.079698187843181445e-02 2.081466594564068359e-04 -8.753093677730014428e-06 -3.451222629367412628e-07 3.52 0.00021593562481 1.6e-09
-4.544160096836010561e-05 1.118013755874444959e+00 -1.034639880412592527e-02 1.095082219874604190e-04 -4.967563618265924766e-05 -3.427666983529786182e-07 3.52 0.00021593562481 1.6e-09
-5.115320981763817455e-05 1.324817133720055384e+00 2.456891090087452365e-02 1.142470333717222615e-04 4.556900031690604418e-05 7.207971264611070541e-07 3.52 0.00021593562481 1.6e-09
2.022679801884023746e-06 3.427761022443369221e+00 3.377543390830620162e-02 2.110241625957772599e-04 7.240121794802448950e-06 -1.697515662819580090e-07 3.52 0.00021593562481 1.6e-09
-1.591038986858770560e-05 2.961680537955529324e+00 5.185489303868404988e-03 1.866926285930707911e-04 -1.740444553831109020e-05 -3.568804841085281731e-07 3.52 0.00021593562481 1.6e-09
-3.607917471718283774e-05 4.581813808534841437e-01 -8.126177038186362112e-03 1.361633220317628730e-04 -3.824567928228455270e-05 1.629359965452576009e-06 3.52 0.00021593562481 1.6e-09
-3.039037247635506279e-05 2.298757664481377638e+00 1.752593981885620586e-02 1.537537260882075336e-04 2.804971346973247404e-05 5.784921573648830828e-08 3.52 0.00021593562481 1.6e-09
-3.206388737455961001e-05 3.518611018054245143e+00 1.006580033096865848e-02 2.158626662939886658e-04 -4.353236600483173518e-07 -1.471259900200742112e-07 3.52 0.00021593562481 1.6e-09
3.535078070474787068e-05 2.197330368623028551e+00 -6.536783449866556336e-03 1.489725465240627502e-04 -2.971556406636881130e-05 -1.462484979712739962e-07 3.52 0.00021593562481 1.6e-09
-3.538865852703191673e-05 4.933077193902047908e-01 -2.406587255903910329e-04 1.305115029349138600e-04 4.493923968420835096e-05 8.007856402856866628e-07 3.52 0.00021593562481 1.6e-09
1.607644064181978504e-06 3.022995730358331912e+00 1.947392456870117305e-02 1.898543580292385148e-04 1.629644131166641078e-05 5.344533656587990276e-08 3.52 0.00021593562481 1.6e-09
-3.607686460830077172e-05 3.397090295135651417e+00 1.515555695293881178e-02 2.094048746554864687e-04 -8.155810821526730071e-06 -1.207807729758068317e-07 3.52 0.00021593562481 1.6e-09
-2.042841641612254638e-05 1.199019089119880643e+00 -2.128790081907035170e-03 1.110685629582809858e-04 -4.809131409070820584e-05 -2.148983544659556400e-07 3.52 0.00021593562481 1.6e-09
2.788533324428108234e-05 1.242084913303111104e+00 6.802281100887281468e-03 1.120728005524133757e-04 4.721260236484637880e-05 2.513993528465983331e-07 3.52 0.00021593562481 1.6e-09
-2.504944381426450398e-05 3.407551102302828649e+00 1.104289650886171315e-02 2.099577628220122448e-04 7.833888280635493582e-06 -4.254711640283116243e-08 3.52 0.00021593562481 1.6e-09
-8.952382959999620590e-05 3.000733191047942228e+00 2.780348799221960508e-03 1.887061270727163008e-04 -1.668926977742358803e-05 -1.099858349460222696e-07 3.52 0.00021593562481 1.6e-09
3.976428004499918780e-05 4.792806979452530758e-01 -2.861978987834156753e-03 1.326609099993817775e-04 -4.261873079922990542e-05 4.603125939921336681e-07 3.52 0.00021593562481 1.6e-09
-5.304131029592512646e-05 2.235652796623728733e+00 -2.327844322935480360e-03 1.507681993919841694e-04 2.908463667550755687e-05 4.202745597364456604e-08 3.52 0.00021593562481 1.6e-09
1.294487411143379198e-05 3.519292532537107832e+00 2.679535330723671789e-03 2.158986098110850227e-04 1.126943248563393914e-07 4.589295774135162652e-08 3.52 0.00021593562481 1.6e-09
-4.634021032018325974e-05 2.262289244205205385e+00 5.151097906100743362e-03 1.520240766483184770e-04 -2.864790703833849309e-05 -1.523269829769589793e-08 3.52 0.00021593562481 1.6e-09
5.040191539251754488e-05 4.696585080978388782e-01 -4.994804415829329561e-03 1.341589622073917245e-04 4.097331599953692367e-05 -5.304366375571961204e-07 3.52 0.00021593562481 1.6e-09
-5.849398442294009371e-05 2.985367719528174035e+00 7.715074688628349373e-03 1.879091295318311631e-04 1.701787872741985196e-05 2.023490105467394560e-07 3.52 0.00021593562481 1.6e-09
-6.610484640540479186e-05 3.420635605614628538e+00 2.171473208499681562e-02 2.106454014704583859e-04 -7.531606157256825701e-06 5.872838138811282631e-08 3.52 0.00021593562481 1.6e-09
3.103428775067134152e-05 1.286748212204859021e+00 1.219229490458122872e-02 1.131923374009428745e-04 -4.636103846205926057e-05 -4.504122454148843729e-07 3.52 0.00021593562481 1.6e-09
-8.747794184533677761e-06 1.154968449096231087e+00 -6.344848675963460707e-03 1.101734010996052070e-04 4.894214010126762333e-05 8.553990511900216990e-08 3.52 0.00021593562481 1.6e-09
-8.838286424034294108e-05 3.383945389419879213e+00 1.061316054920095550e-02 2.087134115184922077e-04 8.475999769607766619e-06 1.623362818519769120e-07 3.52 0.00021593562481 1.6e-09
8.094739608958747570e-05 3.040084454930539692e+00 2.040612590470976609e-02 1.907397553337798887e-04 -1.595954752036525569e-05 5.111070401129750392e-09 3.52 0.00021593562481 1.6e-09
3.294564997604235265e-05 5.059990365284465774e-01 1.912497997558722674e-03 1.287700889371486363e-04 -4.650550120584650920e-05 -9.861641298261453069e-07 3.52 0.00021593562481 1.6e-09
7.329114956979105515e-05 2.166907398567381904e+00 -8.125329459497600271e-03 1.475574311614034928e-04 3.021591626690991770e-05 2.744140225083893984e-07 3.52 0.00021593562481 1.6e-09
1.121023888827603224e-05 3.519373195914740293e+00 2.002189150095665809e-02 2.159014806307257351e-04 7.073024758407617986e-07 2.331187339520606607e-07 3.52 0.00021593562481 1.6e-09
6.471326776261045308e-05 2.331770048910104087e+00 3.018339774242170814e-02 1.553248503646687960e-04 -2.753165477128560989e-05 -1.254014785176685657e-07 3.52 0.00021593562481 1.6e-09
-4.885784877173205332e-05 4.480286807448147779e-01 -1.004748387422469205e-02 1.379185189190747598e-04 3.588746607293740251e-05 -1.525953844889817161e-06 3.52 0.00021593562481 1.6e-09
-1.952426674528193445e-05 2.941441213253416009e+00 1.565964031153415509e-02 1.856468001672214674e-04 1.781591794936177768e-05 4.720580423542478639e-07 3.52 0.00021593562481 1.6e-09
3.017176039374888842e-05 3.443380010147643056e+00 4.925139328605920158e-02 2.118451201023020206e-04 -6.870849047228194987e-06 1.555769248189182095e-07 3.52 0.00021593562481 1.6e-09
-9.015652056457359325e-06 1.382248388952248552e+00 3.066399540760555986e-02 1.159254537925081402e-04 -4.446705088922862172e-05 -9.415112886598192686e-07 3.52 0.00021593562481 1.6e-09
3.361897759457821449e-05 1.063223954003659211e+00 -1.323446187979401834e-02 1.087197906110806591e-04 5.072079017312974304e-05 2.992442452055785141e-07 3.52 0.00021593562481 1.6e-09
-8.698695614895651589e-06 3.356329933065457904e+00 3.198568677013263750e-02 2.072596121447121465e-04 9.168654996651637480e-06 4.027765732011616630e-07 3.52 0.00021593562481 1.6e-09
4.017370695198905828e-05 3.080492726019128380e+00 5.401044530705433055e-02 1.928349106151299223e-04 -1.516829362611954733e-05 -2.559080949536459679e-08 3.52 0.00021593562481 1.6e-09
-2.365805416064927898e-05 5.404913150805520372e-01 5.599292529315692477e-03 1.245110939179446029e-04 -4.985236878519314166e-05 -2.383787073732464075e-06 3.52 0.00021593562481 1.6e-09
-6.026588904031169219e-05 2.090201553446289218e+00 4.344333750058408531e-04 1.440248534410381383e-04 3.151375545871448725e-05 7.245959458282841090e-07 3.52 0.00021593562481 1.6e-09
-6.478690540960681200e-05 3.518353167123571268e+00 5.767004400932727870e-02 2.158444661673024887e-04 1.366300466826470741e-06 3.743655650911935149e-07 3.52 0.00021593562481 1.6e-09
-8.534706820985289439e-06 2.407468272150497413e+00 6.331295537655529104e-02 1.589656541139849348e-04 -2.630836015813521449e-05 -4.235336441104715374e-07 3.52 0.00021593562481 1.6e-09
2.636348879563591273e-05 4.288470395357597553e-01 -1.456398099757711534e-02 1.416697377508925777e-04 2.926496645624800070e-05 -1.991708733343497425e-06 3.52 0.00021593562481 1.6e-09
6.311702806885640153e-06 2.888512343535519555e+00 3.999009997491111829e-02 1.829331749292838183e-04 1.872507017831206272e-05 8.048816020686781520e-07 3.52 0.00021593562481 1.6e-09
9.658172765869664641e-05 3.464145414619063335e+00 9.029397220272852853e-02 2.129426909913374809e-04 -6.152717461851801850e-06 1.561008559725266019e-07 3.52 0.00021593562481 1.6e-09
2.117596148368851362e-05 1.485218873745719481e+00 4.986682344224586949e-02 1.192658491858638567e-04 -4.244577548351438992e-05 -1.523108362918293325e-06 3.52 0.00021593562481 1.6e-09
-2.066190365764437390e-05 9.682491989092716356e-01 -1.421803973907326615e-02 1.079607967475520113e-04 5.246912275373620072e-05 8.846839642418188383e-07 3.52 0.00021593562481 1.6e-09
1.007551928610457846e-04 3.324011491823983366e+00 6.848533530375666700e-02 2.055602889229853124e-04 9.926190797094350477e-06 6.271535662823423586e-07 3.52 0.00021593562481 1.6e-09
-7.060371060293115409e-05 3.122088326838738492e+00 9.497394792820468279e-02 1.949974007665830904e-04 -1.431368023475328751e-05 -1.764948041320087318e-07 3.52 0.00021593562481 1.6e-09
1.410232837362296559e-05 5.851355352598728299e-01 7.750423727565685858e-03 1.200434979180580239e-04 -5.253031528484558788e-05 -3.437467359490030144e-06 3.52 0.00021593562481 1.6e-09
5.049021525444024824e-05 2.003912593132318509e+00 1.948545501093183058e-02 1.401311771632081393e-04 3.297060880753697418e-05 1.305278585343063750e-06 3.52 0.00021593562481 1.6e-09
-9.340585179757949672e-05 3.515474903668808437e+00 1.052798895413606384e-01 2.156872279930753165e-04 2.093976534074150522e-06 4.411780784694639876e-07 3.52 0.00021593562481 1.6e-09
-5.039530313451160012e-05 2.489892050517591215e+00 9.668269878358452807e-02 1.629753366355028298e-04 -2.498293356140861060e-05 -8.075854557786877359e-07 3.52 0.00021593562481 1.6e-09
-5.246985829256220078e-05 4.131744291453905982e-01 -1.802088529502684708e-02 1.450488646954015961e-04 2.093099527930771810e-05 -1.872346637482682503e-06 3.52 0.00021593562481 1.6e-09
-2.100004364100026673e-05 2.824163079444441671e+00 7.241343637482933193e-02 1.796528340982054151e-04 1.977169540519774164e-05 1.123975404237828099e-06 3.52 0.00021593562481 1.6e-09
1.155588396530166648e-05 3.481560903525283912e+00 1.330289136164026498e-01 2.138662327423360393e-04 -5.365002830906431748e-06 7.213096441122331334e-08 3.52 0.00021593562481 1.6e-09
1.924648999125979441e-05 1.593751633535717804e+00 6.539799682202669662e-02 1.231485362059651077e-04 -4.034900955265450086e-05 -2.022225603901901738e-06 3.52 0.00021593562481 1.6e-09
3.088959523019075404e-05 8.736579335231018373e-01 -1.109358623440739010e-02 1.082103443784322201e-04 5.395735659832499105e-05 1.748231751461780900e-06 3.52 0.00021593562481 1.6e-09
-9.752718388781266793e-06 3.286856008873805468e+00 1.091323530923837826e-01 2.036086731872178090e-04 1.076381899684225319e-05 7.850773705131911917e-07 3.52 0.00021593562481 1.6e-09
8.563755123981537049e-05 3.164551168158575845e+00 1.322423933009995167e-01 1.972090244593541946e-04 -1.342202805940920651e-05 -3.921417097706834306e-07 3.52 0.00021593562481 1.6e-09
5.007194681404899297e-06 6.420130882859437227e-01 8.011613036170610672e-03 1.157337417772038950e-04 -5.430702709097858319e-05 -3.958301901306051515e-06 3.52 0.00021593562481 1.6e-09
-2.875438444580483773e-05 1.907616752362520041e+00 4.229458834573122938e-02 1.358925433514428650e-04 3.462859258080215770e-05 1.889141461973977768e-06 3.52 0.00021593562481 1.6e-09
