-8.728439547976553998e-05 2.940815465200465439e+00 -3.295622952947290310e-05 1.854268609394456400e-04 -2.235249702167996921e-05 -6.364704139623162559e-10 3.99 0.00024095905774 1.6e-09
-7.634087895830311799e-06 3.945809348467866351e-01 -6.723757282091975991e-04 1.481937236966108802e-04 -1.934984850666844473e-05 1.804026209172632833e-07 3.99 0.00024095905774 1.6e-09
2.622051202032165220e-05 2.616651496486281037e+00 -1.470081521539063490e-02 1.690188255653253036e-04 2.672668594398065726e-05 -1.069893651976766912e-07 3.99 0.00024095905774 1.6e-09
1.946854905483958191e-05 3.957620864718941256e+00 -1.636246756561552870e-02 2.392226063588652528e-04 2.376866496551371514e-06 4.594744160676921227e-08 3.99 0.00024095905774 1.6e-09
1.511253698496114274e-05 3.174196229930887903e+00 -7.132133168144240420e-03 1.975377331906708446e-04 -1.891506543601191261e-05 1.306545972281514692e-07 3.99 0.00024095905774 1.6e-09
-6.312917907095687276e-05 4.738513132427788488e-01 2.555174491463726820e-03 1.324531733494891284e-04 -4.616390442579455642e-05 -1.540750148868942973e-07 3.99 0.00024095905774 1.6e-09
9.282880588071337096e-06 2.287702269638143271e+00 -2.634477360035916704e-02 1.529994232929202363e-04 3.128532415690361314e-05 -1.350123279693616704e-07 3.99 0.00024095905774 1.6e-09
1.548805433452383031e-05 3.894816257269906323e+00 -2.039764294904183525e-02 2.358543490769376256e-04 4.442686067707224449e-06 1.638286412073186183e-07 3.99 0.00024095905774 1.6e-09
6.949033923842770047e-05 3.327804515311117761e+00 9.173583614068738911e-04 2.056175865641558418e-04 -1.636625370448162303e-05 2.277732497525692265e-07 3.99 0.00024095905774 1.6e-09
-2.020316182838369744e-05 6.059731620217707615e-01 9.046436777627070089e-03 1.175341220139647852e-04 -5.614458581131568553e-05 -7.755266183552427832e-07 3.99 0.00024095905774 1.6e-09
1.870561771601028170e-05 2.003531442009497621e+00 -2.617018492807651059e-02 1.398766127422173850e-04 3.560164971222216034e-05 3.709736495508544780e-08 3.99 0.00024095905774 1.6e-09
-6.233307187546583946e-05 3.839248536282283020e+00 -1.845722335266572044e-03 2.328670224580311674e-04 6.240439112238281382e-06 3.095746481609002723e-07 3.99 0.00024095905774 1.6e-09
8.372704921726466980e-05 3.459107395487487580e+00 2.729813769168814436e-02 2.125603331700539754e-04 -1.420636588391245445e-05 2.143415415451304239e-07 3.99 0.00024095905774 1.6e-09
-4.789060536233867083e-06 7.992124170359558022e-01 1.871713246871149761e-02 1.087563033854107609e-04 -5.695539785832621257e-05 -1.295737741032999284e-06 3.99 0.00024095905774 1.6e-09
6.594044303856195490e-07 1.719621753691987998e+00 -1.946674787278759866e-02 1.277707069218826088e-04 4.035781699480478263e-05 3.351211241053973685e-07 3.99 0.00024095905774 1.6e-09
5.991126646535543953e-05 3.782039302186654073e+00 2.631749289892697935e-02 2.297848065069300004e-04 8.059989693098712905e-06 4.340748148113935209e-07 3.99 0.00024095905774 1.6e-09
-3.973667634687813490e-06 3.591721621230065331e+00 5.849530591862551338e-02 2.196016306904324290e-04 -1.203869224485405894e-05 1.426832575685535418e-07 3.99 0.00024095905774 1.6e-09
-1.423638249930014434e-05 1.085501597343128122e+00 3.135004584835844599e-02 1.085728759540607272e-04 -5.227945904139561921e-05 -1.465652705413267868e-06 3.99 0.00024095905774 1.6e-09
1.361456739893317171e-05 1.389806360431385501e+00 -1.511434268490806712e-02 1.158422690446395196e-04 4.637735421367901109e-05 5.504693823523514786e-07 3.99 0.00024095905774 1.6e-09
3.937047840534801507e-05 3.694936243056742065e+00 4.492549385556081354e-02 2.251123357107491529e-04 1.009018067332296525e-05 5.102106901375795669e-07 3.99 0.00024095905774 1.6e-09
2.414248297149382597e-06 3.704428089780020361e+00 7.827635955900480447e-02 2.256202721384364853e-04 -9.894824129595598285e-06 9.602509895424998006e-08 3.99 0.00024095905774 1.6e-09
5.717392494319156694e-05 1.423509256601819706e+00 4.356826976079158226e-02 1.169070805052187538e-04 -4.571424322229833648e-05 -1.336009370316462416e-06 3.99 0.00024095905774 1.6e-09
-4.727958692374435278e-05 1.053454071011836302e+00 -1.665260664729915213e-02 1.081864455542496338e-04 5.285231872536416372e-05 4.791072001978269412e-07 3.99 0.00024095905774 1.6e-09
4.882348453502193106e-05 3.572922802810312604e+00 4.743048956627601842e-02 2.186111886447750241e-04 1.216859287390505950e-05 5.645141221956021827e-07 3.99 0.00024095905774 1.6e-09
9.673896942574781435e-05 3.770479342645079335e+00 8.421430058989645695e-02 2.291743075058410607e-04 -8.047152665899320645e-06 1.153484630021097940e-07 3.99 0.00024095905774 1.6e-09
4.742361920014575704e-05 1.708346653498315604e+00 5.295033955346776372e-02 1.273383258867473358e-04 -4.045638599571819711e-05 -1.136473778082491273e-06 3.99 0.00024095905774 1.6e-09
-3.059938861666357815e-05 8.069722440172080180e-01 -1.966234983441956380e-02 1.086780934705307592e-04 5.673344245038127842e-05 1.400964311581591179e-07 3.99 0.00024095905774 1.6e-09
5.245864675492872451e-05 3.453098084742178386e+00 4.646571278426242513e-02 2.122606521031183881e-04 1.400636383489578239e-05 6.481515710823908665e-07 3.99 0.00024095905774 1.6e-09
-5.507995879485292549e-05 3.808673617088591534e+00 9.025285134835900336e-02 2.312396185272809338e-04 -6.547951656118733477e-06 1.696948301364399122e-07 3.99 0.00024095905774 1.6e-09
-4.277546619725951726e-05 1.927400141805391875e+00 6.395922155885525040e-02 1.365461644063050610e-04 -3.667101023574038476e-05 -1.028588649176220543e-06 3.99 0.00024095905774 1.6e-09
2.273634217312873280e-05 6.507095301636525164e-01 -2.198133520090561621e-02 1.145880742180203416e-04 5.680302296205677392e-05 -3.199882577788984894e-07 3.99 0.00024095905774 1.6e-09
6.680351499852390552e-05 3.351869250757338214e+00 5.125961314453268691e-02 2.069114550670589033e-04 1.563249759561791699e-05 7.838674688543872753e-07 3.99 0.00024095905774 1.6e-09
-1.060158568245607859e-04 3.847423206515544702e+00 1.048730611815067854e-01 2.333239620407808758e-04 -5.207763635115857846e-06 2.266780331248636684e-07 3.99 0.00024095905774 1.6e-09
5.265433960283264555e-05 2.134542978831238447e+00 8.042691234627032115e-02 1.458551185803220128e-04 -3.338739743625192909e-05 -1.019012212470980541e-06 3.99 0.00024095905774 1.6e-09
5.553018906000818699e-05 5.361844757447712384e-01 -2.332819331426248810e-02 1.241585802771136586e-04 5.257124373038997813e-05 -8.854930326304946492e-07 3.99 0.00024095905774 1.6e-09
6.498733925383748551e-05 3.250112639547142912e+00 6.346508418435362064e-02 2.015410078555921131e-04 1.742811405495322250e-05 9.782634705277541090e-07 3.99 0.00024095905774 1.6e-09
5.531920530427930432e-06 3.903030882018748038e+00 1.293180318121384120e-01 2.363016074589496915e-04 -3.669568155246732419e-06 2.791853615209020295e-07 3.99 0.00024095905774 1.6e-09
-3.862388033629089766e-05 2.392336116625882525e+00 1.044212657640154474e-01 1.580286741850598557e-04 -2.964948568852080436e-05 -1.042717585737917882e-06 3.99 0.00024095905774 1.6e-09
-5.292694469147501794e-06 4.397903956286236538e-01 -2.286423674108131396e-02 1.383249571844663442e-04 3.909321958835318379e-05 -1.826175308412698789e-06 3.99 0.00024095905774 1.6e-09
-5.669609692720247091e-05 3.101674912881872359e+00 7.877262962799994050e-02 1.937530707135822470e-04 1.995619326177579795e-05 1.226258346264006517e-06 3.99 0.00024095905774 1.6e-09
1.135883712400310639e-04 3.968077498955089322e+00 1.589440262135770887e-01 2.397824275585516761e-04 -1.621657468996337278e-06 3.349762261460154774e-07 3.99 0.00024095905774 1.6e-09
-4.377822881279995178e-05 2.724716559090360590e+00 1.346948135759008514e-01 1.744309473760047617e-04 -2.518319201056316273e-05 -1.024839355618007997e-06 3.99 0.00024095905774 1.6e-09
3.068960528303962912e-05 3.855347142394441318e-01 -1.890368012751634727e-02 1.504228422282895424e-04 6.931133626967616787e-06 -3.484157394564985225e-06 3.99 0.00024095905774 1.6e-09
5.723671185240778174e-05 2.839639968082376953e+00 8.228988591873087621e-02 1.802489803041155384e-04 2.367466290958603384e-05 1.480813261212378272e-06 3.99 0.00024095905774 1.6e-09
-2.029439894925436858e-05 3.981931884838181723e+00 1.768119187024093653e-01 2.405237962138486243e-04 7.937004106879329737e-07 4.065639487372552904e-07 3.99 0.00024095905774 1.6e-09
-2.739830087743762001e-05 3.026804892228562860e+00 1.579491028737163294e-01 1.898614798076431512e-04 -2.105418503489726081e-05 -9.300658878412401141e-07 3.99 0.00024095905774 1.6e-09
-2.356196403600694088e-05 4.150273292578146034e-01 -1.110491566636468384e-02 1.434341118515733416e-04 -3.064085806406132383e-05 -4.867201635079275364e-06 3.99 0.00024095905774 1.6e-09
2.754514551528975384e-05 2.498009706061442348e+00 7.244345748894648329e-02 1.631622258312850492e-04 2.823035383470423165e-05 1.758062838899412650e-06 3.99 0.00024095905774 1.6e-09
8.255914024245013326e-05 3.927645301125362032e+00 1.831440103587866908e-01 2.376156649791997101e-04 3.059130230920733957e-06 5.092120741449460756e-07 3.99 0.00024095905774 1.6e-09
-3.383112489959925058e-05 3.217185332725869706e+00 1.730624413954369722e-01 1.997991729400978053e-04 -1.803594204843319429e-05 -8.244983771421721972e-07 3.99 0.00024095905774 1.6e-09
4.254850222950346840e-05 5.097004802324207606e-01 -1.493445137269238873e-03 1.273273999813005178e-04 -5.030547231241223069e-05 -5.268858268748319188e-06 3.99 0.00024095905774 1.6e-09
-8.707937686876811030e-06 2.197314675489963953e+00 6.696844763448053794e-02 1.487455643998695999e-04 3.250032448772369555e-05 2.132348323735721764e-06 3.99 0.00024095905774 1.6e-09
1.138450431903132153e-04 3.867964778481642885e+00 1.973632967577185759e-01 2.344142621533396812e-04 4.931309887118530069e-06 6.147186365972634353e-07 3.99 0.00024095905774 1.6e-09
1.029724515322914314e-04 3.353330739006472605e+00 1.930032201548771142e-01 2.069698349479370055e-04 -1.575175472908339728e-05 -7.941360660587576293e-07 3.99 0.00024095905774 1.6e-09
-4.284314809965205181e-05 6.501418713534690141e-01 9.657879163493945235e-03 1.145399319210470816e-04 -5.677207761493260625e-05 -5.220684013657340103e-06 3.99 0.00024095905774 1.6e-09
-1.558422809003158824e-05 1.931867725260756341e+00 6.594652096918747486e-02 1.367058991763889318e-04 3.665039733747193519e-05 2.603861378199031613e-06 3.99 0.00024095905774 1.6e-09
-2.019624800769245456e-05 3.818676012241308371e+00 2.169598239800614170e-01 2.317588551924332392e-04 6.670168860429117279e-06 6.999526321805587141e-07 3.99 0.00024095905774 1.6e-09
7.456084048848381478e-05 3.487185852241872830e+00 2.151082550956161521e-01 2.140473996858396877e-04 -1.360970179033902350e-05 -8.016591603398149708e-07 3.99 0.00024095905774 1.6e-09
-3.934085612963234241e-05 8.676680477626204091e-01 2.475929161497246456e-02 1.077292293856355521e-04 -5.591059677967791935e-05 -4.799853065176956072e-06 3.99 0.00024095905774 1.6e-09
4.315245537644078885e-08 1.636702853333472429e+00 5.998135496856446536e-02 1.244960332064499954e-04 4.170600435978829077e-05 3.129260552802298485e-06 3.99 0.00024095905774 1.6e-09
1.030776708359407005e-04 3.758065131050052798e+00 2.283856532839289022e-01 2.284917397791389805e-04 8.586697255790186220e-06 7.607145728508465033e-07 3.99 0.00024095905774 1.6e-09
1.813982612952989425e-05 3.626646009048591246e+00 2.289808987233854509e-01 2.214579118244877859e-04 -1.133619489765318311e-05 -7.773327119813606469e-07 3.99 0.00024095905774 1.6e-09
3.263503753280261907e-05 1.194373548309967115e+00 4.453226940508703269e-02 1.105621161489866175e-04 -5.003036526959784658e-05 -4.038823389800536148e-06 3.99 0.00024095905774 1.6e-09
3.264767107264217896e-05 1.279238900008099034e+00 4.197570237995150444e-02 1.126424050149017942e-04 4.835922574248174388e-05 3.658517550225174524e-06 3.99 0.00024095905774 1.6e-09
-4.537130111353990106e-05 3.653721409637881390e+00 2.212285244288710873e-01 2.229067563355420847e-04 1.076978781068539220e-05 8.094659952358360339e-07 3.99 0.00024095905774 1.6e-09
-5.339866271322458801e-05 3.730670672023625123e+00 2.266065177741311554e-01 2.270251764880666222e-04 -9.160110623747769019e-06 -6.962337617410642213e-07 3.99 0.00024095905774 1.6e-09
4.622630419801194833e-05 1.539825473244479381e+00 6.091140585817789166e-02 1.208897851644023542e-04 -4.343421229059229571e-05 -3.274949979775561058e-06 3.99 0.00024095905774 1.6e-09
6.581953702727457963e-06 9.499780587943675858e-01 2.113954813877285538e-02 1.074773694345292069e-04 5.455653838802418290e-05 4.155004474704637345e-06 3.99 0.00024095905774 1.6e-09
-9.660449879036918169e-05 3.520434392273390500e+00 2.064205882531476299e-01 2.158229715156209975e-04 1.288500955237085158e-05 8.669554984492259913e-07 3.99 0.00024095905774 1.6e-09
-2.379027162542160533e-05 3.782635466207847852e+00 2.178826548504666505e-01 2.298316784139998385e-04 -7.392620316794334541e-06 -6.061789151326093348e-07 3.99 0.00024095905774 1.6e-09
-6.173249596274959974e-05 1.801771554460379177e+00 7.038491363299215209e-02 1.311654444377046650e-04 -3.872126551187017780e-05 -2.765628156341723059e-06 3.99 0.00024095905774 1.6e-09
-2.002830514963275743e-05 7.376015907928846760e-01 7.617869839872020224e-03 1.105544192884958356e-04 5.703651073304568644e-05 4.551356718528480868e-06 3.99 0.00024095905774 1.6e-09
1.645118527671892312e-05 3.403784419810794049e+00 1.967163679822853117e-01 2.096547509340121115e-04 1.464162574874721217e-05 9.261336718655590113e-07 3.99 0.00024095905774 1.6e-09
-2.732935123929528697e-05 3.815469716168339964e+00 2.130571505395301712e-01 2.316082184889796034e-04 -5.998775127322762902e-06 -5.459661151305351360e-07 3.99 0.00024095905774 1.6e-09
-2.891377647932675477e-05 2.003882174731946186e+00 7.729081510115994036e-02 1.399284552947342795e-04 -3.533492568301655818e-05 -2.464035877085321688e-06 3.99 0.00024095905774 1.6e-09
-3.385356250553628663e-05 6.055470200762853583e-01 -3.821266300810636520e-04 1.176852703549893678e-04 5.568130719210438647e-05 4.917692013263097838e-06 3.99 0.00024095905774 1.6e-09
9.306687809912966998e-05 3.307275198330914101e+00 1.928217722827259561e-01 2.045619399286672017e-04 1.623166547507576897e-05 9.849658102082336856e-07 3.99 0.00024095905774 1.6e-09
2.820142812825782440e-05 3.856531533694531610e+00 2.128059005967680717e-01 2.338127293198195063e-04 -4.680630345580471665e-06 -5.083821598891902536e-07 3.99 0.00024095905774 1.6e-09
-1.872119005510772865e-05 2.212705729958219347e+00 8.505665806110851435e-02 1.494903639781440454e-04 -3.213487997600032590e-05 -2.244343597430692871e-06 3.99 0.00024095905774 1.6e-09
6.353450301194159364e-05 5.026289212141255014e-01 -6.763695283923032778e-03 1.283021543415982914e-04 4.945596251638119324e-05 5.306581460721705341e-06 3.99 0.00024095905774 1.6e-09
-5.550767232792066781e-05 3.201548802158353801e+00 1.900578537708407234e-01 1.989883401619100460e-04 1.815498391402574696e-05 1.048706989952797777e-06 3.99 0.00024095905774 1.6e-09
-1.017781186777714543e-04 3.918642244777817307e+00 2.135060253850805667e-01 2.371361869892253606e-04 -3.021624102680803133e-06 -4.710201478898069950e-07 3.99 0.00024095905774 1.6e-09
-1.048559447191861653e-05 2.491428041467555587e+00 9.479812967229062082e-02 1.628477084889913865e-04 -2.824266306115292795e-05 -2.003641891905746086e-06 3.99 0.00024095905774 1.6e-09
4.059851805988493484e-05 4.162597585638641018e-01 -1.377949117787863158e-02 1.430999861610173147e-04 3.132414901733686829e-05 5.323832524440347433e-06 3.99 0.00024095905774 1.6e-09
-6.143007030260245723e-05 3.029491926539414237e+00 1.765001625363530335e-01 1.899988046425433563e-04 2.100492705799724370e-05 1.096771620285220551e-06 3.99 0.00024095905774 1.6e-09
-7.235416361848970703e-06 3.981721488309257317e+00 2.030061474877955519e-01 2.405113587967964203e-04 -8.082163453823579217e-07 -4.123859452461665250e-07 3.99 0.00024095905774 1.6e-09
-3.702139765350461733e-05 2.838746593628064918e+00 9.938924459564166258e-02 1.802013161938057352e-04 -2.368032933729418820e-05 -1.670646547165500195e-06 3.99 0.00024095905774 1.6e-09
-7.219815284514269978e-06 3.854440294037567161e-01 -2.066595534771649076e-02 1.504349078734701578e-04 -6.391289006917414019e-06 3.849123849064327631e-06 3.99 0.00024095905774 1.6e-09
1.125800082929043910e-05 2.726404343854325063e+00 1.414342033308033098e-01 1.745113891702842113e-04 2.518146828165491639e-05 1.123233116984865491e-06 3.99 0.00024095905774 1.6e-09
1.193575138657544345e-04 3.971609871458011032e+00 1.712591669668702132e-01 2.399699741037366165e-04 1.638150442580214872e-06 -3.177521800106562732e-07 3.99 0.00024095905774 1.6e-09
4.301512864406199029e-05 3.110867654273149263e+00 8.899362974069834065e-02 1.942265407721920339e-04 -1.986086300453315803e-05 -1.290865039227340382e-06 3.99 0.00024095905774 1.6e-09
-2.897722601934845727e-05 4.427072726482716991e-01 -2.344610689635080736e-02 1.377965686232160382e-04 -3.975326303906418694e-05 1.668602804061301898e-06 3.99 0.00024095905774 1.6e-09
3.024993363531615080e-05 2.381767370441195908e+00 1.088220537345606920e-01 1.575094762700209928e-04 2.983469151409153918e-05 1.228778977503678895e-06 3.99 0.00024095905774 1.6e-09
3.723229205039864067e-05 3.906448087133518321e+00 1.464229206291826346e-01 2.364804552035326766e-04 3.802563847161606326e-06 -2.067991828749836278e-07 3.99 0.00024095905774 1.6e-09
-9.493375163146462238e-05 3.271602449696074721e+00 8.213719803999400271e-02 2.026620334820987315e-04 -1.717135993958284092e-05 -1.031850204592005320e-06 3.99 0.00024095905774 1.6e-09
-6.879003855141960840e-06 5.519621609795331008e-01 -2.251191242255415684e-02 1.224161351605892924e-04 -5.370439765625239495e-05 1.903048196475008511e-07 3.99 0.00024095905774 1.6e-09
-4.021781102945348009e-05 2.101365654572624919e+00 9.151597151593124368e-02 1.443143605870077771e-04 3.394263349068577928e-05 1.419853875521508259e-06 3.99 0.00024095905774 1.6e-09
1.131653837632994232e-04 3.848990311768980099e+00 1.387312218653222462e-01 2.333986695514249680e-04 5.523993003838585589e-06 -1.251688159057007699e-07 3.99 0.00024095905774 1.6e-09
5.285039942393926705e-05 3.392376458365742309e+00 8.425046119348078566e-02 2.090374573540583502e-04 -1.512601315756442451e-05 -9.129774615827293008e-07 3.99 0.00024095905774 1.6e-09
3.691371456790327202e-06 6.995594474637522042e-01 -2.069370687962273497e-02 1.119861022705974352e-04 -5.732478958415407691e-05 -6.413189460432255897e-07 3.99 0.00024095905774 1.6e-09
5.110440395700866227e-05 1.852894984281267421e+00 8.228921709212649871e-02 1.333073083634301031e-04 3.795501117776111435e-05 1.651458617022375545e-06 3.99 0.00024095905774 1.6e-09
-7.767666919142539696e-05 3.803695277349079085e+00 1.362783646134312909e-01 2.309564938771958289e-04 7.170094272553497646e-06 -9.446591601581421763e-08 3.99 0.00024095905774 1.6e-09
5.410342803996928012e-05 3.519311827029778961e+00 8.555249063410588772e-02 2.157566797659127744e-04 -1.312513667926163544e-05 -8.560693694764021430e-07 3.99 0.00024095905774 1.6e-09
1.656420286022146560e-05 9.249096352536763099e-01 -1.949594494918355236e-02 1.074391906696275738e-04 -5.520290482107390539e-05 -9.910404473378583535e-07 3.99 0.00024095905774 1.6e-09
4.537072901135788696e-06 1.566016847938422885e+00 7.064865639860262725e-02 1.218415810328442485e-04 4.302930208648630955e-05 1.833393295463822982e-06 3.99 0.00024095905774 1.6e-09
6.735032412605041884e-05 3.745016046424639811e+00 1.217465796057236871e-01 2.277922597690528838e-04 9.048783834661450667e-06 -1.325141202225124085e-07 3.99 0.00024095905774 1.6e-09
-7.554385651366254441e-05 3.655921899073631742e+00 7.190179762751044978e-02 2.230224919261775476e-04 -1.091301905446813588e-05 -7.807382439606875312e-07 3.99 0.00024095905774 1.6e-09
4.542889504682386039e-05 1.260378769332711091e+00 -2.130736111689275625e-02 1.121364701762342213e-04 -4.891556139413785721e-05 -8.679669270504179214e-07 3.99 0.00024095905774 1.6e-09
2.928860157886994502e-05 1.211508040318444390e+00 4.992351577984548150e-02 1.109612909809649467e-04 4.978192931285936216e-05 1.837995389803826984e-06 3.99 0.00024095905774 1.6e-09
-8.858191535201090166e-05 3.638871940731155608e+00 8.373091359031763214e-02 2.221123396802658525e-04 1.124505422105970818e-05 -2.247755787229492694e-07 3.99 0.00024095905774 1.6e-09
-5.720177652933773572e-05 3.757775341156112781e+00 3.623237442641649708e-02 2.284776639164232907e-04 -8.759873447598369174e-06 -6.313580982798551787e-07 3.99 0.00024095905774 1.6e-09
-6.482797821156951432e-06 1.610791053625168612e+00 -2.886274012974149317e-02 1.235090368660991757e-04 -4.230652472876353040e-05 -4.286779791874612808e-07 3.99 0.00024095905774 1.6e-09
3.460702210241521718e-05 8.886531397558012912e-01 2.889152106387797569e-02 1.076019110604181222e-04 5.570145210109755365e-05 1.642952520507250882e-06 3.99 0.00024095905774 1.6e-09
-1.040757027444582560e-04 3.501525580841688523e+00 4.129846193746744554e-02 2.148156452429002706e-04 1.341147140671017029e-05 -2.866119721815018528e-07 3.99 0.00024095905774 1.6e-09
-1.125858536105686707e-05 3.809347438083049653e+00 8.961326069967744633e-04 2.312638738124644141e-04 -6.963021036959835444e-06 -4.401511685957096252e-07 3.99 0.00024095905774 1.6e-09
2.858137092054096186e-05 1.879940049452033968e+00 -3.440809159995497635e-02 1.344664924271421903e-04 -3.757286551569894557e-05 -5.323631049501873400e-08 3.99 0.00024095905774 1.6e-09
1.529648427006189090e-05 6.831962820266348491e-01 1.503539644274906259e-02 1.127978880978833850e-04 5.718011715605148004e-05 1.274444933260387109e-06 3.99 0.00024095905774 1.6e-09
1.718517876367274105e-05 3.378637034916465609e+00 1.424219300767954818e-02 2.083198934421395755e-04 1.528132022053063204e-05 -2.661874932559115645e-07 3.99 0.00024095905774 1.6e-09
-3.544350150486418613e-05 3.845559381748888228e+00 -1.533113785234067883e-02 2.332205391866561724e-04 -5.472577065882489793e-06 -2.698642822580869992e-07 3.99 0.00024095905774 1.6e-09
-5.119436479160023178e-05 2.099914171735324686e+00 -3.116887130438357120e-02 1.442600101760745600e-04 -3.398478142437925628e-05 9.525281113426003130e-08 3.99 0.00024095905774 1.6e-09
-5.734880830820265917e-06 5.539966555552474636e-01 6.547568551014688876e-03 1.222686017708280218e-04 5.377736139415151961e-05 9.233819481093067161e-07 3.99 0.00024095905774 1.6e-09
-3.847519785338248814e-05 3.269401543153336753e+00 5.280893571806234352e-03 2.025591553352331167e-04 1.710474747610547059e-05 -1.691874984771304809e-07 3.99 0.00024095905774 1.6e-09
1.110319395752452448e-04 3.892733594606271552e+00 -1.222415062646173625e-02 2.357520917467078756e-04 -3.978863636921071193e-06 -1.497392723487257630e-07 3.99 0.00024095905774 1.6e-09
5.345152845463742433e-05 2.339704926895281645e+00 -2.028736920380085074e-02 1.554997980943368437e-04 -3.044236553559178309e-05 5.702589133272124406e-08 3.99 0.00024095905774 1.6e-09
2.312078040195541181e-05 4.559518293565318903e-01 1.537571483374033238e-03 1.354591562722958767e-04 4.286872735346914493e-05 8.524830722806446678e-07 3.99 0.00024095905774 1.6e-09
-7.485943367748560176e-05 3.135820566507058871e+00 9.134087066794357307e-03 1.955422158824412018e-04 1.940442308346559291e-05 -5.032207620383427995e-08 3.99 0.00024095905774 1.6e-09
1.133142969887100795e-04 3.954881831670452819e+00 9.072861441593485076e-04 2.390794672607714222e-04 -2.092213394061069536e-06 -9.363687285994420979e-08 3.99 0.00024095905774 1.6e-09
6.109335178340430611e-05 2.647204967482708948e+00 -7.676376132637167254e-03 1.705505662897225240e-04 -2.626085098542863845e-05 -5.277174792871075915e-08 3.99 0.00024095905774 1.6e-09
6.778307066687713311e-05 3.909756108335997737e-01 -8.592473980454672956e-04 1.490758714837813305e-04 1.611603324949567199e-05 1.046311475352313674e-06 3.99 0.00024095905774 1.6e-09
6.815067718048448782e-05 2.913137677429839201e+00 7.014200655385025712e-03 1.840052634658876133e-04 2.273994951978635862e-05 -4.818548316956948725e-08 3.99 0.00024095905774 1.6e-09
6.900155492183032821e-05 3.990549450937736609e+00 -4.715188143137233117e-04 2.409881797938562666e-04 2.368439162622521070e-07 -8.183017662913949402e-08 3.99 0.00024095905774 1.6e-09
8.344632498548101775e-05 2.969823861988663438e+00 -7.748735801881524374e-03 1.869174405535972510e-04 -2.196667479776381540e-05 -4.421360800971834865e-08 3.99 0.00024095905774 1.6e-09
3.268002545529929167e-05 3.994408425338977775e-01 -1.375358630925824742e-03 1.470023531762162992e-04 -2.299872704705255256e-05 9.977648591408993839e-07 3.99 0.00024095905774 1.6e-09
-6.523343058779265224e-06 2.581768305295676136e+00 -1.157205403341008028e-02 1.672854496991103422e-04 2.720256253459973412e-05 -1.856840809948895190e-07 3.99 0.00024095905774 1.6e-09
3.864342085940441715e-06 3.952106658209981305e+00 -2.159568058834181181e-02 2.389266419161805116e-04 2.609902298405074729e-06 -2.772622859543358218e-08 3.99 0.00024095905774 1.6e-09
-4.256019772100348220e-05 3.193690582164824043e+00 -1.749766056780814594e-02 1.985588525819856343e-04 -1.860531875161605333e-05 1.174624122035362556e-07 3.99 0.00024095905774 1.6e-09
-5.216287131111171406e-05 4.857594395588091252e-01 9.985685126828482399e-04 1.306233617451322345e-04 -4.790435305484654858e-05 4.801309545914372796e-07 3.99 0.00024095905774 1.6e-09
5.305238321925981874e-05 2.255452909493943725e+00 -2.388770239713834675e-02 1.514723289984099388e-04 3.175159942398712577e-05 -2.180049939174405229e-07 3.99 0.00024095905774 1.6e-09
-1.054091429592519464e-04 3.888404498397023179e+00 -2.612550766361794452e-02 2.355099739186008339e-04 4.651019536041314619e-06 9.491852501634113359e-08 3.99 0.00024095905774 1.6e-09
-4.507981887568787282e-05 3.342329507999617810e+00 -9.384008491353002662e-03 2.063848396045226199e-04 -1.611606359415079180e-05 2.180583966395159500e-07 3.99 0.00024095905774 1.6e-09
-3.173775119259837076e-05 6.232605865545675083e-01 6.748623037963718575e-03 1.162628464462614225e-04 -5.658818147339491277e-05 -2.861888588165287864e-07 3.99 0.00024095905774 1.6e-09
-6.387217348789310631e-05 1.973925416760227591e+00 -2.379341720338106272e-02 1.385591195951973650e-04 3.607874990535199039e-05 -5.119165799172603948e-08 3.99 0.00024095905774 1.6e-09
-8.729456656910397790e-05 3.833111496699723730e+00 -8.080836304131158720e-03 2.325370336595207000e-04 6.427088444614021656e-06 2.377277952527542547e-07 3.99 0.00024095905774 1.6e-09
-8.298599937887326866e-06 3.472063021008902961e+00 1.634711151205209267e-02 2.132477408632425125e-04 -1.398407477769005906e-05 2.039360867856307098e-07 3.99 0.00024095905774 1.6e-09
4.911285841297582667e-05 8.231542823679007803e-01 1.538304233761060222e-02 1.083034937672543207e-04 -5.671251332336083657e-05 -8.900870626948992999e-07 3.99 0.00024095905774 1.6e-09
-1.441402182429829700e-05 1.689085247808440826e+00 -1.751874090008052887e-02 1.265527234040443941e-04 4.089064737753751239e-05 2.199400058183970540e-07 3.99 0.00024095905774 1.6e-09
-1.906689687983465837e-05 3.774692426746918184e+00 1.779184435481711776e-02 2.293901416732588966e-04 8.252366409587460106e-06 3.511428738782846503e-07 3.99 0.00024095905774 1.6e-09
4.076150104578688302e-05 3.603080007936053875e+00 4.489008098962564419e-02 2.202070386934023107e-04 -1.183832531095198830e-05 1.359085138301334851e-07 3.99 0.00024095905774 1.6e-09
3.919388339361728574e-05 1.115240655885407328e+00 2.617803806430570035e-02 1.090381878192441748e-04 -5.172142777194106721e-05 -1.112030711927119936e-06 3.99 0.00024095905774 1.6e-09
-4.883296076658187525e-05 1.358362572925428502e+00 -1.394906328499713119e-02 1.148818064689489677e-04 4.698084466071747570e-05 3.702315507316852826e-07 3.99 0.00024095905774 1.6e-09
6.265724710226910021e-07 3.685030848431794404e+00 3.216490494420051749e-02 2.245831722748296432e-04 1.028071232047007480e-05 4.105246938209895724e-07 3.99 0.00024095905774 1.6e-09
-9.155133389330367619e-05 3.711952174321885956e+00 6.019953971355778560e-02 2.260244580507960940e-04 -9.714276872513626657e-06 9.974561962772680606e-08 3.99 0.00024095905774 1.6e-09
-2.953625028645105255e-05 1.450597603835714455e+00 3.573043877415703340e-02 1.178022234842224149e-04 -4.520640201799266727e-05 -1.012424061855880388e-06 3.99 0.00024095905774 1.6e-09
-3.683653949202654360e-05 1.028533421850026386e+00 -1.586788058909922861e-02 1.079206900504518617e-04 5.331869146687621589e-05 2.029260068140988987e-07 3.99 0.00024095905774 1.6e-09
2.696868082387331492e-05 3.562667441846828265e+00 3.068338485560750950e-02 2.180663371131733638e-04 1.234005646460236606e-05 4.507503294477150521e-07 3.99 0.00024095905774 1.6e-09
1.138108755964542654e-04 3.775072517752021461e+00 6.233942927633794040e-02 2.294220682830386878e-04 -7.907588547827531245e-06 1.330966189866375109e-07 3.99 0.00024095905774 1.6e-09
8.092122735145268676e-06 1.729420189008208375e+00 4.309654933902445223e-02 1.281881340625893987e-04 -4.009605467357657609e-05 -8.294592347037811384e-07 3.99 0.00024095905774 1.6e-09
-2.764324458773580645e-05 7.907538011811247047e-01 -1.894563112621570206e-02 1.090220864371865242e-04 5.689305191028413489e-05 -2.409389379228651013e-07 3.99 0.00024095905774 1.6e-09
2.540784474550210087e-05 3.444475619774038044e+00 2.727869731735861614e-02 2.118039097673381156e-04 1.415952284183644490e-05 5.289815792993675160e-07 3.99 0.00024095905774 1.6e-09
-1.071220252082367383e-04 3.813217350484313428e+00 6.661716131344030956e-02 2.314839633881660824e-04 -6.419456383265630353e-06 2.013302994797059820e-07 3.99 0.00024095905774 1.6e-09
-5.275627950085483476e-05 1.947185329263378728e+00 5.352213704834635905e-02 1.374123226200906682e-04 -3.636430787968988844e-05 -7.375511577762736132e-07 3.99 0.00024095905774 1.6e-09
-2.405268737427515045e-05 6.385566400247579821e-01 -2.130685125703061372e-02 1.153319358723156764e-04 5.663145645720058983e-05 -8.096976761962015153e-07 3.99 0.00024095905774 1.6e-09
1.843149331210869205e-05 3.343515502872179468e+00 3.110586421827268161e-02 2.064689988257882081e-04 1.580217865662180663e-05 6.692560494435751799e-07 3.99 0.00024095905774 1.6e-09
-4.981829095053937360e-05 3.853873761592258695e+00 8.136549522296690484e-02 2.336693256776770891e-04 -5.066048039335538290e-06 2.703472064240925734e-07 3.99 0.00024095905774 1.6e-09
-8.977947528466162551e-06 2.159541127614258205e+00 7.055734206294540789e-02 1.470094755197496358e-04 -3.302803094205986425e-05 -7.506991603862583421e-07 3.99 0.00024095905774 1.6e-09
-6.204608323052447768e-05 5.248180254167486014e-01 -2.246799017157912609e-02 1.254558592740755152e-04 5.174567640519604132e-05 -1.491025496763542126e-06 3.99 0.00024095905774 1.6e-09
-1.807768275467276826e-05 3.238218011813298602e+00 4.386241998535329173e-02 2.009128090793428872e-04 1.767005200109712871e-05 8.760205003882132977e-07 3.99 0.00024095905774 1.6e-09
7.823802869457029846e-05 3.911913207893690014e+00 1.075727568743324314e-01 2.367769323613617386e-04 -3.470711921485029715e-06 3.301071339346837167e-07 3.99 0.00024095905774 1.6e-09
1.405399365327128622e-06 2.427694949332538599e+00 9.581733050765678383e-02 1.597384770174462487e-04 -2.918458824359566986e-05 -8.071920821513577457e-07 3.99 0.00024095905774 1.6e-09
-3.907039922124577334e-05 4.304787614682543673e-01 -2.128561997810873505e-02 1.401336317688565980e-04 3.649174408721351614e-05 -2.531851670262555729e-06 3.99 0.00024095905774 1.6e-09
2.626494877031386422e-05 3.079157087995278985e+00 6.055494907433883051e-02 1.925800937212745860e-04 2.031857244429546811e-05 1.134009455337318334e-06 3.99 0.00024095905774 1.6e-09
1.099088120501555312e-04 3.974874120088506046e+00 1.392074754749503818e-01 2.401466649056903759e-04 -1.353799722107827410e-06 3.852545515403015947e-07 3.99 0.00024095905774 1.6e-09
4.430431234551197774e-07 2.764790830387048537e+00 1.267675856146195934e-01 1.764513523374525573e-04 -2.467401516779845567e-05 -8.273392319099886828e-07 3.99 0.00024095905774 1.6e-09
-7.129257188065747501e-05 3.843663387391799136e-01 -1.614753484865553285e-02 1.507378161022894427e-04 2.242016302420022821e-06 -4.110697405490727790e-06 3.99 0.00024095905774 1.6e-09
-3.210254691604020531e-05 2.802037745647028011e+00 6.454358257477738059e-02 1.783374184207376029e-04 2.419480073220742704e-05 1.379454240805395887e-06 3.99 0.00024095905774 1.6e-09
-1.088447604530176714e-04 3.978744898558413290e+00 1.571013623029546835e-01 2.403535432165421226e-04 1.075086395453872413e-06 4.524998773762034756e-07 3.99 0.00024095905774 1.6e-09
6.913741374308609601e-06 3.053883854944864584e+00 1.488812786944488376e-01 1.912658142522431380e-04 -2.066857476334522418e-05 -7.607825708493714653e-07 3.99 0.00024095905774 1.6e-09
-2.254953905335548104e-05 4.231851362381905401e-01 -7.525678316057545642e-03 1.416952311410982093e-04 -3.380736624917016209e-05 -5.147854035588288630e-06 3.99 0.00024095905774 1.6e-09
-3.848307341838666290e-05 2.461401363183324698e+00 5.656549466758209466e-02 1.613708631841405199e-04 2.875290411889556660e-05 1.644840033031380206e-06 3.99 0.00024095905774 1.6e-09
-1.018455385159850986e-04 3.921447451511695270e+00 1.651386124229347052e-01 2.372835854373311253e-04 3.302348188302046462e-06 5.543607360239064646e-07 3.99 0.00024095905774 1.6e-09
6.184016284406656399e-05 3.234886884305037569e+00 1.648285465698112739e-01 2.007286597495178278e-04 -1.776243190672485933e-05 -6.781214493361195103e-07 3.99 0.00024095905774 1.6e-09
-4.536782142892548407e-06 5.232565621853643156e-01 2.683216336859363740e-03 1.256312605914304504e-04 -5.152334005184303566e-05 -5.357937204462463732e-06 3.99 0.00024095905774 1.6e-09
-4.360275499947452677e-06 2.166683893426466057e+00 5.330750738014404522e-02 1.473179872086155810e-04 3.298008378906486487e-05 2.017688298913559210e-06 3.99 0.00024095905774 1.6e-09
-9.807681879238690649e-05 3.863221092450954686e+00 1.821849958732847385e-01 2.341587407161066048e-04 5.144722406093085764e-06 6.634693585521887176e-07 3.99 0.00024095905774 1.6e-09
1.601172691717184823e-05 3.369426712684328695e+00 1.870766140548743572e-01 2.078194961186852338e-04 -1.550374271080173492e-05 -6.653275643449830136e-07 3.99 0.00024095905774 1.6e-09
-4.525480177877862768e-05 6.707623695373161610e-01 1.481405908052598613e-02 1.133698669940383889e-04 -5.699411258327889148e-05 -5.231168388421334609e-06 3.99 0.00024095905774 1.6e-09
5.799601791528910327e-05 1.900143386810538404e+00 5.372068718130096343e-02 1.353248923394132245e-04 3.719038054654223669e-05 2.497509594100148184e-06 3.99 0.00024095905774 1.6e-09
6.053068241953658813e-05 3.813772045448842185e+00 2.044550397948766141e-01 2.314938350263162008e-04 6.877903603683599085e-06 7.569131636030323006e-07 3.99 0.00024095905774 1.6e-09
4.871081637394638947e-05 3.504522189271833010e+00 2.118083797211355590e-01 2.149661752061884804e-04 -1.335111900621676978e-05 -6.841994676859622450e-07 3.99 0.00024095905774 1.6e-09
4.476651097669488710e-09 9.012319956890006978e-01 3.160252003190981707e-02 1.074914013221084440e-04 -5.540213752834871071e-05 -4.755718852597044979e-06 3.99 0.00024095905774 1.6e-09
-1.205135072957155902e-05 1.596895118710782047e+00 4.850134434315583887e-02 1.229831776233599881e-04 4.244190248325651119e-05 3.032981405682314479e-06 3.99 0.00024095905774 1.6e-09
-9.773692453412074327e-05 3.748747199963484711e+00 2.181629948560626642e-01 2.279907222244301809e-04 8.844443967638757189e-06 8.296903710317027318e-07 3.99 0.00024095905774 1.6e-09
4.594026370803130682e-05 3.641573530211976273e+00 2.282121040065438478e-01 2.222542103526803055e-04 -1.107559971922342763e-05 -6.688403513974892704e-07 3.99 0.00024095905774 1.6e-09
4.637508152340825214e-05 1.236688823408793603e+00 5.300823661038856632e-02 1.115414224331594923e-04 -4.919090505132943489e-05 -3.985772624465693452e-06 3.99 0.00024095905774 1.6e-09
3.972733625732070834e-05 1.236365304527039299e+00 3.191157678258090685e-02 1.115589258895398204e-04 4.920577573409245468e-05 3.565383026428701837e-06 3.99 0.00024095905774 1.6e-09
1.208910465685386084e-05 3.638621330373114748e+00 2.143709061081745526e-01 2.221024310190307513e-04 1.101803995520830954e-05 8.945574804149985005e-07 3.99 0.00024095905774 1.6e-09
6.679431640111735370e-05 3.738025023796296864e+00 2.293926520773399702e-01 2.274212685863409155e-04 -8.948398574955188751e-06 -6.015912603163724640e-07 3.99 0.00024095905774 1.6e-09
-5.004282659318708577e-05 1.573420073161649224e+00 7.032986379586621262e-02 1.221218087927636840e-04 -4.278745668835283358e-05 -3.275236936114822245e-06 3.99 0.00024095905774 1.6e-09
-2.009540556984283939e-05 9.202768890111587829e-01 1.381205549850781852e-02 1.074891855160356799e-04 5.506722227208286663e-05 4.045285219791494588e-06 3.99 0.00024095905774 1.6e-09
-2.098038655493586642e-06 3.505928591876407374e+00 2.044192106222467165e-01 2.150550696703247056e-04 1.308772296232248338e-05 9.667773661265054885e-07 3.99 0.00024095905774 1.6e-09
1.860726764770740272e-05 3.785736466546595125e+00 2.252937567814584097e-01 2.300003158672307886e-04 -7.231022382510471155e-06 -5.305019253582892595e-07 3.99 0.00024095905774 1.6e-09
-1.273528627128329581e-05 1.825111507383806675e+00 8.092255921209690062e-02 1.321463889401821494e-04 -3.830029640784168062e-05 -2.823285369976741121e-06 3.99 0.00024095905774 1.6e-09
-1.707702312988283161e-05 7.204921834265033409e-01 2.430472314181524041e-03 1.111837688129190579e-04 5.708066880428926896e-05 4.430537947939967587e-06 3.99 0.00024095905774 1.6e-09
9.706614040409599188e-05 3.392485764106808688e+00 1.989888174415804789e-01 2.090584121963173108e-04 1.480540328923412681e-05 1.037188602997213103e-06 3.99 0.00024095905774 1.6e-09
3.528601799671841465e-05 3.818653222490790977e+00 2.243787171277412118e-01 2.317795304953915300e-04 -5.862954636829780371e-06 -4.866935562816086577e-07 3.99 0.00024095905774 1.6e-09
5.384505225093815157e-05 2.025132898542393534e+00 8.909729930866921999e-02 1.408789641081055943e-04 -3.498226776236970214e-05 -2.553469224621126241e-06 3.99 0.00024095905774 1.6e-09
-3.243021419247089503e-05 5.932670191152562555e-01 -4.451930318349344058e-03 1.186613168365836427e-04 5.531076169064074702e-05 4.798519239753218863e-06 3.99 0.00024095905774 1.6e-09
-6.917221959885911080e-06 3.296551978433930330e+00 1.980203666065215029e-01 2.039951101418056704e-04 1.642015569862516447e-05 1.106194188935159082e-06 3.99 0.00024095905774 1.6e-09
-5.513267002093023101e-05 3.862154038315571469e+00 2.268996960473956825e-01 2.341133471773504935e-04 -4.510200056095188528e-06 -4.590987589699029339e-07 3.99 0.00024095905774 1.6e-09
6.882222822295081812e-05 2.240652161284549138e+00 9.834505363607051742e-02 1.507997541841723252e-04 -3.171722418285932341e-05 -2.338999468402996408e-06 3.99 0.00024095905774 1.6e-09
5.926821909836300353e-05 4.912517787422052140e-01 -1.033680279327544790e-02 1.298682394082058223e-04 4.817400100656272924e-05 5.134962294211986705e-06 3.99 0.00024095905774 1.6e-09
-5.359472637745917381e-05 3.185847036562843293e+00 1.962990982480085078e-01 1.981623358110630841e-04 1.842557541730657035e-05 1.181031685960017249e-06 3.99 0.00024095905774 1.6e-09
-7.629269835308669719e-05 3.926755665085212232e+00 2.289332117621417084e-01 2.375695483192115701e-04 -2.785239662362123224e-06 -4.228332361857149061e-07 3.99 0.00024095905774 1.6e-09
1.718634626565683477e-05 2.531528533396028458e+00 1.097011615624500502e-01 1.648145746165688430e-04 -2.769223213024078187e-05 -2.079681177328027465e-06 3.99 0.00024095905774 1.6e-09
4.032931769063675687e-05 4.082546669303600551e-01 -1.698737214549335406e-02 1.448698560142875551e-04 2.770316423467081770e-05 4.882942479196950315e-06 3.99 0.00024095905774 1.6e-09
2.270072103251412723e-06 2.999319803838580434e+00 1.811483276780602725e-01 1.884372616463581831e-04 2.143145147062397281e-05 1.245652229520683037e-06 3.99 0.00024095905774 1.6e-09
-8.560753376393387209e-05 3.984621147198491808e+00 2.178450789220764128e-01 2.406660370327362824e-04 -5.052228205110201975e-07 -3.559364336194119811e-07 3.99 0.00024095905774 1.6e-09
1.123143232309605882e-05 2.878524794687109534e+00 1.150519981875122166e-01 1.822291283317210159e-04 -2.313949630113393469e-05 -1.722647304744028551e-06 3.99 0.00024095905774 1.6e-09
7.383769467803370247e-05 3.880804870287532515e-01 -2.281816163146963700e-02 1.497579088327189443e-04 -1.149578123469421594e-05 3.012599152540554045e-06 3.99 0.00024095905774 1.6e-09
-3.887477481539060656e-07 2.682007894590031860e+00 1.456608213511200733e-01 1.722822201088225545e-04 2.574860544266602147e-05 1.316025223627304020e-06 3.99 0.00024095905774 1.6e-09
-1.139172771449421009e-04 3.963115689705829059e+00 1.879943060488743767e-01 2.395147390476602255e-04 1.936476519339124952e-06 -2.511396572594492464e-07 3.99 0.00024095905774 1.6e-09
-3.857425917303851305e-05 3.133012500077128060e+00 1.066678089206978958e-01 1.953844700615771444e-04 -1.947928904277220082e-05 -1.351215621384539507e-06 3.99 0.00024095905774 1.6e-09
2.392491239721855506e-05 4.536288691379711246e-01 -2.416552715902386961e-02 1.358170572288938693e-04 -4.225265537175414767e-05 8.414957345011562493e-07 3.99 0.00024095905774 1.6e-09
3.866939982982023154e-05 2.344925786993331762e+00 1.156160980385692316e-01 1.557392520386243536e-04 3.032875227298168549e-05 1.473891250269147478e-06 3.99 0.00024095905774 1.6e-09
7.970348471398973605e-05 3.897335652144643614e+00 1.675243017876759666e-01 2.359922151715491707e-04 4.014961815327416106e-06 -1.422212072691533183e-07 3.99 0.00024095905774 1.6e-09
6.131764944903542614e-05 3.284741405732999109e+00 1.025979380987843415e-01 2.033547872651461316e-04 -1.692448054572912719e-05 -1.118511669201871715e-06 3.99 0.00024095905774 1.6e-09
-2.994192095735542105e-05 5.661931143568685876e-01 -2.247021910512662923e-02 1.210056597224679368e-04 -5.445583371595059887e-05 -4.773380855978621649e-07 3.99 0.00024095905774 1.6e-09
4.307179774799869699e-05 2.073182622928340102e+00 9.997581008173336836e-02 1.430297533741761425e-04 3.435189192610728207e-05 1.703427216639533288e-06 3.99 0.00024095905774 1.6e-09
-1.029294197385285378e-04 3.842689049271794666e+00 1.618569650270842430e-01 2.330593069069158215e-04 5.716209635162101688e-06 -7.117812887930650887e-08 3.99 0.00024095905774 1.6e-09
1.778046932657051583e-05 3.405252712821492000e+00 1.052097617056073076e-01 2.097180674170129853e-04 -1.489799293451026823e-05 -1.013642797277312285e-06 3.99 0.00024095905774 1.6e-09
-1.552494780196388228e-05 7.201538298961099871e-01 -2.028667046401384788e-02 1.111278379682560994e-04 -5.733890083217578015e-05 -1.157058037218374026e-06 3.99 0.00024095905774 1.6e-09
-5.798134900174920506e-05 1.823398489905124098e+00 9.048511633646251495e-02 1.320525117587828816e-04 3.844543078693126196e-05 1.959784628856691660e-06 3.99 0.00024095905774 1.6e-09
-8.465434633153019251e-05 3.798050770741839610e+00 1.582823121961624557e-01 2.306507205682465050e-04 7.374551486540173312e-06 -5.425335141732968431e-08 3.99 0.00024095905774 1.6e-09
7.127174309255599654e-05 3.535927256010229058e+00 1.045599669196785320e-01 2.166372408703243842e-04 -1.286287927313097565e-05 -9.534286692320263299e-07 3.99 0.00024095905774 1.6e-09
5.073835157759704669e-05 9.608930831359741020e-01 -1.866783381822718912e-02 1.074563322752117626e-04 -5.459807545411393952e-05 -1.360553016292532542e-06 3.99 0.00024095905774 1.6e-09
-1.695553783968212268e-05 1.525204984217621629e+00 7.619071990230701086e-02 1.203606570881657860e-04 4.376388666446119364e-05 2.156686993625452274e-06 3.99 0.00024095905774 1.6e-09
7.434086271212887720e-05 3.734745786089897379e+00 1.392443956755428092e-01 2.272394328353449691e-04 9.314291175360535108e-06 -1.049373748168156709e-07 3.99 0.00024095905774 1.6e-09
3.889904713491600075e-05 3.672845326483067829e+00 8.652155052508056499e-02 2.239246795378163092e-04 -1.061928093534179060e-05 -8.592096920232261431e-07 3.99 0.00024095905774 1.6e-09
3.707215802381485208e-06 1.310269926161632181e+00 -2.028386530600218007e-02 1.134679056786976498e-04 -4.794743670058149230e-05 -1.101877902027213558e-06 3.99 0.00024095905774 1.6e-09
2.796065413985361227e-05 1.162844583860628722e+00 5.224549093953913259e-02 1.099176963141499871e-04 5.070655963015524451e-05 2.198181613469859852e-06 3.99 0.00024095905774 1.6e-09
-2.879583474511887748e-06 3.620589854759488357e+00 9.721473118744282382e-02 2.211381501751135650e-04 1.154549613554629718e-05 -1.970514245453474839e-07 3.99 0.00024095905774 1.6e-09
1.505911607402127072e-05 3.767265902837540814e+00 4.781729570976603338e-02 2.289883098332185808e-04 -8.490262756289042209e-06 -6.902980106627548563e-07 3.99 0.00024095905774 1.6e-09
-4.686590656312127041e-05 1.653254024551804147e+00 -2.753783678917554045e-02 1.251404263855393007e-04 -4.153703216547613951e-05 -5.963102382389038300e-07 3.99 0.00024095905774 1.6e-09
4.345137932224635757e-05 8.533717380908649730e-01 3.017239363331481600e-02 1.079255777500761411e-04 5.617256188572742974e-05 2.075234842277182238e-06 3.99 0.00024095905774 1.6e-09
-5.410291693466510955e-06 3.482487919185843772e+00 5.516387052105593825e-02 2.138083630665983345e-04 1.368113440667438206e-05 -2.481469326114816575e-07 3.99 0.00024095905774 1.6e-09
-5.780163821956061943e-05 3.813582886957268769e+00 1.353048257755965107e-02 2.314941507431967369e-04 -6.745323980696629315e-06 -4.961110539749661251e-07 3.99 0.00024095905774 1.6e-09
-2.024369532895215040e-05 1.910011494221556472e+00 -3.199990440599752295e-02 1.357706981126265275e-04 -3.705819349536214487e-05 -2.176120190124839615e-07 3.99 0.00024095905774 1.6e-09
-1.653029334137946931e-05 6.633239460026861822e-01 1.619693363031309702e-02 1.138472482506043548e-04 5.698570822214864848e-05 1.795280129778621283e-06 3.99 0.00024095905774 1.6e-09
6.330678882482580565e-05 3.363267116828548176e+00 2.956460019750653881e-02 2.075102072961276345e-04 1.550519834160427079e-05 -2.223579179828150567e-07 3.99 0.00024095905774 1.6e-09
1.113237429696944930e-04 3.848992561892611075e+00 -1.459943632820120095e-03 2.334060996853257706e-04 -5.308648145325065762e-06 -3.327681130063661593e-07 3.99 0.00024095905774 1.6e-09
-5.068098050616100063e-05 2.124527255078055621e+00 -2.832902087395193502e-02 1.453915464987519369e-04 -3.359655963264027265e-05 -6.993574514413472600e-08 3.99 0.00024095905774 1.6e-09
-3.487882463374323541e-05 5.418618518234172843e-01 7.594259935277045820e-03 1.235570177812621902e-04 5.300114890514342689e-05 1.564191303493916447e-06 3.99 0.00024095905774 1.6e-09
-8.532117575914565960e-06 3.255776608484238999e+00 2.102623424926147386e-02 2.018430929243395541e-04 1.732163133390062339e-05 -1.316165690246741804e-07 3.99 0.00024095905774 1.6e-09
8.927613781451045841e-05 3.897496485894740736e+00 1.081185387288110568e-03 2.360077380976863151e-04 -3.803784202681799670e-06 -2.217398376872122991e-07 3.99 0.00024095905774 1.6e-09
-3.338816308337999757e-05 2.366578348904638140e+00 -1.826026017369362237e-02 1.567918009587652246e-04 -3.005099375903458420e-05 -9.328643146169786752e-08 3.99 0.00024095905774 1.6e-09
4.537240738609156152e-05 4.476377844897743152e-01 2.209155192619864476e-03 1.369407029464684222e-04 4.105993666382021018e-05 1.639191464874962872e-06 3.99 0.00024095905774 1.6e-09
-6.602103072828545936e-05 3.118624877953821262e+00 2.294388634204674524e-02 1.946438251920438870e-04 1.967930891639123894e-05 -3.578388062044381152e-08 3.99 0.00024095905774 1.6e-09
-1.169937590290608321e-04 3.960231666066620804e+00 1.053446957236825812e-02 2.393659945123201348e-04 -1.867081430979413251e-06 -1.726450842254775058e-07 3.99 0.00024095905774 1.6e-09
-1.595481888227760975e-06 2.679426502042459468e+00 -8.355453689951355262e-03 1.721622336060154006e-04 -2.582857695912991737e-05 -1.664543379602073166e-07 3.99 0.00024095905774 1.6e-09
4.489849086712421281e-05 3.880107987292265026e-01 -1.046238541148913990e-03 1.498257279628096574e-04 1.254458099689961868e-05 1.904240582322737927e-06 3.99 0.00024095905774 1.6e-09
-7.015120658542757016e-05 2.885181982869056583e+00 1.551316793073436590e-02 1.825715060574639704e-04 2.313853310651527986e-05 -7.467547903348737062e-08 3.99 0.00024095905774 1.6e-09
-1.883457723374804693e-05 3.990454774357457879e+00 1.789080741737880502e-03 2.409826976367014368e-04 4.794578633933904336e-07 -1.596225280785620489e-07 3.99 0.00024095905774 1.6e-09
-4.200807736680463517e-05 2.997516604031992493e+00 -1.326281327653381845e-02 1.883458580465019331e-04 -2.157695730817810729e-05 -1.048518111552148113e-07 3.99 0.00024095905774 1.6e-09
-5.573010913058741665e-07 4.051113863985773000e-01 -2.643786773148965388e-03 1.456575171546382235e-04 -2.641135403979357745e-05 1.731048849131163568e-06 3.99 0.00024095905774 1.6e-09
-5.076426952312203201e-05 2.547259071155240306e+00 -6.478801630450784638e-03 1.655778410879996804e-04 2.767503687033546429e-05 -2.312283264409711251e-07 3.99 0.00024095905774 1.6e-09
-6.532972670158865910e-05 3.946238130168665315e+00 -2.308801268871813611e-02 2.386117080316599228e-04 2.838709695851128079e-06 -9.641670572194965731e-08 3.99 0.00024095905774 1.6e-09
-9.751725517499008748e-05 3.211791013766321701e+00 -2.483251971565567789e-02 1.995083168230901032e-04 -1.831200071052572413e-05 8.331207221529681782e-08 3.99 0.00024095905774 1.6e-09
-3.755866882144970201e-05 4.979475744336528953e-01 -1.031524233611643727e-03 1.288706771705710867e-04 -4.941420985176684830e-05 1.012158448233075370e-06 3.99 0.00024095905774 1.6e-09
2.758690390008642219e-05 2.224399261632411751e+00 -1.930973745130229111e-02 1.500098773408900890e-04 3.220767641008618449e-05 -2.605748396367639935e-07 3.99 0.00024095905774 1.6e-09
1.126329278829260133e-04 3.881952181004560742e+00 -2.783516313931592642e-02 2.351640078716149811e-04 4.827561923752840553e-06 2.958576191403706266e-08 3.99 0.00024095905774 1.6e-09
2.719058086251785011e-05 3.355467625552005728e+00 -1.657850657186804577e-02 2.070787311091130001e-04 -1.589533995121552993e-05 1.860185087453597262e-07 3.99 0.00024095905774 1.6e-09
-4.200467718055064781e-05 6.400568526355985277e-01 3.985312803063816370e-03 1.151433201824765388e-04 -5.690800166564067967e-05 1.175277517794268954e-07 3.99 0.00024095905774 1.6e-09
-5.000846618390534154e-05 1.946216912373058161e+00 -1.946982431686431966e-02 1.373384530162227116e-04 3.652159311028993098e-05 -9.716412698182331469e-08 3.99 0.00024095905774 1.6e-09
-8.437174227171097014e-05 3.827088057371167196e+00 -1.068107927507718283e-02 2.322134354549059603e-04 6.597359610826989982e-06 1.670730999345085726e-07 3.99 0.00024095905774 1.6e-09
1.011362987038979627e-05 3.483460898894716884e+00 8.019735372853858957e-03 2.138526313986857208e-04 -1.378932673339132895e-05 1.726091400401622911e-07 3.99 0.00024095905774 1.6e-09
-3.436893462256797132e-05 8.454892994384810567e-01 1.150120932683587963e-02 1.079829703572335000e-04 -5.642667802591330554e-05 -5.508908989301979309e-07 3.99 0.00024095905774 1.6e-09
1.118982683662066290e-05 1.661335511018195543e+00 -1.394668701399588012e-02 1.254640237404403219e-04 4.137547993796953684e-05 1.462088688173677955e-07 3.99 0.00024095905774 1.6e-09
1.057007824168248864e-04 3.767758546983682511e+00 1.223930767009762458e-02 2.290183393277222743e-04 8.413240721063076840e-06 2.670783462424768550e-07 3.99 0.00024095905774 1.6e-09
4.436523731927606709e-05 3.612838312797149953e+00 3.323894419771875747e-02 2.207276476593850959e-04 -1.165848245640221036e-05 1.109786143466713485e-07 3.99 0.00024095905774 1.6e-09
-3.699097183647918040e-05 1.141914231087618692e+00 2.034631283064582130e-02 1.095160975485686555e-04 -5.120182937044401251e-05 -8.074471375381703087e-07 3.99 0.00024095905774 1.6e-09
-2.286304515405124168e-05 1.330630985012203116e+00 -1.150054626962854903e-02 1.140703150487943414e-04 4.750992586561913946e-05 2.330985317536459314e-07 3.99 0.00024095905774 1.6e-09
5.413991905867727750e-05 3.676088498322207521e+00 2.182108714393089094e-02 2.241058460716584765e-04 1.044431946214814667e-05 3.083888490713104112e-07 3.99 0.00024095905774 1.6e-09
-6.220161167951886757e-05 3.718434023737375860e+00 4.358238715795312995e-02 2.263724604358107828e-04 -9.561540582971943090e-06 8.807670081551180608e-08 3.99 0.00024095905774 1.6e-09
1.109019567748467016e-05 1.474577149790281094e+00 2.724534597354380527e-02 1.186109996110622504e-04 -4.476720632333451610e-05 -7.226017677914292869e-07 3.99 0.00024095905774 1.6e-09
-1.764533797144496679e-05 1.006757989946500009e+00 -1.412228779970895950e-02 1.077349557999652792e-04 5.372004643453165580e-05 -2.200994457396964067e-08 3.99 0.00024095905774 1.6e-09
-8.336296326994032692e-06 3.553539604434994281e+00 1.603146490325931678e-02 2.175812993586143974e-04 1.249458179114296762e-05 3.342300387664816241e-07 3.99 0.00024095905774 1.6e-09
5.566996579088712258e-05 3.779340139756769190e+00 4.167154960538746455e-02 2.296521830512250053e-04 -7.775938497407331950e-06 1.372639341222195780e-07 3.99 0.00024095905774 1.6e-09
1.214172728759740612e-06 1.748904944403837813e+00 3.267932258666153555e-02 1.289802324115604034e-04 -3.976589222201642548e-05 -5.466720513790080020e-07 3.99 0.00024095905774 1.6e-09
-2.632498300158566231e-05 7.760493380736819269e-01 -1.752069085098125617e-02 1.093777941674203228e-04 5.702022199201880852e-05 -5.598135301336159287e-07 3.99 0.00024095905774 1.6e-09
1.855847898722634115e-05 3.436478219081285701e+00 9.980326245173852875e-03 2.113801812405064341e-04 1.430195219741969525e-05 4.068969205601092399e-07 3.99 0.00024095905774 1.6e-09
1.077566354185153472e-04 3.817711221378981001e+00 4.400454238235222693e-02 2.317249138877236275e-04 -6.311931951638972900e-06 2.201455533461059584e-07 3.99 0.00024095905774 1.6e-09
-5.129827653164751802e-05 1.966619452142071234e+00 4.250673179598406931e-02 1.382675104954972432e-04 -3.606417922553396252e-05 -4.662169117949358878e-07 3.99 0.00024095905774 1.6e-09
-7.614278962770660870e-06 6.269597392992636298e-01 -2.004838669828444553e-02 1.160967000361907931e-04 5.641762089118693309e-05 -1.224332236508467860e-06 3.99 0.00024095905774 1.6e-09
-3.880918863005746339e-05 3.335158863284664932e+00 1.275433059998220924e-02 2.060263151305728095e-04 1.597077752223392174e-05 5.509585108254566356e-07 3.99 0.00024095905774 1.6e-09
2.036784953245245169e-05 3.860283894852666986e+00 5.872348462224894622e-02 2.340124011777081005e-04 -4.924318838180435334e-06 3.007817217223811634e-07 3.99 0.00024095905774 1.6e-09
-4.145201833942020145e-05 2.184780221267875078e+00 5.996439344328544085e-02 1.481806076327371298e-04 -3.266756250763478857e-05 -5.006727167561726244e-07 3.99 0.00024095905774 1.6e-09
-3.456219457649028115e-05 5.138873347090937571e-01 -2.106642621516887845e-02 1.267957240136719540e-04 5.080002359373057456e-05 -1.997906907751267116e-06 3.99 0.00024095905774 1.6e-09
9.444933401413075605e-05 3.225750689080824962e+00 2.603858418255044355e-02 2.002561571157355168e-04 1.790274255392467222e-05 7.676307489722261232e-07 3.99 0.00024095905774 1.6e-09
9.477701023516931075e-05 3.920393661888020631e+00 8.644289105390517980e-02 2.372308500877733984e-04 -3.267023703808864293e-06 3.660898512321477029e-07 3.99 0.00024095905774 1.6e-09
4.609781755585089501e-05 2.462805384163218037e+00 8.614477868525850790e-02 1.614451870839692170e-04 -2.872421725284258570e-05 -5.895770305696992615e-07 3.99 0.00024095905774 1.6e-09
4.545463566252527744e-06 4.220978514819676564e-01 -1.922930081385123419e-02 1.418545517620419406e-04 3.370951702076344694e-05 -3.086253762785322553e-06 3.99 0.00024095905774 1.6e-09
2.075948664526948076e-05 3.055661074862233484e+00 4.380275255332271439e-02 1.913584107294990567e-04 2.068780517327830493e-05 1.028617642866093337e-06 3.99 0.00024095905774 1.6e-09
-1.015885260959520982e-04 3.980285355218807553e+00 1.192990807156995570e-01 2.404368390993639527e-04 -1.080561764003282334e-06 4.183110372276981210e-07 3.99 0.00024095905774 1.6e-09
2.686356236017999917e-05 2.802144094835556043e+00 1.170011152464933007e-01 1.783423953756067197e-04 -2.419523121378107329e-05 -6.442779325157019399e-07 3.99 0.00024095905774 1.6e-09
-7.212150735924133986e-06 3.843982339129236037e-01 -1.318222897389181511e-02 1.507423390173819175e-04 -2.263628926918707945e-06 -4.504278774051486571e-06 3.99 0.00024095905774 1.6e-09
-6.763032408268111631e-05 2.765401029549827250e+00 4.774631766791682247e-02 1.764820874203133067e-04 2.469499863913657869e-05 1.255194185936650349e-06 3.99 0.00024095905774 1.6e-09
-1.166805026369909084e-04 3.974890998991333912e+00 1.362719836333705636e-01 2.401475467231117865e-04 1.336152184747055311e-06 4.811213726092088168e-07 3.99 0.00024095905774 1.6e-09
5.852241928920060850e-05 3.078242485208721568e+00 1.373830719462992289e-01 1.925317134775619333e-04 -2.031708571874083356e-05 -5.981156752960539427e-07 3.99 0.00024095905774 1.6e-09
1.046799111226285754e-05 4.315555923312559550e-01 -4.072204712712350350e-03 1.399890729783346698e-04 -3.656407648550413921e-05 -5.221326264670464558e-06 3.99 0.00024095905774 1.6e-09
-5.496231035201647229e-06 2.427409832697803083e+00 4.125212806288053313e-02 1.597165845702795391e-04 2.923637534093255537e-05 1.502755794495852221e-06 3.99 0.00024095905774 1.6e-09
-1.044705093944908703e-05 3.915727572636921394e+00 1.454716906052797576e-01 2.369772458567410305e-04 3.512768847570681488e-06 5.832438718628728736e-07 3.99 0.00024095905774 1.6e-09
8.095597380283598940e-05 3.251370492941293655e+00 1.539482515652372818e-01 2.015951986594391291e-04 -1.750547071601365884e-05 -5.329367810853355280e-07 3.99 0.00024095905774 1.6e-09
4.856732919148380289e-05 5.365651810949007006e-01 6.550494135434075001e-03 1.240720981554723032e-04 -5.256671627315429832e-05 -5.298559760740283194e-06 3.99 0.00024095905774 1.6e-09
3.642521733931042586e-05 2.137887536025808721e+00 3.982148733030899113e-02 1.459846067944229936e-04 3.343375992555153891e-05 1.869980359788923415e-06 3.99 0.00024095905774 1.6e-09
6.836166255464064582e-05 3.858909952760186002e+00 1.649015163709754150e-01 2.339268347925093933e-04 5.324690680827986665e-06 6.972262634110051091e-07 3.99 0.00024095905774 1.6e-09
-4.347725483112089678e-05 3.384848948694936244e+00 1.783087436426991079e-01 2.086338798047007248e-04 -1.527125117707028260e-05 -5.344496899932552471e-07 3.99 0.00024095905774 1.6e-09
2.535559978765447963e-05 6.912193559982429125e-01 1.953664635127427135e-02 1.123381694764858990e-04 -5.713609512845830934e-05 -5.128375037711439778e-06 3.99 0.00024095905774 1.6e-09
-2.442080090602811952e-05 1.869520764401582547e+00 4.152855321011163225e-02 1.340028599222132253e-04 3.772748889243760092e-05 2.353370936934860751e-06 3.99 0.00024095905774 1.6e-09
5.045035761258109488e-05 3.808960744414580990e+00 1.896325755350563025e-01 2.312337865747276470e-04 7.082823699274728223e-06 7.995139069640028750e-07 3.99 0.00024095905774 1.6e-09
4.794641570072702652e-05 3.520890575013003954e+00 2.055526347556182742e-01 2.158342488590280915e-04 -1.310892838205029662e-05 -5.638934002924463844e-07 3.99 0.00024095905774 1.6e-09
5.232663363296397577e-05 9.339919119034503225e-01 3.776592941481625443e-02 1.074071122672360317e-04 -5.487245573934991001e-05 -4.627942492078595090e-06 3.99 0.00024095905774 1.6e-09
-4.640463707230185899e-06 1.558790768960532924e+00 3.724813804052662380e-02 1.215729458364668271e-04 4.315252389882865981e-05 2.891177935803071996e-06 3.99 0.00024095905774 1.6e-09
-2.664656374635067626e-05 3.739484506915797368e+00 2.056558841384289460e-01 2.274938617444680457e-04 9.072569026496390368e-06 8.838017377131989497e-07 3.99 0.00024095905774 1.6e-09
-5.689399634079618821e-06 3.654913635092957414e+00 2.244629246782167686e-01 2.229667888924990484e-04 -1.083192456825224194e-05 -5.585465082281224574e-07 3.99 0.00024095905774 1.6e-09
3.008625926301891041e-05 1.275668136345384340e+00 6.034112627219580249e-02 1.125298937071622229e-04 -4.842122205014814181e-05 -3.877817009418607634e-06 3.99 0.00024095905774 1.6e-09
3.074732633800127476e-05 1.197311278587965822e+00 2.243360773981578626e-02 1.106568522077995060e-04 4.998294907223280084e-05 3.412213445331397918e-06 3.99 0.00024095905774 1.6e-09
2.833446369871628893e-05 3.624559648634475550e+00 2.052218665284437638e-01 2.213539022888612274e-04 1.124940376605448595e-05 9.625644698743464476e-07 3.99 0.00024095905774 1.6e-09
-1.035578097101905642e-04 3.744420492629346064e+00 2.290598537305436333e-01 2.277667247838362880e-04 -8.741158440226297837e-06 -5.056778044854068820e-07 3.99 0.00024095905774 1.6e-09
5.004839415595194917e-05 1.603255553572018988e+00 7.825768105821839793e-02 1.232357506498581309e-04 -4.223468189226163897e-05 -3.231096257296597212e-06 3.99 0.00024095905774 1.6e-09
-2.221023339577053368e-05 8.942553926239308337e-01 7.027195851941595364e-03 1.075930776533035038e-04 5.549251215540348535e-05 3.858679057474012926e-06 3.99 0.00024095905774 1.6e-09
-5.892182936419689443e-05 3.493023074328514888e+00 1.996035017951970914e-01 2.143716897324430192e-04 1.328087332629991678e-05 1.046825438166101499e-06 3.99 0.00024095905774 1.6e-09
3.029855916766841965e-05 3.788738917788940785e+00 2.290525663929106337e-01 2.301633987504254453e-04 -7.084340053714779348e-06 -4.514676505473572473e-07 3.99 0.00024095905774 1.6e-09
-1.760492419273215948e-05 1.846270667866308113e+00 8.976396546637327445e-02 1.330441708044718258e-04 -3.792123284451880399e-05 -2.834376120283662977e-06 3.99 0.00024095905774 1.6e-09
-4.051271678263516647e-05 7.052728497881597391e-01 -2.436090904243886929e-03 1.118048609068523873e-04 5.709129700892522530e-05 4.217457352853348581e-06 3.99 0.00024095905774 1.6e-09
4.250244354934239714e-05 3.382408004884139174e+00 1.978641773690282268e-01 2.085260091492947680e-04 1.496544041114038899e-05 1.127551899162749878e-06 3.99 0.00024095905774 1.6e-09
1.088080138979649923e-04 3.821972421323574842e+00 2.316206302766252167e-01 2.319579048925897620e-04 -5.738679412303391178e-06 -4.208205669586397230e-07 3.99 0.00024095905774 1.6e-09
-6.947369490834587661e-05 2.045187031021171720e+00 9.916146151203725223e-02 1.417840251292338681e-04 -3.464197793538926649e-05 -2.594521854985109664e-06 3.99 0.00024095905774 1.6e-09
-4.223304882188851501e-05 5.819949364530667690e-01 -8.319591584832197739e-03 1.196157515580968835e-04 5.491689823778085470e-05 4.562528780644126782e-06 3.99 0.00024095905774 1.6e-09
-3.337497041759370355e-05 3.286599314160719487e+00 1.994458538971389527e-01 2.034694280885287229e-04 1.659609223905741075e-05 1.207629317371769992e-06 3.99 0.00024095905774 1.6e-09
-1.074057148872199297e-04 3.867708199193117480e+00 2.367872731146609122e-01 2.344103028287798478e-04 -4.351102291473828210e-06 -4.001226527653278817e-07 3.99 0.00024095905774 1.6e-09
6.375259402471729591e-05 2.267262832729942001e+00 1.099928845464528127e-01 1.520542634826017761e-04 -3.131976745671986119e-05 -2.386786008083575283e-06 3.99 0.00024095905774 1.6e-09
-2.758362882832309185e-05 4.809110462682021359e-01 -1.368456121562491856e-02 1.313714609337685566e-04 4.685756120167427916e-05 4.806277017607172699e-06 3.99 0.00024095905774 1.6e-09
-8.932122726866845110e-05 3.170652222065625025e+00 1.986908036751668660e-01 1.973638818693765557e-04 1.868737155561507070e-05 1.296254596786386050e-06 3.99 0.00024095905774 1.6e-09
5.346407589366186728e-05 3.934002111425574988e+00 2.403777078373749987e-01 2.379566641992150473e-04 -2.571956542061437218e-06 -3.627935443552272741e-07 3.99 0.00024095905774 1.6e-09
-5.246861823887004399e-05 2.568338367640217612e+00 1.231512758850321493e-01 1.666302503716286711e-04 -2.718462308686560736e-05 -2.115275382198280410e-06 3.99 0.00024095905774 1.6e-09
-6.672147362194822003e-05 4.018469999917111402e-01 -1.974443225570833224e-02 1.463441196913104858e-04 2.417440366617611055e-05 4.252642597560596043e-06 3.99 0.00024095905774 1.6e-09
-1.692221989783792652e-05 2.970393299296304690e+00 1.826049899728336423e-01 1.869441267211396896e-04 2.183465707956975182e-05 1.382808116963393384e-06 3.99 0.00024095905774 1.6e-09
-1.186284936839017049e-04 3.985680280330200720e+00 2.296658916009683415e-01 2.407223372130500353e-04 -2.389911638862778711e-07 -2.878015858664197863e-07 3.99 0.00024095905774 1.6e-09
8.942348787660954175e-06 2.911679693663930202e+00 1.296926940556661911e-01 1.839258717978690147e-04 -2.267684382202153859e-05 -1.747653333226699292e-06 3.99 0.00024095905774 1.6e-09
1.921509322768849987e-05 3.915751687619726251e-01 -2.423233068804044738e-02 1.488802794593600018e-04 -1.579331200990468105e-05 2.083290645220301702e-06 3.99 0.00024095905774 1.6e-09
-4.109918594655038754e-05 2.643083450739646345e+00 1.479126547876303821e-01 1.703363842697719712e-04 2.624815616544162839e-05 1.498890586800013412e-06 3.99 0.00024095905774 1.6e-09
-6.885604853740825678e-05 3.955061645959457195e+00 2.028736451982672273e-01 2.390832605743832117e-04 2.175796477935488830e-06 -1.760013551671493322e-07 3.99 0.00024095905774 1.6e-09
-4.263692987081294764e-05 3.150851203593553862e+00 1.238274609063738374e-01 1.963185419403480798e-04 -1.916437401784934019e-05 -1.394521836343499348e-06 3.99 0.00024095905774 1.6e-09
-1.337901741989151649e-05 4.636512734268481983e-01 -2.417662383218147429e-02 1.341103923798345719e-04 -4.418741469659932130e-05 3.280319134621487605e-09 3.99 0.00024095905774 1.6e-09
-4.345494249589944833e-06 2.313870877747243426e+00 1.206011364069080327e-01 1.542542164957212973e-04 3.075209221394474530e-05 1.704045213655999610e-06 3.99 0.00024095905774 1.6e-09
-1.456308885113169569e-05 3.889647439103812943e+00 1.866586702335805148e-01 2.355799425381405014e-04 4.203235467022146375e-06 -7.067157483582641251e-08 3.99 0.00024095905774 1.6e-09
3.584535548627407740e-05 3.296143909746885647e+00 1.223521929559829718e-01 2.039567361232493621e-04 -1.670068325172009696e-05 -1.187992881149675600e-06 3.99 0.00024095905774 1.6e-09
4.239687754403876323e-05 5.792515195028844488e-01 -2.172830427100723091e-02 1.197928276765874175e-04 -5.505534481863941514e-05 -1.144615085244240256e-06 3.99 0.00024095905774 1.6e-09
4.481574266819083100e-05 2.048392997586037101e+00 1.065285231061436216e-01 1.419050352514137714e-04 3.472098096844698236e-05 1.969618216175173366e-06 3.99 0.00024095905774 1.6e-09
-8.417762458017276849e-05 3.837368108152912960e+00 1.829356906636749325e-01 2.327725242848848342e-04 5.876538431342349274e-06 -8.957571501137228355e-09 3.99 0.00024095905774 1.6e-09
8.041246717861461621e-05 3.417524959920948291e+00 1.255427866103291379e-01 2.103660984225585128e-04 -1.469155081145459544e-05 -1.095575311288640934e-06 3.99 0.00024095905774 1.6e-09
2.165947990564371132e-05 7.404643343662176136e-01 -1.898841714693545735e-02 1.103836446140085914e-04 -5.729807829228809109e-05 -1.674863644064880699e-06 3.99 0.00024095905774 1.6e-09
-1.130023063713595291e-06 1.795297672017017954e+00 9.665708822924429233e-02 1.308731987029088822e-04 3.890552230909687342e-05 2.252602532905145880e-06 3.99 0.00024095905774 1.6e-09
-3.960940138797755631e-05 3.792618591815173801e+00 1.784247482556899356e-01 2.303563772543782101e-04 7.567380274661793596e-06 -2.689723936631496656e-09 3.99 0.00024095905774 1.6e-09
9.081493014172435901e-05 3.551914620803765743e+00 1.233507974847822403e-01 2.174848896536213274e-04 -1.261023484120018655e-05 -1.031303268117985733e-06 3.99 0.00024095905774 1.6e-09
5.260596091280902114e-05 9.969974988964438456e-01 -1.656655573428359590e-02 1.076219223995606951e-04 -5.395558165833662265e-05 -1.731948728996015917e-06 3.99 0.00024095905774 1.6e-09
2.914291397769324510e-05 1.485278690548671676e+00 7.971392684983827359e-02 1.189606762396210895e-04 4.448188470051973528e-05 2.472821302929278836e-06 3.99 0.00024095905774 1.6e-09
5.337977878440097290e-05 3.723911827312931244e+00 1.555682164447861893e-01 2.266571821100849958e-04 9.570576205457946966e-06 -6.082188556087860894e-08 3.99 0.00024095905774 1.6e-09
-6.534710749150037033e-05 3.687733109076294813e+00 1.018296334764406119e-01 2.247198358514001799e-04 -1.033226644090266138e-05 -9.197867334208878263e-07 3.99 0.00024095905774 1.6e-09
-4.620479989230700645e-05 1.356744181947152406e+00 -1.753951982256315295e-02 1.148102574737619225e-04 -4.704865570719928588e-05 -1.345594134276657883e-06 3.99 0.00024095905774 1.6e-09
3.480938604089952205e-05 1.118331750967529903e+00 5.316239406927190936e-02 1.090977442098903303e-04 5.154166667789583135e-05 2.567625511032776038e-06 3.99 0.00024095905774 1.6e-09
1.505508211642264064e-05 3.602715258791066688e+00 1.112412441953206932e-01 2.201867974437817801e-04 1.182518995909719320e-05 -1.468291706292875163e-07 3.99 0.00024095905774 1.6e-09
3.128424879982735969e-05 3.774466244200504583e+00 6.179251376976827026e-02 2.293768666207200583e-04 -8.248113370646862830e-06 -7.374796561134332028e-07 3.99 0.00024095905774 1.6e-09
1.944304966311244560e-06 1.689606380865868118e+00 -2.395938095817758823e-02 1.265685509347767748e-04 -4.088655464846235275e-05 -7.908462400520581521e-07 3.99 0.00024095905774 1.6e-09
-3.741976169175793404e-06 8.239215236420801558e-01 3.062208360559308395e-02 1.083457971491057242e-04 5.651072486152456276e-05 2.521762571230612349e-06 3.99 0.00024095905774 1.6e-09
4.495515722164427193e-05 3.465472558562209038e+00 7.058321722760212136e-02 2.129089618639330001e-04 1.391625464305139623e-05 -1.863362998059260225e-07 3.99 0.00024095905774 1.6e-09
8.572317109353795692e-05 3.816455815178999345e+00 2.927612551678860850e-02 2.316508448528490499e-04 -6.572454331327432234e-06 -5.458728436573534646e-07 3.99 0.00024095905774 1.6e-09
-1.506947030614522884e-05 1.934564841241321442e+00 -2.726345722950013206e-02 1.368451433616791311e-04 -3.664066963192003128e-05 -4.126464466536207074e-07 3.99 0.00024095905774 1.6e-09
2.461182939213689777e-05 6.476404301694614896e-01 1.676581336599743816e-02 1.147749048154678804e-04 5.673986945058615298e-05 2.329849988230909417e-06 3.99 0.00024095905774 1.6e-09
1.541149082471236775e-05 3.350257897094494286e+00 4.656013390091277848e-02 2.068250394660537967e-04 1.569608033615749242e-05 -1.572714617902508601e-07 3.99 0.00024095905774 1.6e-09
6.192394713707587758e-05 3.851510867433788565e+00 1.537072735833636128e-02 2.335426125225154503e-04 -5.163348499475281235e-06 -3.919212465108845324e-07 3.99 0.00024095905774 1.6e-09
-7.231926677664390381e-05 2.144394898380266312e+00 -2.336519479252252215e-02 1.463100557687828482e-04 -3.328206278693896197e-05 -2.612699524517135594e-07 3.99 0.00024095905774 1.6e-09
-1.253436056211369690e-05 5.324591758610369707e-01 8.133677961951326502e-03 1.246187838669770838e-04 5.229551624384786801e-05 2.213584626921215456e-06 3.99 0.00024095905774 1.6e-09
-5.327070208264471688e-05 3.244495422941604090e+00 3.822608462608480251e-02 2.012500714938805172e-04 1.750443460590950896e-05 -7.478730213187898356e-08 3.99 0.00024095905774 1.6e-09
8.017087291402891507e-05 3.901393686528354721e+00 1.699639769820786642e-02 2.362167900948770318e-04 -3.659356270214128276e-06 -2.901319996112531902e-07 3.99 0.00024095905774 1.6e-09
-6.011721096130200325e-05 2.388797700276319880e+00 -1.424866072729129990e-02 1.578634064212050157e-04 -2.973241566919945859e-05 -2.634271159655159033e-07 3.99 0.00024095905774 1.6e-09
2.113270512142731157e-05 4.411752635658595656e-01 2.365358789101809633e-03 1.381339519319653019e-04 3.948491808742723877e-05 2.412576867949873373e-06 3.99 0.00024095905774 1.6e-09
-2.059221345331250217e-05 3.104076219781848778e+00 3.791392481168222306e-02 1.938845132624082853e-04 1.990860295703898966e-05 -1.446280409463464868e-09 3.99 0.00024095905774 1.6e-09
-9.534795562036415173e-05 3.964687711516300617e+00 2.258670705436037138e-02 2.396043923113755835e-04 -1.690177943252446378e-06 -2.462742275188249667e-07 3.99 0.00024095905774 1.6e-09
7.325190261317396194e-05 2.706557890342469186e+00 -6.941555506452345634e-03 1.735221206998396729e-04 -2.547505266078204864e-05 -2.951545441017308922e-07 3.99 0.00024095905774 1.6e-09
-9.209917299127843399e-06 3.861262678661026571e-01 -1.777864878941384395e-03 1.503049534308947572e-04 9.466829231968629170e-06 2.693913219633077021e-06 3.99 0.00024095905774 1.6e-09
-6.400198026930192840e-05 2.860924259963762317e+00 2.543335796761023518e-02 1.813312239764431754e-04 2.347393761679194353e-05 -7.328988806069677348e-08 3.99 0.00024095905774 1.6e-09
1.026615092552728782e-04 3.989920753498905182e+00 7.229083958727062012e-03 2.409536729834246523e-04 6.727890353683633772e-07 -2.297493122091990277e-07 3.99 0.00024095905774 1.6e-09
-5.018206337511510755e-05 3.020299799046051170e+00 -1.591678888275049192e-02 1.895226462703795164e-04 -2.125998586654946935e-05 -1.825107753979304042e-07 3.99 0.00024095905774 1.6e-09
5.614967051070630477e-05 4.105751926781391337e-01 -4.369916631832698739e-03 1.443962541868801805e-04 -2.918592997638785877e-05 2.345552811810356912e-06 3.99 0.00024095905774 1.6e-09
-6.892828197140145666e-05 2.517896150536945932e+00 6.284354286747290651e-04 1.641310382526867486e-04 2.807673146671577720e-05 -2.375808482396890883e-07 3.99 0.00024095905774 1.6e-09
1.002495017560617026e-04 3.940947245603509508e+00 -2.041121950634826321e-02 2.383280168736419684e-04 3.016012923258045180e-06 -1.580225466004438214e-07 3.99 0.00024095905774 1.6e-09
-7.030333141140466115e-05 3.226310734908780731e+00 -2.863765048774695454e-02 2.002705096483104298e-04 -1.807682843952184833e-05 2.748578317380920770e-08 3.99 0.00024095905774 1.6e-09
-5.375229430341992135e-06 5.085823331342975706e-01 -3.430467580465869793e-03 1.274325984831392903e-04 -5.054750485116058732e-05 1.431158431399113916e-06 3.99 0.00024095905774 1.6e-09
-5.802951116373989912e-05 2.198624191213388812e+00 -1.277218456025965704e-02 1.488020827007585298e-04 3.259233078518537806e-05 -2.596874596243879667e-07 3.99 0.00024095905774 1.6e-09
-1.077367684964739090e-04 3.876343784495055012e+00 -2.550317450705391620e-02 2.348629542688224518e-04 4.995624247520199828e-06 -3.076344774498893178e-08 3.99 0.00024095905774 1.6e-09
5.445615429951089384e-05 3.365639312542118233e+00 -2.051831778246135385e-02 2.076166809845356469e-04 -1.571783379663774368e-05 1.327721642683909709e-07 3.99 0.00024095905774 1.6e-09
3.860556245245811682e-05 6.538666078300385820e-01 8.682172466726151804e-04 1.142948596417267944e-04 -5.711463747608721251e-05 4.328876435491515571e-07 3.99 0.00024095905774 1.6e-09
3.916349790986090170e-05 1.924039347891752350e+00 -1.347662355116327135e-02 1.363708808794172574e-04 3.687205462702852256e-05 -9.961694382190117823e-08 3.99 0.00024095905774 1.6e-09
9.934497578633708363e-05 3.822027821030785866e+00 -9.780758350226936501e-03 2.319421306634818886e-04 6.719958527066727607e-06 9.946653188823418420e-08 3.99 0.00024095905774 1.6e-09
3.548966826206731065e-05 3.491935200183032606e+00 2.394848374905423748e-03 2.143027503167721287e-04 -1.364031446142769353e-05 1.225890603932528527e-07 3.99 0.00024095905774 1.6e-09
-2.308158391232013895e-06 8.629081457590737081e-01 7.231621996413576357e-03 1.077844119148240511e-04 -5.619204888614314657e-05 -2.812926336934919418e-07 3.99 0.00024095905774 1.6e-09
5.364590738933067105e-05 1.640008117295961299e+00 -9.011063301516195403e-03 1.246395374982562818e-04 4.174878041865445820e-05 1.170656022615373934e-07 3.99 0.00024095905774 1.6e-09
1.108683472153922442e-04 3.762261592154246159e+00 9.714306633225143137e-03 2.287235339242927571e-04 8.541390912716705216e-06 1.850496563149599921e-07 3.99 0.00024095905774 1.6e-09
-9.518584199537129785e-05 3.619992600359364765e+00 2.387316227800359222e-02 2.211100088994552310e-04 -1.151433455150908003e-05 6.985529983573891287e-08 3.99 0.00024095905774 1.6e-09
-3.630967431836216254e-05 1.162077595296778121e+00 1.413424572695326856e-02 1.099068369971856727e-04 -5.081170486913987462e-05 -5.581217997459370093e-07 3.99 0.00024095905774 1.6e-09
2.294498474855232378e-05 1.309883926794052744e+00 -7.939012818713352820e-03 1.134851954938397597e-04 4.790646878291675303e-05 1.484100849311793481e-07 3.99 0.00024095905774 1.6e-09
-4.615417424337632491e-05 3.669347442201320142e+00 1.432986342657169981e-02 2.237455911180586830e-04 1.057703172428845962e-05 2.082580508085412097e-07 3.99 0.00024095905774 1.6e-09
9.015426065271816376e-06 3.723423430792436317e+00 2.913086339287256077e-02 2.266401175239010505e-04 -9.447965824229703175e-06 6.161555577533348868e-08 3.99 0.00024095905774 1.6e-09
3.254402227997447463e-05 1.493102482181258850e+00 1.852201328071412939e-02 1.192480961750917831e-04 -4.442871169876519031e-05 -4.760197815173653385e-07 3.99 0.00024095905774 1.6e-09
-2.119579493378290550e-05 9.901657422481839887e-01 -1.152917783902022639e-02 1.076223441553633947e-04 5.402566571549993616e-05 -1.795788190792415483e-07 3.99 0.00024095905774 1.6e-09
1.482865973060571775e-05 3.546593398813865150e+00 4.135176635478150092e-03 2.172121609142656565e-04 1.261282003166440597e-05 2.197111609841683483e-07 3.99 0.00024095905774 1.6e-09
-8.679994326232254602e-05 3.783067319837449816e+00 2.307866764563241274e-02 2.298529511865563934e-04 -7.663405348136974224e-06 1.271495313526454550e-07 3.99 0.00024095905774 1.6e-09
-3.156804169181454470e-05 1.765191609879421808e+00 2.211515110333215142e-02 1.296475658367299700e-04 -3.948977839509162246e-05 -2.987580424913777368e-07 3.99 0.00024095905774 1.6e-09
1.585923831700484810e-05 7.640207990489318313e-01 -1.546125867586099073e-02 1.097038595838748399e-04 5.710677237104767862e-05 -7.948306543252149327e-07 3.99 0.00024095905774 1.6e-09
-7.623386147259309030e-05 3.429867711378575379e+00 -4.695523250006311718e-03 2.110292744402651657e-04 1.442858377661938250e-05 2.862143431702394855e-07 3.99 0.00024095905774 1.6e-09
3.852971045364269670e-05 3.821908584587622393e+00 2.327809018544751279e-02 2.319501114627243045e-04 -6.201387535024789085e-06 2.245806720499100589e-07 3.99 0.00024095905774 1.6e-09
-5.036212803210849158e-05 1.984202728917954461e+00 3.126856714177887742e-02 1.390449234036319386e-04 -3.579382624668146675e-05 -2.247939833289415515e-07 3.99 0.00024095905774 1.6e-09
-5.565948352617222319e-05 6.166999955946829148e-01 -1.826257321962722335e-02 1.168100218572971422e-04 5.620689922918849040e-05 -1.536402075945604954e-06 3.99 0.00024095905774 1.6e-09
-5.960425767040840068e-05 3.327515794308443908e+00 -3.071452828424564314e-03 2.056215215652468448e-04 1.612256176145487798e-05 4.324504645015215114e-07 3.99 0.00024095905774 1.6e-09
4.642087875743162133e-05 3.866200931150340026e+00 3.772036798191150814e-02 2.343290392039152866e-04 -4.790728797202437376e-06 3.158735860823685746e-07 3.99 0.00024095905774 1.6e-09
-1.770739123081277959e-05 2.208263101980123544e+00 4.891421143791007536e-02 1.492747751078402920e-04 -3.233676926975962459e-05 -2.779785682890794261e-07 3.99 0.00024095905774 1.6e-09
3.736506731450685238e-05 5.041560094556816196e-01 -1.921008473567948488e-02 1.280624674723904633e-04 4.983583775807748210e-05 -2.369964591949617272e-06 3.99 0.00024095905774 1.6e-09
4.090190345653016928e-05 3.213723157485249615e+00 1.060664291640524455e-02 1.996224871742406128e-04 1.813002939084674511e-05 6.553785054374018445e-07 3.99 0.00024095905774 1.6e-09
-7.239765953219043577e-05 3.927826255700641589e+00 6.651926481218682630e-02 2.376288807868615050e-04 -3.067460948278160608e-06 3.848889211703428298e-07 3.99 0.00024095905774 1.6e-09
-5.495058936814796810e-05 2.494830578404459764e+00 7.555114202527091205e-02 1.630110649468125374e-04 -2.829600197952879281e-05 -3.970183522822225321e-07 3.99 0.00024095905774 1.6e-09
2.581061277361858171e-05 4.151671094239091087e-01 -1.687139201689891177e-02 1.433429512543685940e-04 3.102622898512950704e-05 -3.446262098002221646e-06 3.99 0.00024095905774 1.6e-09
4.943983734823804852e-05 3.033286984982846768e+00 2.898453029621061994e-02 1.901979316877350137e-04 2.102608828950634648e-05 9.115548533118812452e-07 3.99 0.00024095905774 1.6e-09
4.295763815819538412e-08 3.984101395679603641e+00 9.965607021148314981e-02 2.406415237662182650e-04 -8.540470342723098051e-07 4.324448560838280045e-07 3.99 0.00024095905774 1.6e-09
-5.197775856691325022e-05 2.834144443587578444e+00 1.055163984594447435e-01 1.799690813642327181e-04 -2.377544850045330366e-05 -4.805121274875679859e-07 3.99 0.00024095905774 1.6e-09
6.659694186872169830e-05 3.853093623313872396e-01 -1.027470475870604846e-02 1.505152323663887627e-04 -6.178538947304622000e-06 -4.649016432730819368e-06 3.99 0.00024095905774 1.6e-09
-3.701261337877071226e-05 2.732810648219127003e+00 3.244335294663597269e-02 1.748378493520743563e-04 2.513524324091762093e-05 1.111208252001623889e-06 3.99 0.00024095905774 1.6e-09
-6.949060310780058548e-05 3.971050862605186804e+00 1.149374163282937955e-01 2.399422247587249381e-04 1.560561665079316480e-06 4.911476345986384651e-07 3.99 0.00024095905774 1.6e-09
4.090526546089429653e-05 3.098784310892387150e+00 1.237680985701078151e-01 1.936015251168454114e-04 -2.001388627793502698e-05 -4.468935649721920291e-07 3.99 0.00024095905774 1.6e-09
2.375725756287444670e-05 4.393908156869183457e-01 -9.943498754201168799e-04 1.384629101363540893e-04 -3.879578554273238779e-05 -5.103183135264836739e-06 3.99 0.00024095905774 1.6e-09
4.164850934899323156e-05 2.398075491270815540e+00 2.698443146042609278e-02 1.582954589028297190e-04 2.965686415913514821e-05 1.335961743777009186e-06 3.99 0.00024095905774 1.6e-09
-3.327342977972521385e-05 3.910936639051700414e+00 1.247120697504129488e-01 2.367204502517929047e-04 3.702492560653411623e-06 5.944977545916530316e-07 3.99 0.00024095905774 1.6e-09
-2.355690364109103456e-05 3.265948060108678330e+00 1.406886771796967417e-01 2.023625076602154449e-04 -1.727443546776470320e-05 -3.935553090899199740e-07 3.99 0.00024095905774 1.6e-09
-2.085489948943683962e-05 5.488775684144939770e-01 9.870734530123020933e-03 1.227354621827628830e-04 -5.337839526540314752e-05 -5.104728721933686023e-06 3.99 0.00024095905774 1.6e-09
-3.662800778455270180e-05 2.112352237095607599e+00 2.696201721643937121e-02 1.448072271152545522e-04 3.384831179340128343e-05 1.693287884381361594e-06 3.99 0.00024095905774 1.6e-09
-9.204570539022452025e-05 3.855279742431372281e+00 1.460128067817273723e-01 2.337309332702731284e-04 5.505442109771282808e-06 7.142742588281575495e-07 3.99 0.00024095905774 1.6e-09
5.656286992616321447e-05 3.398945421843798442e+00 1.668812892987573404e-01 2.093778422920156330e-04 -1.507256433401699732e-05 -4.059867588436101301e-07 3.99 0.00024095905774 1.6e-09
-1.128651867167730017e-05 7.105062876657053383e-01 2.353369616923497304e-02 1.114867852235393439e-04 -5.718725754837094898e-05 -4.924484906175319849e-06 3.99 0.00024095905774 1.6e-09
-1.959533192584060810e-05 1.841503558029217391e+00 2.983299244759502616e-02 1.328074623323155024e-04 3.821776926741630466e-05 2.174902495793760052e-06 3.99 0.00024095905774 1.6e-09
9.927931670790395751e-05 3.804531888097034464e+00 1.729308315343402458e-01 2.309945729854458380e-04 7.266871695895582509e-06 8.253913711665606695e-07 3.99 0.00024095905774 1.6e-09
9.872011901131405858e-05 3.535703984461464611e+00 1.964265852578327698e-01 2.166202126833640805e-04 -1.289414783219944980e-05 -4.451351028755758877e-07 3.99 0.00024095905774 1.6e-09
3.525699150957256817e-05 9.644282513013302527e-01 4.285223682549688107e-02 1.074509604009229698e-04 -5.435221756573124308e-05 -4.428447756063382462e-06 3.99 0.00024095905774 1.6e-09
9.205054948966621948e-06 1.524003142717373027e+00 2.666321839887748207e-02 1.203198396308297860e-04 4.380759011307428701e-05 2.706317869567447014e-06 3.99 0.00024095905774 1.6e-09
1.106007148486116520e-04 3.730796347919282052e+00 1.911748850148017320e-01 2.270284244703808232e-04 9.275356012299937173e-06 9.198189240854193567e-07 3.99 0.00024095905774 1.6e-09
-8.493951600384118525e-06 3.666462082725288951e+00 2.176678372752164359e-01 2.235840861618206585e-04 -1.061978861120381458e-05 -4.503166718966018109e-07 3.99 0.00024095905774 1.6e-09
-2.701825021385448585e-05 1.310125635053189352e+00 6.609156285597980740e-02 1.134672167537514387e-04 -4.774566428574174087e-05 -3.721086825156563665e-06 3.99 0.00024095905774 1.6e-09
2.696627724618146272e-05 1.163151636894197871e+00 1.383001117244578998e-02 1.099412632448466668e-04 5.066480448454115283e-05 3.200567583645876326e-06 3.99 0.00024095905774 1.6e-09
-1.735300232746549224e-05 3.612086884874409876e+00 1.938080662650253638e-01 2.206902013383373355e-04 1.145921526897561871e-05 1.009449465700371728e-06 3.99 0.00024095905774 1.6e-09
8.082695788073358237e-05 3.749951150537761624e+00 2.252843682044776696e-01 2.280648662015519364e-04 -8.581504848952161308e-06 -4.110901275489556950e-07 3.99 0.00024095905774 1.6e-09
-4.862968052364363344e-05 1.629142466634465602e+00 8.427417855185621864e-02 1.242248781939599167e-04 -4.174908504774722904e-05 -3.141672820249701507e-06 3.99 0.00024095905774 1.6e-09
-4.419803432710302194e-05 8.720531583868789127e-01 9.293312534476919073e-04 1.077543804488478933e-04 5.584019832500036425e-05 3.597681820554860787e-06 3.99 0.00024095905774 1.6e-09
-8.748543263291688429e-05 3.481974456610901214e+00 1.918170396573030678e-01 2.137869196206938478e-04 1.345072217417143099e-05 1.103087510292324920e-06 3.99 0.00024095905774 1.6e-09
7.871958248594225472e-05 3.791705773841812288e+00 2.287146028034641732e-01 2.303241416154610155e-04 -6.958255831487987874e-06 -3.706038639984030095e-07 3.99 0.00024095905774 1.6e-09
-5.735990064076111850e-05 1.865079858450039207e+00 9.649593139619172533e-02 1.338485629825219799e-04 -3.758930582230542270e-05 -2.796173826015684654e-06 3.99 0.00024095905774 1.6e-09
5.039010990032372208e-05 6.920542989907028097e-01 -6.867299802982566176e-03 1.124045887005845133e-04 5.705512112794597270e-05 3.913632699551042607e-06 3.99 0.00024095905774 1.6e-09
4.052538682991084539e-05 3.373707054693626084e+00 1.931308269442140735e-01 2.080665165943159864e-04 1.510835597823960723e-05 1.193461590374780625e-06 3.99 0.00024095905774 1.6e-09
1.063840199641579207e-04 3.825434731372290287e+00 2.343255207062440726e-01 2.321438932155531199e-04 -5.622102623340731513e-06 -3.494192862347464121e-07 3.99 0.00024095905774 1.6e-09
5.301851767978815581e-05 2.063691950736441072e+00 1.070764785580706757e-01 1.426189810714558002e-04 -3.435197317409729382e-05 -2.584740825324899151e-06 3.99 0.00024095905774 1.6e-09
4.790841013752249829e-05 5.718663212756235348e-01 -1.187436010083978664e-02 1.205338688258557079e-04 5.449165016430494588e-05 4.210957588458337886e-06 3.99 0.00024095905774 1.6e-09
-8.657744036951138587e-05 3.277589292490221240e+00 1.969075995412009061e-01 2.029934233267548889e-04 1.676358219378371723e-05 1.285711850874275463e-06 3.99 0.00024095905774 1.6e-09
-7.663782895757283728e-05 3.873171261832057954e+00 2.420462623747673958e-01 2.347023592727069251e-04 -4.208733316483438317e-06 -3.325774479461826877e-07 3.99 0.00024095905774 1.6e-09
-3.257289911190368943e-05 2.292174089385555558e+00 1.195902745025551606e-01 1.532353671639301112e-04 -3.094866242505410275e-05 -2.386402698370482021e-06 3.99 0.00024095905774 1.6e-09
1.178844455160204900e-06 4.717326227812628225e-01 -1.667986433073258973e-02 1.327901886363075368e-04 4.549849014948736709e-05 4.328667813781341919e-06 3.99 0.00024095905774 1.6e-09
-4.540185753271571605e-05 3.156291810273712528e+00 1.971717215966060643e-01 1.966107049711545893e-04 1.892955163815772103e-05 1.390727696977841694e-06 3.99 0.00024095905774 1.6e-09
2.946633205159946529e-05 3.940445428908643688e+00 2.475147916071531173e-01 2.383011210175496673e-04 -2.368288430848394985e-06 -2.926267514600340894e-07 3.99 0.00024095905774 1.6e-09
4.597838406576417640e-05 2.601565591401501010e+00 1.347171133008292221e-01 1.682747596689462876e-04 -2.674105872184060243e-05 -2.110983400953709249e-06 3.99 0.00024095905774 1.6e-09
-3.641874901785342657e-05 3.968772133876317110e-01 -2.192945739622818857e-02 1.475364527736057225e-04 2.076688365063738038e-05 3.469635699786819705e-06 3.99 0.00024095905774 1.6e-09
-7.785459532635601910e-05 2.943297020793191887e+00 1.809378129859349205e-01 1.855490052661724486e-04 2.220920212925839957e-05 1.503132208399786425e-06 3.99 0.00024095905774 1.6e-09
-1.163983130233715250e-04 3.985505832303496199e+00 2.381567603794343957e-01 2.407127423733172473e-04 -6.953762769645542269e-09 -2.105914070486160419e-07 3.99 0.00024095905774 1.6e-09
-5.832762748232154040e-05 2.939243899713807284e+00 1.428458235367429663e-01 1.853412883183924080e-04 -2.228085839369880360e-05 -1.745776512671919268e-06 3.99 0.00024095905774 1.6e-09
5.378489857375455351e-05 3.954799698855330226e-01 -2.489329451975038493e-02 1.479174293685611187e-04 -1.942298430479033852e-05 1.108910378749354421e-06 3.99 0.00024095905774 1.6e-09
-5.815632239063765415e-05 2.609344627938109618e+00 1.479645282982085530e-01 1.686567794898871805e-04 2.668284831221408722e-05 1.663160026450112315e-06 3.99 0.00024095905774 1.6e-09
9.741437885516518870e-05 3.947812266006587745e+00 2.151597611745189875e-01 2.386949838756367392e-04 2.372026591382025743e-06 -9.464605016432590915e-08 3.99 0.00024095905774 1.6e-09
-7.848756110555687028e-05 3.165588662045277335e+00 1.397620716474312630e-01 1.970913658120377124e-04 -1.889636158303862991e-05 -1.417536925880874232e-06 3.99 0.00024095905774 1.6e-09
4.944504689434421401e-05 4.727752610403971323e-01 -2.349378757746753421e-02 1.326267324355547797e-04 -4.575009730847554132e-05 -8.244771685991119942e-07 3.99 0.00024095905774 1.6e-09
-1.541796821743297765e-05 2.287419266668690110e+00 1.234524554392121554e-01 1.529952581086096346e-04 3.111593311756351266e-05 1.910439788436445874e-06 3.99 0.00024095905774 1.6e-09
3.918592244752833355e-05 3.883250928371194455e+00 2.030714806730359312e-01 2.352368325790650939e-04 4.357773002071586270e-06 6.627816898125447654e-09 3.99 0.00024095905774 1.6e-09
8.708094883013407718e-05 3.306455087284287053e+00 1.407750075255985445e-01 2.045004312428683841e-04 -1.650685956971798966e-05 -1.236426925180357115e-06 3.99 0.00024095905774 1.6e-09
9.368091223947313352e-06 5.916232597750408218e-01 -2.025644426627582276e-02 1.187272629798429024e-04 -5.551819211521509989e-05 -1.800539909701287365e-06 3.99 0.00024095905774 1.6e-09
-6.508213769689564522e-05 2.025942499878272685e+00 1.108691854796881593e-01 1.408897656192140764e-04 3.506870953242544563e-05 2.210441532828989383e-06 3.99 0.00024095905774 1.6e-09
1.296753528911996140e-05 3.832820753581277273e+00 2.013332924636930810e-01 2.325270754195377532e-04 6.020370196117252103e-06 6.101872224674559052e-08 3.99 0.00024095905774 1.6e-09
5.455832436929850595e-05 3.429536173906303276e+00 1.447709262116043671e-01 2.110005866097008974e-04 -1.448947474761834667e-05 -1.155324264779781609e-06 3.99 0.00024095905774 1.6e-09
-4.544917282294191592e-05 7.610014852292605880e-01 -1.672282141640234546e-02 1.097389381765679798e-04 -5.718569496815027709e-05 -2.184205410486333411e-06 3.99 0.00024095905774 1.6e-09
-1.205039214386625958e-05 1.767836199811678721e+00 1.005500172910985257e-01 1.297322987411591135e-04 3.936558946025948004e-05 2.522329449522980133e-06 3.99 0.00024095905774 1.6e-09
-4.182791484029200639e-05 3.787199472650865761e+00 1.961928603825191519e-01 2.300627038906433164e-04 7.757671861015193822e-06 6.018395670832243873e-08 3.99 0.00024095905774 1.6e-09
7.627798040082134638e-05 3.567299569673540560e+00 1.415583049059511156e-01 2.183011937516423978e-04 -1.236320478114650614e-05 -1.086975895703461969e-06 3.99 0.00024095905774 1.6e-09
-2.901491485028540870e-05 1.033248800239240373e+00 -1.310112779808272898e-02 1.079252891926083717e-04 -5.327659841057762386e-05 -2.095553810127615517e-06 3.99 0.00024095905774 1.6e-09
-5.177109044050370146e-05 1.446041849074430452e+00 8.111981209147756111e-02 1.176302172822230269e-04 4.520326086356223137e-05 2.773867438702311935e-06 3.99 0.00024095905774 1.6e-09
1.008508680877313624e-04 3.712488806058781954e+00 1.704208564984225349e-01 2.260445143728512306e-04 9.812120335261054928e-06 -3.236436443358403466e-11 3.99 0.00024095905774 1.6e-09
-5.891697979440198697e-05 3.700557429430842760e+00 1.176230818145554968e-01 2.254053933507293766e-04 -1.007218086388363285e-05 -9.609427927355951659e-07 3.99 0.00024095905774 1.6e-09
4.794157941057518351e-05 1.399449899751253890e+00 -1.301574946917243188e-02 1.161175194273209792e-04 -4.623724977408287073e-05 -1.593618598085018175e-06 3.99 0.00024095905774 1.6e-09
-4.603712050524971994e-05 1.078025883509181160e+00 5.271325859774626810e-02 1.084753764477479137e-04 5.229458204811039717e-05 2.932226043158362324e-06 3.99 0.00024095905774 1.6e-09
1.089579484352011377e-04 3.585527503457124787e+00 1.254732390589586299e-01 2.192734133736596019e-04 1.207509882140773421e-05 -7.516266206848837186e-08 3.99 0.00024095905774 1.6e-09
-9.445678720998607221e-05 3.779771395952002067e+00 7.782930645644023371e-02 2.296644375034656680e-04 -8.025487202044592495e-06 -7.717538598334330736e-07 3.99 0.00024095905774 1.6e-09
3.359350940618802345e-06 1.720606492395448939e+00 -1.818407271864386915e-02 1.278105968499089170e-04 -4.032824214756654230e-05 -1.006497738656991861e-06 3.99 0.00024095905774 1.6e-09
-5.261076913271977955e-05 7.994355348638542136e-01 3.024494156628212624e-02 1.088124854648927196e-04 5.674039644829423931e-05 2.961473481330790701e-06 3.99 0.00024095905774 1.6e-09
-1.298150276729301126e-05 3.450387816834954435e+00 8.700331572765164501e-02 2.121119521562580699e-04 1.412457500744952961e-05 -1.029929769856249216e-07 3.99 0.00024095905774 1.6e-09
7.038878013951172506e-06 3.818354320915273270e+00 4.759942025587114711e-02 2.317553996835340917e-04 -6.413471682658009143e-06 -5.874628489404164260e-07 3.99 0.00024095905774 1.6e-09
-6.758012180185000528e-05 1.954783479105870914e+00 -2.033603016122228699e-02 1.377377455554726099e-04 -3.629135712048076555e-05 -6.316565261814429051e-07 3.99 0.00024095905774 1.6e-09
-1.685882027777477513e-05 6.350613667040347909e-01 1.671955476360550280e-02 1.155760097893527519e-04 5.649640592659281775e-05 2.855083406707575048e-06 3.99 0.00024095905774 1.6e-09
-6.274675249091004941e-05 3.339218255282052183e+00 6.469732956317178485e-02 2.062437009136170200e-04 1.585782119629424765e-05 -7.212853540358404556e-08 3.99 0.00024095905774 1.6e-09
-1.073321469172873992e-04 3.853482704047299201e+00 3.471439670572631919e-02 2.336496655864180917e-04 -5.033225154020859797e-06 -4.448672930397865271e-07 3.99 0.00024095905774 1.6e-09
-8.200956196670673747e-06 2.160973883169273968e+00 -1.633799043933017309e-02 1.470782266129239319e-04 -3.302539979762523885e-05 -4.735389286420273295e-07 3.99 0.00024095905774 1.6e-09
4.117309835263038191e-06 5.248688750455221541e-01 8.143865601913378646e-03 1.255137223835964115e-04 5.165989727350079426e-05 2.847005005085571782e-06 3.99 0.00024095905774 1.6e-09
-2.925314330124360559e-05 3.234911880530384920e+00 5.650247081347811035e-02 2.007465642337416165e-04 1.765638693364374756e-05 1.382309445411258138e-09 3.99 0.00024095905774 1.6e-09
9.122322880807641216e-05 3.904901623966545277e+00 3.530031589515732204e-02 2.364047292762731409e-04 -3.534421457012430849e-06 -3.524083126517316425e-07 3.99 0.00024095905774 1.6e-09
-7.735463555130130272e-05 2.408417554151416340e+00 -8.168647562589517741e-03 1.588122060053462825e-04 -2.945354655938864006e-05 -4.502147416722353623e-07 3.99 0.00024095905774 1.6e-09
-7.515670029509880282e-06 4.357945928863422580e-01 2.004114654923221106e-03 1.391565583228526119e-04 3.803648731636402608e-05 3.146225003694790853e-06 3.99 0.00024095905774 1.6e-09
3.243089142506878366e-05 3.091006451463039539e+00 5.383952308783900020e-02 1.932027766759146200e-04 2.011354730252162032e-05 5.405504247038578126e-08 3.99 0.00024095905774 1.6e-09
-3.908067727233336145e-05 3.968741060652797970e+00 3.706432744587964678e-02 2.398210710882872274e-04 -1.532192470811357955e-06 -3.122568685937234951e-07 3.99 0.00024095905774 1.6e-09
6.926627433436236643e-05 2.731208396708754371e+00 -3.216029327294014396e-03 1.747613686205409952e-04 -2.515121562567056135e-05 -4.371181163842043321e-07 3.99 0.00024095905774 1.6e-09
-5.674480999931824681e-05 3.849097110943755506e-01 -3.009890870968288685e-03 1.506136048939130784e-04 6.624213156125079564e-06 3.387361056729474235e-06 3.99 0.00024095905774 1.6e-09
-5.756814207653273717e-05 2.838285231727558866e+00 3.659697052738335871e-02 1.801762190945489176e-04 2.378408800153716357e-05 -4.234403105601868127e-08 3.99 0.00024095905774 1.6e-09
