-2.401321217230504326e-05 2.489571205391563069e+00 -4.370372232440898369e-05 1.628666429116245001e-04 -2.637485724885841497e-05 -8.341813310093606678e-10 3.68 0.00022439049062 1.6e-09
-3.907739357858736295e-05 4.130703183533073197e-01 -2.342348030393498221e-03 1.445265822446972445e-04 2.557326034252828083e-05 -2.084432274845798054e-08 3.68 0.00022439049062 1.6e-09
-1.332067265160178493e-05 2.909072650092211276e+00 5.391390991022301793e-03 1.839014180416415187e-04 2.018564727948993952e-05 8.383926159646624921e-08 3.68 0.00022439049062 1.6e-09
2.731218677966942751e-05 3.674220849642241049e+00 1.022608510775836407e-02 2.240572156364254363e-04 -3.647306610674911457e-06 1.161773275125163863e-08 3.68 0.00022439049062 1.6e-09
-4.180966309417680866e-05 2.057652736844784336e+00 6.515054512109709831e-03 1.423853085260524162e-04 -3.335821629273487692e-05 -1.119996073165065670e-07 3.68 0.00022439049062 1.6e-09
1.808377001151004188e-05 5.629604142466868577e-01 -6.610655353033931952e-03 1.215274861578696482e-04 5.322566405852044501e-05 -4.662637180191574317e-07 3.68 0.00022439049062 1.6e-09
2.822008592964889194e-07 3.191680308910993524e+00 6.872250425471907592e-03 1.985185367408320769e-04 1.574115508714531229e-05 2.100690151877991172e-07 3.68 0.00022439049062 1.6e-09
-1.221444852829325738e-05 3.604530201268124845e+00 2.288719124858856410e-02 2.203254186455139282e-04 -6.914828328242395957e-06 8.650624445572154528e-08 3.68 0.00022439049062 1.6e-09
-5.379738356611806285e-05 1.594599888577215019e+00 1.719889069305702983e-02 1.230046493089570145e-04 -4.141894104831586685e-05 -3.562655700379080304e-07 3.68 0.00022439049062 1.6e-09
-3.262934030887559785e-06 8.838540821904942169e-01 -1.190737464884894514e-02 1.077994941324918437e-04 5.483791480936805232e-05 -3.612550195293307715e-07 3.68 0.00022439049062 1.6e-09
-1.813782534570975786e-05 3.386797877152125213e+00 4.312225206996041877e-04 2.087847191841459915e-04 1.190275292185002847e-05 2.232609676209429288e-07 3.68 0.00022439049062 1.6e-09
3.225687157307279186e-05 3.453205287707323379e+00 2.032559900073567516e-02 2.122967137073090472e-04 -1.048916182239789297e-05 1.368636654255473704e-07 3.68 0.00022439049062 1.6e-09
-5.923528224366689894e-06 1.059454673635335631e+00 1.523336625972002839e-02 1.084053988472405568e-04 -5.172930515386404298e-05 -6.244509239086830455e-07 3.68 0.00022439049062 1.6e-09
-1.872415987282253288e-05 1.397770813794422917e+00 -1.019257347921031023e-02 1.162288816279626502e-04 4.507304420473125890e-05 1.920634884188797498e-07 3.68 0.00022439049062 1.6e-09
-6.109093345597818982e-05 3.552731266070367155e+00 1.748059356816984017e-02 2.175762072260337555e-04 8.141995461458247877e-06 2.567158555739723262e-07 3.68 0.00022439049062 1.6e-09
5.408660142251810052e-05 3.259292965466957792e+00 3.416168505729141880e-02 2.020689299528120940e-04 -1.441198143900091855e-05 3.487140535382306109e-08 3.68 0.00022439049062 1.6e-09
1.477320278275552840e-05 6.480203665536490298e-01 8.212415159236107626e-03 1.148863836159206160e-04 -5.586930887700960498e-05 -1.419010745823932243e-06 3.68 0.00022439049062 1.6e-09
-6.214863443967534444e-05 1.910474457860639408e+00 -4.078177077057839814e-03 1.358581324311341056e-04 3.579084741380799019e-05 5.479584632051131319e-07 3.68 0.00022439049062 1.6e-09
-4.340832707832848711e-05 3.653507532103929201e+00 4.244767447642909530e-02 2.229500172388913836e-04 4.679541448285779015e-06 3.378636072560244872e-07 3.68 0.00022439049062 1.6e-09
1.960970139758289878e-05 3.000778221571608562e+00 5.689791257686205306e-02 1.886161747737881184e-04 -1.873577169190494645e-05 -1.226940882289090410e-07 3.68 0.00022439049062 1.6e-09
-8.111086059793600075e-06 4.421638165624881545e-01 1.610148228635690181e-04 1.385318583793771863e-04 -3.663676637936508619e-05 -2.641288276595220907e-06 3.68 0.00022439049062 1.6e-09
6.327711604102972856e-05 2.363997276888091914e+00 1.218346455922540098e-03 1.567615754826413843e-04 2.831641711947780070e-05 6.084406250979517948e-07 3.68 0.00022439049062 1.6e-09
-2.914693205776621511e-05 3.678910345505760127e+00 5.130946266510034992e-02 2.243300426811858038e-04 1.062782817656583352e-06 3.427478426608791687e-07 3.68 0.00022439049062 1.6e-09
-4.422516816912379275e-05 2.613025619728116311e+00 6.059812332167063831e-02 1.689651344598343046e-04 -2.448687058925921417e-05 -2.821437357539581678e-07 3.68 0.00022439049062 1.6e-09
-1.788485514502090635e-05 3.971558517421911461e-01 -1.002042866154793932e-02 1.483266741561970153e-04 1.192186639737956660e-05 -2.576605187580983604e-06 3.68 0.00022439049062 1.6e-09
2.570905883867026482e-05 2.802097449736359547e+00 2.483535381024707528e-02 1.784576004872042072e-04 2.172046335558353199e-05 7.107254406534842126e-07 3.68 0.00022439049062 1.6e-09
5.480440082008281185e-05 3.677544007514068181e+00 7.467350043628148692e-02 2.242442697798967895e-04 -2.692912048444811473e-06 2.475873037772599510e-07 3.68 0.00022439049062 1.6e-09
4.214843851368613457e-05 2.173962866317995068e+00 6.234969284421030405e-02 1.477391078068573298e-04 -3.139160836991452923e-05 -7.132855288137875729e-07 3.68 0.00022439049062 1.6e-09
-3.330600430444180862e-05 5.075630485542037551e-01 -1.837360558869766819e-02 1.278858768578080966e-04 4.879253686833704150e-05 -9.116987661925842315e-07 3.68 0.00022439049062 1.6e-09
-7.344366587826907660e-05 3.126417383691840524e+00 5.135159677706414155e-02 1.951122408242408641e-04 1.684587637849151756e-05 8.041495598794464093e-07 3.68 0.00022439049062 1.6e-09
-7.126186426897512035e-06 3.632293010576558956e+00 1.018232050060627614e-01 2.218044491402395191e-04 -6.003004873293601262e-06 1.550231306153214924e-07 3.68 0.00022439049062 1.6e-09
1.251710296780490518e-05 1.734501051702115326e+00 6.290742325975495763e-02 1.284478514558643500e-04 -3.886303838250980045e-05 -1.378917197588698127e-06 3.68 0.00022439049062 1.6e-09
6.501649709833724728e-06 7.702018725597146176e-01 -1.940659794209411565e-02 1.096520700392538018e-04 5.617568159412453482e-05 5.614840493923927702e-07 3.68 0.00022439049062 1.6e-09
-4.718435360471236564e-05 3.333811118728144951e+00 6.943112496092919417e-02 2.059859393681255223e-04 1.298724578245686944e-05 7.691150291326674498e-07 3.68 0.00022439049062 1.6e-09
4.433850145199840897e-05 3.501250551461880356e+00 1.119188409280245933e-01 2.148402159149010804e-04 -9.412883085178445767e-06 1.662367936152009148e-08 3.68 0.00022439049062 1.6e-09
-5.666437769267470740e-06 1.212694637958763977e+00 4.496232716955358977e-02 1.111474898572577285e-04 -4.864212105188139531e-05 -2.263477440926165221e-06 3.68 0.00022439049062 1.6e-09
1.761857537389810956e-05 1.239484545267475202e+00 -4.727493278271445096e-03 1.117993461266764382e-04 4.813722718342209570e-05 1.435789556838719423e-06 3.68 0.00022439049062 1.6e-09
-6.651371437082920636e-05 3.506369354862135523e+00 9.656130599263121339e-02 2.151165049985356696e-04 9.173141027294776952e-06 6.622298886090912135e-07 3.68 0.00022439049062 1.6e-09
-7.807084317686899949e-05 3.313604346781551691e+00 1.206842957507829744e-01 2.049274213746647461e-04 -1.327787914457336688e-05 -2.524792144002045942e-07 3.68 0.00022439049062 1.6e-09
3.434898292934894742e-05 7.409760695724683099e-01 1.749964239567135954e-02 1.105588639375959363e-04 -5.619762894894062162e-05 -3.486034327201945216e-06 3.68 0.00022439049062 1.6e-09
2.363348253682716170e-05 1.775696922057593774e+00 2.464999394341910871e-02 1.301496514329187064e-04 3.808459804730136139e-05 1.730319031221258854e-06 3.68 0.00022439049062 1.6e-09
-1.103815187223864005e-04 3.631832166614927360e+00 1.318762285880041851e-01 2.217882225200693176e-04 5.631662421805971079e-06 5.544519940213087802e-07 3.68 0.00022439049062 1.6e-09
-9.188752022535126443e-06 3.083419144488742880e+00 1.335713718287829255e-01 1.928878105651055260e-04 -1.739277583194814310e-05 -6.197490665734316447e-07 3.68 0.00022439049062 1.6e-09
-1.926368825710409862e-05 4.844247489976553078e-01 -3.879969031681809993e-03 1.312857911437562478e-04 -4.543197900520475042e-05 -4.185073156876843842e-06 3.68 0.00022439049062 1.6e-09
-7.011181398758327638e-05 2.234560765629520329e+00 5.367706954517401791e-02 1.505858269374672959e-04 3.034687649863398469e-05 1.650369724425850452e-06 3.68 0.00022439049062 1.6e-09
5.375716343238572819e-05 3.673913118004823009e+00 1.517101049242151056e-01 2.240565717856414962e-04 2.132844069560257895e-06 3.984146222004767272e-07 3.68 0.00022439049062 1.6e-09
-3.778590457373121872e-05 2.735607252659535860e+00 1.283440524197138610e-01 1.751008385009683935e-04 -2.260509902957697636e-05 -1.026628834427236888e-06 3.68 0.00022439049062 1.6e-09
-3.691313378950396122e-05 3.939379805243735655e-01 -1.775390483966073768e-02 1.491537827875520769e-04 -3.581406697530297863e-06 -2.472907880413444265e-06 3.68 0.00022439049062 1.6e-09
-7.338515941428047163e-05 2.678774288509072399e+00 8.838297085645539786e-02 1.722455787475287033e-04 2.346175200309779085e-05 1.423295859895818557e-06 3.68 0.00022439049062 1.6e-09
1.528523475039064890e-05 3.674928043031448155e+00 1.645493241849693700e-01 2.241136504297949988e-04 -1.645812675540623339e-06 1.439382490313208215e-07 3.68 0.00022439049062 1.6e-09
-6.031175625427230488e-05 2.295195406907520219e+00 1.069270151865947122e-01 1.534613744626953623e-04 -2.932948488184800094e-05 -1.565524166740323607e-06 3.68 0.00022439049062 1.6e-09
1.576062398195313482e-05 4.617901193231174206e-01 -2.071701691353721245e-02 1.348388775148071008e-04 4.172852717526981170e-05 1.030459719978488878e-06 3.68 0.00022439049062 1.6e-09
7.372683725277595786e-05 3.046625031197492284e+00 1.266867548159289758e-01 1.909738706813122479e-04 1.803825430810874336e-05 1.225077683837846843e-06 3.68 0.00022439049062 1.6e-09
-4.405095251784753541e-05 3.650474199000738995e+00 1.809012431830331336e-01 2.227775917533038406e-04 -5.065491287311242556e-06 -1.256491090868159147e-07 3.68 0.00022439049062 1.6e-09
2.719176815868621036e-05 1.867958350305308324e+00 8.507755874504649429e-02 1.340065509515108583e-04 -3.647178863643157367e-05 -2.247126173105117655e-06 3.68 0.00022439049062 1.6e-09
-3.359922041055762491e-05 6.748184626395892227e-01 -1.064857816929396135e-02 1.133343699438302992e-04 5.619636518481576585e-05 2.858296586993090989e-06 3.68 0.00022439049062 1.6e-09
-2.346908593971247438e-05 3.275976272647664445e+00 1.513051803121517602e-01 2.029392652327667015e-04 1.407040155970749892e-05 1.004781739925811283e-06 3.68 0.00022439049062 1.6e-09
4.181948485425504618e-05 3.544015090285612679e+00 1.823444809113822784e-01 2.171074300407252185e-04 -8.348776654380769921e-06 -3.894232364204298209e-07 3.68 0.00022439049062 1.6e-09
-4.408735842964325863e-05 1.371764012959071133e+00 5.184351839200743162e-02 1.154107423781731306e-04 -4.547908566296205785e-05 -3.019773114956492012e-06 3.68 0.00022439049062 1.6e-09
5.470514609762867014e-06 1.085103272038414612e+00 1.674227077620795562e-02 1.087678005886579327e-04 5.110255088954286526e-05 3.024950563292273135e-06 3.68 0.00022439049062 1.6e-09
-7.761689619161081402e-05 3.454289119807092412e+00 1.653399533750454231e-01 2.123579910546987152e-04 1.025114263730515587e-05 6.984882883226539476e-07 3.68 0.00022439049062 1.6e-09
4.684107071569328470e-05 3.365606398716830761e+00 1.667637786070811923e-01 2.076700723722123580e-04 -1.214317084400219271e-05 -6.909350954211288596e-07 3.68 0.00022439049062 1.6e-09
-9.566869453714699174e-06 8.529973403628594575e-01 1.162116562382933815e-02 1.081000958868587271e-04 -5.514440356463791058e-05 -3.621576257007381822e-06 3.68 0.00022439049062 1.6e-09
-1.950095192837316316e-05 1.632205546677518271e+00 6.038987986711087663e-02 1.244403092632084882e-04 4.057247309270515167e-05 2.618818213503569687e-06 3.68 0.00022439049062 1.6e-09
-8.625159391086643457e-05 3.602473726954747768e+00 1.849157898947574874e-01 2.202213265035985357e-04 6.600039190392666248e-06 3.918911320176961337e-07 3.68 0.00022439049062 1.6e-09
-2.857470679377875844e-05 3.156718580767212234e+00 1.532368422690293941e-01 1.967000614879533843e-04 -1.614108866724703716e-05 -1.059540321454050129e-06 3.68 0.00022439049062 1.6e-09
3.838536568649857160e-05 5.385526721415146989e-01 -1.339257037570211993e-02 1.241584343143624142e-04 -5.140491478057343240e-05 -2.996601291242498707e-06 3.68 0.00022439049062 1.6e-09
-3.486068848460429698e-05 2.105677690908115185e+00 9.688065554842385796e-02 1.445865745433425769e-04 3.239346372251520722e-05 2.128453032881856078e-06 3.68 0.00022439049062 1.6e-09
5.571323065739981669e-05 3.666602229369589239e+00 1.942163793938268546e-01 2.236580871148998806e-04 3.184640762253230901e-06 1.363903106309993963e-07 3.68 0.00022439049062 1.6e-09
-3.041161739529986324e-05 2.850246069681541705e+00 1.335866236713479371e-01 1.809050086572295049e-04 -2.089554381370260165e-05 -1.422711297027630167e-06 3.68 0.00022439049062 1.6e-09
-3.465317750937609633e-05 4.039827081037585255e-01 -2.160277848427140726e-02 1.466983098683365128e-04 -1.837040288183617069e-05 -1.572325345119884490e-07 3.68 0.00022439049062 1.6e-09
1.392966483700665010e-05 2.550580006903795383e+00 1.213607766205469229e-01 1.658719860407756937e-04 2.532105962113156251e-05 1.505340064414921497e-06 3.68 0.00022439049062 1.6e-09
-1.354924290276403960e-05 3.672758303276824510e+00 1.803365371574064679e-01 2.240041419481390936e-04 -5.641021017381241245e-07 -1.508990375810453404e-07 3.68 0.00022439049062 1.6e-09
-4.187969222292086015e-05 2.418035142913529612e+00 9.350692095559524908e-02 1.593776276072265670e-04 -2.737284105037036128e-05 -1.724237030744794813e-06 3.68 0.00022439049062 1.6e-09
-1.301482987884679203e-05 4.280031158587241924e-01 -1.511016126472016635e-02 1.412502597512779322e-04 3.213531090757965292e-05 3.542856364435192076e-06 3.68 0.00022439049062 1.6e-09
-3.420971877210814106e-05 2.958560897581078653e+00 1.477286008065029077e-01 1.864355125512795626e-04 1.936820639589876625e-05 1.020965500882742848e-06 3.68 0.00022439049062 1.6e-09
-5.916520869505209135e-05 3.665066487670297413e+00 1.712121476464562586e-01 2.235628744144556497e-04 -4.133212435729210647e-06 -4.421031070806529579e-07 3.68 0.00022439049062 1.6e-09
6.850679203338323970e-05 1.992606309584254110e+00 5.760967870139948460e-02 1.394551098399143168e-04 -3.438758202204498788e-05 -2.038179536912759013e-06 3.68 0.00022439049062 1.6e-09
4.273823652525414506e-05 5.985479747631972103e-01 1.722729249917813541e-03 1.183440299404246417e-04 5.460934318120653434e-05 4.424016010598230324e-06 3.68 0.00022439049062 1.6e-09
-8.000120499108731879e-05 3.218971324176438387e+00 1.594727159759934954e-01 1.999459420024764949e-04 1.516433756775347501e-05 6.975033231511165832e-07 3.68 0.00022439049062 1.6e-09
-5.324096349339949659e-05 3.584043203353381557e+00 1.582323523256604636e-01 2.192340648514054773e-04 -7.362086747068549200e-06 -6.479773593133614383e-07 3.68 0.00022439049062 1.6e-09
-4.012818129462460961e-05 1.522521551070050494e+00 2.667958142025127558e-02 1.203808950907318088e-04 -4.269008840611920999e-05 -2.303198697233691376e-06 3.68 0.00022439049062 1.6e-09
-4.264877386906250237e-05 9.473829670586538798e-01 2.765889008286054676e-02 1.076366149415872322e-04 5.363860253597912226e-05 3.373851877328451245e-06 3.68 0.00022439049062 1.6e-09
-5.844278060548049680e-05 3.405862983281749301e+00 1.473786080538393994e-01 2.097964902926075068e-04 1.133612583922959337e-05 3.393358534511536877e-07 3.68 0.00022439049062 1.6e-09
7.699827639793602988e-05 3.418922846304280228e+00 1.224095160233473478e-01 2.104867475664693301e-04 -1.106517896580515414e-05 -7.883430553872096188e-07 3.68 0.00022439049062 1.6e-09
4.768436626062305325e-05 9.787324924899599710e-01 -4.993198471318149347e-03 1.077201669927361322e-04 -5.319312732680235795e-05 -2.031854525494307334e-06 3.68 0.00022439049062 1.6e-09
-2.978381289640032848e-06 1.485761301194525430e+00 6.311865187004589428e-02 1.191165720052323807e-04 4.329579764179077045e-05 2.255739865854810762e-06 3.68 0.00022439049062 1.6e-09
1.057941297784483609e-04 3.572275776188044816e+00 1.404956689761820143e-01 2.186139649116402965e-04 7.567886161998237735e-06 1.048958362479386824e-08 3.68 0.00022439049062 1.6e-09
-9.101255188546894016e-05 3.224640583223872703e+00 9.061992895534640158e-02 2.002505035283872413e-04 -1.500726859578529100e-05 -9.607502476707783277e-07 3.68 0.00022439049062 1.6e-09
4.768336730648453469e-05 6.046291535834547037e-01 -2.045694741846376674e-02 1.178929303934316111e-04 -5.484583593266382270e-05 -5.518801004373908548e-07 3.68 0.00022439049062 1.6e-09
-2.286776061896861003e-05 1.979480449196098224e+00 8.658258266862904617e-02 1.388870972429142420e-04 3.454329463374593322e-05 1.548557804834092950e-06 3.68 0.00022439049062 1.6e-09
-1.072288574199312762e-04 3.659508534621566778e+00 1.357439154094725597e-01 2.232722557070205801e-04 4.184612221190975328e-06 -1.686522581043540917e-07 3.68 0.00022439049062 1.6e-09
3.293320202062798024e-05 2.952858787624689896e+00 7.091065803608812002e-02 1.861500848980509356e-04 -1.943807528426780894e-05 -1.098491365977416371e-06 3.68 0.00022439049062 1.6e-09
-2.532350803591970024e-05 4.259334298273024233e-01 -1.879215938907632250e-02 1.417780974873810254e-04 -3.093650275144346632e-05 1.931445352219085099e-06 3.68 0.00022439049062 1.6e-09
6.216866809120910988e-05 2.427231530218630251e+00 8.784668823292929307e-02 1.598272750147606929e-04 2.725985462212701134e-05 8.451899548606470482e-07 3.68 0.00022439049062 1.6e-09
3.560927785175860012e-05 3.675113801896740640e+00 1.045363929264503389e-01 2.241313034758878650e-04 4.878358997001043946e-07 -3.108840184478904874e-07 3.68 0.00022439049062 1.6e-09
1.535911658276880210e-05 2.541234209812845091e+00 3.619404453203554917e-02 1.654111458734614415e-04 -2.553871768461862812e-05 -1.046426601216463173e-06 3.68 0.00022439049062 1.6e-09
-6.538624266131852979e-05 4.052463956848177395e-01 -7.244115863494471862e-03 1.463391297945393159e-04 2.006755062646603264e-05 4.043059894922809236e-06 3.68 0.00022439049062 1.6e-09
-2.445895454095214190e-05 2.863965672778090443e+00 9.123639942038384854e-02 1.815974770046090191e-04 2.082714316554034500e-05 3.746869694617839849e-07 3.68 0.00022439049062 1.6e-09
-9.587236365372092564e-05 3.677223357882812849e+00 8.060284973337296377e-02 2.242201522435693050e-04 -3.207089926093000250e-06 -4.620767418407558003e-07 3.68 0.00022439049062 1.6e-09
6.215193141372115607e-05 2.112352725095654637e+00 7.418762439754953558e-03 1.448806093362323046e-04 -3.244861497441528921e-05 -9.738435838493556351e-07 3.68 0.00022439049062 1.6e-09
-6.300499382599580476e-06 5.358900580279414294e-01 6.085866269267541095e-03 1.244026451597421640e-04 5.134914473915795467e-05 3.559105665329583117e-06 3.68 0.00022439049062 1.6e-09
4.754869110752075263e-05 3.160730985422206096e+00 8.919006695073661284e-02 1.969013094039739897e-04 1.625766582551342078e-05 1.848555614404506939e-07 3.68 0.00022439049062 1.6e-09
-9.946794557426823300e-05 3.618643459025252973e+00 6.907836035082084991e-02 2.210767672658544571e-04 -6.461325054223010977e-06 -5.015216946887079948e-07 3.68 0.00022439049062 1.6e-09
1.062789606019607969e-05 1.662663087537516571e+00 -3.574781615949854455e-03 1.255971095300831340e-04 -4.018887493162784169e-05 -9.229278345309895468e-07 3.68 0.00022439049062 1.6e-09
9.400213628130781149e-06 8.283176268718840385e-01 1.801078502386314895e-02 1.084374237647323894e-04 5.554239094418884399e-05 1.932366174204441807e-06 3.68 0.00022439049062 1.6e-09
7.466183984185331094e-05 3.360383401389372970e+00 6.282394738488371322e-02 2.073923375842050656e-04 1.239564264719784294e-05 -1.499215131411710416e-08 3.68 0.00022439049062 1.6e-09
-3.579040636475221289e-05 3.472323234941679271e+00 3.746617347917556573e-02 2.133111522893740820e-04 -1.001348442680241038e-05 -4.360271459195564250e-07 3.68 0.00022439049062 1.6e-09
4.264999763984804974e-05 1.121187621311730886e+00 -1.320340265196389556e-02 1.093193311198176014e-04 -5.052080031308111673e-05 -4.029372306746868796e-07 3.68 0.00022439049062 1.6e-09
-4.271902524292670858e-05 1.332820479729050156e+00 3.119860516000488859e-02 1.142719636290022672e-04 4.632277460466454428e-05 9.054772614762511000e-07 3.68 0.00022439049062 1.6e-09
4.799155518637280166e-05 3.536220732429024238e+00 4.427740836796510010e-02 2.166980101054625596e-04 8.578987537672946864e-06 -1.867194014604792094e-07 3.68 0.00022439049062 1.6e-09
2.448034604723312117e-05 3.287109506226198796e+00 1.135644878254863342e-02 2.035289231002760887e-04 -1.390557773398962069e-05 -4.160099270420496048e-07 3.68 0.00022439049062 1.6e-09
2.027046358082429579e-05 6.880188323074080126e-01 -1.575063164675964342e-02 1.126966984158372551e-04 -5.629491363601108454e-05 7.310674583491661298e-07 3.68 0.00022439049062 1.6e-09
2.281118184181350728e-05 1.848387654368286448e+00 3.675183296685814033e-02 1.331917148544001814e-04 3.684770035200316538e-05 5.267072000668860000e-07 3.68 0.00022439049062 1.6e-09
-6.168534780911537406e-05 3.645867988330248721e+00 4.268720939909076417e-02 2.225392658331086504e-04 5.138668926497357170e-06 -1.883497112654607871e-07 3.68 0.00022439049062 1.6e-09
-2.499781690045292003e-05 3.043236577424878853e+00 1.038325582612253939e-02 1.908072710357897365e-04 -1.809184833219534415e-05 -4.142338487031058036e-07 3.68 0.00022439049062 1.6e-09
-3.142906601926882793e-05 4.600174593731189976e-01 -9.577144602378184768e-03 1.352518007867620925e-04 -4.114811393078163129e-05 1.618405387840732286e-06 3.68 0.00022439049062 1.6e-09
3.878612618547435959e-07 2.303529676253645242e+00 2.409652769716989773e-02 1.538632321198170881e-04 2.926872481511114739e-05 1.613187328076439803e-07 3.68 0.00022439049062 1.6e-09
-1.253592740409392367e-05 3.676958414019563914e+00 2.118427698411318519e-02 2.242251615418456711e-04 1.555364074354033601e-06 -1.431949174529918664e-07 3.68 0.00022439049062 1.6e-09
-2.619807367935324648e-05 2.667498898206137614e+00 5.421620354671161188e-04 1.716847899030232716e-04 -2.367479925179738563e-05 -2.427686429426272261e-07 3.68 0.00022439049062 1.6e-09
-5.188521195868785386e-05 3.937324902456291742e-01 -2.497300739025181803e-03 1.492098680249201990e-04 5.433703523296859987e-06 1.674672775178225110e-06 3.68 0.00022439049062 1.6e-09
-1.840590721735313869e-05 2.752299236518739978e+00 1.670672197175968043e-02 1.759380305113226843e-04 2.247697293552375168e-05 -2.775010845037182695e-08 3.68 0.00022439049062 1.6e-09
9.703437468408960143e-05 3.681665564245898636e+00 5.732373381401228984e-03 2.244668698844789448e-04 -2.226107912928680639e-06 -1.514226183792365386e-07 3.68 0.00022439049062 1.6e-09
-1.715698610392804943e-05 2.233005512706033535e+00 -9.256421124615374363e-03 1.505058757102286661e-04 -3.046385949494231617e-05 -1.031398924613265961e-07 3.68 0.00022439049062 1.6e-09
3.847643339469669264e-05 4.843064837474362339e-01 3.822383824657653963e-06 1.312224206461116505e-04 4.584257668650111654e-05 7.844473856147217771e-07 3.68 0.00022439049062 1.6e-09
-2.345329464117153510e-06 3.091786609118464924e+00 1.808525618171538674e-02 1.933142831812596231e-04 1.741475583189046295e-05 4.750444575799734302e-08 3.68 0.00022439049062 1.6e-09
-5.981562085626872184e-06 3.643913546581834417e+00 1.460921472345567962e-02 2.224265803522921441e-04 -5.574632846028617740e-06 -9.821493406249990938e-08 3.68 0.00022439049062 1.6e-09
2.084811947585531687e-05 1.795857339237331374e+00 -1.004903800364806600e-04 1.309663290553162449e-04 -3.783662967705553440e-05 -1.913422587840855911e-07 3.68 0.00022439049062 1.6e-09
3.202278092067442508e-05 7.259789152907034637e-01 -2.431660790315481446e-03 1.110751487971699551e-04 5.639956723775126318e-05 -4.510453097462338783e-08 3.68 0.00022439049062 1.6e-09
9.928458089644752807e-05 3.311161755744113755e+00 3.152362540925345447e-03 2.047931256008093915e-04 1.346766841556590453e-05 6.519315020803725583e-08 3.68 0.00022439049062 1.6e-09
-9.590653229776104430e-05 3.522798201200859403e+00 7.755485031597747318e-03 2.159838025995621099e-04 -8.953949917744395915e-06 1.938285114467756619e-08 3.68 0.00022439049062 1.6e-09
-2.614665678260844582e-07 1.278499129181665639e+00 4.379405482412239772e-03 1.127672277540418491e-04 -4.743392762009827934e-05 -1.598330661718441125e-07 3.68 0.00022439049062 1.6e-09
2.263645268539909251e-05 1.174138366606210404e+00 -4.284125617273619110e-03 1.103239253756521166e-04 4.946649366025752606e-05 -9.828822181028698449e-08 3.68 0.00022439049062 1.6e-09
7.603310784159174448e-05 3.490049442367087806e+00 -2.932960137710727885e-03 2.142497245585637427e-04 9.646366776096949966e-06 4.841814664764077347e-08 3.68 0.00022439049062 1.6e-09
-5.247147142157113846e-05 3.343887669151084374e+00 2.462667077420792414e-03 2.065207018376739639e-04 -1.276910621107520217e-05 4.907106914298393463e-08 3.68 0.00022439049062 1.6e-09
-2.275329792124597232e-05 7.905414369013585851e-01 2.943130273072805652e-03 1.091549821719200937e-04 -5.601832659913718454e-05 -1.729168614185074231e-07 3.68 0.00022439049062 1.6e-09
-1.158017482667934547e-05 1.708977342082849349e+00 -2.684008121376228392e-03 1.274432501084303646e-04 3.930609745725916078e-05 2.035643993272018399e-07 3.68 0.00022439049062 1.6e-09
1.076973624954491671e-04 3.622645698654699320e+00 1.535711579084491837e-02 2.212983729684419188e-04 6.084616901774509510e-06 1.362774762403277080e-07 3.68 0.00022439049062 1.6e-09
-8.215198696587784686e-05 3.121584679152702435e+00 2.195137247016902549e-02 1.948713608757288748e-04 -1.682957976679738015e-05 -2.963576213403569304e-08 3.68 0.00022439049062 1.6e-09
5.715802417962625499e-05 5.065341127103089036e-01 1.494833319559240280e-03 1.281172399235359742e-04 -4.853988141461340578e-05 -9.259161044839330815e-07 3.68 0.00022439049062 1.6e-09
3.213824056589384816e-05 2.178280632937837247e+00 -6.370650898067362067e-03 1.479488682153763971e-04 3.130857997861500561e-05 2.910098825772274949e-07 3.68 0.00022439049062 1.6e-09
1.004078171732812749e-04 3.675186161958376108e+00 2.203082154017339117e-02 2.241222523222962965e-04 2.604178131621106774e-06 2.292301977625968602e-07 3.68 0.00022439049062 1.6e-09
3.818069173390378985e-05 2.789078273534135732e+00 3.368264697751897907e-02 1.778012957227217018e-04 -2.189569951142429562e-05 -5.940988495161453363e-08 3.68 0.00022439049062 1.6e-09
3.601733422129117036e-05 3.961061361439718320e-01 -2.982115398997812247e-03 1.486408457169932488e-04 -1.007077711844033813e-05 -1.845902413785930264e-06 3.68 0.00022439049062 1.6e-09
-4.710312675859721623e-05 2.627251524623229972e+00 -2.259854576655148488e-03 1.696716599254421282e-04 2.429977099596912065e-05 3.271282283096949615e-07 3.68 0.00022439049062 1.6e-09
8.056416345525373667e-05 3.680390745400525354e+00 2.708809540478636368e-02 2.244076739685942664e-04 -1.176068084626742660e-06 2.172525430566676984e-07 3.68 0.00022439049062 1.6e-09
-1.509046325825814949e-05 2.353484679284632897e+00 3.392937900328613088e-02 1.562520382673379823e-04 -2.850077056256085660e-05 -1.832872825973521811e-07 3.68 0.00022439049062 1.6e-09
-1.828859666492081151e-05 4.445638047015570415e-01 -1.084966681226710861e-02 1.379645241657575063e-04 3.769541570883254167e-05 -1.555534347758979795e-06 3.68 0.00022439049062 1.6e-09
3.815271897826776049e-05 3.011310567189790621e+00 1.881441027271373717e-02 1.891520212082487744e-04 1.864989646162043524e-05 5.084074669422937175e-07 3.68 0.00022439049062 1.6e-09
-1.086656597666873863e-04 3.660728694575596798e+00 5.564012383687024638e-02 2.233290700768392450e-04 -4.672631113971063611e-06 1.865523382904979402e-07 3.68 0.00022439049062 1.6e-09
3.064797572901381410e-05 1.921156036047600324e+00 4.422464378585168332e-02 1.363075802491836705e-04 -3.565109321021522307e-05 -6.476707401615680536e-07 3.68 0.00022439049062 1.6e-09
-1.793162877730005472e-05 6.406522403134665700e-01 -1.782090278164774610e-02 1.153020458817286074e-04 5.581870673742019348e-05 -5.591922876401822648e-07 3.68 0.00022439049062 1.6e-09
-6.271694067118893309e-05 3.257413686943023912e+00 3.080487288103577609e-02 2.019624961801163915e-04 1.454384579560958482e-05 5.829411238305286705e-07 3.68 0.00022439049062 1.6e-09
-3.930758958119107344e-05 3.565794201330571234e+00 7.100372635934759646e-02 2.182642692855711868e-04 -7.953205409992383768e-06 1.618754513207058182e-07 3.68 0.00022439049062 1.6e-09
-5.762557963903669060e-05 1.434766311216140178e+00 4.285433863544682587e-02 1.173940512104380113e-04 -4.437032894846892482e-05 -1.248463328968590168e-06 3.68 0.00022439049062 1.6e-09
-4.318618310406018983e-05 1.024817903764986049e+00 -1.687347426384926130e-02 1.080426874229182643e-04 5.236708065914219551e-05 4.411556681194703145e-07 3.68 0.00022439049062 1.6e-09
7.290652732991010829e-05 3.439271416577434959e+00 4.592645443056786458e-02 2.115617313721308292e-04 1.071997275405688241e-05 5.531560862085965816e-07 3.68 0.00022439049062 1.6e-09
4.552708587393739588e-05 3.394608867388574147e+00 7.854993802409535042e-02 2.091994774602263856e-04 -1.168005360864075549e-05 3.255938360394095688e-08 3.68 0.00022439049062 1.6e-09
1.772519964283463355e-05 9.086881524687090428e-01 2.560609759952699876e-02 1.076687965958836844e-04 -5.438045567249286626e-05 -2.200143747581421513e-06 3.68 0.00022439049062 1.6e-09
6.406005159090635837e-06 1.565683116138727016e+00 -8.346922820524325676e-04 1.219545415565941840e-04 4.188652100295885920e-05 1.099173739662778213e-06 3.68 0.00022439049062 1.6e-09
-1.015316639121923673e-04 3.591590131344603254e+00 7.985102338295139990e-02 2.196430168682525063e-04 7.033224060199996642e-06 5.278725930614014819e-07 3.68 0.00022439049062 1.6e-09
6.465991636481526535e-05 3.187275909449507338e+00 9.827435882219309748e-02 1.982964552474302076e-04 -1.568081320035080324e-05 -2.412651522640294132e-07 3.68 0.00022439049062 1.6e-09
-3.057847156210750917e-05 5.650229917244418143e-01 6.855842643314437324e-03 1.213921567609045561e-04 -5.307595290013297524e-05 -3.511565663994764845e-06 3.68 0.00022439049062 1.6e-09
3.751813518797841521e-05 2.054821382832201060e+00 2.026945536174346030e-02 1.422680693963857467e-04 3.333049066043258655e-05 1.292408687240232485e-06 3.68 0.00022439049062 1.6e-09
1.023706226603202064e-04 3.666965186161331935e+00 1.077016961621878322e-01 2.236747735321252214e-04 3.584246312278823969e-06 4.833925220399301714e-07 3.68 0.00022439049062 1.6e-09
6.988072220564638939e-05 2.894534072116083934e+00 1.103205829839111196e-01 1.831629151176581165e-04 -2.030683755781127194e-05 -5.589326871856749647e-07 3.68 0.00022439049062 1.6e-09
3.214916772952413780e-05 4.117666191501885287e-01 -8.677993901060058329e-03 1.448962374696889221e-04 -2.400381216023258731e-05 -3.795872737538657941e-06 3.68 0.00022439049062 1.6e-09
1.370460145876644796e-05 2.501162417312302821e+00 4.491434343220029185e-02 1.634371875008574517e-04 2.614832078832694671e-05 1.226325975264753178e-06 3.68 0.00022439049062 1.6e-09
-6.731272514859853919e-07 3.676303038361115938e+00 1.224984318279110362e-01 2.241935633988613365e-04 -1.301950262580781513e-07 3.314829147857599438e-07 3.68 0.00022439049062 1.6e-09
1.189048419305160936e-05 2.471984980197209580e+00 1.008905359770651405e-01 1.620060734263981746e-04 -2.657738555551316143e-05 -9.732641036974515631e-07 3.68 0.00022439049062 1.6e-09
2.484104820128653736e-05 4.163181860800108103e-01 -1.931505025088783509e-02 1.437758166277660178e-04 2.697819421154347218e-05 -1.411862562648196113e-06 3.68 0.00022439049062 1.6e-09
-3.462274864289300035e-05 2.919368978203131793e+00 8.313705960779463333e-02 1.844280650755958351e-04 1.997618136849341831e-05 1.168866879121703565e-06 3.68 0.00022439049062 1.6e-09
1.116220170010915572e-05 3.669025129619089221e+00 1.477940343591382932e-01 2.237786914749441143e-04 -3.772994959235133965e-06 1.151512943348578570e-07 3.68 0.00022439049062 1.6e-09
-5.282884404241198844e-05 2.040036913631993798e+00 9.025851165905376949e-02 1.415886179886435489e-04 -3.356000250161166726e-05 -1.632096218116635645e-06 3.68 0.00022439049062 1.6e-09
-8.103062707255068625e-06 5.710759928836761645e-01 -1.986507120542142790e-02 1.207287868074577691e-04 5.360568982212163779e-05 1.189315840094426871e-06 3.68 0.00022439049062 1.6e-09
4.005685882448563264e-05 3.197294167962229761e+00 1.141196449110115640e-01 1.988103661983670967e-04 1.558399229118641701e-05 1.067509806088168234e-06 3.68 0.00022439049062 1.6e-09
-9.419294577982152033e-05 3.598657877971151109e+00 1.637584997307424683e-01 2.200109256641550031e-04 -6.997774940031530259e-06 -1.022372099376455488e-07 3.68 0.00022439049062 1.6e-09
1.317202195634162011e-06 1.582493586367889282e+00 7.032660160436707275e-02 1.225494848774924409e-04 -4.153668540824542900e-05 -2.429756580066883894e-06 3.68 0.00022439049062 1.6e-09
-1.902144110596132060e-05 8.936829819627833960e-01 -6.286096984343270654e-03 1.077430889686197316e-04 5.463001553213347843e-05 2.342818567166890426e-06 3.68 0.00022439049062 1.6e-09
9.143319570027310197e-05 3.386092734076049826e+00 1.355625880726779031e-01 2.087497603931485557e-04 1.177541200469544949e-05 8.714813712997278123e-07 3.68 0.00022439049062 1.6e-09
-2.974745690719273627e-05 3.442032176833540014e+00 1.626647621534689225e-01 2.117070663624381118e-04 -1.058360817346200023e-05 -3.717673446251443024e-07 3.68 0.00022439049062 1.6e-09
1.134879510072517550e-05 1.044178438039510937e+00 3.426959910028962858e-02 1.082327168629734586e-04 -5.187534186056223860e-05 -3.414866881900137407e-06 3.68 0.00022439049062 1.6e-09
1.052184167235752855e-05 1.415495672792267179e+00 2.787777742817222626e-02 1.167927204413768871e-04 4.464602487180370559e-05 2.485332306461053409e-06 3.68 0.00022439049062 1.6e-09
2.797980910005209141e-05 3.552151428573400160e+00 1.610872461310230708e-01 2.175460081368474179e-04 7.994084547343378047e-06 6.168987168795365390e-07 3.68 0.00022439049062 1.6e-09
-4.853080438907215381e-05 3.246364422364012903e+00 1.579827564705233445e-01 2.013919972572534309e-04 -1.452696440936555312e-05 -7.337451053022846652e-07 3.68 0.00022439049062 1.6e-09
-5.292723535763652727e-05 6.381514764824648411e-01 1.345482794358426751e-03 1.155191510384896881e-04 -5.555793133665248959e-05 -3.999387972211838046e-06 3.68 0.00022439049062 1.6e-09
1.099474663287714044e-05 1.926546890152365687e+00 6.858070324078177626e-02 1.365557863094008471e-04 3.542349576952848753e-05 2.266962135670784483e-06 3.68 0.00022439049062 1.6e-09
7.777485976611067295e-05 3.651686596148403297e+00 1.859168591540782123e-01 2.228515920468908808e-04 4.554865379908684335e-06 3.850706668642320839e-07 3.68 0.00022439049062 1.6e-09
-4.958350410156489650e-05 2.989671249649504148e+00 1.521388748267601954e-01 1.880421984166358502e-04 -1.881889981967299459e-05 -1.146574238156756467e-06 3.68 0.00022439049062 1.6e-09
-3.613090525872144016e-05 4.397062484117429948e-01 -1.677480033660239470e-02 1.389883184938112853e-04 -3.576751325445927669e-05 -2.840554356079777779e-06 3.68 0.00022439049062 1.6e-09
-7.607815886860175823e-05 2.371945089868535916e+00 1.005381175282698547e-01 1.571449364095494684e-04 2.808939331782720915e-05 1.833395874423045690e-06 3.68 0.00022439049062 1.6e-09
9.266210258697124091e-05 3.672493814574803839e+00 1.894867204651823900e-01 2.239883704314931485e-04 9.544693913469920868e-07 1.220104647181239635e-07 3.68 0.00022439049062 1.6e-09
-1.494791525529225477e-05 2.597170914746448567e+00 1.252591095583133196e-01 1.681780862702469156e-04 -2.462052921547775347e-05 -1.561999374194628362e-06 3.68 0.00022439049062 1.6e-09
-4.724798347496352599e-05 3.986449862116397957e-01 -2.120938181514660931e-02 1.479343773476434311e-04 1.351046508802578798e-05 9.060454290389018201e-07 3.68 0.00022439049062 1.6e-09
5.724242361316074924e-05 2.810580149548580486e+00 1.338033364289326066e-01 1.788866746860876325e-04 2.150829227707747748e-05 1.361484714992122107e-06 3.68 0.00022439049062 1.6e-09
7.876131513704787287e-05 3.673045624775748585e+00 1.872205914929422899e-01 2.240022242313065379e-04 -2.779615460218843879e-06 -1.941634419499349049e-07 3.68 0.00022439049062 1.6e-09
5.351670690186285885e-05 2.162062561829969365e+00 8.954551972379598546e-02 1.471837046405014959e-04 -3.151430373647812465e-05 -2.011452054509970653e-06 3.68 0.00022439049062 1.6e-09
1.523225043597086634e-05 5.127885451602276490e-01 -1.168695992134424766e-02 1.271987929977971723e-04 4.927699375671284511e-05 3.724717358573691777e-06 3.68 0.00022439049062 1.6e-09
-4.329258990351633925e-05 3.128676353008579269e+00 1.617018311807008057e-01 1.952285270587787638e-04 1.672973939695396775e-05 1.026285819931304402e-06 3.68 0.00022439049062 1.6e-09
5.425515902047938952e-06 3.627886826075828353e+00 1.862371688774278056e-01 2.215679672443879788e-04 -6.039527221911045670e-06 -4.729238268729692922e-07 3.68 0.00022439049062 1.6e-09
4.729216480711879897e-05 1.727539101655375386e+00 5.763635449337155964e-02 1.281634358281280757e-04 -3.894675711406006102e-05 -2.499219071796210944e-06 3.68 0.00022439049062 1.6e-09
-2.877425914698938930e-05 7.769876284735021121e-01 9.366039707136692566e-03 1.094808286879200447e-04 5.599754537914036014e-05 3.922830858422156851e-06 3.68 0.00022439049062 1.6e-09
4.657440948537862753e-05 3.331811699180963871e+00 1.685613328497215513e-01 2.058830325990420847e-04 1.290375750171537429e-05 7.011657077654295443e-07 3.68 0.00022439049062 1.6e-09
4.268190944061657130e-05 3.493380836709476966e+00 1.668044911611921699e-01 2.144244200045740130e-04 -9.466055061426538925e-06 -6.999582860371242417e-07 3.68 0.00022439049062 1.6e-09
-4.913462828652558306e-05 1.199560714544976037e+00 1.998829767958752723e-02 1.108585067358261260e-04 -4.889001955863614494e-05 -2.850288814855971183e-06 3.68 0.00022439049062 1.6e-09
4.613231214465658990e-06 1.253939258086445019e+00 4.549699987091086750e-02 1.121555662050575432e-04 4.774229498132025868e-05 2.992230763319107608e-06 3.68 0.00022439049062 1.6e-09
-4.847129090323538974e-05 3.507813545998347937e+00 1.651989518009568392e-01 2.151927551767718197e-04 9.083927896733906554e-06 3.188826489866410014e-07 3.68 0.00022439049062 1.6e-09
5.898473741071655807e-05 3.307837648504152739e+00 1.333593304629714926e-01 2.046230327157392659e-04 -1.336064425813519224e-05 -9.307832503669383365e-07 3.68 0.00022439049062 1.6e-09
-3.727428196266901572e-05 7.318101232344456086e-01 -1.102947845647172034e-02 1.108819433421586446e-04 -5.628946931744400019e-05 -2.307478821540904730e-06 3.68 0.00022439049062 1.6e-09
1.464276411183641936e-05 1.786181329475783564e+00 8.437134548830438341e-02 1.305786391248796026e-04 3.783533210410248472e-05 2.223133809714299578e-06 3.68 0.00022439049062 1.6e-09
-6.576388508870519467e-05 3.633473103329330378e+00 1.705239868563581673e-01 2.218740763281220154e-04 5.586397585951656362e-06 3.496046716795827232e-08 3.68 0.00022439049062 1.6e-09
-4.065575014974433352e-07 3.081739611816522117e+00 1.119521445118372427e-01 1.927984581907524490e-04 -1.743249082354779889e-05 -1.192484864620226492e-06 3.68 0.00022439049062 1.6e-09
3.497907583901913823e-05 4.819501390582008882e-01 -2.158685405167673141e-02 1.316393075540112480e-04 -4.513938067845612700e-05 -3.006324045550899640e-07 3.68 0.00022439049062 1.6e-09
4.431489257464898079e-05 2.237765189796193432e+00 1.037244738706679659e-01 1.507410486793094701e-04 3.023944813216151246e-05 1.533670066489300516e-06 3.68 0.00022439049062 1.6e-09
1.099549316907345430e-04 3.672425553899935746e+00 1.570953366066607515e-01 2.239787513392676598e-04 2.096916285934516928e-06 -1.707303626026813430e-07 3.68 0.00022439049062 1.6e-09
-4.695222513563594409e-05 2.728824333476720820e+00 8.203169538289950546e-02 1.747611025998582182e-04 -2.271100403187823830e-05 -1.351369682343828270e-06 3.68 0.00022439049062 1.6e-09
-9.484065926916458971e-06 3.937134696130203948e-01 -1.689988168841373428e-02 1.492063091145563877e-04 -2.344304117621685920e-06 2.972352196136038927e-06 3.68 0.00022439049062 1.6e-09
-7.224854429441358026e-05 2.686968596687475230e+00 1.120545497205554381e-01 1.726549647981082168e-04 2.335805257781833574e-05 8.535279897294404795e-07 3.68 0.00022439049062 1.6e-09
-5.866568568700331954e-05 3.677451146161204942e+00 1.267480595406739741e-01 2.242472839061058825e-04 -1.686428037403885235e-06 -3.956867725520960303e-07 3.68 0.00022439049062 1.6e-09
6.103045134174771150e-06 2.290629516623914341e+00 4.021812332555556313e-02 1.532411525533001031e-04 -2.947460121211548150e-05 -1.372375283007971850e-06 3.68 0.00022439049062 1.6e-09
4.254003597264753187e-05 4.641139695246534469e-01 -2.761107698214699223e-03 1.344516827494883786e-04 4.214272780206695582e-05 4.538781636524391686e-06 3.68 0.00022439049062 1.6e-09
-5.469987873847724643e-05 3.051609402553866701e+00 1.227274912448456934e-01 1.912295617196291795e-04 1.802112834300837645e-05 4.891940480010745887e-07 3.68 0.00022439049062 1.6e-09
-1.020716855938192844e-04 3.654121409551793320e+00 1.132688300435227002e-01 2.229711689690131555e-04 -5.079033042391558128e-06 -5.652299032552720714e-07 3.68 0.00022439049062 1.6e-09
4.443148671993057616e-05 1.866586598947252984e+00 1.533711160717956754e-02 1.339448394903388609e-04 -3.659877782327532962e-05 -1.442687733639102921e-06 3.68 0.00022439049062 1.6e-09
-4.175145964039205947e-05 6.770948829453448115e-01 1.374322582421684535e-02 1.132297801538217083e-04 5.614672531315486096e-05 3.523511605798158169e-06 3.68 0.00022439049062 1.6e-09
-5.022188538928470773e-05 3.278594985379665427e+00 1.119014957420745027e-01 2.030787784710121903e-04 1.406365458846740182e-05 2.388969763169151445e-07 3.68 0.00022439049062 1.6e-09
-9.387068247586594874e-05 3.544018804823921620e+00 8.949804868920031853e-02 2.171099141936918826e-04 -8.394498277614916536e-06 -6.105322928460012125e-07 3.68 0.00022439049062 1.6e-09
1.709740866271585238e-05 1.361000409846553127e+00 -3.414877701759006564e-03 1.150886897102914360e-04 -4.580408461476778562e-05 -1.288223164529797052e-06 3.68 0.00022439049062 1.6e-09
-1.521692183586832530e-05 1.095217916108435663e+00 3.374427839130685058e-02 1.089116539990939630e-04 5.094569125858894478e-05 1.966575402949171007e-06 3.68 0.00022439049062 1.6e-09
-3.365018650782317414e-05 3.462256455347625383e+00 8.508583286970902715e-02 2.127786310839116925e-04 1.020682138147526150e-05 -5.132948264223153501e-08 3.68 0.00022439049062 1.6e-09
2.972859514960755846e-06 3.368428378982696980e+00 4.891962974468509751e-02 2.078174182273918793e-04 -1.221238821806856350e-05 -6.094688416626247643e-07 3.68 0.00022439049062 1.6e-09
3.986372139271666834e-05 8.466310316797984736e-01 -1.770985919707591255e-02 1.081680316213847625e-04 -5.535650680730129551e-05 -3.102911923097428400e-07 3.68 0.00022439049062 1.6e-09
-1.846693320428805126e-05 1.637914489636023596e+00 5.311062089015947119e-02 1.246551012632876772e-04 4.055700441165021534e-05 1.151324555863415539e-06 3.68 0.00022439049062 1.6e-09
6.699261393277406926e-05 3.609498714379510531e+00 7.793195376340089631e-02 2.205944403611168839e-04 6.586298324811605163e-06 -2.078041281651732117e-07 3.68 0.00022439049062 1.6e-09
3.934696534578719295e-05 3.161627568114975695e+00 3.120699567303639871e-02 1.969536596611734601e-04 -1.618567503474141022e-05 -6.655991313586322166e-07 3.68 0.00022439049062 1.6e-09
-2.149010408595065279e-05 5.376792802629718482e-01 -1.761671923009448110e-02 1.242496313184220959e-04 -5.139766892245080593e-05 1.250167325963551291e-06 3.68 0.00022439049062 1.6e-09
5.335973622196816380e-05 2.107381371110865764e+00 5.429686671951881871e-02 1.446697822106255294e-04 3.244363769190889530e-05 6.416013369366108143e-07 3.68 0.00022439049062 1.6e-09
4.095659548575804007e-05 3.670105419155379689e+00 6.416010502426933160e-02 2.238475450853100591e-04 3.167107134580155704e-06 -2.308082139686341515e-07 3.68 0.00022439049062 1.6e-09
2.995994962724177687e-05 2.847740983573663787e+00 1.984446537288024615e-02 1.807796997398080328e-04 -2.101615585837597275e-05 -6.145175882872057494e-07 3.68 0.00022439049062 1.6e-09
-7.248133920893868785e-05 4.027980712008775721e-01 -9.023933721069150177e-03 1.469993928428003970e-04 -1.765051604550665562e-05 2.619256836855038865e-06 3.68 0.00022439049062 1.6e-09
1.098885599210280563e-05 2.560711637094929216e+00 4.134749884122901342e-02 1.663705228866017415e-04 2.528071390350639799e-05 1.540043677179739136e-07 3.68 0.00022439049062 1.6e-09
-5.341674889619787455e-05 3.679625987068108728e+00 3.085963391925171384e-02 2.243696369718282350e-04 -6.080870619928897117e-07 -2.663639536020729284e-07 3.68 0.00022439049062 1.6e-09
3.396758304361585082e-05 2.417560387385357501e+00 -4.300106920617163819e-03 1.593511163866851875e-04 -2.749114968252008639e-05 -3.860185421250077860e-07 3.68 0.00022439049062 1.6e-09
-6.272175959807245514e-05 4.279411987724354161e-01 1.797190667057150669e-04 1.412774710506780197e-04 3.234432056922901318e-05 2.536326782840861599e-06 3.68 0.00022439049062 1.6e-09
-4.821403274711760865e-06 2.964697574631368848e+00 4.136316328077709048e-02 1.867510270327719100e-04 1.937064894174642837e-05 2.661249257478233547e-08 3.68 0.00022439049062 1.6e-09
5.079511133362483885e-05 3.669786155995537147e+00 2.496913092199403231e-02 2.238147351034896039e-04 -4.175179611729872310e-06 -2.883948789909634493e-07 3.68 0.00022439049062 1.6e-09
4.666737925564911482e-05 1.990984894186298648e+00 -9.465840818358429304e-03 1.393827769291711323e-04 -3.449458888776121249e-05 -3.331465870364622762e-07 3.68 0.00022439049062 1.6e-09
-3.743430574125308964e-05 5.994145900837015706e-01 4.580316308257659924e-03 1.182776840141261485e-04 5.479339572316373934e-05 1.249396421583921106e-06 3.68 0.00022439049062 1.6e-09
-2.580027099837755070e-05 3.224452943947758499e+00 3.013388126296859607e-02 2.002352597571114331e-04 1.513806594016049037e-05 1.330983836131471441e-08 3.68 0.00022439049062 1.6e-09
-1.087681062250177815e-04 3.584620442763553960e+00 1.922767901080450065e-02 2.192668645522041304e-04 -7.436611746420367336e-06 -1.989311531547292510e-07 3.68 0.00022439049062 1.6e-09
-2.829707296258197733e-05 1.511516485083723271e+00 -5.447578178502811286e-03 1.199968767395883534e-04 -4.295440927675588723e-05 -2.484465340690497601e-07 3.68 0.00022439049062 1.6e-09
-6.082872135884212673e-06 9.563807905681809274e-01 5.749530667270956463e-03 1.076422303292446335e-04 5.363278997088725925e-05 2.642343847836532823e-07 3.68 0.00022439049062 1.6e-09
-1.357472535582961582e-05 3.415217118615118785e+00 6.197383421893140967e-03 2.102881647981165491e-04 1.127973976946777345e-05 -6.933280530876011599e-08 3.68 0.00022439049062 1.6e-09
-9.597947713947182363e-05 3.422957146683539342e+00 -2.406863590803467318e-03 2.106977291769508405e-04 -1.111029041604969894e-05 -8.597600697946699556e-08 3.68 0.00022439049062 1.6e-09
-2.001843632578710283e-05 9.766765806649484460e-01 -5.770150016372607195e-03 1.077040904037309397e-04 -5.328190324477091608e-05 1.806269702557587037e-07 3.68 0.00022439049062 1.6e-09
-2.493695256161809141e-05 1.487784229036841044e+00 8.053220413209924433e-03 1.191851113212364136e-04 4.336678916613966755e-05 1.466184357486183988e-07 3.68 0.00022439049062 1.6e-09
7.530263550426031832e-05 3.576129822761296317e+00 7.746380305172301250e-03 2.188191305946960070e-04 7.556901667637553047e-06 -6.469052040057732511e-08 3.68 0.00022439049062 1.6e-09
5.032890542069369793e-05 3.225976946523435807e+00 -8.964024461055275462e-04 2.003197853794422170e-04 -1.505135540756148642e-05 -9.270265570888293124e-08 3.68 0.00022439049062 1.6e-09
1.649711793444688445e-05 6.035478986880663532e-01 -3.844763953368714009e-03 1.179812132763609757e-04 -5.486899921402837652e-05 3.828482104050497083e-07 3.68 0.00022439049062 1.6e-09
-3.177907545914924591e-06 1.983418722790158295e+00 4.418947301201418300e-03 1.390657024005049309e-04 3.454498314847078333e-05 1.765654603350467882e-07 3.68 0.00022439049062 1.6e-09
-1.193512646168603955e-05 3.661350752676611364e+00 1.457983609577568652e-02 2.233728641622268591e-04 4.133203360470867301e-06 4.277220124600715575e-08 3.68 0.00022439049062 1.6e-09
-1.447021685139276769e-05 2.947801003143553533e+00 1.295856130964754063e-02 1.858929739262280239e-04 -1.953783122049242653e-05 -8.580341417172868765e-08 3.68 0.00022439049062 1.6e-09
6.187541819681047336e-05 4.238832221812174339e-01 -1.649853373929807427e-03 1.422304061253340990e-04 -3.037789371512849098e-05 -1.937811555995555028e-07 3.68 0.00022439049062 1.6e-09
-1.087865777837950090e-05 2.437343437943489288e+00 -6.355557764318424049e-03 1.603148352274180407e-04 2.717675584547195428e-05 7.627945628682891811e-08 3.68 0.00022439049062 1.6e-09
-8.158057399937154058e-05 3.679677743611147633e+00 3.935641893507119127e-03 2.243730146769033979e-04 4.454733097137349130e-07 1.023112540258364011e-07 3.68 0.00022439049062 1.6e-09
8.166445718075016264e-05 2.540685833652107206e+00 1.105689046171022712e-02 1.653800828008825433e-04 -2.559893387559039211e-05 7.921849600448419340e-09 3.68 0.00022439049062 1.6e-09
2.341988247095895157e-05 4.049851448523603681e-01 -3.857614898161172701e-03 1.464163484112328230e-04 2.021432815296163164e-05 -8.470856091135731457e-07 3.68 0.00022439049062 1.6e-09
-3.422236733888509800e-05 2.866727477509888100e+00 2.396987844381677155e-03 1.817400860061616429e-04 2.080229064497001389e-05 1.892082413679530280e-07 3.68 0.00022439049062 1.6e-09
4.450569087234064079e-05 3.676626034179082403e+00 1.784227545016708188e-02 2.241894160510384741e-04 -3.258478546944712481e-06 9.974273055520190179e-08 3.68 0.00022439049062 1.6e-09
-1.412194723409606738e-05 2.106025012369578508e+00 1.796103009468718453e-02 1.445940423047162131e-04 -3.254713133452145636e-05 -1.710446976513440571e-07 3.68 0.00022439049062 1.6e-09
4.714173153364628231e-05 5.387351239843980455e-01 -1.004120806688594235e-02 1.240788214809487628e-04 5.165989713606061837e-05 -8.359590706593690827e-07 3.68 0.00022439049062 1.6e-09
-9.407496561029835220e-05 3.165913061461228750e+00 1.097372861110771508e-02 1.971714333998677519e-04 1.619652382635837338e-05 3.407161907495966755e-07 3.68 0.00022439049062 1.6e-09
6.665676364143794644e-05 3.617070252139457764e+00 3.696547059622597164e-02 2.209930107028000048e-04 -6.543220485985104369e-06 1.415738839811401997e-07 3.68 0.00022439049062 1.6e-09
-4.084745564630699785e-05 1.652687249182882567e+00 2.851243972577331698e-02 1.252120433345008707e-04 -4.036066713685713709e-05 -5.445286808988724181e-07 3.68 0.00022439049062 1.6e-09
-5.328844315966981752e-05 8.353695452563618673e-01 -1.568821855615135791e-02 1.083123772344981716e-04 5.552442967125094327e-05 -3.498335548715563290e-07 3.68 0.00022439049062 1.6e-09
1.027173167048868566e-04 3.365880685553912510e+00 1.135225713941387382e-02 2.076796046703785481e-04 1.233915891440939071e-05 3.656378903535570111e-07 3.68 0.00022439049062 1.6e-09
-7.331514672274293547e-05 3.473727196808358286e+00 3.990442148233681180e-02 2.133830253775092166e-04 -1.004186070734081580e-05 1.533305281479488561e-07 3.68 0.00022439049062 1.6e-09
5.291883232468897884e-05 1.120450325949237103e+00 2.408263566073092291e-02 1.092982377200570548e-04 -5.053525227325015808e-05 -1.020970699401924503e-06 3.68 0.00022439049062 1.6e-09
5.577773669606338322e-05 1.333498447981106061e+00 -1.219717578200921887e-02 1.142998529133931762e-04 4.630893486413927847e-05 3.757212321281390924e-07 3.68 0.00022439049062 1.6e-09
3.231986245289802527e-05 3.535185153506288813e+00 3.166866089938292356e-02 2.166448724166377597e-04 8.554483728642375657e-06 3.768465415338761734e-07 3.68 0.00022439049062 1.6e-09
-5.039227665885539923e-05 3.282654081279730462e+00 5.397034092352280543e-02 2.032973287888363957e-04 -1.394733209301228337e-05 1.228502878438378931e-08 3.68 0.00022439049062 1.6e-09
-4.432964827563499837e-06 6.836582804647545197e-01 1.222271819240044674e-02 1.129237788491158870e-04 -5.622198816880159643e-05 -2.011657080097039798e-06 3.68 0.00022439049062 1.6e-09
-4.890373245450654779e-05 1.856290697828766989e+00 -5.158974692636190355e-04 1.335272497241198932e-04 3.671805841674869575e-05 8.009644235510193346e-07 3.68 0.00022439049062 1.6e-09
-1.201475493955211964e-05 3.646082315735316381e+00 6.202527290830875395e-02 2.225514570462270138e-04 5.066456255114554357e-06 4.224068448780988021e-07 3.68 0.00022439049062 1.6e-09
-3.717746994245421362e-05 3.036087804404589363e+00 7.701038668543697119e-02 1.904382883375156698e-04 -1.818024943528259802e-05 -2.100520372225587629e-07 3.68 0.00022439049062 1.6e-09
-2.689600679445550250e-05 4.576367871863653569e-01 3.463621538500974992e-04 1.356812881366230045e-04 -4.054098468663355694e-05 -3.256363148382821207e-06 3.68 0.00022439049062 1.6e-09
4.040640654373450086e-05 2.311895332282385418e+00 1.124668384170784789e-02 1.542600106015204519e-04 2.913916281057373864e-05 8.744846580193859259e-07 3.68 0.00022439049062 1.6e-09
6.627653039580851840e-05 3.677905631012078125e+00 7.641319533542689779e-02 2.242741222832443496e-04 1.494544428767771055e-06 3.956690856484788538e-07 3.68 0.00022439049062 1.6e-09
4.089947498191756295e-05 2.663572910315652464e+00 8.089627325920742407e-02 1.714852181255577387e-04 -2.372689095135335980e-05 -4.506033769338610662e-07 3.68 0.00022439049062 1.6e-09
-6.616254821562831019e-05 3.941683503203186056e-01 -1.172315840702391546e-02 1.490854285856022562e-04 5.757253845617443917e-06 -2.902981926865556146e-06 3.68 0.00022439049062 1.6e-09
5.209726258688040742e-05 2.753981515201055164e+00 3.847308146232876480e-02 1.760257526709373046e-04 2.240617942256933318e-05 9.152662375119542019e-07 3.68 0.00022439049062 1.6e-09
-9.967423632479245296e-05 3.677563138122270203e+00 9.859406827186006916e-02 2.242492118278113279e-04 -2.269143850277590106e-06 2.588268866252618568e-07 3.68 0.00022439049062 1.6e-09
1.399713629476836047e-05 2.222807938318242194e+00 7.743920161333139873e-02 1.500287302877723061e-04 -3.056817957785518624e-05 -9.273845115945935596e-07 3.68 0.00022439049062 1.6e-09
-3.441541103157924424e-05 4.876747909122490232e-01 -1.975916478530107684e-02 1.306893852433620813e-04 4.626467648498710345e-05 -6.894416960381033233e-07 3.68 0.00022439049062 1.6e-09
-6.242437363319957222e-06 3.096114578112738602e+00 7.047923604164603451e-02 1.935376206730549174e-04 1.731711940270762450e-05 9.554434986753141906e-07 3.68 0.00022439049062 1.6e-09
-2.871428993466593963e-05 3.640928962529575763e+00 1.259544994949835517e-01 2.222660301984711543e-04 -5.629733804298408736e-06 1.133258929369504945e-07 3.68 0.00022439049062 1.6e-09
-1.027343284072857908e-05 1.788855345252830409e+00 7.313962021944206415e-02 1.306741824414622767e-04 -3.788532060143462882e-05 -1.637576013630632460e-06 3.68 0.00022439049062 1.6e-09
3.282592512230454615e-05 7.296542077901299050e-01 -1.860289944933101250e-02 1.109330742131493417e-04 5.636606999617434541e-05 1.040436661003176932e-06 3.68 0.00022439049062 1.6e-09
-9.621891365672866265e-05 3.311582195575334175e+00 9.266676773620327601e-02 2.048134445645797619e-04 1.342633416125922706e-05 8.830180964827319683e-07 3.68 0.00022439049062 1.6e-09
5.974273025403564530e-05 3.519414624840545791e+00 1.361968691307522961e-01 2.158026783207815072e-04 -8.986543854595010474e-06 -6.792914139238640571e-08 3.68 0.00022439049062 1.6e-09
5.223402649625971000e-05 1.276284962039199389e+00 5.109577920677831064e-02 1.127048259815038801e-04 -4.737336404292795264e-05 -2.547546368363754301e-06 3.68 0.00022439049062 1.6e-09
3.330273625965659537e-05 1.176416257430509260e+00 -7.004412935966918777e-04 1.103788197378296646e-04 4.936900660469696763e-05 1.860918045545968605e-06 3.68 0.00022439049062 1.6e-09
-4.407987432293614273e-05 3.486302255811235540e+00 1.181921402960563333e-01 2.140530400627080527e-04 9.600025999233191944e-06 7.230948399108416621e-07 3.68 0.00022439049062 1.6e-09
-1.190316745090308292e-05 3.334927647654271077e+00 1.396669195662701979e-01 2.060511350730085604e-04 -1.282580315728510409e-05 -3.592900905023740156e-07 3.68 0.00022439049062 1.6e-09
4.695529592526210541e-05 7.837761045843466556e-01 1.872403209278127034e-02 1.093223329163906031e-04 -5.591993673636805697e-05 -3.691615909928609792e-06 3.68 0.00022439049062 1.6e-09
1.572230575611804202e-05 1.719003148837872752e+00 3.378313377608886670e-02 1.278437852982209982e-04 3.906675819624418652e-05 2.039984814855095986e-06 3.68 0.00022439049062 1.6e-09
5.621444754433179520e-05 3.620904144420537207e+00 1.518486154862446758e-01 2.212047696020240275e-04 6.004913968245064998e-06 5.555989106642659901e-07 3.68 0.00022439049062 1.6e-09
-7.657290930604996953e-06 3.113408130647164818e+00 1.465887008504541678e-01 1.944450246027542542e-04 -1.688745621751719703e-05 -7.487855399731558232e-07 3.68 0.00022439049062 1.6e-09
1.712245712958411454e-05 5.044983280299528694e-01 -5.298611706471084704e-03 1.283930501378987448e-04 -4.812371307759206378e-05 -4.136455014023975892e-06 3.68 0.00022439049062 1.6e-09
6.916960432672592408e-05 2.183586172363362277e+00 6.705703896651707407e-02 1.481953705286362020e-04 3.114716442147122150e-05 1.875788429641230155e-06 3.68 0.00022439049062 1.6e-09
1.469154622405928874e-05 3.671416585896048357e+00 1.714606170196839030e-01 2.239200006346388910e-04 2.554038501040731519e-06 3.635456011651162884e-07 3.68 0.00022439049062 1.6e-09
5.686601386135544387e-05 2.782094374432334760e+00 1.382633105472778068e-01 1.774463060913564661e-04 -2.191227346899329620e-05 -1.171771444104763907e-06 3.68 0.00022439049062 1.6e-09
2.855288525040169722e-05 3.963760632901532910e-01 -1.894242992005389786e-02 1.485476253263227995e-04 -9.655861711440265571e-06 -2.149837366739027736e-06 3.68 0.00022439049062 1.6e-09
3.804627852825438294e-05 2.628307654015026529e+00 1.009206336666430420e-01 1.697265887164447150e-04 2.417988627116515385e-05 1.537020485778701893e-06 3.68 0.00022439049062 1.6e-09
-5.555150960214666532e-05 3.673785265149599688e+00 1.780008139735818062e-01 2.240555732772806224e-04 -1.218194960658504560e-06 8.570904741095967521e-08 3.68 0.00022439049062 1.6e-09
-5.019412659232657455e-05 2.343424087115745458e+00 1.107500001237324144e-01 1.557709629290781976e-04 -2.854338200605488891e-05 -1.674214890691496746e-06 3.68 0.00022439049062 1.6e-09
-5.174309004347921962e-05 4.470076377536604806e-01 -2.006303804882036274e-02 1.374869073471031910e-04 3.825113429374882052e-05 1.617350895402331999e-06 3.68 0.00022439049062 1.6e-09
7.311975897339737039e-05 3.012792519339966724e+00 1.385651505618936685e-01 1.892269604343227505e-04 1.854137907521022474e-05 1.247062560785543669e-06 3.68 0.00022439049062 1.6e-09
1.031079311496248946e-04 3.656127727834394214e+00 1.883420186277017516e-01 2.230814412803016613e-04 -4.711644700335774732e-06 -2.092978350076033213e-07 3.68 0.00022439049062 1.6e-09
-3.713534786065547178e-05 1.917136917637063842e+00 8.368374215613080813e-02 1.361312598581019434e-04 -3.562135025586129832e-05 -2.284470771691059306e-06 3.68 0.00022439049062 1.6e-09
-2.771420643513319452e-05 6.431351655450125993e-01 -7.952093661731871044e-03 1.151470825700384943e-04 5.578831073433731071e-05 3.401800166230598527e-06 3.68 0.00022439049062 1.6e-09
6.079398486632958828e-05 3.253755322479312539e+00 1.619160520701649064e-01 2.017715327820065042e-04 1.448513496123422632e-05 9.840637954461793570e-07 3.68 0.00022439049062 1.6e-09
-2.048512446508991158e-05 3.559744752941380597e+00 1.863849405661480441e-01 2.179425126945996600e-04 -7.954587919247950204e-06 -4.766587556660457943e-07 3.68 0.00022439049062 1.6e-09
1.099648413267984910e-05 1.431498388623979601e+00 4.941415775595997539e-02 1.172860826740216287e-04 -4.434832659080037280e-05 -2.940052101799670058e-06 3.68 0.00022439049062 1.6e-09
-2.602578296157222014e-05 1.029354823805694430e+00 1.994428268659918443e-02 1.080943648272067871e-04 5.215729417116671013e-05 3.305417852092087415e-06 3.68 0.00022439049062 1.6e-09
-6.109186006869843193e-05 3.434763929572850483e+00 1.697851342660769425e-01 2.113248649480877470e-04 1.067046204262027704e-05 6.466736794934877589e-07 3.68 0.00022439049062 1.6e-09
-6.866083769176549207e-05 3.385878834990805331e+00 1.645661069843295521e-01 2.087409886639232280e-04 -1.170871156068887561e-05 -7.511182405149598081e-07 3.68 0.00022439049062 1.6e-09
-3.182738812081928889e-05 9.003040914153911389e-01 9.029501140381790067e-03 1.077150365888463406e-04 -5.446007978322041213e-05 -3.327180082697352112e-06 3.68 0.00022439049062 1.6e-09
-3.585688747125797795e-05 1.575792668417166587e+00 6.353315363202995114e-02 1.223219656395282148e-04 4.159511161914998919e-05 2.679818218888867870e-06 3.68 0.00022439049062 1.6e-09
-1.002123486636243482e-04 3.590458556987622174e+00 1.822496857399673320e-01 2.195813897626890804e-04 6.975136875426083376e-06 3.100948563964269625e-07 3.68 0.00022439049062 1.6e-09
-1.329373398673848369e-05 3.182727714517245232e+00 1.442129545339405072e-01 1.980577962111443975e-04 -1.569799037679586804e-05 -1.080644039675791533e-06 3.68 0.00022439049062 1.6e-09
-1.345330020934517082e-05 5.622463381982590880e-01 -1.536064214584459409e-02 1.216527755702919014e-04 -5.296636181516479113e-05 -2.450087049367696559e-06 3.68 0.00022439049062 1.6e-09
1.060039707439730541e-05 2.057569548036087603e+00 9.891889853268362454e-02 1.423919747458022070e-04 3.318908467115264083e-05 2.096008354281109851e-06 3.68 0.00022439049062 1.6e-09
-7.934007924303054966e-05 3.663794616403123428e+00 1.880566807007504893e-01 2.235050890428952721e-04 3.575701888357930279e-06 5.546268066916386567e-08 3.68 0.00022439049062 1.6e-09
-8.141937282532750962e-06 2.890572955611921291e+00 1.231330006443034780e-01 1.829607319170380685e-04 -2.031261428023109372e-05 -1.395493535776058332e-06 3.68 0.00022439049062 1.6e-09
2.634722310485616045e-06 4.110180176109841099e-01 -2.162367191057188581e-02 1.450523305704630179e-04 -2.346633711772661278e-05 3.821293222246847241e-07 3.68 0.00022439049062 1.6e-09
4.157605057025229382e-05 2.502813023750119381e+00 1.181210776812547658e-01 1.635203298840287914e-04 2.604858629995750923e-05 1.411922801551883049e-06 3.68 0.00022439049062 1.6e-09
9.508432009649779657e-05 3.672853529946657591e+00 1.683126768631788561e-01 2.240103331400623214e-04 -1.661445835020702885e-07 -2.074826287743637206e-07 3.68 0.00022439049062 1.6e-09
-4.803923248450758918e-05 2.464639977949411254e+00 8.229098526989453433e-02 1.616493537005352066e-04 -2.665967935327302144e-05 -1.605632638488967926e-06 3.68 0.00022439049062 1.6e-09
-4.910368255982518247e-05 4.181037211496373418e-01 -1.351716527280906466e-02 1.433762352386574286e-04 2.784342705103418802e-05 3.869004830627517246e-06 3.68 0.00022439049062 1.6e-09
-3.805675842141918925e-05 2.923385232571188208e+00 1.386959779515888058e-01 1.846320285967536579e-04 1.990226359512330194e-05 8.866263981876113944e-07 3.68 0.00022439049062 1.6e-09
-4.772558601921275803e-05 3.669603750983741364e+00 1.529691023583956144e-01 2.238080870205182420e-04 -3.785799774357371730e-06 -4.757014832015214574e-07 3.68 0.00022439049062 1.6e-09
-5.889130709074088008e-05 2.037846321449104714e+00 4.567075240391996194e-02 1.414871044266446682e-04 -3.363618246574351806e-05 -1.803096430412760121e-06 3.68 0.00022439049062 1.6e-09
-1.788885942935492803e-05 5.735970940704089305e-01 3.232382042949181328e-03 1.205038294999462105e-04 5.360575853695700034e-05 4.479577524238862927e-06 3.68 0.00022439049062 1.6e-09
2.854640419955452416e-05 3.197343122020125605e+00 1.468763362451974974e-01 1.988137575371362869e-04 1.556821207546180675e-05 5.715205744088441054e-07 3.68 0.00022439049062 1.6e-09
1.022162423864870058e-04 3.597731931545777861e+00 1.387923698417447005e-01 2.199619602344575031e-04 -7.024282311884967870e-06 -6.459910869074510645e-07 3.68 0.00022439049062 1.6e-09
1.630021024125806426e-05 1.576773878505541626e+00 1.861607660002244369e-02 1.223391804648244082e-04 -4.171277281009857184e-05 -1.956668134036202259e-06 3.68 0.00022439049062 1.6e-09
-4.958482467660736936e-05 9.001060082322256406e-01 2.608789759585937451e-02 1.077166068912584765e-04 5.444354821434463436e-05 3.202929198096301403e-06 3.68 0.00022439049062 1.6e-09
-1.904138557845960549e-05 3.388130915510405128e+00 1.296311614431056025e-01 2.088590420235329965e-04 1.173895088115332883e-05 2.389164001673997982e-07 3.68 0.00022439049062 1.6e-09
6.434277893943546973e-05 3.438819711256785538e+00 1.020464632980704750e-01 2.115387151196856019e-04 -1.066661191753401235e-05 -7.300606165581230040e-07 3.68 0.00022439049062 1.6e-09
4.513797097980009498e-05 1.030474380770559639e+00 -8.067187515956562166e-03 1.080945426824545419e-04 -5.224881198131101057e-05 -1.572777164602239328e-06 3.68 0.00022439049062 1.6e-09
-1.630121204301174882e-05 1.429005359965672461e+00 5.633079174999231636e-02 1.172216482489208593e-04 4.439506424992457179e-05 1.988992045082415649e-06 3.68 0.00022439049062 1.6e-09
-2.099423643814058029e-05 3.559230887460876680e+00 1.168637556088373691e-01 2.179202152922733488e-04 7.948063844432244198e-06 -6.627946479151419567e-08 3.68 0.00022439049062 1.6e-09
-7.176285779508949814e-05 3.248185947835429133e+00 6.855619862531509012e-02 2.014849324086707917e-04 -1.459479281531707185e-05 -8.413867481681264062e-07 3.68 0.00022439049062 1.6e-09
-4.753274246078114062e-05 6.334513051501082792e-01 -2.053579878226693620e-02 1.158135659578859002e-04 -5.558267407938063574e-05 -9.609139177174861808e-08 3.68 0.00022439049062 1.6e-09
6.034405089423046370e-05 1.931541532015023765e+00 7.550670668423171972e-02 1.367761236372694420e-04 3.537166341888108002e-05 1.303358615788487298e-06 3.68 0.00022439049062 1.6e-09
9.460349999131033283e-05 3.655298331906264853e+00 1.112820299852759764e-01 2.230453855915135017e-04 4.531277741882345505e-06 -2.066168167587451389e-07 3.68 0.00022439049062 1.6e-09
-2.899570371421801080e-05 2.988072910466450516e+00 5.223962141779968371e-02 1.879606530800864662e-04 -1.891876491804303354e-05 -9.298116886469207993e-07 3.68 0.00022439049062 1.6e-09
5.813055070894764258e-06 4.372787905321301460e-01 -1.720535987801932731e-02 1.394607501610348763e-04 -3.506859314839494023e-05 2.044982999160945748e-06 3.68 0.00022439049062 1.6e-09
-1.848307332345988893e-05 2.380762321396055814e+00 7.197812337139802841e-02 1.575736960671961142e-04 2.800859218261414339e-05 6.529547726330652046e-07 3.68 0.00022439049062 1.6e-09
1.048538860412270900e-04 3.675666736465397655e+00 8.062285884677661274e-02 2.241597906343059427e-04 8.809253753536123721e-07 -2.959361024992709545e-07 3.68 0.00022439049062 1.6e-09
2.638523222682361591e-05 2.588014437268484347e+00 2.332969037820857919e-02 1.677253735336174732e-04 -2.484366202506629688e-05 -8.214813240168618913e-07 3.68 0.00022439049062 1.6e-09
-1.978055475081130801e-05 3.995410659980989654e-01 -5.996676689415995909e-03 1.477313835395380865e-04 1.485840419513971214e-05 3.664130384697453167e-06 3.68 0.00022439049062 1.6e-09
2.888059080849021926e-06 2.824285173607744781e+00 7.022194985389607069e-02 1.795799273939876909e-04 2.141527479459323944e-05 2.257810339533884580e-07 3.68 0.00022439049062 1.6e-09
-3.161407861638264945e-05 3.679549341665537376e+00 5.569198058516343364e-02 2.243477416608439167e-04 -2.850478845793522790e-06 -4.042256446932583393e-07 3.68 0.00022439049062 1.6e-09
4.054862511859056394e-05 2.156930368731007075e+00 -1.694618009078102151e-03 1.469419510118929757e-04 -3.171451890848837776e-05 -6.885050480645807024e-07 3.68 0.00022439049062 1.6e-09
3.802698128547204646e-05 5.154482982380772516e-01 5.078725313830376696e-03 1.268788590446056058e-04 4.957999800848019996e-05 3.000775490073629562e-06 3.68 0.00022439049062 1.6e-09
-8.834252896634891509e-05 3.136379091027473809e+00 6.765217369197620845e-02 1.956311996781168259e-04 1.668760118172766150e-05 9.805708223796506117e-08 3.68 0.00022439049062 1.6e-09
3.392972499199371902e-06 3.629186848624273765e+00 4.828646956567209797e-02 2.216389918759480962e-04 -6.133504313553908400e-06 -4.104486690884605892e-07 3.68 0.00022439049062 1.6e-09
-3.869355019349166795e-05 1.713594157301459697e+00 -6.903743724637669693e-03 1.276088136595459645e-04 -3.928002333518212442e-05 -6.358401344117281219e-07 3.68 0.00022439049062 1.6e-09
-1.294546872728682117e-05 7.878468768354415230e-01 1.288035487253819458e-02 1.092205984208496450e-04 5.600852747070559192e-05 1.439095823292748884e-06 3.68 0.00022439049062 1.6e-09
8.461100033091246910e-05 3.342114170882899415e+00 4.232998044227831436e-02 2.064272374138335952e-04 1.279610627543405290e-05 -3.989775509044542601e-08 3.68 0.00022439049062 1.6e-09
-5.170862257907770146e-05 3.491310056192888034e+00 2.245841606389856193e-02 2.143161520285557728e-04 -9.617728120186369893e-06 -3.129533624946222685e-07 3.68 0.00022439049062 1.6e-09
-5.401416599393300350e-05 1.178485237460888957e+00 -1.131972470894579072e-02 1.104087026789326903e-04 -4.938891866675794928e-05 -2.074052596226063366e-07 3.68 0.00022439049062 1.6e-09
-3.600668708660084482e-05 1.274059765899486774e+00 2.073444174332958467e-02 1.126606244503308626e-04 4.748791174608871723e-05 5.659834672241137143e-07 3.68 0.00022439049062 1.6e-09
9.662299359853642551e-05 3.519979298944126533e+00 2.395601277795827988e-02 2.158362510000098780e-04 8.965834431811393879e-06 -1.673228216951151609e-07 3.68 0.00022439049062 1.6e-09
-8.013851627381918447e-05 3.308667372766547210e+00 1.304592390690097387e-04 2.046639542459395382e-04 -1.347999757527190424e-05 -2.658768563495462241e-07 3.68 0.00022439049062 1.6e-09
7.232075890147774392e-06 7.238081676325915925e-01 -1.222152652665381770e-02 1.111612158804642500e-04 -5.637708937501597955e-05 6.706797151505610521e-07 3.68 0.00022439049062 1.6e-09
3.100881557198924146e-06 1.797535027678786701e+00 2.381595979391550391e-02 1.310535323795309834e-04 3.774082435672695865e-05 3.429208997529078220e-07 3.68 0.00022439049062 1.6e-09
2.516578212350288531e-05 3.638328240778237799e+00 2.648686366881095045e-02 2.221356322258420050e-04 5.489750314171793860e-06 -1.343390770671154339e-07 3.68 0.00022439049062 1.6e-09
9.038285866635461597e-05 3.073995944493299159e+00 4.879975838540504332e-03 1.923988307289744713e-04 -1.761715343923460255e-05 -2.662758255698115263e-07 3.68 0.00022439049062 1.6e-09
-1.945621553103781226e-06 4.759880800632444453e-01 -6.835811499067860619e-03 1.325913446661386658e-04 -4.425868389012040582e-05 1.110473711397735999e-06 3.68 0.00022439049062 1.6e-09
7.351409099330893113e-05 2.256568286611632779e+00 1.161000675400593492e-02 1.516307920022633431e-04 3.002398987723634553e-05 1.048289953070114860e-07 3.68 0.00022439049062 1.6e-09
-9.722997488961994579e-05 3.676554157343826290e+00 1.210943608841283034e-02 2.242007718115511408e-04 1.958621132686115509e-06 -5.711103079746147292e-08 3.68 0.00022439049062 1.6e-09
-8.455985971665251090e-05 2.713644292359246535e+00 2.456898200461223036e-03 1.739986711905063552e-04 -2.299196051694305236e-05 -1.265108131507881406e-07 3.68 0.00022439049062 1.6e-09
7.339651789168386985e-05 3.929371523424980417e-01 -2.174517948868422580e-03 1.494257271937213228e-04 -3.606192553454908226e-07 7.922918118101955514e-07 3.68 0.00022439049062 1.6e-09
3.858093663164333825e-05 2.706970350551944460e+00 4.466061707676872300e-03 1.736578423478758531e-04 2.313227100349040874e-05 -1.763675633001789253e-08 3.68 0.00022439049062 1.6e-09
-8.654708231865320615e-06 3.681716966572847305e+00 5.436573135865176631e-04 2.244730924848039309e-04 -1.833348358024350465e-06 -4.805417470811735741e-08 3.68 0.00022439049062 1.6e-09
5.923074223623933567e-05 2.277943463042145567e+00 -3.717711080584505060e-03 1.526341102311415594e-04 -2.973518272670135995e-05 -2.136553157872118617e-08 3.68 0.00022439049062 1.6e-09
-5.183808469370613023e-05 4.681089837481876570e-01 -2.536022722976484858e-03 1.337854200193388696e-04 4.314703241436357751e-05 5.562019601209990605e-08 3.68 0.00022439049062 1.6e-09
9.171466467599133972e-05 3.063128668774581342e+00 1.007063569153888311e-02 1.918294564885208889e-04 1.785943651938379028e-05 1.105280899840585266e-07 3.68 0.00022439049062 1.6e-09
-2.430985418949767221e-05 3.651183695484483849e+00 1.554601458909877880e-02 2.228160241358744268e-04 -5.239511264486584611e-06 -1.922749475022477022e-09 3.68 0.00022439049062 1.6e-09
4.283036233825428469e-05 1.843488826123061308e+00 7.887831161367800728e-03 1.329662879787955280e-04 -3.700828361844085511e-05 -1.964956088313774975e-07 3.68 0.00022439049062 1.6e-09
2.438596125097245714e-05 6.923169716776669258e-01 -7.228037934944883322e-03 1.124809916411972780e-04 5.636339865245633093e-05 -3.813812700459439065e-07 3.68 0.00022439049062 1.6e-09
-5.404176072944726983e-05 3.291640029496636366e+00 1.809922907399094281e-03 2.037636494999294325e-04 1.387498710796536013e-05 1.690220215970909282e-07 3.68 0.00022439049062 1.6e-09
9.745821228577847511e-05 3.539593259882528820e+00 1.626616625654847895e-02 2.168737762391330522e-04 -8.587719450004894153e-06 9.472739695215110481e-08 3.68 0.00022439049062 1.6e-09
1.577510753480522549e-05 1.336554924591521809e+00 1.321426005104141266e-02 1.143675551517098514e-04 -4.629950122455341033e-05 -3.448288596295981487e-07 3.68 0.00022439049062 1.6e-09
1.806508587437742036e-05 1.117695075839027608e+00 -1.021715016583576476e-02 1.092671510522983508e-04 5.057721065863979737e-05 -1.466356707054121728e-07 3.68 0.00022439049062 1.6e-09
-8.817034383504331388e-06 3.471893691876868360e+00 5.050624432158143341e-04 2.132877524250184154e-04 1.004878529882600034e-05 1.671122030153042604e-07 3.68 0.00022439049062 1.6e-09
6.468589058650069947e-05 3.363434849354487888e+00 1.531781871084204882e-02 2.075519714136303540e-04 -1.236864179690170981e-05 9.932237584786442062e-08 3.68 0.00022439049062 1.6e-09
-1.944730220201316149e-06 8.322765697301320875e-01 9.225673122205065718e-03 1.083651747492759187e-04 -5.555737674478152736e-05 -6.437922926294830953e-07 3.68 0.00022439049062 1.6e-09
-4.967833826200066590e-05 1.656530756908378699e+00 -6.490265567851774553e-03 1.253782046813115502e-04 4.024741416274521934e-05 3.140716220919297168e-07 3.68 0.00022439049062 1.6e-09
6.516245646169282243e-05 3.612268022504185438e+00 2.395873813907036659e-02 2.207447171844138117e-04 6.435531152112288590e-06 2.436300699502486274e-07 3.68 0.00022439049062 1.6e-09
9.781533476451745540e-05 3.147383691038490916e+00 3.707101616398784938e-02 1.962137426579013623e-04 -1.640507200813612408e-05 -2.558011851796338619e-08 3.68 0.00022439049062 1.6e-09
1.627799660834372282e-06 5.266412028001257184e-01 3.918996120931909563e-03 1.255608960711582841e-04 -5.051097876491512017e-05 -1.653256400058730021e-06 3.68 0.00022439049062 1.6e-09
-3.656296039190777157e-05 2.132641378665647292e+00 -4.491483420642114130e-03 1.458291154843847394e-04 3.206275106139895180e-05 4.866145359609076604e-07 3.68 0.00022439049062 1.6e-09
6.506810079591150155e-05 3.673084178088402929e+00 3.838302410088850758e-02 2.240068743672416515e-04 2.975566620524688183e-06 3.185511647246155014e-07 3.68 0.00022439049062 1.6e-09
8.728977846304346820e-05 2.829652385392325442e+00 5.186087907612858816e-02 1.798581015757332014e-04 -2.129845225053762588e-05 -1.350641742216079001e-07 3.68 0.00022439049062 1.6e-09
-2.322571138045863829e-05 4.003499987950823180e-01 -3.711158993225162697e-03 1.475980021200756320e-04 -1.538174488363824432e-05 -2.586453148349858502e-06 3.68 0.00022439049062 1.6e-09
-5.101501070585452290e-05 2.581303885887065164e+00 4.321733691494375994e-03 1.673891314610443542e-04 2.497799815432429868e-05 5.296543469748548483e-07 3.68 0.00022439049062 1.6e-09
1.014789063841518759e-05 3.679506378979610304e+00 4.722718268624701010e-02 2.243625126481046895e-04 -7.898200458793703545e-07 2.821594917333637065e-07 3.68 0.00022439049062 1.6e-09
-7.480495512464901931e-05 2.397145665748760202e+00 5.142339570103143798e-02 1.583618195040798144e-04 -2.779353837931624265e-05 -3.381288955899330230e-07 3.68 0.00022439049062 1.6e-09
-9.886501627149360912e-06 4.329269260481929393e-01 -1.323528495023019308e-02 1.402453211036648129e-04 3.406948599320293807e-05 -1.838813959392084352e-06 3.68 0.00022439049062 1.6e-09
-1.859840061466909715e-05 2.979295566584515331e+00 3.094062151187258053e-02 1.875029735976907301e-04 1.912727322446562342e-05 6.828550891794467764e-07 3.68 0.00022439049062 1.6e-09
-9.507427850474910701e-05 3.664916574007324179e+00 7.755630509118384419e-02 2.235549433562785044e-04 -4.346338481528829287e-06 2.061028297846361769e-07 3.68 0.00022439049062 1.6e-09
4.063839566079579288e-05 1.964931243096620150e+00 5.803208784203171128e-02 1.382296428643881817e-04 -3.489111376244453488e-05 -8.781250760692487760e-07 3.68 0.00022439049062 1.6e-09
-1.169561593512994860e-05 6.137118516134123514e-01 -1.960236749105594839e-02 1.171553518927236857e-04 5.521584161495111671e-05 -3.470291506266101903e-07 3.68 0.00022439049062 1.6e-09
6.718169414774157150e-05 3.236672535152719909e+00 4.976690856902431237e-02 2.008739016325865843e-04 1.491685958676139029e-05 7.356339456689059356e-07 3.68 0.00022439049062 1.6e-09
-5.159345784641258267e-05 3.578954761181521338e+00 9.601372082371256722e-02 2.189633590698378523e-04 -7.605783995961713323e-06 1.297408663722128135e-07 3.68 0.00022439049062 1.6e-09
2.196636336724595303e-05 1.488892212643245339e+00 5.299675084342197334e-02 1.192050402207532362e-04 -4.333331094448799231e-05 -1.579175530553520382e-06 3.68 0.00022439049062 1.6e-09
-2.423263993988788621e-05 9.754129165287530601e-01 -1.617898830704632418e-02 1.077057321356324334e-04 5.327559760242966665e-05 8.208205412135763048e-07 3.68 0.00022439049062 1.6e-09
-8.996676102547493663e-05 3.420722517064138657e+00 6.830640510489387196e-02 2.105798255455325059e-04 1.111299749953634770e-05 6.742097184930237156e-07 3.68 0.00022439049062 1.6e-09
4.905984105333262952e-06 3.412309663430426632e+00 1.033503745492418968e-01 2.101351150972282093e-04 -1.128596270046263312e-05 -4.223461570582582537e-08 3.68 0.00022439049062 1.6e-09
-2.415625045841708827e-05 9.556153816518226929e-01 3.059673491537194534e-02 1.076384146821748173e-04 -5.355366374114123925e-05 -2.621491200525282469e-06 3.68 0.00022439049062 1.6e-09
-4.885512665631509387e-05 1.512225243131730679e+00 4.627377610093063101e-03 1.200372967412963328e-04 4.287361164179613132e-05 1.452229629102321427e-06 3.68 0.00022439049062 1.6e-09
-4.857426878426635496e-05 3.578520661131860514e+00 1.024525475781281059e-01 2.189476116769548445e-04 7.373940893170153497e-06 5.927811279283954416e-07 3.68 0.00022439049062 1.6e-09
6.845768824395703626e-05 3.209239026257871608e+00 1.185255159500816224e-01 1.994453814791259292e-04 -1.527062138963047324e-05 -3.541723601241346758e-07 3.68 0.00022439049062 1.6e-09
-1.254151605708189816e-05 5.894695350872558581e-01 7.096595298114516392e-03 1.191546871237371180e-04 -5.419208181807481570e-05 -3.858461400141442794e-06 3.68 0.00022439049062 1.6e-09
-4.273832411078249327e-05 2.009519887085780443e+00 3.219643793392466119e-02 1.402254835731828598e-04 3.407967993922261823e-05 1.594744439693499021e-06 3.68 0.00022439049062 1.6e-09
-6.258862286991282429e-05 3.662373565139189324e+00 1.324972331282487925e-01 2.234266387312546670e-04 3.940302677499820234e-06 4.982889953585921966e-07 3.68 0.00022439049062 1.6e-09
1.076064625690278129e-05 2.929517950907305046e+00 1.276384884279322396e-01 1.849528804744666110e-04 -1.976538790621795477e-05 -7.213263533078047519e-07 3.68 0.00022439049062 1.6e-09
5.689584498678670080e-05 4.202967643706000400e-01 -1.031147974181111440e-02 1.429896974001506455e-04 -2.848990353254568178e-05 -3.861098127227261328e-06 3.68 0.00022439049062 1.6e-09
-7.698523798111256802e-05 2.455604096350249677e+00 6.045921176959615645e-02 1.612056463170060577e-04 2.683575906360435382e-05 1.452013921785724940e-06 3.68 0.00022439049062 1.6e-09
8.145261426796524765e-05 3.675082613309943458e+00 1.463760338820283835e-01 2.241282881609647142e-04 2.472917467017060952e-07 3.104477182143690151e-07 3.68 0.00022439049062 1.6e-09
-2.697479059591920898e-05 2.516062142743958674e+00 1.140289571555709314e-01 1.641690316722248266e-04 -2.587840304431362738e-05 -1.165471248271111947e-06 3.68 0.00022439049062 1.6e-09
4.464633579135413315e-05 4.086560722639137611e-01 -2.036355154462640704e-02 1.455255111438587116e-04 2.244279790437795849e-05 -1.051626785003737624e-06 3.68 0.00022439049062 1.6e-09
1.373369835363311283e-06 2.882528970461269324e+00 9.980502814633461506e-02 1.825456989747410914e-04 2.049601736748664832e-05 1.289458998027790117e-06 3.68 0.00022439049062 1.6e-09
6.150933905036682617e-05 3.670823407209895084e+00 1.661525301216910666e-01 2.238776383151592315e-04 -3.432471801329424506e-06 5.330575709466067621e-08 3.68 0.00022439049062 1.6e-09
-2.932113607429386764e-05 2.082936030760433432e+00 9.629404762101863302e-02 1.435370052466880986e-04 -3.282755338745402084e-05 -1.804035486072943920e-06 3.68 0.00022439049062 1.6e-09
3.253534868219878191e-05 5.490531128226938673e-01 -1.863748927466576943e-02 1.229359155009609171e-04 5.233349869165291593e-05 1.813096731857590951e-06 3.68 0.00022439049062 1.6e-09
8.643082364620940656e-06 3.173989475643723246e+00 1.325763093856769659e-01 1.975917461771382519e-04 1.597752011992790739e-05 1.123455371740768342e-06 3.68 0.00022439049062 1.6e-09
2.521151650578426186e-05 3.609346750815594973e+00 1.791760742833908848e-01 2.205796172116176882e-04 -6.665399945998285789e-06 -1.974553473029324447e-07 3.68 0.00022439049062 1.6e-09
1.433463503414450697e-05 1.634293995229439522e+00 7.227499642428356075e-02 1.244991477245585803e-04 -4.058687779666908621e-05 -2.556567327747737783e-06 3.68 0.00022439049062 1.6e-09
-1.268376028570482230e-05 8.504326015076026923e-01 -2.647165430194691436e-03 1.081218755183557616e-04 5.524699952513351065e-05 2.854782870809276115e-06 3.68 0.00022439049062 1.6e-09
-7.810409442611031901e-05 3.366988535991912279e+00 1.521494696678611369e-01 2.077395029629499051e-04 1.217781543798365226e-05 8.844312156211383652e-07 3.68 0.00022439049062 1.6e-09
8.572740699073599490e-05 3.460029498365767342e+00 1.738253906551500694e-01 2.126585725080339367e-04 -1.019213495041865466e-05 -4.744208437640454996e-07 3.68 0.00022439049062 1.6e-09
-1.523643854827235074e-05 1.097863649458420854e+00 3.388525898903274602e-02 1.089412011216271236e-04 -5.084011704059953040e-05 -3.413626776702279205e-06 3.68 0.00022439049062 1.6e-09
1.185287053465493572e-06 1.358587427627222066e+00 3.353270959660897832e-02 1.150345033190012335e-04 4.572390945531129428e-05 2.757641254114285508e-06 3.68 0.00022439049062 1.6e-09
9.617697775948433466e-05 3.536626986054472788e+00 1.711703510363954961e-01 2.167217522203869593e-04 8.363913607911282512e-06 5.791360567740608701e-07 3.68 0.00022439049062 1.6e-09
-2.431810523605155560e-05 3.267816966828955838e+00 1.608755171815737794e-01 2.025183795306719468e-04 -1.411202102579240449e-05 -8.204339263018468042e-07 3.68 0.00022439049062 1.6e-09
4.773124010812624675e-05 6.689692477572184437e-01 -8.302063602602532694e-04 1.136818938927933609e-04 -5.602976209435463157e-05 -3.730323260253122437e-06 3.68 0.00022439049062 1.6e-09
-1.925491299606667018e-05 1.878016686353137787e+00 7.626218126478639947e-02 1.344532554069048083e-04 3.624204939528881300e-05 2.388785877545484365e-06 3.68 0.00022439049062 1.6e-09
4.536490744357387749e-05 3.645420352803589559e+00 1.920384594728510586e-01 2.225148715863750040e-04 4.913771175775852971e-06 3.143253983771735194e-07 3.68 0.00022439049062 1.6e-09
3.044938524311864152e-05 3.022649213125121470e+00 1.500997392360578775e-01 1.897415089705099692e-04 -1.831904764413025747e-05 -1.213241564819205465e-06 3.68 0.00022439049062 1.6e-09
4.431973207977009632e-05 4.529603880778712011e-01 -1.829436011688861941e-02 1.364886859193799817e-04 -3.942319483033944829e-05 -2.316727413107909462e-06 3.68 0.00022439049062 1.6e-09
-2.406641901616421008e-05 2.324774535946899867e+00 1.069259142335724361e-01 1.548772775431910269e-04 2.882600917602202122e-05 1.866454093571218756e-06 3.68 0.00022439049062 1.6e-09
-1.038800438305051584e-04 3.672151593117741974e+00 1.915034816532422690e-01 2.239680622161977505e-04 1.370437709717008026e-06 4.945793688530794880e-08 3.68 0.00022439049062 1.6e-09
7.111617566855823330e-05 2.643913488070145590e+00 1.210440079207153186e-01 1.705038896099340755e-04 -2.393251559263554217e-05 -1.578337920909374052e-06 3.68 0.00022439049062 1.6e-09
1.295711037424562996e-05 3.952593003670326621e-01 -2.075976459446498418e-02 1.487902439163205895e-04 8.008536650514569367e-06 1.453599001946608045e-06 3.68 0.00022439049062 1.6e-09
-6.012264786146470939e-05 2.767715091273015737e+00 1.348306819376354770e-01 1.767168762244993908e-04 2.213927784401694451e-05 1.303334549590338285e-06 3.68 0.00022439049062 1.6e-09
-9.841066056813229941e-05 3.674269497049853506e+00 1.805984598828770105e-01 2.240712403800279790e-04 -2.390486629804816733e-06 -2.609581077597904505e-07 3.68 0.00022439049062 1.6e-09
-5.244690792717070736e-05 2.206965878070288767e+00 8.112278230973049564e-02 1.492836877598827908e-04 -3.077938168074821645e-05 -1.922423503173239235e-06 3.68 0.00022439049062 1.6e-09
7.973669969404430496e-06 4.943342930114706935e-01 -9.567450841291992580e-03 1.297172293135043339e-04 4.710197744668994768e-05 4.152767084479091045e-06 3.68 0.00022439049062 1.6e-09
1.470668995438598691e-05 3.102302074382180308e+00 1.593457083131424312e-01 1.938573779392843038e-04 1.716540846230474001e-05 9.284795514444093079e-07 3.68 0.00022439049062 1.6e-09
-3.118014837614169167e-05 3.637536731827360814e+00 1.751801238263143989e-01 2.220833407588215314e-04 -5.697009929658656802e-06 -5.274295250929055146e-07 3.68 0.00022439049062 1.6e-09
2.488027780762454291e-05 1.777711090607031919e+00 4.900599117280951544e-02 1.302096237325587116e-04 -3.808275674380806451e-05 -2.294014394258628689e-06 3.68 0.00022439049062 1.6e-09
-3.313924353399338215e-05 7.394591848390077438e-01 1.115436964772572800e-02 1.105931865077148743e-04 5.620997163325423823e-05 4.073276624455573645e-06 3.68 0.00022439049062 1.6e-09
4.666821456707985049e-05 3.312766349681335765e+00 1.616978585810478763e-01 2.048784732431420744e-04 1.331296976364020694e-05 6.018213253806748845e-07 3.68 0.00022439049062 1.6e-09
-7.036892147710077454e-05 3.511816422957883876e+00 1.532397429469332661e-01 2.154014044372396051e-04 -9.069492869020326690e-06 -7.163974343131915360e-07 3.68 0.00022439049062 1.6e-09
-4.980525287889157524e-05 1.257419948137356691e+00 1.475635650372144128e-02 1.122277125253557149e-04 -4.777267361377615738e-05 -2.486714127027973633e-06 3.68 0.00022439049062 1.6e-09
5.509481032084517110e-05 1.196090429510927144e+00 4.406567324680721320e-02 1.107982066514780938e-04 4.888695936306119364e-05 2.899971488906076323e-06 3.68 0.00022439049062 1.6e-09
9.517958194676649666e-06 3.491282814001478219e+00 1.504489425431131955e-01 2.143166848991257889e-04 9.479431215614746525e-06 2.221373534628950180e-07 3.68 0.00022439049062 1.6e-09
-9.473956677024715110e-05 3.329261015162569226e+00 1.150934721301361263e-01 2.057522721998324079e-04 -1.293979039022816722e-05 -8.872014292350861056e-07 3.68 0.00022439049062 1.6e-09
-3.371126367204108597e-05 7.701034637437087493e-01 -1.338860370365516084e-02 1.096763004095292141e-04 -5.612258520721699769e-05 -1.772933783522338794e-06 3.68 0.00022439049062 1.6e-09
5.476661456810853160e-05 1.734546498480925791e+00 7.932206517114333277e-02 1.284662540986867662e-04 3.875737850478551302e-05 2.036380162195842838e-06 3.68 0.00022439049062 1.6e-09
-9.622583760778726891e-07 3.625616725056280298e+00 1.508863996756353854e-01 2.214540893202436632e-04 5.940613184997161806e-06 -4.763951502304831840e-08 3.68 0.00022439049062 1.6e-09
1.335289115415643299e-05 3.111310766581795839e+00 9.214572059865555609e-02 1.943334445386611013e-04 -1.697685534560566513e-05 -1.091959596456221960e-06 3.68 0.00022439049062 1.6e-09
4.044335642366478508e-05 5.001498098994978658e-01 -2.157743752165924844e-02 1.289701413316038164e-04 -4.769712900363371757e-05 2.117008495234658112e-07 3.68 0.00022439049062 1.6e-09
1.403931626689771000e-05 2.191098134923636032e+00 9.439219231506496000e-02 1.485482799252350926e-04 3.101839137935482162e-05 1.346799911336058798e-06 3.68 0.00022439049062 1.6e-09
5.334020351829530949e-05 3.672012975859085593e+00 1.360074210985330878e-01 2.239539339235646653e-04 2.489144603725673595e-06 -2.134886646079808858e-07 3.68 0.00022439049062 1.6e-09
-5.067662820224403601e-05 2.772914225624137696e+00 6.570036919016229715e-02 1.769848502637064321e-04 -2.207948277716007630e-05 -1.185437443763653666e-06 3.68 0.00022439049062 1.6e-09
7.549063312693370337e-06 3.954244432834328471e-01 -1.541079369049232380e-02 1.487858490530153603e-04 -7.973990228078570706e-06 3.085881015581542988e-06 3.68 0.00022439049062 1.6e-09
7.024558767966944351e-05 2.641865999907358820e+00 9.575379346304085937e-02 1.704015770719230537e-04 2.402829034809738265e-05 6.727901335372765295e-07 3.68 0.00022439049062 1.6e-09
-3.492582439209199435e-05 3.678077547224201105e+00 1.017488606808524404e-01 2.242835735186954598e-04 -1.304206157164473191e-06 -3.910467874240010187e-07 3.68 0.00022439049062 1.6e-09
5.965753659784222499e-05 2.335363305110355725e+00 2.646240990114989006e-02 1.553806846423696727e-04 -2.877153112376970654e-05 -1.111899499956844714e-06 3.68 0.00022439049062 1.6e-09
-6.826911260975702922e-05 4.499734871328999741e-01 -1.706629609878497402e-03 1.369457786758846742e-04 3.901508038840158829e-05 4.287564811561131139e-06 3.68 0.00022439049062 1.6e-09
-7.088157032783994201e-05 3.022171565955583894e+00 1.023937477534534179e-01 1.897086717467334001e-04 1.848931128081997659e-05 3.410111907754801928e-07 3.68 0.00022439049062 1.6e-09
1.072068382838540379e-04 3.660699748598537973e+00 8.777771510707882419e-02 2.233241585653895564e-04 -4.767790394983605998e-06 -5.221377533925289287e-07 3.68 0.00022439049062 1.6e-09
3.549701129613299039e-05 1.911813267033775521e+00 5.575336374789902419e-03 1.358955837797218280e-04 -3.583245697160366964e-05 -1.111946740266174632e-06 3.68 0.00022439049062 1.6e-09
1.116847273501009893e-05 6.474950356254600692e-01 1.211574895625452952e-02 1.148946696760432717e-04 5.583295752577363980e-05 3.107248804676667606e-06 3.68 0.00022439049062 1.6e-09
-2.343604889628628197e-06 3.259622969655024072e+00 9.006225754760652236e-02 2.020813608758251050e-04 1.444685968498723340e-05 1.434989170152482574e-07 3.68 0.00022439049062 1.6e-09
7.867081634958739340e-05 3.559306506107504209e+00 6.737665369341963584e-02 2.179211324350243621e-04 -8.057260397304507647e-06 -5.238389869704174163e-07 3.68 0.00022439049062 1.6e-09
-1.905206095571308232e-05 1.415436085107737885e+00 -6.809798097296821361e-03 1.167734232094462760e-04 -4.476158728380624227e-05 -9.305384238699163530e-07 3.68 0.00022439049062 1.6e-09
4.322701537411672510e-05 1.043999795196850044e+00 2.674950085422510282e-02 1.082429102879199910e-04 5.195548075117350302e-05 1.558010698167032995e-06 3.68 0.00022439049062 1.6e-09
2.383477506231448852e-07 3.445580333823627051e+00 6.102441662186208760e-02 2.118957482193063670e-04 1.058545154757349659e-05 -9.645006272385063318e-08 3.68 0.00022439049062 1.6e-09
2.150516751307094467e-05 3.387631281835914887e+00 2.960448241015323223e-02 2.088312707780048429e-04 -1.182738191445044013e-05 -4.741275078040143480e-07 3.68 0.00022439049062 1.6e-09
3.738506048294387100e-05 8.900591404320684630e-01 -1.662882481256822143e-02 1.077595570577852312e-04 -5.473479548686730389e-05 -3.282970554529660945e-08 3.68 0.00022439049062 1.6e-09
3.059693497086249435e-05 1.586216905065525928e+00 4.081484359998910350e-02 1.227053571172015043e-04 4.151267223160645144e-05 8.418855748356815564e-07 3.68 0.00022439049062 1.6e-09
6.770685652706547909e-05 3.598855884618428647e+00 5.357016025001491710e-02 2.200275716970230544e-04 6.924028157935398469e-06 -2.111839488371883766e-07 3.68 0.00022439049062 1.6e-09
-6.907410525455348236e-05 3.185298484686214238e+00 1.529620473452742227e-02 1.981903706138112584e-04 -1.577531668345380386e-05 -4.969234249530034509e-07 3.68 0.00022439049062 1.6e-09
1.835866637734908302e-06 5.593521135566998925e-01 -1.503144635059456766e-02 1.219293279387042049e-04 -5.287415068586436234e-05 1.234640103672192323e-06 3.68 0.00022439049062 1.6e-09
-4.738088576216119253e-05 2.063829980200062586e+00 3.944944888226567525e-02 1.426790566361573734e-04 3.318504503583797553e-05 4.505161253738554736e-07 3.68 0.00022439049062 1.6e-09
-8.090955777594146289e-05 3.667628913216633535e+00 4.407216039237564498e-02 2.237125702988936016e-04 3.517714533154261532e-06 -1.895363387965724872e-07 3.68 0.00022439049062 1.6e-09
-8.184287831008403905e-05 2.884232113181201207e+00 1.095978828336085717e-02 1.826401893633827485e-04 -2.047462225494032438e-05 -4.355818453060143783e-07 3.68 0.00022439049062 1.6e-09
-2.197041844107574258e-05 4.088426773125326541e-01 -7.092021131043376239e-03 1.455744569997007628e-04 -2.237639440955416719e-05 2.065800961521266803e-06 3.68 0.00022439049062 1.6e-09
-5.731209711569041097e-05 2.517585864236330018e+00 2.441572065473045228e-02 1.642428782776367518e-04 2.594132857899569171e-05 5.529956804912908236e-08 3.68 0.00022439049062 1.6e-09
6.134278167448349247e-05 3.679508446567490765e+00 1.474202012384739566e-02 2.243642650985237623e-04 -2.504786040327966611e-07 -1.835097432386229464e-07 3.68 0.00022439049062 1.6e-09
2.680334183166389035e-05 2.459977561515039213e+00 -6.830573872640317151e-03 1.614179525349884021e-04 -2.683010760935550731e-05 -2.063833631949632633e-07 3.68 0.00022439049062 1.6e-09
-6.990184690713673954e-05 4.186681373698165065e-01 -3.649434321878259517e-04 1.432686473121119503e-04 2.844533576791251372e-05 1.719627250729529973e-06 3.68 0.00022439049062 1.6e-09
5.521452876642675216e-05 2.932392874715342490e+00 2.454973480564485652e-02 1.850945264721737043e-04 1.984408233878507034e-05 -3.364993134026390619e-09 3.68 0.00022439049062 1.6e-09
-9.392445787169291635e-06 3.672939510593801415e+00 1.290768820065713550e-02 2.239861288738186464e-04 -3.858805381514869131e-06 -1.857532162006058819e-07 3.68 0.00022439049062 1.6e-09
3.763015789355821734e-05 2.031234735871217723e+00 -7.863834845745189261e-03 1.411875267301744802e-04 -3.381297580891050281e-05 -1.797873762843462154e-07 3.68 0.00022439049062 1.6e-09
4.442315834749792656e-05 5.770015652060914713e-01 9.426774861526047728e-04 1.202046382583660434e-04 5.391596683914607149e-05 6.203755766643850555e-07 3.68 0.00022439049062 1.6e-09
-5.524276961561776006e-05 3.204834897523037185e+00 1.733554096433240210e-02 1.992071515270311759e-04 1.550089343264935240e-05 4.467141416378975159e-08 3.68 0.00022439049062 1.6e-09
4.962503531939344676e-05 3.596422980356227761e+00 1.430874423827812637e-02 2.198941831846043320e-04 -7.132178178571889877e-06 -9.143435789731869401e-08 3.68 0.00022439049062 1.6e-09
5.854093563519415720e-05 1.560599872766424756e+00 3.386446300677740831e-05 1.217488874197419392e-04 -4.205207019181490168e-05 -1.983464300454535808e-07 3.68 0.00022439049062 1.6e-09
3.890285763673757586e-05 9.132672928191152284e-01 -1.100442519701486360e-03 1.076576123268559030e-04 5.436893876825599420e-05 -5.612523082842167646e-08 3.68 0.00022439049062 1.6e-09
2.762746248883077294e-05 3.398564023994607108e+00 -1.788389099121777230e-03 2.094073117779326229e-04 1.163990159875402048e-05 7.646127823063610792e-09 3.68 0.00022439049062 1.6e-09
3.849844682027774777e-05 3.440430857059256109e+00 -4.658022694664495575e-04 2.116211677291627517e-04 -1.075323010603350477e-05 1.623227747094047356e-08 3.68 0.00022439049062 1.6e-09
-3.488541053736797840e-05 1.023803147278564030e+00 7.014126738830481038e-04 1.080256708178632360e-04 -5.241276312214494229e-05 -6.726299693044540701e-09 3.68 0.00022439049062 1.6e-09
1.953704588332993457e-05 1.436119432593170320e+00 -4.813563302717444189e-04 1.174551113292634141e-04 4.434139576246810008e-05 5.561126058311483610e-08 3.68 0.00022439049062 1.6e-09
2.532924675139758156e-05 3.563147189875849552e+00 3.874907214391497528e-03 2.181290683145774767e-04 7.893374235256408225e-06 3.042511195477622813e-08 3.68 0.00022439049062 1.6e-09
-7.252424776608106102e-05 3.246004302219881676e+00 5.166730143247354537e-03 2.013709116437127004e-04 -1.466904805288170614e-05 -8.893527416764616708e-09 3.68 0.00022439049062 1.6e-09
2.088776134263422259e-05 6.288983797623126648e-01 4.994467223404283184e-04 1.161182682999882532e-04 -5.554921627284530137e-05 -1.541882167615557225e-07 3.68 0.00022439049062 1.6e-09
6.541782950941286002e-05 1.940868295112645470e+00 -1.745530861375239277e-03 1.371878318056054462e-04 3.526260631233439353e-05 2.298052714534966381e-07 3.68 0.00022439049062 1.6e-09
-2.559869128085687879e-05 3.656964902275792628e+00 1.779490586097564470e-02 2.231363813003716745e-04 4.452940933149118779e-06 1.419255240696448657e-07 3.68 0.00022439049062 1.6e-09
-7.269316343722497951e-05 2.978947834880519174e+00 2.381622760069279643e-02 1.874932946942846563e-04 -1.906503534272353394e-05 -5.339962362063894460e-08 3.68 0.00022439049062 1.6e-09
-2.745665285687525284e-05 4.338023691724229303e-01 -4.105587629624411587e-04 1.401801840172136335e-04 -3.408444062648947231e-05 -1.045682372150655403e-06 3.68 0.00022439049062 1.6e-09
-1.103866805714153956e-05 2.395296753605483886e+00 -8.142974746059485763e-03 1.582728511486870045e-04 2.783220387136207721e-05 2.095394415695945509e-07 3.68 0.00022439049062 1.6e-09
-7.513146897595860871e-05 3.679422709348845189e+00 1.455821937964489263e-02 2.243584492353025176e-04 8.017285622006311270e-07 1.980631882354020880e-07 3.68 0.00022439049062 1.6e-09
1.075553303503032067e-05 2.582208886416672566e+00 2.574046828091446082e-02 1.674343787576918461e-04 -2.496440805950626303e-05 -3.935713910902032780e-08 3.68 0.00022439049062 1.6e-09
-2.635235742435297729e-05 3.999237903433028318e-01 -5.528179063853532089e-03 1.476419963750605878e-04 1.559620842344124363e-05 -1.596803870792251053e-06 3.68 0.00022439049062 1.6e-09
8.911602836483883050e-05 2.830627541496820498e+00 4.784513271723448216e-03 1.799047942117708841e-04 2.131533671516930512e-05 3.360541134464986868e-07 3.68 0.00022439049062 1.6e-09
6.060778385700421860e-05 3.677802276584253960e+00 3.187205411829217849e-02 2.242554106457383609e-04 -2.937297954113418361e-06 1.723137591732385032e-07 3.68 0.00022439049062 1.6e-09
