-2.496801503560078445e-05 2.159541529548846484e+00 -5.432656804407498844e-05 1.472657439876365467e-04 -2.986081824169016841e-05 -1.001474104391947226e-09 3.46 0.0002127849057 1.6e-09
-5.207672773388935869e-06 5.067199278804468410e-01 -4.159870230340286315e-03 1.288476761251338212e-04 4.595188913757639184e-05 -3.694181984007491378e-07 3.46 0.0002127849057 1.6e-09
7.747334800252853601e-05 3.012049886303368673e+00 5.070293116276353151e-03 1.893268124917242329e-04 1.560838337647394900e-05 1.479556125043995971e-07 3.46 0.0002127849057 1.6e-09
1.838569864736347355e-05 3.296791380484111134e+00 1.544792044633414366e-02 2.041556404079435257e-04 -9.386153065544552735e-06 4.280186864260768576e-08 3.46 0.0002127849057 1.6e-09
3.417532818646693872e-05 9.822275130270956556e-01 6.894880216124620737e-03 1.080990967234920727e-04 -5.192459230754483464e-05 -4.458962629102174051e-07 3.46 0.0002127849057 1.6e-09
6.038160211111906429e-06 1.465633536715752694e+00 -1.321381870754481051e-03 1.186865354964144450e-04 4.247898198567694574e-05 2.895936534594182869e-07 3.46 0.0002127849057 1.6e-09
-9.319033183068404515e-05 3.416272000483313143e+00 2.028969155146118780e-02 2.104437519487871899e-04 5.689278553731309102e-06 1.407124577682443907e-07 3.46 0.0002127849057 1.6e-09
5.290063225331605222e-05 2.758895213907570643e+00 2.360429186347330621e-02 1.763860195820961458e-04 -2.019592175758386414e-05 -1.078843325307627049e-07 3.46 0.0002127849057 1.6e-09
9.206818095304627548e-06 4.081001350472743816e-01 -2.925157036594146394e-03 1.465177928892593827e-04 -1.441761804184542141e-05 -7.567828001727173999e-07 3.46 0.0002127849057 1.6e-09
-1.110196209365978636e-05 2.532801466423298287e+00 1.621624922383786650e-03 1.651143079981412108e-04 2.384310646796032138e-05 2.176929312490116760e-07 3.46 0.0002127849057 1.6e-09
1.003054274056227441e-04 3.452245066131720108e+00 1.880877206047503608e-02 2.123570025935588718e-04 -3.308168764084883421e-06 1.056339421045922962e-07 3.46 0.0002127849057 1.6e-09
-3.638939333852161842e-05 1.772740175128500351e+00 1.670580476867700517e-02 1.302583723299244182e-04 -3.667693994143346258e-05 -2.592383840520845837e-07 3.46 0.0002127849057 1.6e-09
5.427228522429916038e-05 7.294516646368525148e-01 -1.126947567200216674e-02 1.115320191628396657e-04 5.473716672349545720e-05 -5.213299074431989290e-07 3.46 0.0002127849057 1.6e-09
6.947739719165180075e-05 3.187824131781011872e+00 3.745332740535510171e-03 1.984620149453565012e-04 1.183124415608586118e-05 2.675590158208592805e-07 3.46 0.0002127849057 1.6e-09
-3.168914227311249519e-05 3.131634296203864576e+00 2.523517895540539763e-02 1.955339951983820499e-04 -1.306452936811278989e-05 1.163067405551620898e-07 3.46 0.0002127849057 1.6e-09
1.420529554849183870e-05 6.371589709171348037e-01 8.599315775276079182e-03 1.162378264623507775e-04 -5.379668021086016986e-05 -1.325064701100493671e-06 3.46 0.0002127849057 1.6e-09
2.521252714679206688e-05 1.909475206082104304e+00 -9.557157353071488864e-03 1.360428734701605766e-04 3.417479540954505461e-05 4.356668906360795282e-07 3.46 0.0002127849057 1.6e-09
-6.744735943342501953e-05 3.456170570418975352e+00 3.258153478237306444e-02 2.125751330121793451e-04 2.136838051619728360e-06 3.319179758742166532e-07 3.46 0.0002127849057 1.6e-09
2.155213070921561328e-05 2.402334471549076866e+00 4.516418246588785324e-02 1.587571497719806636e-04 -2.588869080490018774e-05 -2.050347703454701387e-07 3.46 0.0002127849057 1.6e-09
4.285596114269190650e-06 4.295950703019189021e-01 -1.140161745587656497e-02 1.417469953501980366e-04 2.826830582331374322e-05 -1.973749267929080731e-06 3.46 0.0002127849057 1.6e-09
-6.499923247092146555e-06 2.861197200107786554e+00 2.302046941291050614e-02 1.815738063254373862e-04 1.847844780550266880e-05 6.181185133610370847e-07 3.46 0.0002127849057 1.6e-09
-7.937698943076142329e-05 3.387100892800720242e+00 6.461944316122386622e-02 2.088986863434773365e-04 -6.921062543031942324e-06 1.647113875577440106e-07 3.46 0.0002127849057 1.6e-09
4.362111297762732255e-05 1.303737885911882444e+00 3.551457560000494118e-02 1.137146219617036862e-04 -4.567316058992603584e-05 -1.315500825630109367e-06 3.46 0.0002127849057 1.6e-09
1.319999794418531979e-05 1.134124602521419334e+00 -1.174244462166576172e-02 1.098701483720170686e-04 4.902045199387482493e-05 6.641798554592856285e-07 3.46 0.0002127849057 1.6e-09
7.890172779315443271e-05 3.341655292820140399e+00 5.101220361252933877e-02 2.065122484229317795e-04 8.141184787505513558e-06 4.790100011449651919e-07 3.46 0.0002127849057 1.6e-09
4.792975024389300629e-05 2.936071383455967521e+00 7.057882343957656845e-02 1.854133823046075896e-04 -1.704084441417205180e-05 -1.705100095911482006e-07 3.46 0.0002127849057 1.6e-09
6.789972732794072189e-05 4.609411369869682029e-01 -6.202471100901006500e-04 1.359077510413230980e-04 -3.786987316264430619e-05 -2.984579954533532607e-06 3.46 0.0002127849057 1.6e-09
7.419508279479450222e-06 2.286389551626114791e+00 1.271017206890837775e-02 1.532098826617824124e-04 2.774521008600599814e-05 8.425765052380164626e-07 3.46 0.0002127849057 1.6e-09
7.019512106453184100e-05 3.457704667342859750e+00 7.223315030885427146e-02 2.126616218682025514e-04 -1.123181199554990160e-06 3.183067063841935630e-07 3.46 0.0002127849057 1.6e-09
-1.921786730469686780e-05 2.028918843350179912e+00 6.144155005977600115e-02 1.413110613156817557e-04 -3.204910659812093250e-05 -7.987773438864040510e-07 3.46 0.0002127849057 1.6e-09
-3.450152583366046202e-05 5.676014325748142131e-01 -1.961935076307337600e-02 1.218392158891356668e-04 5.113026451994999108e-05 -5.151992961389019104e-07 3.46 0.0002127849057 1.6e-09
6.033441514258583048e-05 3.076753316828505724e+00 5.370097793445097883e-02 1.926788919991170943e-04 1.424075406550394121e-05 7.845058164413476734e-07 3.46 0.0002127849057 1.6e-09
-4.195885206440544890e-05 3.240753509318252235e+00 9.703403078026996698e-02 2.012229199202276997e-04 -1.065387991990105784e-05 1.229975615120978488e-08 3.46 0.0002127849057 1.6e-09
-1.652955820337253292e-05 8.416980460597175417e-01 2.501748031124662042e-02 1.086916173724845219e-04 -5.394326447838801051e-05 -2.886303449669440547e-06 3.46 0.0002127849057 1.6e-09
1.802975095564153578e-05 1.628918519236725260e+00 7.380479092302671268e-03 1.245549385582340074e-04 3.932610602631206125e-05 1.449495513007262439e-06 3.46 0.0002127849057 1.6e-09
-6.984283775941874865e-05 3.437457189813555747e+00 1.034445195244889232e-01 2.115674318449921277e-04 4.435780904278980601e-06 5.382015368538177358e-07 3.46 0.0002127849057 1.6e-09
-2.136966565126660166e-05 2.646209949086136604e+00 1.042230433005178758e-01 1.707304460560280380e-04 -2.198588692268504176e-05 -6.830929960445512593e-07 3.46 0.0002127849057 1.6e-09
-4.624963921514905726e-05 4.016950629212446278e-01 -1.496193149030963093e-02 1.479899988279213146e-04 3.597643561389684727e-07 -2.799904460465437144e-06 3.46 0.0002127849057 1.6e-09
-9.752590723046322468e-06 2.651764202397387749e+00 6.298033238021377711e-02 1.710063593566879027e-04 2.191407477030691024e-05 1.185450316962224874e-06 3.46 0.0002127849057 1.6e-09
-6.293636811647464863e-05 3.437284432423388214e+00 1.280591623561422032e-01 2.115570481227582950e-04 -4.479241254389119494e-06 1.144236267205927254e-07 3.46 0.0002127849057 1.6e-09
-4.987341477570036665e-05 1.625944163809285303e+00 6.561458838859453302e-02 1.244370596645094456e-04 -3.933240929363721299e-05 -1.924170679325135058e-06 3.46 0.0002127849057 1.6e-09
-1.760578646103205593e-05 8.428090164819488361e-01 -1.207933131873260846e-02 1.086985989414550888e-04 5.395941483515668006e-05 1.681452536614342091e-06 3.46 0.0002127849057 1.6e-09
-6.880001730017398049e-05 3.238016275983484071e+00 1.059063652393973098e-01 2.010845308573315645e-04 1.059079981319690589e-05 7.744867875292985938e-07 3.46 0.0002127849057 1.6e-09
5.280691926719901944e-05 3.066003955490149924e+00 1.267230815233996166e-01 1.921266744778553858e-04 -1.435081443785043766e-05 -4.343301890291171773e-07 3.46 0.0002127849057 1.6e-09
3.186720047358100524e-05 5.620935538015374711e-01 1.608879785123038539e-03 1.224346743077334978e-04 -5.060118749439164757e-05 -3.999928449194163446e-06 3.46 0.0002127849057 1.6e-09
-2.374087498382089476e-05 2.041976201608597385e+00 4.637770739400429165e-02 1.419004003477750120e-04 3.178591947532676378e-05 1.732853109098041957e-06 3.46 0.0002127849057 1.6e-09
3.090367329272886713e-05 3.454210867439652333e+00 1.436475622196575763e-01 2.124780824053938634e-04 9.731931762286955882e-07 3.366456966009626148e-07 3.46 0.0002127849057 1.6e-09
-7.262827915760772517e-05 2.268912296596512057e+00 1.038970264464639248e-01 1.523838956780585439e-04 -2.794419548110632049e-05 -1.400033471946123429e-06 3.46 0.0002127849057 1.6e-09
5.215043835119332293e-05 4.654555481834105057e-01 -2.139286556195530223e-02 1.350510308876712372e-04 3.906725536867889119e-05 5.386773627019407194e-07 3.46 0.0002127849057 1.6e-09
-8.890561987020435006e-05 2.945571289890589917e+00 1.150664177102691255e-01 1.858943619984605917e-04 1.686712127605465516e-05 1.174217730924165316e-06 3.46 0.0002127849057 1.6e-09
1.680584575427300449e-05 3.340367074199642961e+00 1.610393215327454164e-01 2.064382478411965448e-04 -8.210485195929728109e-06 -2.602784063059183236e-07 3.46 0.0002127849057 1.6e-09
5.788618388123567858e-06 1.132367829500569467e+00 3.918454808926292304e-02 1.098154928455844165e-04 -4.896977404785157002e-05 -3.267044271502185922e-06 3.46 0.0002127849057 1.6e-09
-1.267152804363660869e-05 1.306941366976372976e+00 2.358890219888169770e-02 1.138159880267179973e-04 4.553178590705869158e-05 2.608606099716238879e-06 3.46 0.0002127849057 1.6e-09
-8.898862401520812697e-05 3.382013179956814497e+00 1.564073227527977838e-01 2.086329346260246218e-04 6.862123300239495329e-06 5.564247440732038222e-07 3.46 0.0002127849057 1.6e-09
4.956565595366102138e-05 2.850412524905012290e+00 1.377947918086109558e-01 1.810270465133635275e-04 -1.854380014991411523e-05 -1.024565328060756947e-06 3.46 0.0002127849057 1.6e-09
-5.855306647880222651e-05 4.285426662907476092e-01 -1.690235684461563470e-02 1.420275815783191681e-04 -2.729156026870599520e-05 -2.556890482462161527e-06 3.46 0.0002127849057 1.6e-09
2.341091371602550074e-05 2.408539868273731344e+00 9.310577842368580881e-02 1.590584989387790801e-04 2.569772794391016218e-05 1.615039342143203821e-06 3.46 0.0002127849057 1.6e-09
4.804694388718516176e-05 3.450948550835960305e+00 1.660247128066369426e-01 2.122985060665390222e-04 -2.215801600643384954e-06 -2.740246119143194831e-08 3.46 0.0002127849057 1.6e-09
1.715232724315801814e-05 1.898877137137862992e+00 7.907472577238233713e-02 1.355827794107850482e-04 -3.426385101898701770e-05 -2.094569641956578146e-06 3.46 0.0002127849057 1.6e-09
2.321621353833541694e-05 6.429897173524652398e-01 -9.164690111784300208e-03 1.158660276229567969e-04 5.382965086830590921e-05 3.067714924236178839e-06 3.46 0.0002127849057 1.6e-09
2.864014913836701744e-05 3.129746681075066483e+00 1.463870407144368668e-01 1.954381335703244326e-04 1.294903518858260216e-05 8.679510778641304949e-07 3.46 0.0002127849057 1.6e-09
-4.626526541850565366e-05 3.177268460114908599e+00 1.556130963595265537e-01 1.979130921558004338e-04 -1.190987589823590346e-05 -6.909013906545590954e-07 3.46 0.0002127849057 1.6e-09
4.598686689490606234e-05 7.214379328195347219e-01 1.629410788382443069e-03 1.118408896742827038e-04 -5.462332971888242763e-05 -3.642265596169831776e-06 3.46 0.0002127849057 1.6e-09
4.121516140136852516e-05 1.784108783296566747e+00 7.048232515673552578e-02 1.307322922747667748e-04 3.633026746766432872e-05 2.403170890468877408e-06 3.46 0.0002127849057 1.6e-09
7.503993292856701110e-05 3.446099184568586438e+00 1.786318749702359709e-01 2.120340799951956311e-04 3.171826348197007298e-06 1.864364216084526259e-07 3.46 0.0002127849057 1.6e-09
-7.499168579488549389e-05 2.515474165592027855e+00 1.151121028554110692e-01 1.642648057707541136e-04 -2.399299422393139699e-05 -1.596165842528312061e-06 3.46 0.0002127849057 1.6e-09
-3.964889611190683681e-05 4.101519144225985736e-01 -2.051780112394542208e-02 1.459550903445800372e-04 1.634779178350952668e-05 1.852997419368501621e-06 3.46 0.0002127849057 1.6e-09
-6.989321717642605659e-05 2.768489068523332541e+00 1.368009265728684087e-01 1.768633969834657710e-04 1.998813670851375753e-05 1.204467795043371720e-06 3.46 0.0002127849057 1.6e-09
-6.967961878962860829e-05 3.415185983680290249e+00 1.680528992540486488e-01 2.103802053886469554e-04 -5.726574515392838984e-06 -4.704909705273248590e-07 3.46 0.0002127849057 1.6e-09
1.592991354749931560e-05 1.464383849781645486e+00 3.776500829176972218e-02 1.186255043022240005e-04 -4.245753864576654361e-05 -2.628445359757973793e-06 3.46 0.0002127849057 1.6e-09
-2.109784558509318159e-05 9.847080579634782671e-01 2.422986853164585397e-02 1.081304197143737262e-04 5.171184260074399952e-05 3.387118607825310351e-06 3.46 0.0002127849057 1.6e-09
3.996101994107708862e-05 3.290859326677402663e+00 1.554306955036847127e-01 2.038476931689745864e-04 9.333324162970999021e-06 3.971873889748834382e-07 3.46 0.0002127849057 1.6e-09
3.313591556400774692e-05 3.002490355415944556e+00 1.228984264266200221e-01 1.888365341743219149e-04 -1.565826335081249592e-05 -1.046671107428662179e-06 3.46 0.0002127849057 1.6e-09
2.007212644942927310e-05 5.038707178878949478e-01 -1.828882964587561638e-02 1.292811128944902220e-04 -4.533344260463804737e-05 -1.487339368876390063e-06 3.46 0.0002127849057 1.6e-09
3.711738206235201513e-05 2.165267312118903664e+00 9.547489667738807972e-02 1.475367811571770343e-04 2.963538653206189514e-05 1.659000232849273893e-06 3.46 0.0002127849057 1.6e-09
-3.152148692296140894e-05 3.452863346712029546e+00 1.552873419399964372e-01 2.124099141980619705e-04 -9.446919788246535156e-08 -1.814314470540411905e-07 3.46 0.0002127849057 1.6e-09
4.308449112043851630e-05 2.142294202395650160e+00 6.607385646768743070e-02 1.464729051844565542e-04 -3.005466500351404799e-05 -1.763114057572565224e-06 3.46 0.0002127849057 1.6e-09
2.224168415816303048e-05 5.140178007262008464e-01 -6.578561800307725603e-03 1.278866327833693382e-04 4.660947951320963006e-05 4.087073413485054498e-06 3.46 0.0002127849057 1.6e-09
-1.091047535823923742e-06 3.015602015645058032e+00 1.427536449121291351e-01 1.895107148263761444e-04 1.543380191331523770e-05 6.927068208007374276e-07 3.46 0.0002127849057 1.6e-09
5.326755701664089780e-05 3.286828404249769520e+00 1.358003249027517345e-01 2.036333032115008224e-04 -9.509655150025559138e-06 -7.553232544285045065e-07 3.46 0.0002127849057 1.6e-09
-4.088043954648573787e-05 9.652786190394537780e-01 -1.769549856245240978e-03 1.080426196185523148e-04 -5.215691223201244272e-05 -2.427256903749762734e-06 3.46 0.0002127849057 1.6e-09
2.428988909316366908e-05 1.484854715290706784e+00 6.486323761308407376e-02 1.193304471857703584e-04 4.200158515810554377e-05 2.443849441875538458e-06 3.46 0.0002127849057 1.6e-09
-8.971649726443537754e-06 3.417741656140516948e+00 1.484135998919283717e-01 2.105184365709420553e-04 5.569423596777480564e-06 -3.218453224748076913e-08 3.46 0.0002127849057 1.6e-09
-1.506360677527167797e-05 2.751354564889798127e+00 8.230309319502190912e-02 1.760018228594878887e-04 -2.028606114967349542e-05 -1.285500766860976211e-06 3.46 0.0002127849057 1.6e-09
2.166436471897777817e-05 4.075346902694803597e-01 -1.866933782290576202e-02 1.466011234807931916e-04 -1.334898876564427297e-05 2.500897996437122355e-06 3.46 0.0002127849057 1.6e-09
-4.067366204474107236e-05 2.538838632886762703e+00 1.045097934759887104e-01 1.654091707501896373e-04 2.369846513535359605e-05 8.434942634784060055e-07 3.46 0.0002127849057 1.6e-09
-3.860927343513040929e-05 3.450375589882328953e+00 1.126478185701318135e-01 2.122563963645760572e-04 -3.348207906682307978e-06 -4.950598964514999348e-07 3.46 0.0002127849057 1.6e-09
1.722702813807862476e-05 1.766343338031820309e+00 1.601067656324632257e-02 1.299918869803484180e-04 -3.677804304040838796e-05 -1.517534244116271366e-06 3.46 0.0002127849057 1.6e-09
4.896900562646536983e-05 7.347649549118621115e-01 1.552947903904992356e-02 1.113523526693514321e-04 5.460279322622480663e-05 3.255071389229808350e-06 3.46 0.0002127849057 1.6e-09
5.489460516013241375e-05 3.186476232704769984e+00 1.065022241328298647e-01 1.983947004083384358e-04 1.175992338702106494e-05 1.521604887439047576e-07 3.46 0.0002127849057 1.6e-09
-7.728736082775991729e-05 3.123308855572518361e+00 7.247920496165025095e-02 1.951044249639905187e-04 -1.314773218891848844e-05 -7.713782663609803215e-07 3.46 0.0002127849057 1.6e-09
-3.935156081507040467e-05 6.294311566227441812e-01 -1.767237431507975853e-02 1.167813725332522581e-04 -5.354235320965337582e-05 -4.293527975221890338e-07 3.46 0.0002127849057 1.6e-09
-4.074603003784170642e-05 1.920031423860317554e+00 6.939705180259780892e-02 1.365055919760682439e-04 3.391247661822215369e-05 1.259716713489215255e-06 3.46 0.0002127849057 1.6e-09
7.768800080152951626e-06 3.452172554757718004e+00 1.027324736255584570e-01 2.123672718302243266e-04 2.011832477036839073e-06 -2.464892302883014196e-07 3.46 0.0002127849057 1.6e-09
-2.696508681054386776e-05 2.383565377017437648e+00 3.559858729192832277e-02 1.578564962989684759e-04 -2.614272442933699461e-05 -1.101765377910825815e-06 3.46 0.0002127849057 1.6e-09
3.770402040332077368e-05 4.340455932887218871e-01 -5.511776209930259289e-03 1.408511006079208629e-04 2.993993296796849165e-05 3.916287996846378364e-06 3.46 0.0002127849057 1.6e-09
5.610573220270168742e-05 2.872341609571841481e+00 9.510202571805166649e-02 1.821421878720143241e-04 1.825760495629700288e-05 3.453451924715961099e-07 3.46 0.0002127849057 1.6e-09
-1.037505694575343375e-04 3.382193774848935686e+00 7.738936007716626375e-02 2.086393221508044246e-04 -7.068272143580789324e-06 -5.866612522427064673e-07 3.46 0.0002127849057 1.6e-09
1.249696614494089263e-05 1.282414055788449136e+00 -8.779742662699832612e-03 1.131422394275580836e-04 -4.612592238226394822e-05 -1.108337167083174272e-06 3.46 0.0002127849057 1.6e-09
-3.565413686628559264e-05 1.155755590142175215e+00 3.664725018234203657e-02 1.102554718963180767e-04 4.856871106983666518e-05 1.726468255769532871e-06 3.46 0.0002127849057 1.6e-09
1.704892705284974581e-05 3.349337643567186440e+00 7.298936271859582381e-02 2.069122787889684058e-04 8.017931384777780647e-06 -1.853144538944593441e-07 3.46 0.0002127849057 1.6e-09
-6.417932905280133353e-05 2.932839784670327354e+00 2.592457645611531691e-02 1.852432629174954751e-04 -1.715056841597371694e-05 -6.912762147854229049e-07 3.46 0.0002127849057 1.6e-09
-1.406669234276861622e-06 4.578417181579651496e-01 -1.436283838374610537e-02 1.364156059720113669e-04 -3.717309083260970839e-05 2.166679333541985293e-06 3.46 0.0002127849057 1.6e-09
-1.578042765107244013e-05 2.295306999362805911e+00 4.815979491005382973e-02 1.536316036416579740e-04 2.760669738728875548e-05 3.176217841165670538e-07 3.46 0.0002127849057 1.6e-09
-8.871564793220183571e-05 3.458918378278803107e+00 4.030415080026586438e-02 2.127249603875454146e-04 -1.175539241918125219e-06 -3.264883345399605270e-07 3.46 0.0002127849057 1.6e-09
2.435270071065977348e-05 2.022146708631765044e+00 -5.251041550801157851e-03 1.410054258474699538e-04 -3.220568795860095587e-05 -5.260888821136108770e-07 3.46 0.0002127849057 1.6e-09
5.423769576822087216e-05 5.719321177160823222e-01 5.395039402125760553e-03 1.214585924361411213e-04 5.133248529494374593e-05 1.983359209803941082e-06 3.46 0.0002127849057 1.6e-09
-8.887088080911122981e-05 3.079422087477647452e+00 4.561542591515605621e-02 1.928205519215005681e-04 1.416679141106649538e-05 1.084166757506382185e-08 3.46 0.0002127849057 1.6e-09
5.869837046400490420e-05 3.234408622940020628e+00 2.559396723309236010e-02 2.008942584773680540e-04 -1.077916077788288233e-05 -3.605322117849318133e-07 3.46 0.0002127849057 1.6e-09
7.550925385448764050e-06 8.265042067268113524e-01 -1.151618969889527805e-02 1.089390098648226174e-04 -5.419426473200552609e-05 -6.191341542918246547e-08 3.46 0.0002127849057 1.6e-09
-2.023321306928813898e-05 1.645968739817223803e+00 3.160400133953692597e-02 1.252126497851971994e-04 3.900091291442181864e-05 6.762931834957361257e-07 3.46 0.0002127849057 1.6e-09
5.483643680233437571e-06 3.439258762320183571e+00 4.430607117905933923e-02 2.116661473324146900e-04 4.289703616951507869e-06 -1.610038615598767367e-07 3.46 0.0002127849057 1.6e-09
-8.237737303768692297e-05 2.629831043685534553e+00 1.141196373901831942e-02 1.699181345001443341e-04 -2.227251524809006336e-05 -4.664889454838285826e-07 3.46 0.0002127849057 1.6e-09
2.076759014113456445e-05 4.015276917194445239e-01 -4.825672285792047614e-03 1.480411360007875777e-04 2.756813530023036088e-06 2.260538638403592962e-06 3.46 0.0002127849057 1.6e-09
4.054378576358181317e-06 2.671253780187978322e+00 3.346585838732587387e-02 1.719774849949350245e-04 2.166386571929489543e-05 5.330856252897977540e-08 3.46 0.0002127849057 1.6e-09
2.407307899413291534e-05 3.439748582201081817e+00 1.938454896998560023e-02 2.116843305868074555e-04 -4.640858833422464421e-06 -2.646781160699880097e-07 3.46 0.0002127849057 1.6e-09
-7.477631518421069790e-06 1.608285064587114288e+00 -1.048164353540141647e-02 1.237629589638315460e-04 -3.977566318559495927e-05 -2.433426308017215204e-07 3.46 0.0002127849057 1.6e-09
3.290886496103502437e-05 8.587423929462658645e-01 8.147946049228591350e-03 1.084838234934596730e-04 5.381383100332406337e-05 4.725549205418583977e-07 3.46 0.0002127849057 1.6e-09
1.001661574876017792e-04 3.249287321501463044e+00 8.647008309008649696e-03 2.016709471686886808e-04 1.046742396393048744e-05 -1.198916058732224340e-07 3.46 0.0002127849057 1.6e-09
-2.464067823344475621e-05 3.067081853642594780e+00 -5.545503183312176440e-03 1.921782460784520375e-04 -1.445999056043883771e-05 -1.348278533419751438e-07 3.46 0.0002127849057 1.6e-09
-3.016236501156083625e-05 5.567745423431098573e-01 -5.290569764429719352e-03 1.229557067017928741e-04 -5.044935410684508765e-05 8.104762212332632835e-07 3.46 0.0002127849057 1.6e-09
6.839249945025603335e-05 2.051480873436076102e+00 3.909315270169594174e-03 1.423300699403390302e-04 3.167730831609449926e-05 5.129547997910538254e-08 3.46 0.0002127849057 1.6e-09
-8.863793848273299875e-05 3.458313746191746585e+00 4.600263386080053613e-03 2.126954348707130573e-04 9.200085287628699518e-07 -2.066032212495710398e-08 3.46 0.0002127849057 1.6e-09
1.879321327844763828e-05 2.263084624584315474e+00 7.224019720972769260e-04 1.521074906256213058e-04 -2.813893403879710636e-05 -5.496824108808150729e-08 3.46 0.0002127849057 1.6e-09
6.141866576587694476e-05 4.679171044459085049e-01 -3.183658581826896792e-03 1.346737492485618507e-04 3.970022095558003430e-05 -8.680392173724935328e-10 3.46 0.0002127849057 1.6e-09
9.798872533417238794e-06 2.952705923342866079e+00 1.147483778750154129e-02 1.862651881726218729e-04 1.678246823785534543e-05 1.371853944026486196e-07 3.46 0.0002127849057 1.6e-09
-2.455435395763289335e-05 3.338118398434770207e+00 1.775634105407977031e-02 2.063233814734819903e-04 -8.340539290570094709e-06 -1.527381172218808382e-08 3.46 0.0002127849057 1.6e-09
-1.181651904150725013e-05 1.112724146767477773e+00 4.963847045677052816e-03 1.094933858656740790e-04 -4.947919067557745101e-05 -3.787697090156008640e-07 3.46 0.0002127849057 1.6e-09
-4.852568115829379835e-05 1.326061307229694286e+00 1.304616129135270381e-03 1.143496188395005708e-04 4.523282816924920557e-05 2.665121224711266508e-07 3.46 0.0002127849057 1.6e-09
-6.091697998617258522e-05 3.390225361177154006e+00 1.659795695793667147e-02 2.090671191664857163e-04 6.728930709977217227e-06 7.671711952281563451e-08 3.46 0.0002127849057 1.6e-09
-5.378540215073189198e-05 2.842025274308678462e+00 1.609436851044113159e-02 1.806014972885821267e-04 -1.877873801897391164e-05 -1.013421777207463587e-07 3.46 0.0002127849057 1.6e-09
-6.720942004341313753e-05 4.243892172283867947e-01 -2.146995884856483724e-03 1.429105444922284304e-04 -2.566240234844397632e-05 -2.881889191073925393e-07 3.46 0.0002127849057 1.6e-09
5.329611632298118101e-05 2.428328889954016745e+00 -2.384626449839165416e-03 1.600137239272918384e-04 2.549216212669198071e-05 1.255068211147774371e-07 3.46 0.0002127849057 1.6e-09
7.044168939622291389e-05 3.457651672736792747e+00 9.459800411686689059e-03 2.126501218182756464e-04 -2.345833531030257956e-06 9.104172745893419469e-08 3.46 0.0002127849057 1.6e-09
-5.416604700578490775e-05 1.888162735905951628e+00 1.152135402309975229e-02 1.351175050029800539e-04 -3.457948835340045205e-05 -1.153088714792363645e-07 3.46 0.0002127849057 1.6e-09
4.522267430353300855e-05 6.504752721431521501e-01 -9.854581291076115745e-03 1.153823305513524040e-04 5.408719534580200619e-05 -7.270448912280406301e-07 3.46 0.0002127849057 1.6e-09
8.531377108499282782e-05 3.141265268752382767e+00 -5.118111874192329477e-04 1.960345693745005509e-04 1.286794741729842286e-05 2.401587957521906392e-07 3.46 0.0002127849057 1.6e-09
6.420550085085009154e-05 3.180555180856899256e+00 2.049223243438594300e-02 1.980811260234090101e-04 -1.202084312164157769e-05 1.370032851342067333e-07 3.46 0.0002127849057 1.6e-09
-4.133551110131685087e-05 7.151734233548934228e-01 1.000337479134674398e-02 1.120879145664064659e-04 -5.472672551158192747e-05 -1.048295104180756207e-06 3.46 0.0002127849057 1.6e-09
2.611007200443494187e-05 1.792696162339062926e+00 -9.418446076402572226e-03 1.310887935761363525e-04 3.628758438853545376e-05 3.959371664205232978e-07 3.46 0.0002127849057 1.6e-09
-6.697086348897761745e-05 3.451385618311706871e+00 2.969756549687675717e-02 2.123150436255990940e-04 3.113751539269144101e-06 3.122764471673532394e-07 3.46 0.0002127849057 1.6e-09
4.474572713300979519e-05 2.509490513268685774e+00 4.256744794258671138e-02 1.639714225845556247e-04 -2.419221066651717773e-05 -1.573939339846073320e-07 3.46 0.0002127849057 1.6e-09
-6.536124379705279027e-05 4.108226923238156303e-01 -8.688681343229427700e-03 1.458344659652962552e-04 1.722778273515746108e-05 -1.974518615069448847e-06 3.46 0.0002127849057 1.6e-09
7.127751555659437991e-05 2.778569172778113217e+00 1.786542446608482826e-02 1.773772404426070064e-04 1.988784936275632726e-05 5.493206484093631019e-07 3.46 0.0002127849057 1.6e-09
-3.814919784795915648e-06 3.414843931465305182e+00 5.548888390951219052e-02 2.103643610987857406e-04 -5.868202828379633052e-06 1.631715391852127492e-07 3.46 0.0002127849057 1.6e-09
5.158724196707807353e-05 1.445578068061437627e+00 3.414476979127534229e-02 1.180057306798581638e-04 -4.288308209676443424e-05 -9.993497144089352581e-07 3.46 0.0002127849057 1.6e-09
-4.768438783911423763e-05 1.000307872093266548e+00 -1.338696016782224205e-02 1.082152515354711287e-04 5.156159856620701947e-05 3.665615168321927860e-07 3.46 0.0002127849057 1.6e-09
-9.785586552190099398e-05 3.300545914095304845e+00 3.757505165553172433e-02 2.043554068921377988e-04 9.210569608377865033e-06 4.388370649730002672e-07 3.46 0.0002127849057 1.6e-09
-8.356139317692852335e-05 2.997316551774058091e+00 5.935368410473177564e-02 1.885697467866452484e-04 -1.583923311690718855e-05 -7.327770649152892625e-08 3.46 0.0002127849057 1.6e-09
-3.922793028473975396e-05 4.979590155855161404e-01 2.754772479953921608e-03 1.301164024845546626e-04 -4.457602306047750635e-05 -2.631149244439703706e-06 3.46 0.0002127849057 1.6e-09
-3.698349209587910909e-05 2.182275436239767608e+00 4.358863832989545543e-03 1.483211295070273675e-04 2.946545859104093840e-05 7.515925442356908210e-07 3.46 0.0002127849057 1.6e-09
-8.020687454701570861e-05 3.458559235521650344e+00 6.125905796769033629e-02 2.127090109665066733e-04 -2.082321172407294460e-07 3.450896204082386724e-07 3.46 0.0002127849057 1.6e-09
1.393755782444197806e-05 2.133935652103341241e+00 5.919655573182676378e-02 1.460844813407777211e-04 -3.026276964360947352e-05 -6.068381673863784408e-07 3.46 0.0002127849057 1.6e-09
-4.479552237742951445e-05 5.172197139324277160e-01 -1.853992053030687620e-02 1.274499628547525994e-04 4.710556476613710623e-05 -1.068275546998850074e-06 3.46 0.0002127849057 1.6e-09
4.095562948121195073e-05 3.025040287953648210e+00 4.560173905014314188e-02 1.899964708763365677e-04 1.534433482385480320e-05 7.782491056402101132e-07 3.46 0.0002127849057 1.6e-09
-2.159284796915229908e-05 3.287343931165427335e+00 9.166665639177680458e-02 2.036590253793542945e-04 -9.605829022192313783e-06 7.653002986250171145e-08 3.46 0.0002127849057 1.6e-09
-9.023517954290790428e-06 9.579985053670820871e-01 3.080752172276134820e-02 1.080187239686182174e-04 -5.225896814738653282e-05 -2.482329846076641650e-06 3.46 0.0002127849057 1.6e-09
2.643498277598288606e-05 1.493261513159748866e+00 7.072773325435898579e-04 1.196231866331774621e-04 4.192938883890391709e-05 1.342911537564637367e-06 3.46 0.0002127849057 1.6e-09
1.685038391989810677e-05 3.419849317977320169e+00 9.317361797115100708e-02 2.106320347430867021e-04 5.473285262705397897e-06 5.549329759712295225e-07 3.46 0.0002127849057 1.6e-09
-1.231025956478330470e-05 2.741860170387949047e+00 1.006731278958886006e-01 1.755254150224620324e-04 -2.044211738573622767e-05 -5.414824518157582666e-07 3.46 0.0002127849057 1.6e-09
8.461233652964447890e-07 4.067279205242822493e-01 -1.132628239848949836e-02 1.468209149238624547e-04 -1.237502502484668760e-05 -3.247706454550666876e-06 3.46 0.0002127849057 1.6e-09
1.406033582640752621e-05 2.549309065962009235e+00 4.934214381537360694e-02 1.659281500378877411e-04 2.353502612645521085e-05 1.143391038370579697e-06 3.46 0.0002127849057 1.6e-09
-7.904390802456112209e-05 3.447382009627168564e+00 1.158181465096702056e-01 2.120994272011307428e-04 -3.481744630293814085e-06 1.845277919736855016e-07 3.46 0.0002127849057 1.6e-09
2.019128307658320774e-05 1.748656890586190560e+00 6.785801812308021874e-02 1.292745886929969339e-04 -3.704515143252634440e-05 -1.603356144715492033e-06 3.46 0.0002127849057 1.6e-09
-2.792038536189741203e-05 7.461825110138111672e-01 -1.638628094378945937e-02 1.109427171510921555e-04 5.468996724046276334e-05 1.216081348253882867e-06 3.46 0.0002127849057 1.6e-09
-7.389352446223417231e-05 3.193243188513581465e+00 9.274819216573196301e-02 1.987466254420183504e-04 1.161316127977929475e-05 8.020334859562964173e-07 3.46 0.0002127849057 1.6e-09
-7.911437166812058475e-05 3.115975515652768202e+00 1.212019399523703578e-01 1.947224709148607461e-04 -1.329100781173421912e-05 -3.055398217720005528e-07 3.46 0.0002127849057 1.6e-09
-1.479887439384036305e-05 6.219098351892904386e-01 7.784527951216545921e-03 1.173117696235613484e-04 -5.324177312158202694e-05 -3.875127027049453450e-06 3.46 0.0002127849057 1.6e-09
3.633290597436378429e-05 1.935140477868920073e+00 3.583912202196157248e-02 1.371601121982316570e-04 3.366457112677805400e-05 1.723121124792894030e-06 3.46 0.0002127849057 1.6e-09
6.591756804977468465e-05 3.453317041760559647e+00 1.362080151691366370e-01 2.124258133982096538e-04 1.891703980769280474e-06 4.067185745121796412e-07 3.46 0.0002127849057 1.6e-09
-5.129433380971137261e-05 2.374444924167815163e+00 1.075469502762363416e-01 1.574142323013471385e-04 -2.625225392822177773e-05 -1.215770117972031493e-06 3.46 0.0002127849057 1.6e-09
2.088616530549904202e-06 4.356662857806585798e-01 -2.134985355221815165e-02 1.404985591343540737e-04 3.060208228666020199e-05 -3.761129411868613697e-07 3.46 0.0002127849057 1.6e-09
1.698422158631053764e-06 2.877444141702460101e+00 1.044044827112418639e-01 1.824016429629682443e-04 1.813310991243083191e-05 1.220112568931734160e-06 3.46 0.0002127849057 1.6e-09
-2.681557169577521290e-06 3.377419549112401942e+00 1.575704475910700286e-01 2.083866685241795571e-04 -7.154322106730012578e-06 -1.577804092995676828e-07 3.46 0.0002127849057 1.6e-09
-1.206821959448211470e-05 1.273846788863041146e+00 4.919244343095359462e-02 1.129182428926253027e-04 -4.617510930447302230e-05 -2.935728798107678400e-06 3.46 0.0002127849057 1.6e-09
-2.030975493049532254e-05 1.164240724931995041e+00 1.183282301872618306e-02 1.104286352186197772e-04 4.837316245420073918e-05 2.545610560009630773e-06 3.46 0.0002127849057 1.6e-09
2.343804994748051323e-05 3.346774661355504943e+00 1.460293465210519559e-01 2.067799790743900094e-04 7.908868035606733067e-06 6.347421027381579591e-07 3.46 0.0002127849057 1.6e-09
4.772200711500564833e-05 2.920318626363030745e+00 1.385851318456016168e-01 1.846037970281856459e-04 -1.726516709840849960e-05 -8.705579311919432182e-07 3.46 0.0002127849057 1.6e-09
6.280365176723871911e-05 4.550359044155327659e-01 -1.312526840572605935e-02 1.369351773215973496e-04 -3.631356916923123257e-05 -3.280043791326819691e-06 3.46 0.0002127849057 1.6e-09
1.389160959779788565e-05 2.305140525227493242e+00 8.138640488609101553e-02 1.541015157479745678e-04 2.735845843817931612e-05 1.697123322526055238e-06 3.46 0.0002127849057 1.6e-09
-5.057188595716228900e-06 3.452734421581053592e+00 1.632232829529691176e-01 2.123987567839548743e-04 -1.306156636602573433e-06 7.619103582732272056e-08 3.46 0.0002127849057 1.6e-09
4.632596021512469189e-05 2.004461966868102962e+00 8.797257589934022459e-02 1.402180598772009130e-04 -3.239544385878867614e-05 -1.931042668428945957e-06 3.46 0.0002127849057 1.6e-09
-4.734820876310019195e-05 5.805608955688204009e-01 -1.427132157531871282e-02 1.206351245163228163e-04 5.176746173252501132e-05 2.664649193306177753e-06 3.46 0.0002127849057 1.6e-09
-1.118431310484742163e-06 3.083381280097758026e+00 1.415224504264696037e-01 1.930253091392402916e-04 1.398296733637966122e-05 9.703529486115055402e-07 3.46 0.0002127849057 1.6e-09
2.970528547533829558e-05 3.225102739369223315e+00 1.608504960450620747e-01 2.004065738049158325e-04 -1.088533046035535716e-05 -5.888648273776944069e-07 3.46 0.0002127849057 1.6e-09
-3.529897570328320290e-05 8.161154138630677402e-01 1.031398470416379672e-02 1.091237132275406721e-04 -5.417679763025216204e-05 -3.728271632396964489e-06 3.46 0.0002127849057 1.6e-09
4.223613412554802986e-05 1.660516893934530724e+00 5.987685957186822394e-02 1.257706245147464594e-04 3.863860858544965231e-05 2.543672360944024570e-06 3.46 0.0002127849057 1.6e-09
-3.726199346166459889e-05 3.437600834951955342e+00 1.773750398742701684e-01 2.115760833827866729e-04 4.188954331325688059e-06 2.820433603250731551e-07 3.46 0.0002127849057 1.6e-09
7.650409984676453490e-05 2.621267666922308948e+00 1.241505570679926757e-01 1.694871768341653785e-04 -2.233677745452450981e-05 -1.467814523800210245e-06 3.46 0.0002127849057 1.6e-09
-4.849050528651514856e-06 4.020724656665592978e-01 -2.151960755730714103e-02 1.478744091681816913e-04 3.547177401524770129e-06 6.886144936042699326e-07 3.46 0.0002127849057 1.6e-09
5.795744767780777566e-05 2.673465012203225299e+00 1.271023409509840496e-01 1.720886452906832294e-04 2.151846365406972052e-05 1.323681985242903538e-06 3.46 0.0002127849057 1.6e-09
-9.581783920751311371e-05 3.433370408695276765e+00 1.691923163128164487e-01 2.113470650325383765e-04 -4.684567920695506057e-06 -3.622664412998441918e-07 3.46 0.0002127849057 1.6e-09
4.418617086964601490e-05 1.599379516489377151e+00 4.900823614992207145e-02 1.234284266692171265e-04 -3.984448816772765659e-05 -2.491391702359433511e-06 3.46 0.0002127849057 1.6e-09
-1.468154427081158359e-05 8.662862677705321923e-01 1.344611064148736566e-02 1.084123922276321870e-04 5.357438763585226256e-05 3.513472092369441354e-06 3.46 0.0002127849057 1.6e-09
5.087649111479338316e-05 3.245485817047977672e+00 1.543893297241722418e-01 2.014750353351961996e-04 1.036938796283394241e-05 5.224679211493122895e-07 3.46 0.0002127849057 1.6e-09
-5.204844830135427767e-05 3.054648755722825904e+00 1.323943607604963213e-01 1.915382862920580890e-04 -1.455083601144834127e-05 -9.619377920680988357e-07 3.46 0.0002127849057 1.6e-09
-9.628203436505929140e-06 5.505523842878793372e-01 -1.510352030352405187e-02 1.236302273205765407e-04 -4.987242629251283153e-05 -2.279223000651378210e-06 3.46 0.0002127849057 1.6e-09
-7.103722433879362645e-05 2.062535652485985693e+00 9.122092577054902174e-02 1.428301417522494644e-04 3.137516338379544244e-05 1.882987216908771287e-06 3.46 0.0002127849057 1.6e-09
8.370622216237547921e-05 3.452102798907107584e+00 1.645836754743872088e-01 2.123684806599795342e-04 7.846254986125033213e-07 -9.377439954005364344e-08 3.46 0.0002127849057 1.6e-09
3.773824692613018809e-05 2.244487625863045288e+00 7.966065408665506942e-02 1.512329450874747017e-04 -2.834416261303273807e-05 -1.762823327944905173e-06 3.46 0.0002127849057 1.6e-09
4.434314110015497598e-05 4.742614355880348520e-01 -1.129079360402927487e-02 1.336153645791508457e-04 4.078755787772813171e-05 3.926415355160721234e-06 3.46 0.0002127849057 1.6e-09
-2.550479374783917632e-05 2.958720657407285071e+00 1.459749495163781274e-01 1.865725012544234955e-04 1.658506364460804141e-05 8.255654031541404623e-07 3.46 0.0002127849057 1.6e-09
1.055810745234989079e-05 3.330500374538607034e+00 1.473720878030251313e-01 2.059209815410266322e-04 -8.449029229975990281e-06 -7.100599709101245575e-07 3.46 0.0002127849057 1.6e-09
2.790888915227764149e-06 1.098015759830699434e+00 6.591764314379808601e-03 1.092581112320206542e-04 -4.971225282844271917e-05 -2.590271485483198210e-06 3.46 0.0002127849057 1.6e-09
-5.192321338940682961e-06 1.342372954076277214e+00 5.566345499812083708e-02 1.148111873643740927e-04 4.479133995127212780e-05 2.724941134930729839e-06 3.46 0.0002127849057 1.6e-09
2.929568155786657109e-05 3.391294942091469089e+00 1.507967888100119613e-01 2.091207193096549747e-04 6.626583048279407928e-06 5.233443126579674092e-08 3.46 0.0002127849057 1.6e-09
5.697538138034774241e-05 2.836282095925422908e+00 9.127195541729293815e-02 1.803048490183520151e-04 -1.884640117460156694e-05 -1.232590613907297649e-06 3.46 0.0002127849057 1.6e-09
6.728478387120206689e-05 4.234698943504363600e-01 -2.030382140288149173e-02 1.430629413527805633e-04 -2.495872639867369172e-05 1.497531723818359022e-06 3.46 0.0002127849057 1.6e-09
2.108255161151892910e-05 2.431813000123973723e+00 1.015644676439677041e-01 1.601833585507088115e-04 2.536223001697862086e-05 1.017618545657950039e-06 3.46 0.0002127849057 1.6e-09
-1.044949403477340256e-04 3.453624363902406458e+00 1.208931171599420817e-01 2.124375181713824287e-04 -2.385876568667668657e-06 -4.240401995379909759e-07 3.46 0.0002127849057 1.6e-09
5.883253967448621313e-05 1.878814561828213714e+00 2.639505174798095419e-02 1.347158651173126264e-04 -3.470860517816701284e-05 -1.565688202159368695e-06 3.46 0.0002127849057 1.6e-09
-1.522774453463996970e-05 6.567721980850022012e-01 9.229048782099805170e-03 1.150231410436192343e-04 5.404307681994695322e-05 3.611782828716223797e-06 3.46 0.0002127849057 1.6e-09
1.735200194898415225e-06 3.140074978552003682e+00 1.159458887217722223e-01 1.959768203162079686e-04 1.276824060095546152e-05 2.772136778052836756e-07 3.46 0.0002127849057 1.6e-09
5.909536857828678354e-05 3.169274147715039014e+00 8.782912401078615816e-02 1.974972864079805397e-04 -1.214114438411631770e-05 -7.765021003300306046e-07 3.46 0.0002127849057 1.6e-09
-5.320105124297621940e-05 7.022421100899226554e-01 -1.593638625162462075e-02 1.126656877914253009e-04 -5.461431918446688457e-05 -1.071046658563044875e-06 3.46 0.0002127849057 1.6e-09
2.990136118714373180e-05 1.809380081595319378e+00 7.152294691092322965e-02 1.317861227071835000e-04 3.589779953287874502e-05 1.553425495800188502e-06 3.46 0.0002127849057 1.6e-09
-4.299903073100783937e-06 3.448787210231357925e+00 1.170279524132200599e-01 2.121800921346112109e-04 2.958673332751924250e-06 -2.100577755443607502e-07 3.46 0.0002127849057 1.6e-09
3.579406555135741585e-05 2.489753012488344019e+00 4.735480802596635230e-02 1.630068668493134579e-04 -2.446212325134224168e-05 -1.187601575472129987e-06 3.46 0.0002127849057 1.6e-09
1.856035016306907125e-05 4.138212762883597406e-01 -9.220386327720849276e-03 1.451382248842176712e-04 1.937085899705506532e-05 4.005906866810148232e-06 3.46 0.0002127849057 1.6e-09
4.842861360155687806e-05 2.792955112300167464e+00 9.975105286246144232e-02 1.781018087156425837e-04 1.964270922896260298e-05 4.346587515477870311e-07 3.46 0.0002127849057 1.6e-09
-6.368813648295986634e-05 3.412828258028496542e+00 8.525403034440134920e-02 2.102547525459925321e-04 -5.999279689786126839e-06 -5.916684326885873148e-07 3.46 0.0002127849057 1.6e-09
4.813062640741887070e-05 1.428794570867893299e+00 -5.435731503658196816e-03 1.174510184423039152e-04 -4.324098975062912371e-05 -1.216319026931204612e-06 3.46 0.0002127849057 1.6e-09
4.159846702596751072e-05 1.017015386282193790e+00 3.153266201159306281e-02 1.083317882571309176e-04 5.120116794683913424e-05 2.055598383423005734e-06 3.46 0.0002127849057 1.6e-09
6.407303722502393406e-05 3.306828672094968447e+00 7.716577436061990147e-02 2.046823054056471725e-04 9.093952737840490104e-06 -1.371923410801533991e-07 3.46 0.0002127849057 1.6e-09
8.378174593159459869e-05 2.994884309302867642e+00 3.220122982597745098e-02 1.884394609038558149e-04 -1.593835436054516838e-05 -6.962157174280649855e-07 3.46 0.0002127849057 1.6e-09
4.178832503633825833e-05 4.947736329898591578e-01 -1.619825768327392765e-02 1.305359610100645319e-04 -4.417591385171619977e-05 1.586720698139011554e-06 3.46 0.0002127849057 1.6e-09
-7.653666795490482076e-06 2.188766775853113966e+00 5.215057885318279129e-02 1.486253878643810692e-04 2.933543813553732754e-05 4.889215081365899697e-07 3.46 0.0002127849057 1.6e-09
1.738492482504490284e-05 3.457657203575331017e+00 5.214067239692286859e-02 2.126623997881494624e-04 -2.783883347414860097e-07 -3.096464377947718242e-07 3.46 0.0002127849057 1.6e-09
-1.430176208488025878e-05 2.124375218279901389e+00 2.283402522571534136e-03 1.456473907314975551e-04 -3.043293513187230004e-05 -6.504120939553849594e-07 3.46 0.0002127849057 1.6e-09
-6.130681176386551707e-05 5.218631920812192293e-01 3.062361766584155084e-03 1.269011289621230004e-04 4.754605617511994356e-05 2.511721292273637140e-06 3.46 0.0002127849057 1.6e-09
-8.447696109014581794e-05 3.028480706992296767e+00 5.848989530297396544e-02 1.901785668556417658e-04 1.523740414534628836e-05 8.386793718184188354e-08 3.46 0.0002127849057 1.6e-09
6.532986834602503277e-06 3.279147106246937504e+00 3.839191172796378726e-02 2.032333672419442492e-04 -9.752333700531096069e-06 -4.238631822240729711e-07 3.46 0.0002127849057 1.6e-09
-2.084190583220052093e-05 9.370589816290953999e-01 -1.201131261595344765e-02 1.080186089359242080e-04 -5.266862910697796935e-05 -3.768541266691494386e-07 3.46 0.0002127849057 1.6e-09
-5.860154320802415869e-05 1.515779149676868665e+00 3.541704775573645270e-02 1.204051793019604555e-04 4.149376359554680303e-05 8.914173141803998810e-07 3.46 0.0002127849057 1.6e-09
9.681048031860960959e-05 3.424294282255468946e+00 5.201783494409975561e-02 2.108680874714477429e-04 5.308886210550985466e-06 -1.885627831094232625e-07 3.46 0.0002127849057 1.6e-09
2.650436806292295617e-05 2.727890726403466637e+00 1.362508100833534352e-02 1.748222195441929256e-04 -2.071133610530576980e-05 -5.368487260152859045e-07 3.46 0.0002127849057 1.6e-09
-5.831522262060326680e-05 4.046835468896246013e-01 -6.913377550110494547e-03 1.472928880218232154e-04 -1.011366572649261892e-05 2.533118116126684374e-06 3.46 0.0002127849057 1.6e-09
-8.131566619030740361e-05 2.569299928996076066e+00 3.479513989719949796e-02 1.669094228893876490e-04 2.328787052751175250e-05 5.291152467665835604e-08 3.46 0.0002127849057 1.6e-09
6.384645798431256810e-05 3.451677100709050983e+00 1.872509645797758304e-02 2.123221798774825152e-04 -3.623194484959952386e-06 -2.891177581243010833e-07 3.46 0.0002127849057 1.6e-09
2.945902143498183481e-05 1.736542785472254824e+00 -1.277802099638605457e-02 1.287756107858380574e-04 -3.736944590289532388e-05 -2.430099470275247292e-07 3.46 0.0002127849057 1.6e-09
4.122391542618322253e-05 7.567298978936515264e-01 7.648023661981161181e-03 1.105978312152984262e-04 5.469784779355075697e-05 6.653391380896291062e-07 3.46 0.0002127849057 1.6e-09
-6.864228830943756019e-05 3.202118012472288555e+00 1.209711799048366308e-02 1.992071391138773378e-04 1.152623452233395073e-05 -1.130412786945047487e-07 3.46 0.0002127849057 1.6e-09
6.785080914913207886e-07 3.117050576342109913e+00 -3.077026149971009636e-03 1.947749132892464641e-04 -1.338503052770011175e-05 -1.594837670280373224e-07 3.46 0.0002127849057 1.6e-09
-3.660980915433943966e-05 6.165510480002662774e-01 -6.592410423221418785e-03 1.176898742987530014e-04 -5.324961330962421494e-05 6.729805218872566549e-07 3.46 0.0002127849057 1.6e-09
-6.351678111158911265e-05 1.942730090833227896e+00 9.517514301249901248e-03 1.374931913309661866e-04 3.357739610815854215e-05 1.484919027832960133e-07 3.46 0.0002127849057 1.6e-09
-9.549922368871566398e-05 3.455689868972931400e+00 1.231325344097256025e-02 2.125533644312411889e-04 1.839015251807196608e-06 -4.512599662271772685e-08 3.46 0.0002127849057 1.6e-09
-2.925211714191045038e-05 2.366245104159328427e+00 2.928750326786645417e-03 1.570222413980330075e-04 -2.645701467873288700e-05 -1.387533287726525990e-07 3.46 0.0002127849057 1.6e-09
6.309883911660096282e-06 4.379375144190154057e-01 -2.690244526059560118e-03 1.400928689761461938e-04 3.158433087073247904e-05 4.881864782000160457e-07 3.46 0.0002127849057 1.6e-09
-5.355068925007949677e-05 2.886185982034410458e+00 1.775636380446364918e-02 1.828516203904414811e-04 1.802851465798343021e-05 1.197635893651093210e-07 3.46 0.0002127849057 1.6e-09
5.944969626448955136e-05 3.374975595091814107e+00 1.921880660388754908e-02 2.082608648897300266e-04 -7.303044315173046425e-06 -7.808977870546677750e-08 3.46 0.0002127849057 1.6e-09
-1.671703917170813659e-06 1.251452121936129647e+00 2.061037887909099482e-03 1.123585417192913161e-04 -4.674066302427568986e-05 -3.237545940367769654e-07 3.46 0.0002127849057 1.6e-09
-3.198206285256934028e-05 1.185654550687526010e+00 3.220619982008421714e-03 1.108611564967300659e-04 4.802526459206533444e-05 2.384503462691836880e-07 3.46 0.0002127849057 1.6e-09
9.420471852865528394e-05 3.357215674021385432e+00 1.187792171686833168e-02 2.073287346849683570e-04 7.766988978528277469e-06 1.442363037283579098e-08 3.46 0.0002127849057 1.6e-09
-3.711683610790806920e-05 2.915117709587632611e+00 8.027918719531783320e-03 1.843362133297067693e-04 -1.747025147064795879e-05 -9.072122900735672508e-08 3.46 0.0002127849057 1.6e-09
1.279380721873921660e-05 4.497470837322246062e-01 -1.958678004799398881e-03 1.378934454039622910e-04 -3.513823936420002532e-05 1.205696322791676223e-07 3.46 0.0002127849057 1.6e-09
-4.420878860184350228e-05 2.323241014865673471e+00 -4.610841926579345440e-03 1.549589165774646594e-04 2.717875848668786540e-05 5.610264634192783402e-08 3.46 0.0002127849057 1.6e-09
-4.576936027830656598e-05 3.460028606861919265e+00 3.055938440276308697e-03 2.127816309150643817e-04 -1.408701795060377363e-06 7.596288665416347905e-08 3.46 0.0002127849057 1.6e-09
4.405330165456449322e-05 1.997247758782104476e+00 7.400461956261776900e-03 1.398914809723201375e-04 -3.265334337874034576e-05 -2.708047515311671733e-08 3.46 0.0002127849057 1.6e-09
3.215642803672719873e-05 5.854030291534149111e-01 -8.213503439496831759e-03 1.202006577545480337e-04 5.209070001976894178e-05 -8.142161350545620011e-07 3.46 0.0002127849057 1.6e-09
9.634296100693988559e-05 3.093177162931421087e+00 -1.073929056186372338e-03 1.935324100220422820e-04 1.391596793492758089e-05 2.210285133245938982e-07 3.46 0.0002127849057 1.6e-09
6.526605543833886446e-05 3.227776064649554577e+00 1.852759484849262478e-02 2.005449567786372846e-04 -1.098573581701938808e-05 1.322386097095524142e-07 3.46 0.0002127849057 1.6e-09
-4.981852349348656577e-05 8.082153222348404942e-01 1.072796892899399550e-02 1.092725397313445176e-04 -5.438381129037770322e-05 -8.317598516121940885e-07 3.46 0.0002127849057 1.6e-09
2.205323756170189493e-05 1.669489522224173905e+00 -7.767047660479623264e-03 1.261238954009738641e-04 3.857413656442654269e-05 3.674494866224161809e-07 3.46 0.0002127849057 1.6e-09
7.839738973718749795e-05 3.442293450821819700e+00 2.764370469179967121e-02 2.118271147991609982e-04 4.103047362393349399e-06 2.776271438972460573e-07 3.46 0.0002127849057 1.6e-09
-3.447905165143664717e-05 2.612986311680130846e+00 3.899740338507751841e-02 1.690793813599952714e-04 -2.254916795834784260e-05 -1.310893300136767724e-07 3.46 0.0002127849057 1.6e-09
-4.526539158777156187e-05 4.020477576045347057e-01 -6.172661986759045427e-03 1.479198051106467618e-04 4.881179296089737448e-06 -1.782697894794783170e-06 3.46 0.0002127849057 1.6e-09
8.252196742146499040e-05 2.686785293129767993e+00 1.198080230887573101e-02 1.727579305177801786e-04 2.138727586989539579e-05 4.594353905854786985e-07 3.46 0.0002127849057 1.6e-09
-2.259895877646887882e-05 3.434469504918050031e+00 4.437778485358896685e-02 2.114062865210681306e-04 -4.836646945106597327e-06 1.561704799078355053e-07 3.46 0.0002127849057 1.6e-09
-7.821352947440789888e-06 1.580281647810138690e+00 3.062095152376927143e-02 1.227241457790343511e-04 -4.027890144693510599e-05 -7.155438829801892929e-07 3.46 0.0002127849057 1.6e-09
-1.460504925971050733e-05 8.814206293380235646e-01 -1.393680191414273933e-02 1.082659419135329772e-04 5.349505535283608621e-05 2.950679682973371736e-08 3.46 0.0002127849057 1.6e-09
-7.133132237797698669e-07 3.257114536562048634e+00 2.486595114260513328e-02 2.020820148465088905e-04 1.024237113276515310e-05 3.954442015865722136e-07 3.46 0.0002127849057 1.6e-09
4.402460296103461433e-05 3.052215329758733109e+00 4.827617884713450436e-02 1.914097062147503039e-04 -1.472931977146666305e-05 1.162739406369707485e-08 3.46 0.0002127849057 1.6e-09
3.383013063768346406e-05 5.437846379788043860e-01 5.794916943960715799e-03 1.243569250461276697e-04 -4.944037979656366584e-05 -2.236387335123968140e-06 3.46 0.0002127849057 1.6e-09
3.252903171022946695e-05 2.078243161652364890e+00 -2.081907704433591348e-03 1.435399215420830768e-04 3.121935352783946314e-05 6.631986352450056376e-07 3.46 0.0002127849057 1.6e-09
-6.489797040174107154e-06 3.458451268641212550e+00 5.188470016568001719e-02 2.127025567759879962e-04 6.859196688263590473e-07 3.619052461775990419e-07 3.46 0.0002127849057 1.6e-09
1.863025537456299089e-05 2.237558657970041942e+00 5.670259108231039125e-02 1.509041223582327756e-04 -2.854244803470006432e-05 -4.508407476460808282e-07 3.46 0.0002127849057 1.6e-09
-6.620054091673292383e-05 4.764577851950473342e-01 -1.669233449760904736e-02 1.332479330491365089e-04 4.134605829803189559e-05 -1.551736728622894622e-06 3.46 0.0002127849057 1.6e-09
3.333025964844879975e-05 2.967889121565868038e+00 3.867802574758124473e-02 1.870443088654493097e-04 1.649636942522417541e-05 7.601785615890975342e-07 3.46 0.0002127849057 1.6e-09
2.690158475633220149e-06 3.330113334549849036e+00 8.589385981815256255e-02 2.059007595344701123e-04 -8.565696964589025438e-06 1.225018850082453368e-07 3.46 0.0002127849057 1.6e-09
-3.810166591328571534e-05 1.086554410430897732e+00 3.545687795347877980e-02 1.090924726648765498e-04 -4.992166714403803045e-05 -2.083898599342408165e-06 3.46 0.0002127849057 1.6e-09
-2.557526356003572585e-05 1.353697810540297031e+00 -4.911729988634727130e-03 1.151474905902384236e-04 4.466990275024595791e-05 1.188935668435080127e-06 3.46 0.0002127849057 1.6e-09
-3.093322703760777268e-05 3.394670029909170772e+00 8.148370698024276493e-02 2.093013059799127469e-04 6.512937399823350509e-06 5.553502236184218995e-07 3.46 0.0002127849057 1.6e-09
-6.778228592886409096e-05 2.825299829717280886e+00 9.448239777961939256e-02 1.797502192220357120e-04 -1.903195511062872382e-05 -4.112099913671122400e-07 3.46 0.0002127849057 1.6e-09
4.172442347886592230e-05 4.211561244598281406e-01 -7.457462520047682640e-03 1.435938825702839916e-04 -2.370074519247256176e-05 -3.424612021082825513e-06 3.46 0.0002127849057 1.6e-09
-3.776555343550769663e-05 2.446676988899533889e+00 3.643616348234508806e-02 1.609056157808023578e-04 2.516292759726458444e-05 1.083456597519997211e-06 3.46 0.0002127849057 1.6e-09
-2.615558761422477130e-05 3.453025429801686919e+00 1.031428218020384591e-01 2.124057229721399288e-04 -2.541870080812252989e-06 2.453107653544382765e-07 3.46 0.0002127849057 1.6e-09
-2.233024289898525905e-05 1.861510233089170185e+00 6.855377217229280395e-02 1.339796280024529366e-04 -3.498647322174611119e-05 -1.317745726456276914e-06 3.46 0.0002127849057 1.6e-09
2.848630807509995420e-05 6.667590639085811954e-01 -1.896596587475262580e-02 1.144375192441808033e-04 5.429846003628726334e-05 6.711651843747662805e-07 3.46 0.0002127849057 1.6e-09
-7.891085202247068533e-05 3.148969108895872004e+00 8.050916925544902847e-02 1.964373936197739176e-04 1.262064049556750356e-05 8.224538163925656067e-07 3.46 0.0002127849057 1.6e-09
2.022682820823606118e-05 3.164522218148221100e+00 1.156873115022267612e-01 1.972476809997176128e-04 -1.227420616340483575e-05 -1.893529421769144145e-07 3.46 0.0002127849057 1.6e-09
-6.234728194710146697e-06 6.944452476834683807e-01 1.436608952561487830e-02 1.130141592230075398e-04 -5.448607832996539780e-05 -3.638414548947657934e-06 3.46 0.0002127849057 1.6e-09
7.486210753553273388e-06 1.823137751521279215e+00 2.596972095285959847e-02 1.323574046247491726e-04 3.569448966404774722e-05 1.696217706750467400e-06 3.46 0.0002127849057 1.6e-09
1.028438205291720643e-04 3.450508952295621157e+00 1.282823966453600639e-01 2.122699249737018364e-04 2.841935835481748641e-06 4.682864673734004609e-07 3.46 0.0002127849057 1.6e-09
6.013477388369928755e-06 2.481222676920681991e+00 1.100790184066808286e-01 1.625876573314633021e-04 -2.457310299181057897e-05 -1.038294083941244719e-06 3.46 0.0002127849057 1.6e-09
4.859582945294839434e-05 4.147558667303889446e-01 -2.015186528558268048e-02 1.449184782355996781e-04 2.002388521060253029e-05 -1.326938393762628433e-06 3.46 0.0002127849057 1.6e-09
-6.066733894955321916e-05 2.798344085612821885e+00 9.245758208514381904e-02 1.783755247420121433e-04 1.951670092632345311e-05 1.249552283397227203e-06 3.46 0.0002127849057 1.6e-09
-1.157500193569703533e-05 3.407080821692859196e+00 1.517252613780505077e-01 2.099520556242127673e-04 -6.103968716900794067e-06 -6.056428256380481273e-08 3.46 0.0002127849057 1.6e-09
-2.172849461102627542e-05 1.415538422475752789e+00 5.782930579914184743e-02 1.170307313811056040e-04 -4.337947684745978544e-05 -2.591028356121562145e-06 3.46 0.0002127849057 1.6e-09
-4.126356270568430233e-05 1.028479445229428801e+00 1.664235173412003527e-03 1.084348377241228171e-04 5.099649920437751967e-05 2.399427633410475160e-06 3.46 0.0002127849057 1.6e-09
-9.476846926376609461e-05 3.306402158585241668e+00 1.348225858220897244e-01 2.046619626089032028e-04 8.965740046505792365e-06 7.036853590355174378e-07 3.46 0.0002127849057 1.6e-09
-6.437824260403266039e-05 2.981527996153898741e+00 1.378064417426710930e-01 1.877551268590905683e-04 -1.606959672862724001e-05 -7.239780010009158575e-07 3.46 0.0002127849057 1.6e-09
-3.660206047437131909e-05 4.898643435956807624e-01 -8.532192545272879874e-03 1.312846934243285489e-04 -4.328127616837132831e-05 -3.751239287228847629e-06 3.46 0.0002127849057 1.6e-09
-2.902930916080620789e-05 2.202832260652699325e+00 7.027008612510327046e-02 1.492804765012470500e-04 2.904204381008712013e-05 1.765558757296329692e-06 3.46 0.0002127849057 1.6e-09
-4.864109227434609318e-05 3.453602015489942723e+00 1.599316574145733805e-01 2.124474643491612753e-04 -4.145519177252671257e-07 1.715200219404934907e-07 3.46 0.0002127849057 1.6e-09
5.537770039047889886e-05 2.107614898291452654e+00 9.597332595312067782e-02 1.448781934786850091e-04 -3.062129230439163271e-05 -1.768367724029222955e-06 3.46 0.0002127849057 1.6e-09
3.085060442842200393e-05 5.286817497851852288e-01 -1.797416851327410942e-02 1.260491119520718386e-04 4.818969907012940273e-05 2.115416921543870936e-06 3.46 0.0002127849057 1.6e-09
9.984737239790440527e-06 3.033968272173621195e+00 1.356695412351910934e-01 1.904601525042654171e-04 1.505580053639910515e-05 1.063473048560488820e-06 3.46 0.0002127849057 1.6e-09
-8.981618648572765287e-05 3.272238536344726612e+00 1.646265900712400032e-01 2.028689956728566999e-04 -9.837504534007962084e-06 -4.858335027756847694e-07 3.46 0.0002127849057 1.6e-09
-5.969579763056898542e-06 9.284472412206796754e-01 2.028444125704834816e-02 1.080194630895363328e-04 -5.269131172532013176e-05 -3.658477293043541201e-06 3.46 0.0002127849057 1.6e-09
-2.985520833781574705e-05 1.527362924984096537e+00 4.793896023541120710e-02 1.208111088060417513e-04 4.119045937734728191e-05 2.653437326664726427e-06 3.46 0.0002127849057 1.6e-09
-5.565871327554591482e-05 3.422173470988117749e+00 1.733015808443381101e-01 2.107543896449622729e-04 5.227661583886496238e-06 3.772825121246523935e-07 3.46 0.0002127849057 1.6e-09
1.750304412255118523e-05 2.719866503941791080e+00 1.312113016847527291e-01 1.744166334100481449e-04 -2.075207175397574409e-05 -1.324358965911126328e-06 3.46 0.0002127849057 1.6e-09
-2.260496070785277781e-05 4.047090786271106966e-01 -2.115557319747284754e-02 1.472695314531814053e-04 -9.487800675607435322e-06 -5.333331993809857674e-07 3.46 0.0002127849057 1.6e-09
-1.405313975601585135e-05 2.570985621761471496e+00 1.160790252423290342e-01 1.669957996658691629e-04 2.313902005158118051e-05 1.441788884333850224e-06 3.46 0.0002127849057 1.6e-09
4.318805017853825240e-06 3.443898961493347066e+00 1.691510521693444791e-01 2.119122970945216456e-04 -3.685176401993227594e-06 -2.501907571829714900e-07 3.46 0.0002127849057 1.6e-09
-8.884145906386326294e-06 1.723976988613109551e+00 5.995446649518663962e-02 1.282748431755799737e-04 -3.747870468595193452e-05 -2.346052226204672802e-06 3.46 0.0002127849057 1.6e-09
1.352368263932688020e-05 7.659329677475867904e-01 4.199101424163351366e-03 1.103351840608046903e-04 5.452497790578953672e-05 3.537494067396115153e-06 3.46 0.0002127849057 1.6e-09
3.399628486465184376e-05 3.199813715664450164e+00 1.530580004565529895e-01 1.990905358227070790e-04 1.138662624078158849e-05 6.459730631283744609e-07 3.46 0.0002127849057 1.6e-09
-3.966379469682593999e-06 3.103387268231797336e+00 1.414807545671709077e-01 1.940687545136873544e-04 -1.350231027189270240e-05 -8.770202081251180568e-07 3.46 0.0002127849057 1.6e-09
-3.070624969677589731e-05 6.072768532647032647e-01 -1.063393564307788669e-02 1.184188455551266658e-04 -5.281131232551301998e-05 -2.887423914543208807e-06 3.46 0.0002127849057 1.6e-09
-4.125493416814864729e-05 1.957894475219299046e+00 8.589737198512843730e-02 1.381583636093004254e-04 3.319287945147276337e-05 2.098325735423615322e-06 3.46 0.0002127849057 1.6e-09
1.050017920854426389e-04 3.451020560102894486e+00 1.720467285825062476e-01 2.123065944944880308e-04 1.688736425326304535e-06 -6.218047651498397276e-09 3.46 0.0002127849057 1.6e-09
6.583049442012315418e-05 2.348836364115037600e+00 9.259708440193890888e-02 1.561854841906587684e-04 -2.664775512595414769e-05 -1.731410799526394082e-06 3.46 0.0002127849057 1.6e-09
4.146067007233845573e-05 4.425010330352542876e-01 -1.530259450090237436e-02 1.391723863650239199e-04 3.292436254034256668e-05 3.513451478320524328e-06 3.46 0.0002127849057 1.6e-09
6.693914494923186120e-05 2.893234001339787476e+00 1.456374033939687451e-01 1.832092190109974213e-04 1.782079502002155853e-05 9.525081008280049217e-07 3.46 0.0002127849057 1.6e-09
-7.686578870980984122e-05 3.369571081976002525e+00 1.559287771080783147e-01 2.079732330846409394e-04 -7.377286242693470466e-06 -6.468213251184294532e-07 3.46 0.0002127849057 1.6e-09
3.187311763381855034e-05 1.240725425340732713e+00 1.626847916879910205e-02 1.120866610268795660e-04 -4.689969637140571580e-05 -2.630576833098094450e-06 3.46 0.0002127849057 1.6e-09
-3.507973001980973333e-06 1.197456368049259812e+00 4.463901502436000424e-02 1.111116446892957636e-04 4.765899610532726082e-05 2.996518846740721409e-06 3.46 0.0002127849057 1.6e-09
2.625847928100031589e-05 3.356573512033529383e+00 1.514001048851528197e-01 2.072932512215294959e-04 7.691553213552978450e-06 1.519635903886820767e-07 3.46 0.0002127849057 1.6e-09
4.695786223528508770e-05 2.909049646353989438e+00 1.001463386978851955e-01 1.840232773584022600e-04 -1.752228601594323527e-05 -1.164328569600808723e-06 3.46 0.0002127849057 1.6e-09
1.234839076378482924e-05 4.484397303218680686e-01 -2.075485759229836469e-02 1.381195393767230511e-04 -3.454426821062342922e-05 4.445616269748917507e-07 3.46 0.0002127849057 1.6e-09
-2.578041344107968850e-05 2.326057105895524835e+00 9.870538011683485657e-02 1.550970991656808304e-04 2.703348838530513529e-05 1.216447422686212078e-06 3.46 0.0002127849057 1.6e-09
-8.545306143488901930e-05 3.454140071435842785e+00 1.305808593272290985e-01 2.124721684864441513e-04 -1.470953952305469954e-06 -3.465349291006067152e-07 3.46 0.0002127849057 1.6e-09
-2.404750833444464878e-05 1.984133322866833860e+00 3.830134511665274355e-02 1.393151104956488078e-04 -3.280751418322782817e-05 -1.616628885013715127e-06 3.46 0.0002127849057 1.6e-09
1.480523307444890592e-05 5.928212513592918675e-01 3.361739115172389727e-03 1.195834206450914960e-04 5.223742758253555534e-05 3.904006401143157089e-06 3.46 0.0002127849057 1.6e-09
-3.161977895541114307e-05 3.093454928573420748e+00 1.252543494267142343e-01 1.935508082882395238e-04 1.378226761785673646e-05 4.085946378562725617e-07 3.46 0.0002127849057 1.6e-09
-7.467276289661119214e-05 3.215244910980445958e+00 1.034855196695506074e-01 1.998944378109185891e-04 -1.111966005548717870e-05 -7.761615625421937153e-07 3.46 0.0002127849057 1.6e-09
1.979996472664408502e-05 7.905792674425243804e-01 -1.278320325814566102e-02 1.096708717713977717e-04 -5.448642643950465936e-05 -1.607836486981138897e-06 3.46 0.0002127849057 1.6e-09
1.728212167928769354e-05 1.690739165137234989e+00 7.114389396043904745e-02 1.269567906336357727e-04 3.808998280955106202e-05 1.851381884493543126e-06 3.46 0.0002127849057 1.6e-09
-5.721762596390589015e-05 3.441953403159184965e+00 1.285321974842512371e-01 2.118092478897797525e-04 3.951392448437742082e-06 -1.668504284478157901e-07 3.46 0.0002127849057 1.6e-09
-3.229738563551575478e-05 2.596105850950433336e+00 5.834025555099768556e-02 1.682408121237338782e-04 -2.278382183892365141e-05 -1.234530319328459230e-06 3.46 0.0002127849057 1.6e-09
7.146685313957212718e-05 4.030992956947130335e-01 -1.287094797529924478e-02 1.476292800802910508e-04 7.008599813341821173e-06 3.773660198226620496e-06 3.46 0.0002127849057 1.6e-09
4.475642679203215208e-05 2.701223443535281099e+00 1.009157416720508488e-01 1.734767220044740473e-04 2.114982223127760509e-05 5.342417853690964742e-07 3.46 0.0002127849057 1.6e-09
9.857195751307207439e-05 3.434333893237618618e+00 9.140228069039571523e-02 2.113945380013743016e-04 -4.951841202452440031e-06 -5.722110405486607482e-07 3.46 0.0002127849057 1.6e-09
-3.832507867969821042e-05 1.568887671316042898e+00 -7.452385707559573171e-04 1.222972382307736209e-04 -4.051727061412230258e-05 -1.282022187596544003e-06 3.46 0.0002127849057 1.6e-09
3.190215974707425248e-05 8.924173236690599031e-01 2.557524854782290344e-02 1.081859823079244908e-04 5.326238520060950018e-05 2.424221092873958724e-06 3.46 0.0002127849057 1.6e-09
8.124586909150764865e-05 3.260732857002446750e+00 8.300841394460700684e-02 2.022703256677711790e-04 1.015274564930896046e-05 -6.392071483694825430e-08 3.46 0.0002127849057 1.6e-09
5.912045763503257412e-05 3.048800365392105860e+00 4.146223075663799107e-02 1.912312598852840143e-04 -1.480473912131671137e-05 -7.021544520770886544e-07 3.46 0.0002127849057 1.6e-09
5.774715851958067578e-05 5.399874114751035403e-01 -1.735576717929032328e-02 1.247678770113777656e-04 -4.913884441339551231e-05 9.197308091895796460e-07 3.46 0.0002127849057 1.6e-09
3.337228333373092612e-05 2.084288567701896966e+00 5.680109955121906418e-02 1.438194255107403850e-04 3.107309376101667002e-05 7.039165877994581507e-07 3.46 0.0002127849057 1.6e-09
-3.357196597460006715e-06 3.455784139970479618e+00 6.640361841257952369e-02 2.125642539417534418e-04 6.078697195720677250e-07 -2.890691680129661486e-07 3.46 0.0002127849057 1.6e-09
2.901344813902539843e-05 2.224284686379036646e+00 1.169660970992690216e-02 1.502851653217814943e-04 -2.875015453381665216e-05 -7.854968169570807683e-07 3.46 0.0002127849057 1.6e-09
3.045490357813040205e-05 4.814689739652088241e-01 3.948307119864407104e-04 1.325078088055372443e-04 4.214385259908782664e-05 3.040261993178134858e-06 3.46 0.0002127849057 1.6e-09
4.278026284420926846e-05 2.973638091645852910e+00 7.074899905601586547e-02 1.873444210122472958e-04 1.634265713123626021e-05 1.602286819763599816e-07 3.46 0.0002127849057 1.6e-09
-8.581247756390122320e-05 3.321863683992394733e+00 5.080923314029954507e-02 2.054708644141738083e-04 -8.719701303649866431e-06 -4.820091361035535916e-07 3.46 0.0002127849057 1.6e-09
-3.412079763979909165e-05 1.062080287660815969e+00 -1.186404821795760713e-02 1.087796211793226706e-04 -5.044081970472188325e-05 -6.432478369913553222e-07 3.46 0.0002127849057 1.6e-09
3.438735270796098356e-05 1.379241725066695512e+00 3.671892697965704888e-02 1.159107501042790306e-04 4.415314756081199429e-05 1.115669427975663288e-06 3.46 0.0002127849057 1.6e-09
1.685863765097810095e-05 3.401762115152498822e+00 5.721572410679705289e-02 2.096739971686438367e-04 6.349868943967046153e-06 -2.065292523640952035e-07 3.46 0.0002127849057 1.6e-09
3.787050171687673846e-05 2.815827003363524206e+00 1.514639950446190417e-02 1.792659074665501045e-04 -1.925415184459179359e-05 -5.814170147102956200e-07 3.46 0.0002127849057 1.6e-09
-2.807787994838220819e-05 4.179027044110010802e-01 -9.286956252792114355e-03 1.442773796490957991e-04 -2.201731650169617862e-05 2.572005923449437476e-06 3.46 0.0002127849057 1.6e-09
6.313016791924698902e-05 2.463864919883874460e+00 3.627465060720594381e-02 1.617386785447397397e-04 2.493508717709136594e-05 8.547641088470423024e-08 3.46 0.0002127849057 1.6e-09
1.942033407184859471e-05 3.457502333897692459e+00 2.057469820116719292e-02 2.126385198958304534e-04 -2.646529407884353684e-06 -2.999318724025922990e-07 3.46 0.0002127849057 1.6e-09
4.815390301035442355e-06 1.853610495231792665e+00 -1.290328533386320316e-02 1.336359884557736970e-04 -3.521686394670488999e-05 -2.779435495473611831e-07 3.46 0.0002127849057 1.6e-09
-1.747946988547288073e-05 6.732896165145860756e-01 6.788317544176748243e-03 1.140769381123145929e-04 5.442261166031887913e-05 9.613585887368512592e-07 3.46 0.0002127849057 1.6e-09
7.622250284936157253e-05 3.155065354916862574e+00 1.924444610348113177e-02 1.967549578744417864e-04 1.254073182818405676e-05 -8.435033477456949520e-08 3.46 0.0002127849057 1.6e-09
2.234278537773918573e-05 3.163763920207977698e+00 3.283481237426571879e-03 1.972076060295057916e-04 -1.235985338764603587e-05 -2.015037292961701244e-07 3.46 0.0002127849057 1.6e-09
-2.842394629344441700e-05 6.872896234998526754e-01 -7.944207818837974860e-03 1.133568494976434161e-04 -5.456588510400632629e-05 4.465360934333824377e-07 3.46 0.0002127849057 1.6e-09
5.763694555423145877e-05 1.831975351718331257e+00 1.608431450704349286e-02 1.327357836991049965e-04 3.555124408544320825e-05 2.867516062256542880e-07 3.46 0.0002127849057 1.6e-09
2.816543941370982406e-05 3.451680219748813450e+00 2.187138376940033629e-02 2.123354151144257902e-04 2.761573188231715705e-06 -7.480696227463752639e-08 3.46 0.0002127849057 1.6e-09
5.959715289824162640e-05 2.469089226080344979e+00 5.819864291957074082e-03 1.619988787366376574e-04 -2.482111170421350433e-05 -2.375267619958002422e-07 3.46 0.0002127849057 1.6e-09
5.900039336937580066e-05 4.166848552419734064e-01 -2.776364644775588739e-03 1.445307605050064905e-04 2.159636607985036084e-05 1.046125512630127963e-06 3.46 0.0002127849057 1.6e-09
7.818104493515714659e-05 2.810975134084221061e+00 2.276862028029287555e-02 1.790193199618868346e-04 1.934668988318718203e-05 9.339100149179672192e-08 3.46 0.0002127849057 1.6e-09
-8.635458775840490096e-05 3.405739336825333474e+00 1.901533779681096117e-02 2.098829486116455005e-04 -6.258229737648363324e-06 -1.383227065369171184e-07 3.46 0.0002127849057 1.6e-09
-3.218957904775642583e-05 1.392256542216818715e+00 -1.740538415800149110e-03 1.163032786560893065e-04 -4.394998354916216076e-05 -2.710604067128253251e-07 3.46 0.0002127849057 1.6e-09
-4.979792085133074610e-05 1.050332184748895781e+00 4.488798925905770898e-03 1.086478712010241553e-04 5.066065120413901311e-05 2.228071399998294250e-07 3.46 0.0002127849057 1.6e-09
9.604070253415921961e-05 3.318552956739798887e+00 7.377687554264718284e-03 2.052979328788031872e-04 8.813449906947265486e-06 -3.888236881256974606e-08 3.46 0.0002127849057 1.6e-09
1.476231400038799960e-05 2.979168231698961833e+00 8.153806814252784977e-04 1.876295599950767606e-04 -1.625520019376462086e-05 -8.088347323076559555e-08 3.46 0.0002127849057 1.6e-09
9.889614069366149728e-06 4.838526490690983062e-01 -2.276942828495080381e-03 1.321659070088379963e-04 -4.257408766460732652e-05 4.181242649498112871e-07 3.46 0.0002127849057 1.6e-09
-5.265479230270484287e-05 2.218557739869601253e+00 -4.714404512258262882e-03 1.500116887037256379e-04 2.888318228516233458e-05 1.872231309211798723e-08 3.46 0.0002127849057 1.6e-09
-5.981749767072303887e-05 3.460436028893935312e+00 1.742822531560561726e-04 2.128067985414841394e-04 -5.025558025580074519e-07 5.898012225755657563e-08 3.46 0.0002127849057 1.6e-09
-3.690386791491430374e-05 2.101738788822199666e+00 4.709877372576651289e-03 1.446069069559200923e-04 -3.084103793799402606e-05 8.869494176988485771e-09 3.46 0.0002127849057 1.6e-09
-6.996249320449999176e-06 5.322374255659148012e-01 -6.544259418309035167e-03 1.256297777060556278e-04 4.862370989819971186e-05 -7.566419743445752181e-07 3.46 0.0002127849057 1.6e-09
-9.301802992192864617e-05 3.042517163723768903e+00 1.361360124385205522e-03 1.909024429863404634e-04 1.499872839635208211e-05 2.057438726942065825e-07 3.46 0.0002127849057 1.6e-09
6.557360634829051014e-05 3.272821847807453111e+00 1.850446892116371436e-02 2.028999628461271385e-04 -9.962077394456221087e-06 1.051984784418298291e-07 3.46 0.0002127849057 1.6e-09
4.877565563795797340e-05 9.159093493814509657e-01 1.061546785568503320e-02 1.080483702495180220e-04 -5.302938579652745902e-05 -6.645349516726690929e-07 3.46 0.0002127849057 1.6e-09
-4.734002332319668351e-05 1.540306095302138578e+00 -5.402933223681643041e-03 1.212778411662675650e-04 4.103637109847220119e-05 3.369755138779574514e-07 3.46 0.0002127849057 1.6e-09
-6.531543331274785929e-05 3.427440464480090654e+00 2.504750240315757256e-02 2.110359215769249763e-04 5.119808996723376839e-06 2.287351750892040466e-07 3.46 0.0002127849057 1.6e-09
6.690674973606022162e-05 2.709031821661287864e+00 3.371863778529751721e-02 1.738751523474012803e-04 -2.101412677802722665e-05 -1.139315844079580042e-07 3.46 0.0002127849057 1.6e-09
6.924751891665481345e-05 4.032645530052609839e-01 -4.078326288141176890e-03 1.476487126524507845e-04 -7.693525474327894909e-06 -1.432799628962970151e-06 3.46 0.0002127849057 1.6e-09
-5.786285416075287268e-05 2.588983106767777542e+00 5.773484170176838501e-03 1.678862766875818748e-04 2.295448079171461510e-05 3.562142676036119357e-07 3.46 0.0002127849057 1.6e-09
-1.043908725742473626e-04 3.447119040131611634e+00 3.235153260259049368e-02 2.120821161506082219e-04 -3.838878057977666730e-06 1.473235312368257225e-07 3.46 0.0002127849057 1.6e-09
5.846584068879616901e-05 1.705501355168644206e+00 2.570937847697039175e-02 1.275348809683220035e-04 -3.792288178818728185e-05 -4.715135473205297285e-07 3.46 0.0002127849057 1.6e-09
-5.926367544332243300e-06 7.797176350865027139e-01 -1.358958569166794292e-02 1.099426438063680247e-04 5.457818373381377895e-05 -3.141324741342384654e-07 3.46 0.0002127849057 1.6e-09
3.232787118270395634e-05 3.212885385059507382e+00 1.412714176058717935e-02 1.997704194422641718e-04 1.125841606886423017e-05 3.549068211597825502e-07 3.46 0.0002127849057 1.6e-09
-8.490385894318027761e-06 3.103182633016019931e+00 3.863262817335119670e-02 1.940549247459819743e-04 -1.366076555784095806e-05 7.953397549282977989e-08 3.46 0.0002127849057 1.6e-09
-5.535167725851887130e-05 5.997946674666716493e-01 8.468994090244208461e-03 1.190073515613037850e-04 -5.261567348557763361e-05 -1.853573649451001789e-06 3.46 0.0002127849057 1.6e-09
4.215801844605154239e-05 1.972187124204149100e+00 -6.448182464984639553e-03 1.387867944005032874e-04 3.306038680015261570e-05 5.854183252240231904e-07 3.46 0.0002127849057 1.6e-09
-4.062660541202337016e-05 3.457374681244799852e+00 4.454770924088939654e-02 2.126419201841635526e-04 1.599558131336941826e-06 3.685529691075971906e-07 3.46 0.0002127849057 1.6e-09
1.850340763978664037e-06 2.341855415397861684e+00 5.424494693682464785e-02 1.558501338639263392e-04 -2.684966207650952912e-05 -3.311479089884474591e-07 3.46 0.0002127849057 1.6e-09
1.148676782227867323e-05 4.442642184878758949e-01 -1.430064117373467010e-02 1.388430161922872964e-04 3.360974602457797244e-05 -1.923573529870663157e-06 3.46 0.0002127849057 1.6e-09
-5.809036497682176293e-05 2.902826118384489007e+00 3.248967113758263747e-02 1.837009951020395805e-04 1.773198953199359341e-05 7.274494684569318124e-07 3.46 0.0002127849057 1.6e-09
-8.799599707692792622e-05 3.368059942992299938e+00 7.920927506513436578e-02 2.078952557599660902e-04 -7.517141567592187102e-06 1.519375211858813835e-07 3.46 0.0002127849057 1.6e-09
-2.780576496029557275e-05 1.223760499094752152e+00 3.846253696614858331e-02 1.116905467164178883e-04 -4.724120622096884668e-05 -1.706925301278855422e-06 3.46 0.0002127849057 1.6e-09
9.532975527095494377e-06 1.212947982369219968e+00 -9.364286679940898167e-03 1.114608976553640827e-04 4.746193888035017271e-05 9.794735806857877170e-07 3.46 0.0002127849057 1.6e-09
-2.574889490882484473e-05 3.362419230752454524e+00 6.858614066432007494e-02 2.076029818439886624e-04 7.551733548537559492e-06 5.412418180011869827e-07 3.46 0.0002127849057 1.6e-09
-4.337430079004023621e-05 2.898141761764906565e+00 8.602895622210014748e-02 1.834677414661861758e-04 -1.773546709603848233e-05 -2.905811385007731816e-07 3.46 0.0002127849057 1.6e-09
3.691897047474451265e-06 4.441667463708019459e-01 -3.554870928430939239e-03 1.389488443681718022e-04 -3.324039640691899531e-05 -3.368521224651865475e-06 3.46 0.0002127849057 1.6e-09
-2.184676074706054486e-05 2.344459039434640957e+00 2.482546867063708390e-02 1.559754930780314587e-04 2.679813270940172579e-05 1.011283256127137309e-06 3.46 0.0002127849057 1.6e-09
1.035227076396569437e-04 3.456115811711243158e+00 9.082193744230984689e-02 2.125751921613196834e-04 -1.639617045517673544e-06 2.961106689730405964e-07 3.46 0.0002127849057 1.6e-09
-1.267728188761104935e-05 1.968568204994496362e+00 6.818639570297510555e-02 1.386251682256833242e-04 -3.308758243956512105e-05 -1.066812414329487800e-06 3.46 0.0002127849057 1.6e-09
-2.054581305845622847e-05 6.006065645356080118e-01 -2.009909752648064013e-02 1.189115785813599604e-04 5.268605344498640921e-05 7.956209747408552095e-08 3.46 0.0002127849057 1.6e-09
4.896995745294177083e-07 3.103635203175373114e+00 6.965375985503860501e-02 1.940765645734175606e-04 1.363778017863819019e-05 8.368911413301708303e-07 3.46 0.0002127849057 1.6e-09
7.663402643800937297e-05 3.212712917783147049e+00 1.105033783169507150e-01 1.997589104586311426e-04 -1.125490423793949383e-05 -8.863230567847057546e-08 3.46 0.0002127849057 1.6e-09
5.092045915029110492e-05 7.828072209666363523e-01 2.121401581518348595e-02 1.098492301243669480e-04 -5.447187622698016125e-05 -3.317508341156386505e-06 3.46 0.0002127849057 1.6e-09
-3.382107174324905071e-05 1.702722029499021739e+00 1.691705220372111476e-02 1.274287078053496099e-04 3.793046248529354924e-05 1.650809659885478427e-06 3.46 0.0002127849057 1.6e-09
-9.740608901841427158e-05 3.443712850475849407e+00 1.197998696742579305e-01 2.119021594422499624e-04 3.847696888389594668e-06 5.187233269801830559e-07 3.46 0.0002127849057 1.6e-09
-7.942924302358289417e-05 2.587104826447450989e+00 1.111121826189158390e-01 1.677944095688476138e-04 -2.290732642990528519e-05 -8.709483839152834319e-07 3.46 0.0002127849057 1.6e-09
-1.755113014366459830e-06 4.035017504082186734e-01 -1.788082858089794572e-02 1.475373377831237310e-04 7.782716869512838780e-06 -2.212960370211721235e-06 3.46 0.0002127849057 1.6e-09
-7.201233539376186374e-05 2.707855467039413710e+00 7.936093665387458640e-02 1.738116452705116177e-04 2.101064270717953040e-05 1.258834717450261077e-06 3.46 0.0002127849057 1.6e-09
-1.027337685705428683e-04 3.428312056007950304e+00 1.433992537782372012e-01 2.110783998830755058e-04 -5.061589032456612571e-06 2.975341378815706130e-08 3.46 0.0002127849057 1.6e-09
3.913036183301945182e-05 1.551598492115322525e+00 6.445616138409175633e-02 1.216721230395046067e-04 -4.074695396441596515e-05 -2.249914815939376801e-06 3.46 0.0002127849057 1.6e-09
4.119709269602315831e-05 9.059181153960477184e-01 -6.483161413512856207e-03 1.081174861152274123e-04 5.308639394734760266e-05 2.147404070714678668e-06 3.46 0.0002127849057 1.6e-09
-7.094335678685424003e-05 3.263057498061462169e+00 1.228793982012028885e-01 2.023933100955394547e-04 1.000030667178467941e-05 7.601964487747259504e-07 3.46 0.0002127849057 1.6e-09
2.918391153326168111e-06 3.036121459764537178e+00 1.353906741244533252e-01 1.905777026451570526e-04 -1.496056475425616670e-05 -5.843771023583700232e-07 3.46 0.0002127849057 1.6e-09
2.671517682039525418e-05 5.330286068327632076e-01 -3.264606597991852842e-03 1.255894374761522075e-04 -4.841053465560786484e-05 -3.983284038390642656e-06 3.46 0.0002127849057 1.6e-09
-4.280110529629986977e-05 2.101026037591206208e+00 5.948218842607584655e-02 1.445783792110804213e-04 3.075908202942770580e-05 1.812534700010493568e-06 3.46 0.0002127849057 1.6e-09
-2.572782347462769270e-05 3.453804856250050292e+00 1.554951217440429800e-01 2.124580343237255883e-04 4.645643269291343104e-07 2.578999595702538244e-07 3.46 0.0002127849057 1.6e-09
3.500706568834605092e-05 2.209461835597167578e+00 1.026480053175305579e-01 1.495888163671125603e-04 -2.891640597919223541e-05 -1.600371141342446725e-06 3.46 0.0002127849057 1.6e-09
-2.571044933719396469e-05 4.862151441281797881e-01 -2.033535140547845094e-02 1.317425863455242308e-04 4.297499817943039994e-05 1.417222544361843791e-06 3.46 0.0002127849057 1.6e-09
5.624563660764806083e-05 2.979780563104038382e+00 1.282663826654989458e-01 1.876577635081385579e-04 1.617408947913209598e-05 1.142777071091849535e-06 3.46 0.0002127849057 1.6e-09
1.000835722469247156e-04 3.316372327528746666e+00 1.661601349965809438e-01 2.051790569423033253e-04 -8.813351052467394554e-06 -3.820612495472718508e-07 3.46 0.0002127849057 1.6e-09
2.716504203498512025e-05 1.054502617196236836e+00 3.091131689189494450e-02 1.086790142072451698e-04 -5.047029400215222991e-05 -3.466182327788191160e-06 3.46 0.0002127849057 1.6e-09
-3.277160857412916210e-05 1.388741332420204255e+00 3.532081556431018732e-02 1.162008525741833632e-04 4.390084140245538940e-05 2.718277744274711030e-06 3.46 0.0002127849057 1.6e-09
9.723770063567044330e-05 3.398856016287332693e+00 1.666352664666252981e-01 2.095210713673136449e-04 6.252681062181498399e-06 4.694736382190675979e-07 3.46 0.0002127849057 1.6e-09
-6.878309702227086849e-05 2.806070292651429821e+00 1.360188622276797821e-01 1.787718247268017574e-04 -1.930736093550811501e-05 -1.174552818563297554e-06 3.46 0.0002127849057 1.6e-09
2.463677776999409258e-05 4.172219370034366825e-01 -1.947631646120424193e-02 1.444287690439122044e-04 -2.129528599401122390e-05 -1.648654707844870589e-06 3.46 0.0002127849057 1.6e-09
-2.025131402909978169e-06 2.467658327106722727e+00 1.047016400509788447e-01 1.619267157094373072e-04 2.475995716497250324e-05 1.553622872776400776e-06 3.46 0.0002127849057 1.6e-09
9.431005118392650564e-05 3.449159635564100324e+00 1.684077233990202149e-01 2.121992935804575440e-04 -2.743889246958874601e-06 -1.395176554385062419e-07 3.46 0.0002127849057 1.6e-09
-6.295458601286762004e-05 1.837051258003942866e+00 7.034862447530601526e-02 1.329425176665400480e-04 -3.538135583663486227e-05 -2.202501297454992670e-06 3.46 0.0002127849057 1.6e-09
2.113617896940260028e-06 6.838851266355145953e-01 -3.401923637253954739e-03 1.135375583436816672e-04 5.441224393270052955e-05 3.430480694573415974e-06 3.46 0.0002127849057 1.6e-09
-9.305607422985986000e-05 3.155244246620434900e+00 1.510124078481708543e-01 1.967660561920954031e-04 1.238385812957085042e-05 7.636664257579893072e-07 3.46 0.0002127849057 1.6e-09
-3.733191734666845468e-05 3.150108776599142679e+00 1.496459736657634876e-01 1.964989284855775680e-04 -1.249120202596363717e-05 -7.895969070251349944e-07 3.46 0.0002127849057 1.6e-09
-4.966965598467848464e-05 6.752177741726202997e-01 -4.808615704643842866e-03 1.139892842184697864e-04 -5.432120002709700843e-05 -3.307310667379266120e-06 3.46 0.0002127849057 1.6e-09
-2.622042620845858779e-05 1.850073113770396960e+00 7.897293065919182287e-02 1.334952087659633602e-04 3.512331802176840679e-05 2.294015717405644633e-06 3.46 0.0002127849057 1.6e-09
-8.888386974260752008e-05 3.448676190785598283e+00 1.767982166381213693e-01 2.121751668907206109e-04 2.626311968134173786e-06 8.266151471646813875e-08 3.46 0.0002127849057 1.6e-09
-4.199618307509341762e-05 2.453905000622472965e+00 1.043728935353054332e-01 1.612574215220436607e-04 -2.496792935878249013e-05 -1.665657109008269314e-06 3.46 0.0002127849057 1.6e-09
-2.136846894207123615e-05 4.194512337577834815e-01 -1.844872748955027342e-02 1.438705909641676195e-04 2.304788774581615344e-05 2.809152808143191820e-06 3.46 0.0002127849057 1.6e-09
-2.746202568298616956e-05 2.817919194174548281e+00 1.415712359430444933e-01 1.793675647139053228e-04 1.915818865380908845e-05 1.074654659729437686e-06 3.46 0.0002127849057 1.6e-09
-2.793357451668620339e-05 3.401086415790788742e+00 1.614132111848652906e-01 2.096340371171582704e-04 -6.332490345430139380e-06 -5.659441369151335151e-07 3.46 0.0002127849057 1.6e-09
3.439357592906152245e-05 1.383392269384952744e+00 2.670155247185317451e-02 1.160205778842345146e-04 -4.406387837185258996e-05 -2.586874602503472301e-06 3.46 0.0002127849057 1.6e-09
-3.347641477771800688e-07 1.059662263634752577e+00 3.311126695648444057e-02 1.087612838463795852e-04 5.033585977751940102e-05 3.245433539699373179e-06 3.46 0.0002127849057 1.6e-09
-5.531035197356857429e-05 3.316320766602825820e+00 1.514877890196922317e-01 2.051807634667743221e-04 8.741404570379641991e-06 2.646774363460364393e-07 3.46 0.0002127849057 1.6e-09
7.441261563148633261e-05 2.970717476228064147e+00 1.095409110420292043e-01 1.871950805513871471e-04 -1.632124548683651507e-05 -1.091149181106940894e-06 3.46 0.0002127849057 1.6e-09
6.503065531775349109e-05 4.811576498868230800e-01 -1.999355744562808859e-02 1.325803464755034335e-04 -4.194540157433197331e-05 -5.590758254367722713e-07 3.46 0.0002127849057 1.6e-09
-2.906459131384598314e-05 2.223839282324387323e+00 9.604931844193052848e-02 1.502643389066444981e-04 2.868111921844064663e-05 1.434000756502831096e-06 3.46 0.0002127849057 1.6e-09
2.269651307959213277e-06 3.453582551487845542e+00 1.412828608354172455e-01 2.124470033699520977e-04 -5.997644265584575901e-07 -2.661442329197930496e-07 3.46 0.0002127849057 1.6e-09
4.293920562757332847e-05 2.084409337488705383e+00 5.128064572870325022e-02 1.438212261791281380e-04 -3.105502404898095306e-05 -1.664676555932395761e-06 3.46 0.0002127849057 1.6e-09
-1.108685455589285415e-06 5.404402986285146149e-01 -2.045054393328854005e-03 1.247037311220048586e-04 4.912319266875138612e-05 4.092879088857566411e-06 3.46 0.0002127849057 1.6e-09
6.172886560261140094e-05 3.045523868191982508e+00 1.334989567354262496e-01 1.910618312859901501e-04 1.480645667435124994e-05 5.421303343565464408e-07 3.46 0.0002127849057 1.6e-09
-1.045743693640121597e-05 3.260670295408813146e+00 1.185248251514313955e-01 2.022659388294411925e-04 -1.011091044452575782e-05 -7.661759816987405351e-07 3.46 0.0002127849057 1.6e-09
-5.179503524321454379e-05 8.952786387197388951e-01 -7.997098931421406376e-03 1.081584141146443130e-04 -5.328256086492342929e-05 -2.017702929010391512e-06 3.46 0.0002127849057 1.6e-09
5.801924549789229358e-05 1.564006988609132343e+00 6.774526861484783669e-02 1.221316011504535674e-04 4.048353411572995497e-05 2.145533603150325547e-06 3.46 0.0002127849057 1.6e-09
3.209294375636041817e-05 3.429269661294298110e+00 1.366162080836289539e-01 2.111307630272997297e-04 4.958709179622773355e-06 -1.135248925500042985e-07 3.46 0.0002127849057 1.6e-09
-6.411473394063194617e-05 2.696491388825044577e+00 6.824594606332184954e-02 1.732435959288229795e-04 -2.118525270699355654e-05 -1.243177295912083516e-06 3.46 0.0002127849057 1.6e-09
7.203204462130413308e-05 4.028058925249457523e-01 -1.611154105795993205e-02 1.477092968997961893e-04 -5.920616520944889296e-06 3.212971993406724820e-06 3.46 0.0002127849057 1.6e-09
9.509735039126901977e-06 2.601008031302901813e+00 9.993346330478214412e-02 1.684790268285834875e-04 2.273627751263034843e-05 6.552717906207181833e-07 3.46 0.0002127849057 1.6e-09
-1.234203660447070040e-06 3.446842684777739585e+00 9.754706326101096614e-02 2.120637428739867100e-04 -3.930953264268807613e-06 -5.320077695495171418e-07 3.46 0.0002127849057 1.6e-09
-6.210256495100700607e-05 1.696581266228152973e+00 5.705959324721177062e-03 1.271768336310051041e-04 -3.808714752444127449e-05 -1.335534000003465053e-06 3.46 0.0002127849057 1.6e-09
4.307099303507630754e-05 7.876775524215584579e-01 1.949149519756524992e-02 1.097539837363503592e-04 5.441956397963387685e-05 2.816974673749177152e-06 3.46 0.0002127849057 1.6e-09
-7.142886358065401640e-05 3.214190105693094601e+00 9.091934103776887210e-02 1.998393532631747844e-04 1.118143869512092038e-05 3.068246140031264240e-08 3.46 0.0002127849057 1.6e-09
7.582487177217790849e-05 3.096821177442984130e+00 5.360728672738344913e-02 1.937254821321567413e-04 -1.375588623923201803e-05 -7.133446674781606296e-07 3.46 0.0002127849057 1.6e-09
4.534480556323554112e-05 5.933429997254729971e-01 -1.772589752900041726e-02 1.195404763949177879e-04 -5.234570405592937567e-05 2.330106661479309961e-07 3.46 0.0002127849057 1.6e-09
-5.925087359288948497e-05 1.981466184419138132e+00 6.156137539688913418e-02 1.392018046326495015e-04 3.284328308540229811e-05 9.543097387095064308e-07 3.46 0.0002127849057 1.6e-09
8.730430631818375249e-05 3.453757042599492788e+00 8.192929137343997470e-02 2.124544219149774791e-04 1.478630120466591816e-06 -2.663185848358323829e-07 3.46 0.0002127849057 1.6e-09
6.987528455788677970e-05 2.323595741427176620e+00 2.230183261697651909e-02 1.549817762385448763e-04 -2.712067054073216986e-05 -9.178622427517489088e-07 3.46 0.0002127849057 1.6e-09
-6.002091442916132299e-05 4.494268664703662264e-01 -2.595722041525423684e-03 1.378979469748554628e-04 3.508289113792201349e-05 3.504881975819181279e-06 3.46 0.0002127849057 1.6e-09
5.122460971100997480e-05 2.912895429842963679e+00 8.114971318273507539e-02 1.842191872279973263e-04 1.751490565038668385e-05 2.367579504614995077e-07 3.46 0.0002127849057 1.6e-09
1.004080299092097709e-04 3.360980093999319518e+00 6.181041146388671637e-02 2.075234220036185039e-04 -7.704538108572150693e-06 -5.285526702252632794e-07 3.46 0.0002127849057 1.6e-09
1.913385101120502533e-05 1.197361194316889588e+00 -1.098663539049670769e-02 1.110979851480514572e-04 -4.781392204859377188e-05 -8.486751500836884260e-07 3.46 0.0002127849057 1.6e-09
-1.657998650317676681e-05 1.239812963975872595e+00 3.561282127809807518e-02 1.120788178476762940e-04 4.691818652310205171e-05 1.359464546012554932e-06 3.46 0.0002127849057 1.6e-09
-1.137066801834685752e-05 3.371428518999922019e+00 6.086763761819481700e-02 2.080740304872645010e-04 7.388602456609799654e-06 -2.080086828903960888e-07 3.46 0.0002127849057 1.6e-09
-8.366552685707254243e-05 2.891931330257784261e+00 1.707908222766301928e-02 1.831458163089293698e-04 -1.791105552351460729e-05 -6.065489700129693558e-07 3.46 0.0002127849057 1.6e-09
1.354535245377816170e-05 4.401669134889126811e-01 -1.167339499249148149e-02 1.396777688822357097e-04 -3.207916047380769285e-05 2.384442064747154745e-06 3.46 0.0002127849057 1.6e-09
2.671312091234681905e-05 2.358786881238658317e+00 3.874280569859769874e-02 1.566595451345400127e-04 2.659631035162697354e-05 1.606370417356087021e-07 3.46 0.0002127849057 1.6e-09
7.531882591895274924e-05 3.459332004362674517e+00 2.589437540663676318e-02 2.127427561958146018e-04 -1.727444906213933230e-06 -3.011556364455017729e-07 3.46 0.0002127849057 1.6e-09
-6.204329659670505684e-05 1.960785904560204518e+00 -1.050421726414317580e-02 1.382787311969836913e-04 -3.328584281650550774e-05 -3.505305847150778703e-07 3.46 0.0002127849057 1.6e-09
-4.307429877717907838e-05 6.061217164749402864e-01 5.612825048235637812e-03 1.184842483878879887e-04 5.290570588818490900e-05 1.358256000156319967e-06 3.46 0.0002127849057 1.6e-09
6.729044686213167667e-06 3.108314311656456219e+00 2.933634944637762351e-02 1.943218319954635839e-04 1.355121912682909118e-05 -3.920952547535284108e-08 3.46 0.0002127849057 1.6e-09
5.479688870661555657e-05 3.208372537596878349e+00 1.257408491327770966e-02 1.995343241702396604e-04 -1.137043115708440330e-05 -2.577106535234621089e-07 3.46 0.0002127849057 1.6e-09
-6.167164920555653424e-06 7.701041074339352033e-01 -9.245233279698112164e-03 1.101981784988416749e-04 -5.464907998664978860e-05 1.766969854336139095e-07 3.46 0.0002127849057 1.6e-09
5.227208145396967828e-06 1.717590453948710350e+00 2.259454564033157309e-02 1.280295286904737685e-04 3.765890477860340906e-05 4.532715903388293046e-07 3.46 0.0002127849057 1.6e-09
1.055363287609419867e-04 3.445120794508600870e+00 3.155965055924380563e-02 2.119810156695491835e-04 3.701907857335766079e-06 -1.092172222215203469e-07 3.46 0.0002127849057 1.6e-09
5.923605411904636864e-05 2.570172738085212849e+00 8.487849963797819766e-03 1.669597545182262169e-04 -2.322434077144709143e-05 -3.346096676886337226e-07 3.46 0.0002127849057 1.6e-09
5.171106081841560459e-05 4.044189998718710211e-01 -3.495580565070704072e-03 1.473480210080233097e-04 1.014331614016913516e-05 1.592012997065250540e-06 3.46 0.0002127849057 1.6e-09
1.140529569153686518e-05 2.726636969043244818e+00 2.592149209462790010e-02 1.747558745417166219e-04 2.076336936695505269e-05 6.150323026476500817e-08 3.46 0.0002127849057 1.6e-09
-5.285890025976948360e-05 3.429011857144328879e+00 1.717329193942226939e-02 2.111142560671177442e-04 -5.244919382921354760e-06 -1.891740011247839946e-07 3.46 0.0002127849057 1.6e-09
-3.346540739004969260e-05 1.528475518699760949e+00 -5.994844430451013416e-03 1.208445553515946370e-04 -4.129816205671760378e-05 -2.214345164456306660e-07 3.46 0.0002127849057 1.6e-09
4.017223881792227340e-05 9.269338723053265339e-01 5.235286661315426485e-03 1.080365140954603554e-04 5.282781686700876214e-05 2.443675821796231574e-07 3.46 0.0002127849057 1.6e-09
-4.908573078089611199e-05 3.276270328676770482e+00 4.527539034239187569e-03 2.030818958452694153e-04 9.852975935746977173e-06 -7.670047941980604158e-08 3.46 0.0002127849057 1.6e-09
8.240025254175351119e-05 3.035385803290598261e+00 -4.115546131721079665e-03 1.905345162027528134e-04 -1.512802351083559863e-05 -7.816913417989219533e-08 3.46 0.0002127849057 1.6e-09
1.862463791126633801e-05 5.262985719339166035e-01 -2.992117079621550539e-03 1.263685359021415313e-04 -4.800999043147234451e-05 5.796817836697294921e-07 3.46 0.0002127849057 1.6e-09
1.075129223058922054e-05 2.115105983123189315e+00 -2.699591398857143811e-03 1.452211313700829004e-04 3.060143996895661945e-05 1.954306344390904521e-08 3.46 0.0002127849057 1.6e-09
6.504720619691954024e-05 3.459534330263063673e+00 8.897366077257326056e-04 2.127602736029428896e-04 3.726071253857029635e-07 3.909929310926803338e-08 3.46 0.0002127849057 1.6e-09
-4.451739892263139968e-05 2.202458586863105694e+00 3.559705901136237059e-03 1.492608614841395222e-04 -2.914054083330396553e-05 -5.716286688914542018e-10 3.46 0.0002127849057 1.6e-09
-3.798095784848988131e-05 4.895570720866350700e-01 -5.043301815194297516e-03 1.312652326247729984e-04 4.360820908666953428e-05 -5.473127112660391613e-07 3.46 0.0002127849057 1.6e-09
4.107043359046409520e-05 2.988405100722296481e+00 5.683900155432512757e-03 1.881047301783991897e-04 1.608718765099394974e-05 1.893885913715360747e-07 3.46 0.0002127849057 1.6e-09
-1.983558868886415818e-05 3.314601480930461808e+00 1.932526529270161414e-02 2.050889445388110691e-04 -8.950274354398415948e-06 6.168676911309622051e-08 3.46 0.0002127849057 1.6e-09
3.208737044509994891e-05 1.035363180888323242e+00 9.529985186398325092e-03 1.084809847277069198e-04 -5.095945333975334854e-05 -5.347556539638310742e-07 3.46 0.0002127849057 1.6e-09
-7.803568167607162915e-06 1.407765309333320669e+00 -3.018803782226073436e-03 1.168000981146245722e-04 4.361313219278771264e-05 2.945901139667986737e-07 3.46 0.0002127849057 1.6e-09
-1.801203068159738894e-05 3.406192987924208104e+00 2.109345053977382256e-02 2.099104690587415560e-04 6.117153733755046276e-06 1.695902639580215798e-07 3.46 0.0002127849057 1.6e-09
7.126340629280694607e-05 2.794567789522619528e+00 2.659505103487500716e-02 1.781900389329568474e-04 -1.959814561440887477e-05 -9.750701502581143883e-08 3.46 0.0002127849057 1.6e-09
7.188212572728947414e-05 4.137502385012818973e-01 -2.546817902940394160e-03 1.452264097897657956e-04 -1.930302274213445399e-05 -9.929299047741854739e-07 3.46 0.0002127849057 1.6e-09
7.166154035856911887e-05 2.489427765646115454e+00 1.664257590910080890e-04 1.629886805310199426e-04 2.451968430068858639e-05 2.523205121304809554e-07 3.46 0.0002127849057 1.6e-09
-8.541261235833599635e-05 3.454557095847420989e+00 2.102523387326609566e-02 2.124826677837790144e-04 -2.897080520853277518e-06 1.374882989559260098e-07 3.46 0.0002127849057 1.6e-09
5.406840933104378294e-05 1.820658474144711603e+00 2.038179901959483870e-02 1.322474474912734162e-04 -3.580238519532784433e-05 -2.767622126745247101e-07 3.46 0.0002127849057 1.6e-09
-2.750856887177555415e-05 6.952769233502436030e-01 -1.256280473849671203e-02 1.129644416579262799e-04 5.463178605552219925e-05 -6.177477156000648270e-07 3.46 0.0002127849057 1.6e-09
5.437434605779592906e-05 3.168740784192339621e+00 6.421553152699683610e-03 1.974665514583136207e-04 1.225427686732011808e-05 3.209498110655996590e-07 3.46 0.0002127849057 1.6e-09
-1.474840561904278391e-05 3.151396772086950904e+00 3.134131869889157651e-02 1.965625030504114729e-04 -1.263805150558307961e-05 1.251989603411619173e-07 3.46 0.0002127849057 1.6e-09
-6.739815206970722346e-06 6.669878721038918767e-01 1.066560161452886554e-02 1.144191533280901639e-04 -5.432859620754256326e-05 -1.512303572419966290e-06 3.46 0.0002127849057 1.6e-09
5.610481972164698251e-05 1.863010759350132606e+00 -8.667636571307594379e-03 1.340461042934912935e-04 3.500629713878496168e-05 5.227838720935367269e-07 3.46 0.0002127849057 1.6e-09
2.818713459148520047e-05 3.454586762439920911e+00 3.928444523389576504e-02 2.124884948912133934e-04 2.522284866862988004e-06 3.630347711899031831e-07 3.46 0.0002127849057 1.6e-09
-2.230010377114550541e-05 2.445896630425632878e+00 5.171238847851099274e-02 1.608676263249079292e-04 -2.519075692601330360e-05 -2.462557598341718149e-07 3.46 0.0002127849057 1.6e-09
-3.351392413042023457e-05 4.208189638668693444e-01 -1.159453091883132746e-02 1.435966742776291049e-04 2.398987638539801893e-05 -2.136618710224055788e-06 3.46 0.0002127849057 1.6e-09
1.109851197969080795e-05 2.828852112094378590e+00 2.642609744447299916e-02 1.799263328448154147e-04 1.903860256047304429e-05 6.754800750520351050e-07 3.46 0.0002127849057 1.6e-09
8.881252178710700063e-05 3.399270409435534823e+00 7.092673062684846930e-02 2.095403015190313439e-04 -6.498920871779509757e-06 1.673743283708115152e-07 3.46 0.0002127849057 1.6e-09
4.413839738411883256e-05 1.362230936975856954e+00 3.928126415686628709e-02 1.153862562178906907e-04 -4.450874513354126903e-05 -1.359308615180442654e-06 3.46 0.0002127849057 1.6e-09
3.763299306338745772e-05 1.077970856567198599e+00 -1.248934506289909284e-02 1.089973504271287753e-04 5.010393083412159208e-05 7.109029529997298608e-07 3.46 0.0002127849057 1.6e-09
2.224152880290539402e-05 3.324989334559191434e+00 5.498167157657601195e-02 2.056372611032140788e-04 8.576492924347724095e-06 5.147069828242613585e-07 3.46 0.0002127849057 1.6e-09
4.736632757335821611e-05 2.961512687457344750e+00 7.591315099152651236e-02 1.867223703855166149e-04 -1.654447564194366394e-05 -1.798941551572123747e-07 3.46 0.0002127849057 1.6e-09
2.825297675104934518e-05 4.750320829292301594e-01 1.995705968507933861e-04 1.335650289963323393e-04 -4.082902269414715108e-05 -3.137527303878261856e-06 3.46 0.0002127849057 1.6e-09
4.013576566855090166e-05 2.243849723673689400e+00 1.482337329272799195e-02 1.512017057862156087e-04 2.843369479035994679e-05 9.300418254580309335e-07 3.46 0.0002127849057 1.6e-09
2.481267889023029970e-05 3.457656456731468264e+00 7.924257787791144647e-02 2.126603568220006985e-04 -7.537437362811858462e-07 3.358662189174593905e-07 3.46 0.0002127849057 1.6e-09
1.064431680644481519e-05 2.071161592229576520e+00 6.694630007232207913e-02 1.432165674424440991e-04 -3.131599397937161704e-05 -8.494219447400271192e-07 3.46 0.0002127849057 1.6e-09
-1.624054720065753462e-05 5.461243164472087130e-01 -2.000676639755251049e-02 1.240483103109242839e-04 4.970242886296436674e-05 -5.191927281973209061e-07 3.46 0.0002127849057 1.6e-09
-9.143639045575412431e-07 3.056162470199429215e+00 6.019890187101775703e-02 1.916094771317606704e-04 1.467954621125415545e-05 8.427552569841013081e-07 3.46 0.0002127849057 1.6e-09
4.788252380884822491e-06 3.259282658670683563e+00 1.053867066228432181e-01 2.021908871689468540e-04 -1.023521279518158247e-05 -5.480039729469708434e-09 3.46 0.0002127849057 1.6e-09
5.001675563144569004e-05 8.864994743388115994e-01 2.787262952872769303e-02 1.082027995346216879e-04 -5.336455401972321110e-05 -2.942390348501937872e-06 3.46 0.0002127849057 1.6e-09
1.813562800814884276e-05 1.575390876374924476e+00 8.784031843599441475e-03 1.225493407632856531e-04 4.034058036948120270e-05 1.576060878574815829e-06 3.46 0.0002127849057 1.6e-09
5.150779038832930981e-07 3.430992479602591239e+00 1.102816447886283968e-01 2.112231568436045580e-04 4.847472646941006010e-06 5.544246923744632448e-07 3.46 0.0002127849057 1.6e-09
-3.870198841506539242e-05 2.685700189180274311e+00 1.099084173383255841e-01 1.727036450191197841e-04 -2.134542944084447054e-05 -7.158082705820357514e-07 3.46 0.0002127849057 1.6e-09
-6.510588334998344590e-05 4.025176804646522499e-01 -1.477448425990363773e-02 1.478007286367044267e-04 -4.855500132921735732e-06 -2.909983687703638630e-06 3.46 0.0002127849057 1.6e-09
-2.232265092726083716e-05 2.610706821817328827e+00 6.563715450698009990e-02 1.689634281990878427e-04 2.255907891219668135e-05 1.244798928393273009e-06 3.46 0.0002127849057 1.6e-09
5.179177737240697125e-05 3.441627990473175025e+00 1.329688669551524205e-01 2.117896976615030191e-04 -4.079435163686873452e-06 1.117991818602687922e-07 3.46 0.0002127849057 1.6e-09
-3.905598388380654413e-05 1.676534411972467664e+00 6.884234670363151287e-02 1.263924581807414674e-04 -3.837235102430009933e-05 -1.927256686444928576e-06 3.46 0.0002127849057 1.6e-09
1.002360868849929820e-05 8.018392121285133900e-01 -1.250423835583033827e-02 1.094278345274717523e-04 5.436826777915890522e-05 1.779360884017287145e-06 3.46 0.0002127849057 1.6e-09
6.822361042609049412e-05 3.219495306509371879e+00 1.104842411119569962e-01 2.001175281604250446e-04 1.099251490627069973e-05 8.036957416803939710e-07 3.46 0.0002127849057 1.6e-09
