7.704303787534135960e-06 2.548801684222538277e+00 -4.207573090851953281e-05 1.657590338394558378e-04 -2.580283178842127036e-05 -8.056147798934191906e-10 3.72 0.00022651531634 1.6e-09
-4.100345761458096749e-05 4.035720377840370521e-01 -2.046095993379846642e-03 1.466059029913630897e-04 2.047308291679454992e-05 3.517715232416860136e-08 3.72 0.00022651531634 1.6e-09
4.525740751856914611e-05 2.880586700787040932e+00 3.435082529344424956e-03 1.824273905358616318e-04 2.099938486460435145e-05 5.847562620920844947e-08 3.72 0.00022651531634 1.6e-09
-2.779018882522578333e-05 3.724599213077562254e+00 6.935688462153056025e-03 2.267405730588450204e-04 -2.768702460778544709e-06 1.070423065232986934e-08 3.72 0.00022651531634 1.6e-09
-1.316756935838146378e-05 2.232058260153328533e+00 4.851338439127096842e-03 1.504206636357188743e-04 -3.083412503121999305e-05 -6.718379436087033552e-08 3.72 0.00022651531634 1.6e-09
2.543087868994713699e-05 4.857887833340072126e-01 -5.219628726811845545e-03 1.308066494771346379e-04 4.669693268340069419e-05 -3.721408204355325417e-07 3.72 0.00022651531634 1.6e-09
5.521415662217396048e-05 3.116980004883982858e+00 1.100499560082053574e-02 1.945943671894682036e-04 1.760488449411615921e-05 2.106440233424363036e-07 3.72 0.00022651531634 1.6e-09
9.015711713373898511e-05 3.707784979754829902e+00 2.532265580035278352e-02 2.258171345676381026e-04 -4.993017924705816142e-06 6.084529755699386298e-08 3.72 0.00022651531634 1.6e-09
2.240658649648320355e-05 1.953029861628104324e+00 1.856566321830493971e-02 1.376473751984791296e-04 -3.548141474907012469e-05 -2.883025839861947499e-07 3.72 0.00022651531634 1.6e-09
-5.128277904620086888e-05 6.235123444269110582e-01 -1.059540283017236170e-02 1.162760261906403778e-04 5.594434203592072309e-05 -5.512081918063175289e-07 3.72 0.00022651531634 1.6e-09
1.591248701869184024e-05 3.271100545244627789e+00 1.079826034867820139e-02 2.026471744972140412e-04 1.509514813616375669e-05 3.121464776181903516e-07 3.72 0.00022651531634 1.6e-09
1.030003542356417112e-04 3.653106217363911057e+00 3.482319531683004954e-02 2.228904073213884801e-04 -6.981655363647830675e-06 1.320516237766229951e-07 3.72 0.00022651531634 1.6e-09
-4.606275881985025114e-05 1.655204750825566951e+00 2.705921881294266057e-02 1.252512984071485979e-04 -4.061495725338613752e-05 -5.085173687412755748e-07 3.72 0.00022651531634 1.6e-09
-1.649279684510711428e-05 8.359488772805128143e-01 -1.554365051067974936e-02 1.081921318363861381e-04 5.582024754806490279e-05 -4.006334214615588707e-07 3.72 0.00022651531634 1.6e-09
-2.043222897822030617e-05 3.392677533514221189e+00 8.275374472567707460e-03 2.090653425909644726e-04 1.267921136875365458e-05 3.446190648504513250e-07 3.72 0.00022651531634 1.6e-09
-8.856790465733092030e-05 3.554524571890289586e+00 3.640340048082485458e-02 2.176478283027366871e-04 -9.237182095987997232e-06 1.680666731626050973e-07 3.72 0.00022651531634 1.6e-09
-2.638587609452619547e-05 1.291265195843334102e+00 2.637116632016920856e-02 1.130451969412379616e-04 -4.741253982682358190e-05 -7.836860270779505752e-07 3.72 0.00022651531634 1.6e-09
-4.544592354180201682e-07 1.164069856030478745e+00 -1.551913963974416513e-02 1.100562744759306497e-04 4.989739644730114870e-05 8.670935660308450052e-08 3.72 0.00022651531634 1.6e-09
9.877560709604346926e-05 3.512548301625522562e+00 1.845990859957579583e-02 2.154235758821936714e-04 1.004857148912008136e-05 3.559882236550307078e-07 3.72 0.00022651531634 1.6e-09
9.104864932690899992e-05 3.426093225413147536e+00 4.405934512287712490e-02 2.108393295207360203e-04 -1.189809214708211651e-05 1.036833559472348076e-07 3.72 0.00022651531634 1.6e-09
2.894189738405368969e-05 9.215623029386607046e-01 1.947633591875913214e-02 1.075412061150759677e-04 -5.447783151638694156e-05 -1.346159560986298475e-06 3.72 0.00022651531634 1.6e-09
5.910348321400097781e-05 1.553480334673096763e+00 -7.278393685419949286e-03 1.214587293735181405e-04 4.238263824033583455e-05 6.092622301237604409e-07 3.72 0.00022651531634 1.6e-09
8.410974830173714755e-05 3.621120659628176419e+00 4.575351865177260807e-02 2.211955598696272341e-04 7.511335900960139562e-06 3.978476601118734788e-07 3.72 0.00022651531634 1.6e-09
1.575513904588416879e-05 3.288487619823998731e+00 6.568259485588423541e-02 2.035741767842757079e-04 -1.459433612336356097e-05 -5.969716424379722608e-08 3.72 0.00022651531634 1.6e-09
-7.935333145868257395e-06 6.565201137204306203e-01 1.128914615154649748e-02 1.142426854368546764e-04 -5.631634742573712643e-05 -2.344091060937597183e-06 3.72 0.00022651531634 1.6e-09
-4.448426169190203115e-05 1.900777301822955012e+00 4.687267732266331074e-03 1.353874910686291705e-04 3.626887987942371437e-05 9.409554575068660650e-07 3.72 0.00022651531634 1.6e-09
-4.695724446403692925e-05 3.690302789767883063e+00 7.428646206125373574e-02 2.248908066698989522e-04 5.236847392239471839e-06 4.453864884938755950e-07 3.72 0.00022651531634 1.6e-09
-3.710531470248805918e-05 3.121819858246484003e+00 8.820410952441032348e-02 1.948568796321443650e-04 -1.738205162270331183e-05 -2.523521383746583755e-07 3.72 0.00022651531634 1.6e-09
-1.980420662120673558e-05 4.936005300426687947e-01 2.470044772513389428e-03 1.297653292340832218e-04 -4.736062400117327023e-05 -3.431117824162896641e-06 3.72 0.00022651531634 1.6e-09
-4.968778459528190594e-05 2.213723278315497645e+00 1.640154640424080004e-02 1.495672664439619997e-04 3.106250566636683337e-05 1.061025407065824235e-06 3.72 0.00022651531634 1.6e-09
6.343644868994044754e-05 3.716690626595238189e+00 9.214968954587551830e-02 2.263216318490249008e-04 2.833169278334323036e-06 4.433101828191658170e-07 3.72 0.00022651531634 1.6e-09
5.979563910927108614e-05 2.878862694080957851e+00 9.768583626851237711e-02 1.823440884406806427e-04 -2.094501950180795478e-05 -4.581176002644575609e-07 3.72 0.00022651531634 1.6e-09
-8.329733338994253701e-06 4.047431814810075745e-01 -7.676699956833267502e-03 1.463965264943423985e-04 -2.042727543356615872e-05 -3.676579052331894097e-06 3.72 0.00022651531634 1.6e-09
7.382579510251734644e-05 2.545487154750517789e+00 3.436149273612377347e-02 1.655977964817407166e-04 2.580995146163173095e-05 1.061337263388608629e-06 3.72 0.00022651531634 1.6e-09
4.760164534616500968e-05 3.717068135981831833e+00 1.055344550112801427e-01 2.263590004893362791e-04 -1.343221402530264297e-09 3.471337594724099576e-07 3.72 0.00022651531634 1.6e-09
2.409775653511008072e-07 2.546997076343180844e+00 9.388215136983063536e-02 1.656709806887353561e-04 -2.577499919510293681e-05 -7.632308992615120170e-07 3.72 0.00022651531634 1.6e-09
-6.059927980926442260e-05 4.040045095481754611e-01 -1.685006446001187028e-02 1.464859116659238418e-04 2.036463045474771701e-05 -2.105258984094684162e-06 3.72 0.00022651531634 1.6e-09
8.188503888246195371e-06 2.878724943641593370e+00 6.573980471319695873e-02 1.823336194441665785e-04 2.097228179191195003e-05 1.085611250658625264e-06 3.72 0.00022651531634 1.6e-09
5.397279333352427149e-05 3.719917023634098818e+00 1.306518661664335113e-01 2.264909864079892065e-04 -2.797299426283025177e-06 1.965657936807378588e-07 3.72 0.00022651531634 1.6e-09
6.073103657036352324e-05 2.225933867483755435e+00 9.167827905971021041e-02 1.501337494129741622e-04 -3.085501931027667330e-05 -1.255060472157129940e-06 3.72 0.00022651531634 1.6e-09
6.221880811431078578e-05 4.874405482353736385e-01 -2.086960787734574302e-02 1.305442193067824668e-04 4.682861749537123471e-05 2.884110506367629443e-08 3.72 0.00022651531634 1.6e-09
-5.993252111043019932e-05 3.117673447388461305e+00 9.590762515742232153e-02 1.946279206422192305e-04 1.755859886097093481e-05 1.094765774045222267e-06 3.72 0.00022651531634 1.6e-09
8.677838998627305362e-06 3.705362535625591924e+00 1.545359386728514250e-01 2.256859645944018491e-04 -4.997715673672201980e-06 5.365003560572273864e-08 3.72 0.00022651531634 1.6e-09
-7.159766869960874631e-06 1.952974270475861474e+00 8.840833016523400034e-02 1.376425668241747766e-04 -3.539718293198566737e-05 -1.795179894235244658e-06 3.72 0.00022651531634 1.6e-09
3.000851189659174640e-05 6.224553445181559841e-01 -1.889992698781975400e-02 1.163442911822487326e-04 5.588210771807629827e-05 1.476770065949589717e-06 3.72 0.00022651531634 1.6e-09
7.786778296677292384e-05 3.268083343939754304e+00 1.184677736743803278e-01 2.024866587182150236e-04 1.509497232243023056e-05 1.052575677882901889e-06 3.72 0.00022651531634 1.6e-09
-3.831987037737626144e-06 3.652388275081404068e+00 1.678941871006329745e-01 2.228500882580635323e-04 -6.925775288368389844e-06 -9.521548213491692727e-08 3.72 0.00022651531634 1.6e-09
-4.670938105970098793e-05 1.664769221136272126e+00 7.638577262240621446e-02 1.256189554532334877e-04 -4.034411222103283256e-05 -2.347772663388103545e-06 3.72 0.00022651531634 1.6e-09
-2.558598735570907700e-05 8.277184486799764596e-01 -9.694187245985974588e-03 1.083182865123804054e-04 5.588248532119309585e-05 2.301818282245201390e-06 3.72 0.00022651531634 1.6e-09
8.508144505495649173e-05 3.384692790088679182e+00 1.358447308189171254e-01 2.086444459977574871e-04 1.272203784016144232e-05 9.378295266939549316e-07 3.72 0.00022651531634 1.6e-09
9.539425554430648829e-05 3.552254140178735309e+00 1.703737840256874803e-01 2.175269451169707733e-04 -9.171935006253537656e-06 -2.838848927255780403e-07 3.72 0.00022651531634 1.6e-09
-2.043740328654994169e-05 1.301192425933901387e+00 5.250694653931355788e-02 1.133166429374061384e-04 -4.708993416673108094e-05 -2.998924731329562122e-06 3.72 0.00022651531634 1.6e-09
-4.135603806839685244e-05 1.155324625749651002e+00 1.122636641682677947e-02 1.098898779814049632e-04 4.999328277152783944e-05 2.586603555660544475e-06 3.72 0.00022651531634 1.6e-09
-1.736326767090813291e-05 3.503963344790775647e+00 1.528612307977756102e-01 2.149699276140433523e-04 1.007871248642290696e-05 7.481786885485665669e-07 3.72 0.00022651531634 1.6e-09
-2.852544911406893467e-05 3.420371604465722193e+00 1.656865102724797145e-01 2.105397486172480917e-04 -1.185127806652960586e-05 -5.317437583356533712e-07 3.72 0.00022651531634 1.6e-09
-3.253098950257937662e-05 9.231268983275811024e-01 2.273806564927489254e-02 1.075522337888254194e-04 -5.431336194125198705e-05 -3.642908745897473072e-06 3.72 0.00022651531634 1.6e-09
-4.919793448493323855e-05 1.552860758391856333e+00 4.342000409427634877e-02 1.214336896758492140e-04 4.230933476910052690e-05 2.539474975153435316e-06 3.72 0.00022651531634 1.6e-09
9.849151389081651337e-05 3.616220353610700045e+00 1.745865266494540380e-01 2.209342225911240225e-04 7.497951923184899057e-06 5.410828697574908741e-07 3.72 0.00022651531634 1.6e-09
7.950904346168879760e-05 3.284454731290567864e+00 1.623880356786517876e-01 2.033621327596624845e-04 -1.456835070612303730e-05 -8.274891057331153698e-07 3.72 0.00022651531634 1.6e-09
-3.565707875786629135e-05 6.575316055316287045e-01 -4.462495386852531045e-04 1.141862770836805246e-04 -5.625516787404187969e-05 -3.823574774531383034e-06 3.72 0.00022651531634 1.6e-09
-4.618857592911760083e-06 1.898968404338960969e+00 7.575439559173784143e-02 1.353060736532059522e-04 3.620458688025494551e-05 2.380805349798386957e-06 3.72 0.00022651531634 1.6e-09
-4.954442361120151478e-05 3.686763044994427752e+00 1.943201456130081994e-01 2.246993088992066401e-04 5.257722034600685021e-06 3.587808454791413741e-07 3.72 0.00022651531634 1.6e-09
3.110253607620353010e-06 3.123850369722332765e+00 1.585261637770120635e-01 1.949598388205424056e-04 -1.728671730204851836e-05 -1.128277218209233240e-06 3.72 0.00022651531634 1.6e-09
2.129830530706883641e-05 4.968468792695349134e-01 -1.474458862448176436e-02 1.292778810006414334e-04 -4.778529823055451377e-05 -3.105381593301897775e-06 3.72 0.00022651531634 1.6e-09
-6.105987043691248864e-05 2.203606902616885854e+00 1.010268111077243236e-01 1.490916919360280729e-04 3.112441504560118158e-05 2.088812713963300153e-06 3.72 0.00022651531634 1.6e-09
-6.830603724890447451e-07 3.711744436872445263e+00 2.006197263502749739e-01 2.260557937046192708e-04 2.911169530707251312e-06 1.721622899333819934e-07 3.72 0.00022651531634 1.6e-09
7.335991043455524700e-05 2.884829663270372713e+00 1.428302668634017780e-01 1.826478814946301391e-04 -2.078380783036317447e-05 -1.411816598832305208e-06 3.72 0.00022651531634 1.6e-09
5.136337433324424128e-05 4.062597611790158547e-01 -2.148355016155772262e-02 1.460168656800972195e-04 -2.141596883151281549e-05 -8.609506559014139815e-07 3.72 0.00022651531634 1.6e-09
1.557217286750627890e-05 2.532945957151051086e+00 1.208111973836717423e-01 1.649800226338394194e-04 2.590618671490536653e-05 1.629853086067606064e-06 3.72 0.00022651531634 1.6e-09
-1.736708939335075897e-05 3.711750012222416295e+00 1.905530925566156775e-01 2.260754730287257335e-04 8.295414422007378006e-08 -6.142049833370835949e-08 3.72 0.00022651531634 1.6e-09
-3.969565881901339404e-05 2.552021567917949429e+00 1.106194288010742266e-01 1.659215159353519763e-04 -2.562762123287795559e-05 -1.668756797148489213e-06 3.72 0.00022651531634 1.6e-09
-1.071377152373465365e-05 4.034918872938799694e-01 -1.895665482024535414e-02 1.466078975177671523e-04 1.981353963321430886e-05 2.494887382135647881e-06 3.72 0.00022651531634 1.6e-09
8.233355248142593694e-05 2.870602220022842044e+00 1.428699276666439977e-01 1.819189586380139025e-04 2.102963036020819585e-05 1.196989956094141915e-06 3.72 0.00022651531634 1.6e-09
-2.046340375396336528e-05 3.718312911097855000e+00 1.811254649848971776e-01 2.264049807104115170e-04 -2.716366771661684990e-06 -3.139055325246448241e-07 3.72 0.00022651531634 1.6e-09
5.212276303048954781e-05 2.233978521169722065e+00 7.877066218067620140e-02 1.505121038210211143e-04 -3.070806261454327515e-05 -1.906140827202596546e-06 3.72 0.00022651531634 1.6e-09
2.717957608025185957e-05 4.850391078179723259e-01 -8.861136638975791041e-03 1.309000815455016171e-04 4.641825645582890562e-05 4.374887307836844881e-06 3.72 0.00022651531634 1.6e-09
7.295592206144260186e-05 3.110293943507933534e+00 1.605406615647713697e-01 1.942436099647601552e-04 1.763648630855589621e-05 9.152448327471102044e-07 3.72 0.00022651531634 1.6e-09
-6.462580484088345902e-05 3.707109070556128483e+00 1.761618568068900048e-01 2.257785175653247373e-04 -4.891941445555116604e-06 -5.087554085831526732e-07 3.72 0.00022651531634 1.6e-09
2.329531144566347867e-05 1.966696502818255032e+00 5.577545844479091242e-02 1.382448585900606611e-04 -3.519479868302079054e-05 -2.112669812396769169e-06 3.72 0.00022651531634 1.6e-09
-2.361568788016805216e-05 6.156966473164997566e-01 4.075802134510664657e-03 1.168312559492830013e-04 5.559945621683872840e-05 4.564656942823048763e-06 3.72 0.00022651531634 1.6e-09
-8.141147932786690499e-05 3.259792361542446670e+00 1.648804405333695877e-01 2.020506911601267492e-04 1.522398471819789241e-05 6.984862103038446075e-07 3.72 0.00022651531634 1.6e-09
9.536753551693023540e-05 3.655521229791361293e+00 1.641691464630444242e-01 2.230172012403356437e-04 -6.816311993308815565e-06 -6.353103617257050879e-07 3.72 0.00022651531634 1.6e-09
-4.561130367204177782e-05 1.679864574335236949e+00 3.432905574863576170e-02 1.262101224492298459e-04 -4.012592957748669482e-05 -2.227077192344969083e-06 3.72 0.00022651531634 1.6e-09
-4.971830716450398356e-06 8.173327769436320445e-01 1.978529305712611874e-02 1.085031493306905551e-04 5.588735488970414671e-05 3.810827114862104944e-06 3.72 0.00022651531634 1.6e-09
1.534490136887339443e-05 3.377884520365951992e+00 1.531271596004060986e-01 2.082864499032323628e-04 1.283610685271833952e-05 4.495188539201588760e-07 3.72 0.00022651531634 1.6e-09
-3.753718842385794059e-05 3.554955872907925585e+00 1.368412301455630420e-01 2.176726930806253339e-04 -9.079540318401840889e-06 -7.145162372108973634e-07 3.72 0.00022651531634 1.6e-09
-3.963412162546156743e-05 1.309521011632846843e+00 9.600092438608836057e-03 1.135516762978261830e-04 -4.700655781313624782e-05 -2.117944638085133178e-06 3.72 0.00022651531634 1.6e-09
-1.799984295948342341e-05 1.147694745539456385e+00 4.115191390956944584e-02 1.097452530477200532e-04 5.009778071636387681e-05 2.712116689249878659e-06 3.72 0.00022651531634 1.6e-09
-2.248886314484726173e-05 3.502629649138495616e+00 1.334084678372109423e-01 2.148992756786124016e-04 1.015426575838464021e-05 1.520115916508016683e-07 3.72 0.00022651531634 1.6e-09
1.011298252142658037e-04 3.425465476137435683e+00 9.921801571093558092e-02 2.108089505898958253e-04 -1.180525129484913274e-05 -7.807377417218717587e-07 3.72 0.00022651531634 1.6e-09
-3.236050552574620473e-05 9.282641247923189010e-01 -1.189749945390141186e-02 1.075450077736731045e-04 -5.434359428371085608e-05 -1.465378110670635778e-06 3.72 0.00022651531634 1.6e-09
4.337871205261780669e-05 1.545190751740642909e+00 6.442383150622577048e-02 1.211528960495581689e-04 4.246794708773820259e-05 1.921150276956469991e-06 3.72 0.00022651531634 1.6e-09
1.951890034482328467e-05 3.618797268178692406e+00 1.242007341366425793e-01 2.210690431072483554e-04 7.595665017168145798e-06 -7.854670799339287309e-08 3.72 0.00022651531634 1.6e-09
-5.828834308361920087e-05 3.296060826484695561e+00 7.369906970198009111e-02 2.039698741994765596e-04 -1.446375894092316515e-05 -8.714726744590325846e-07 3.72 0.00022651531634 1.6e-09
-3.868188535703707791e-05 6.660761064028194456e-01 -2.127633213683684937e-02 1.136893515048137968e-04 -5.646077957575578127e-05 -2.839587645375664683e-07 3.72 0.00022651531634 1.6e-09
-9.016490249982462164e-06 1.883480267335448044e+00 7.874925847189973016e-02 1.346358361947720629e-04 3.652068291492706451e-05 1.437517892239452085e-06 3.72 0.00022651531634 1.6e-09
-1.622363798132590059e-05 3.688878521600307714e+00 1.193050238542309183e-01 2.248111999977071428e-04 5.393121174482600434e-06 -1.940194371321084553e-07 3.72 0.00022651531634 1.6e-09
9.146627687324225043e-05 3.138935274633685601e+00 6.017302653870848506e-02 1.957431706070509876e-04 -1.715065753975808537e-05 -9.334260920270811516e-07 3.72 0.00022651531634 1.6e-09
-1.544098221517417244e-06 5.034152149241000185e-01 -2.076012781245140104e-02 1.283556372073909105e-04 -4.862440145854429898e-05 1.129805117212202081e-06 3.72 0.00022651531634 1.6e-09
5.585204722578774022e-05 2.186709145392105036e+00 7.838434954541050048e-02 1.483055788962541182e-04 3.145002355068201281e-05 9.720851005129285612e-07 3.72 0.00022651531634 1.6e-09
-1.029904324951174663e-04 3.713660314710737431e+00 1.012733370884385808e-01 2.261592988826289607e-04 3.050412517579246903e-06 -2.491695341453446110e-07 3.72 0.00022651531634 1.6e-09
8.775945042872093085e-05 2.898299555979545694e+00 4.241849742425365943e-02 1.833382558123060292e-04 -2.066194855808106494e-05 -8.897610515077761303e-07 3.72 0.00022651531634 1.6e-09
4.307974187963534607e-05 4.079139990112472525e-01 -1.390170827615980556e-02 1.456423706754527607e-04 -2.266513252680147749e-05 2.725634992682455807e-06 3.72 0.00022651531634 1.6e-09
2.029139421715773014e-05 2.523141300633842121e+00 6.672589905371811847e-02 1.644969790279134320e-04 2.614297029533271599e-05 4.476032984781133160e-07 3.72 0.00022651531634 1.6e-09
1.243242043101310939e-05 3.716648721744475470e+00 6.616411578466760424e-02 2.263379080773518233e-04 1.835242743353228845e-07 -3.123578737947257373e-07 3.72 0.00022651531634 1.6e-09
-1.510623257354910413e-05 2.566007340160546768e+00 1.346970781945230379e-02 1.666134643574739124e-04 -2.551087896652618546e-05 -7.033301970310453047e-07 3.72 0.00022651531634 1.6e-09
2.978791694675332328e-05 4.015870970108645910e-01 -3.970159398420630703e-03 1.470878271460845455e-04 1.847399387796922696e-05 3.594993558862369348e-06 3.72 0.00022651531634 1.6e-09
-7.692674890746519173e-05 2.864400018384301028e+00 6.237370047459476347e-02 1.816002369707651366e-04 2.123309141787316109e-05 1.429275320268169746e-07 3.72 0.00022651531634 1.6e-09
-8.840315362172848418e-05 3.725279279006620481e+00 4.538841971494028682e-02 2.267775627873788475e-04 -2.614719821739247518e-06 -3.803546540791466882e-07 3.72 0.00022651531634 1.6e-09
4.772032057860156471e-05 2.250597659764236091e+00 -5.240978189584719754e-03 1.512948526951122239e-04 -3.053978426611533425e-05 -5.672925372968946674e-07 3.72 0.00022651531634 1.6e-09
2.445281799831124667e-06 4.788364967451850251e-01 3.763654528577611326e-03 1.318681339533341751e-04 4.557569266597124831e-05 3.029504140770960652e-06 3.72 0.00022651531634 1.6e-09
8.897879762353667801e-05 3.104675361914229992e+00 6.055149914090963287e-02 1.939534440232339434e-04 1.780124488308177700e-05 6.867324856062398475e-08 3.72 0.00022651531634 1.6e-09
9.605269089487071391e-05 3.712272753728959707e+00 4.145600583573884335e-02 2.260563713167496242e-04 -4.830438500576952951e-06 -3.739729366081797303e-07 3.72 0.00022651531634 1.6e-09
4.342328554365564285e-05 1.977878757228451967e+00 -7.148341838053790323e-03 1.387421617028607038e-04 -3.508034946146819572e-05 -5.343006509563793309e-07 3.72 0.00022651531634 1.6e-09
-3.270565878033040985e-05 6.089992448902765698e-01 7.170629786194985394e-03 1.173470018583472975e-04 5.553891946076518432e-05 1.867835047919326264e-06 3.72 0.00022651531634 1.6e-09
-7.669506894192763000e-05 3.258422022852141442e+00 4.736570195007047679e-02 2.019816329488683152e-04 1.530892790596219722e-05 3.944749951387930439e-08 3.72 0.00022651531634 1.6e-09
7.606690567175169180e-05 3.658305535463799885e+00 3.249802147290295484e-02 2.231685561078455794e-04 -6.806577253333662101e-06 -2.891586508323043178e-07 3.72 0.00022651531634 1.6e-09
2.327295712495247891e-05 1.680974101853265124e+00 -5.532779557944955684e-03 1.262575819042142207e-04 -4.016424969463416763e-05 -4.270353144141415522e-07 3.72 0.00022651531634 1.6e-09
-2.964465598842899182e-05 8.159264001356644203e-01 7.569100563981676077e-03 1.085223661031580996e-04 5.605787724613216992e-05 7.543563976703512375e-07 3.72 0.00022651531634 1.6e-09
-1.843607801205982238e-05 3.382250641773785205e+00 2.250770337375147812e-02 2.085160998319014335e-04 1.285667404311514655e-05 -2.880540867379103882e-08 3.72 0.00022651531634 1.6e-09
-8.819525885388509567e-05 3.559622283949196664e+00 1.149321969295323542e-02 2.179205026080484700e-04 -9.085141503984259004e-06 -1.667722238693379661e-07 3.72 0.00022651531634 1.6e-09
-4.538112465778199256e-06 1.312025648992774407e+00 -6.442792327147557445e-03 1.136183552377461291e-04 -4.701303961259871553e-05 -1.175322186679978893e-07 3.72 0.00022651531634 1.6e-09
-2.613332500631905997e-05 1.144398155101752135e+00 7.626327861663278508e-03 1.096714802635516796e-04 5.029918234618523045e-05 1.709125172592896608e-07 3.72 0.00022651531634 1.6e-09
1.149462639313849873e-05 3.506974680211011997e+00 3.565182003310643933e-03 2.151266238703814621e-04 1.020025898004799230e-05 -1.015279180048146292e-07 3.72 0.00022651531634 1.6e-09
2.025788315071278385e-05 3.434866831075530591e+00 -6.947791960321275662e-03 2.113032015577500158e-04 -1.173604450298964600e-05 -8.835136658844301221e-08 3.72 0.00022651531634 1.6e-09
-1.614225095252905040e-05 9.410874291501124533e-01 -7.259761880441166146e-03 1.075275166322207303e-04 -5.417436674745827600e-05 3.173597238149474239e-07 3.72 0.00022651531634 1.6e-09
3.032860414900253872e-05 1.530740152908232510e+00 8.884893842990168600e-03 1.206349900052598566e-04 4.282407951268919332e-05 1.210301475736540922e-07 3.72 0.00022651531634 1.6e-09
-2.764317910250126191e-05 3.617731475476034575e+00 6.332385225225204209e-03 2.210126212077312825e-04 7.687816172444217230e-06 -8.270609590762529039e-08 3.72 0.00022651531634 1.6e-09
-9.541722115994881871e-05 3.302976204842718033e+00 -3.396162409217567263e-03 2.043342252070163103e-04 -1.437543587316714972e-05 -9.358020760942700176e-08 3.72 0.00022651531634 1.6e-09
2.860176622554253402e-05 6.740684420279161593e-01 -4.912217144377093586e-03 1.132577228950063777e-04 -5.658809255551726071e-05 4.107659807214124494e-07 3.72 0.00022651531634 1.6e-09
-3.198962337707998520e-05 1.873067584864126278e+00 7.610925635439099932e-03 1.341940204065009753e-04 3.675023269996495457e-05 2.053963660436466806e-07 3.72 0.00022651531634 1.6e-09
4.722876546991776700e-05 3.687173006622407101e+00 1.652348890661647918e-02 2.247228483664728913e-04 5.432724758173213063e-06 1.414962532726669432e-08 3.72 0.00022651531634 1.6e-09
5.877776175381310036e-05 3.139894354551043598e+00 1.197978975098430710e-02 1.957966092926708215e-04 -1.713200198049523012e-05 -1.057658680552517406e-07 3.72 0.00022651531634 1.6e-09
-5.253207707972940390e-05 5.040509853412159513e-01 -1.920985375987752704e-03 1.282965201531821023e-04 -4.877370679182950616e-05 -7.867303894556936003e-08 3.72 0.00022651531634 1.6e-09
2.362494943470764788e-05 2.187216252428788810e+00 -3.844116055529377390e-04 1.483282632442674558e-04 3.149390378067253894e-05 1.984216265825200904e-07 3.72 0.00022651531634 1.6e-09
4.154522393324655544e-05 3.715703220065891266e+00 1.611682449380339235e-02 2.262685512249434938e-04 3.043451715323743648e-06 1.163051681038887453e-07 3.72 0.00022651531634 1.6e-09
-5.696191035445279007e-05 2.900365582043241908e+00 2.051141605173970733e-02 1.834447244059232143e-04 -2.064798528293365827e-05 -5.870141457105378772e-08 3.72 0.00022651531634 1.6e-09
3.260723900665097230e-05 4.078563817948833714e-01 -1.404166564260728514e-03 1.456709264679388041e-04 -2.295564331291121481e-05 -8.683135488255712802e-07 3.72 0.00022651531634 1.6e-09
2.108389078364338926e-05 2.522715061705564921e+00 -7.526221069998629762e-03 1.644726687760102450e-04 2.619208928794498057e-05 1.481691595463194982e-07 3.72 0.00022651531634 1.6e-09
1.148032265909938168e-05 3.719958588716161252e+00 9.445649825397745350e-03 2.265129231270336110e-04 2.196455708491605704e-07 1.545249149995718497e-07 3.72 0.00022651531634 1.6e-09
1.809102322314650976e-05 2.574605589633929714e+00 1.900387279384169181e-02 1.670359362923178764e-04 -2.541308766002013436e-05 -1.381462116402482988e-08 3.72 0.00022651531634 1.6e-09
3.869853036122656274e-05 4.003512932614851083e-01 -4.772374787730817441e-03 1.473956832689139219e-04 1.760901502306131360e-05 -1.288611736079943440e-06 3.72 0.00022651531634 1.6e-09
7.728017700386344898e-05 2.857905070961124228e+00 3.005658338495572311e-03 1.812729195637289637e-04 2.130874780110615681e-05 2.660190514912861977e-07 3.72 0.00022651531634 1.6e-09
4.484711575506427890e-05 3.723635002633393754e+00 2.497684080384423785e-02 2.266917114750007151e-04 -2.591732666582171479e-06 1.453476002817094110e-07 3.72 0.00022651531634 1.6e-09
7.465056267624720098e-05 2.251894888946375239e+00 2.650508175833285116e-02 1.513596321485521988e-04 -3.050334150412357663e-05 -2.041152653478810968e-07 3.72 0.00022651531634 1.6e-09
-2.372826422465543423e-05 4.782996598097664642e-01 -1.058146225996509093e-02 1.319502732441807900e-04 4.553228702957153517e-05 -1.082691726018970233e-06 3.72 0.00022651531634 1.6e-09
-8.680656921950343679e-05 3.103833803859055607e+00 1.839823174688849650e-02 1.939109895899879352e-04 1.780621276173101558e-05 4.390630006026956980e-07 3.72 0.00022651531634 1.6e-09
-1.324179687570416707e-05 3.709704513928998804e+00 5.008884488087916170e-02 2.259209038167057817e-04 -4.849636661699941459e-06 1.580220650434403573e-07 3.72 0.00022651531634 1.6e-09
-4.522594025625306679e-05 1.971828219340633570e+00 3.993950993221533075e-02 1.384794729625526944e-04 -3.514869427087416513e-05 -5.556582121703200746e-07 3.72 0.00022651531634 1.6e-09
2.297516644477398196e-07 6.119778746907638123e-01 -1.635017083172109198e-02 1.171083626812788125e-04 5.564140473596038171e-05 -6.553804411587801322e-07 3.72 0.00022651531634 1.6e-09
-6.164847487209360955e-07 3.262078620213460844e+00 2.718851734930181202e-02 2.021718071870447025e-04 1.526426755860801546e-05 5.438488263650949891e-07 3.72 0.00022651531634 1.6e-09
2.095291026434326320e-05 3.659182794437445096e+00 6.579682306443264406e-02 2.232137331960471892e-04 -6.821353508074552392e-06 1.751390080236991283e-07 3.72 0.00022651531634 1.6e-09
-1.263088892908732785e-05 1.681226026054725597e+00 4.603693593474196544e-02 1.262644964291601045e-04 -4.014136329621701045e-05 -9.299706040975556194e-07 3.72 0.00022651531634 1.6e-09
-1.003945436578796143e-05 8.145572975480181999e-01 -1.949132330113678702e-02 1.085342402854837587e-04 5.608280679778977973e-05 -7.929973198894379406e-08 3.72 0.00022651531634 1.6e-09
-3.334309530630911859e-05 3.382793141771688106e+00 3.429997918060107009e-02 2.085415615854620199e-04 1.288274855459891590e-05 5.712673113542252007e-07 3.72 0.00022651531634 1.6e-09
-2.524327468484635644e-05 3.563733867246725140e+00 7.329483776218197189e-02 2.181362528325175767e-04 -9.036760080624839749e-06 1.448841859083179498e-07 3.72 0.00022651531634 1.6e-09
-2.906954252697323873e-05 1.323766650880618734e+00 4.093925538626807387e-02 1.139425632591145219e-04 -4.675090009085330271e-05 -1.415120193827265839e-06 3.72 0.00022651531634 1.6e-09
-2.914412112480943925e-05 1.132388252495880376e+00 -1.538721010107134066e-02 1.094556927791037792e-04 5.051949878761941790e-05 6.005478983634575091e-07 3.72 0.00022651531634 1.6e-09
-3.827338640461006827e-05 3.501382129375329555e+00 5.140505858315676940e-02 2.148311551154572256e-04 1.026856352769404585e-05 5.557618285851395270e-07 3.72 0.00022651531634 1.6e-09
1.826831722035465467e-05 3.434892375244487095e+00 8.324115690900979470e-02 2.113062387441333760e-04 -1.167952255104129106e-05 1.462059319081963694e-08 3.72 0.00022651531634 1.6e-09
3.408040142657324197e-05 9.471420642274058777e-01 2.759433604059793876e-02 1.075367029636616545e-04 -5.399118505624659741e-05 -2.200652718287358219e-06 3.72 0.00022651531634 1.6e-09
5.267384376678541314e-05 1.524558124996959307e+00 -6.892086466476071704e-04 1.204224279571277636e-04 4.290434322398027118e-05 1.140775226101493680e-06 3.72 0.00022651531634 1.6e-09
2.849280030072064970e-05 3.612798507443162332e+00 8.224895478065909205e-02 2.207524763828017263e-04 7.687812956146883447e-06 5.430841843372503503e-07 3.72 0.00022651531634 1.6e-09
5.467879499838199293e-05 3.297523264409443655e+00 1.025117151549179428e-01 2.040500679308953106e-04 -1.439816501506411647e-05 -2.112588908094578748e-07 3.72 0.00022651531634 1.6e-09
3.364622106367263956e-05 6.720813601610748922e-01 1.327141674661078997e-02 1.133797445463549756e-04 -5.643175558958069232e-05 -3.251801659251570186e-06 3.72 0.00022651531634 1.6e-09
3.308893335962287212e-05 1.877328301528864873e+00 1.915633279941376943e-02 1.343768884506045514e-04 3.664751000785277307e-05 1.434541710077083693e-06 3.72 0.00022651531634 1.6e-09
-8.587647841454528678e-05 3.685938939413369475e+00 1.136565248044087706e-01 2.246561143384106455e-04 5.401396706732667600e-06 5.265039422585058418e-07 3.72 0.00022651531634 1.6e-09
8.548880279696146798e-05 3.135807066142169752e+00 1.211665805163892884e-01 1.955829750483947793e-04 -1.715160437361376252e-05 -4.713463506419498495e-07 3.72 0.00022651531634 1.6e-09
3.002983431100541729e-05 5.038649388372328231e-01 3.905331841683016853e-04 1.283141407565859438e-04 -4.860405508477743514e-05 -4.089876574125693283e-06 3.72 0.00022651531634 1.6e-09
-1.215016545101532566e-05 2.188589910166343522e+00 3.878304383914242537e-02 1.483881282890487123e-04 3.144863212373348528e-05 1.505519931995705876e-06 3.72 0.00022651531634 1.6e-09
9.428851782043734270e-05 3.714700044016659319e+00 1.343381301830373353e-01 2.262126845975568072e-04 3.035230736109478874e-06 4.633240043900324289e-07 3.72 0.00022651531634 1.6e-09
-2.440316017327490183e-06 2.901545822239667505e+00 1.265862372612309161e-01 1.835019870786354119e-04 -2.058956793493420124e-05 -7.523170485010242116e-07 3.72 0.00022651531634 1.6e-09
-4.697294353070914001e-05 4.092404734333747740e-01 -1.148669372335838282e-02 1.453345528207527723e-04 -2.345083769228935571e-05 -3.766015503659966186e-06 3.72 0.00022651531634 1.6e-09
3.925663670621202367e-05 2.516276542527026372e+00 6.210900058477621111e-02 1.641573610865613205e-04 2.622506445762926754e-05 1.415400655674811643e-06 3.72 0.00022651531634 1.6e-09
-4.745358917345909226e-05 3.715043929646285825e+00 1.467086057495303741e-01 2.262507465398708260e-04 2.419096240812531041e-07 3.116854901169185042e-07 3.72 0.00022651531634 1.6e-09
-3.639511928043868890e-05 2.573601200921138421e+00 1.163041976403402511e-01 1.669881860245294336e-04 -2.533643985645366487e-05 -1.115689956811133103e-06 3.72 0.00022651531634 1.6e-09
-3.511163282613842518e-05 4.005886832096204886e-01 -1.971508871611704281e-02 1.473167948073862308e-04 1.731990391522385121e-05 -1.443092894981917494e-06 3.72 0.00022651531634 1.6e-09
5.225885534326283840e-05 2.853738994955975272e+00 9.551505790695369313e-02 1.810612169849095256e-04 2.129402220027670176e-05 1.307528122751009824e-06 3.72 0.00022651531634 1.6e-09
8.608669366459054562e-05 3.718371986112169125e+00 1.651809091648338557e-01 2.264105434449043615e-04 -2.592440910195557366e-06 1.048520892361707025e-07 3.72 0.00022651531634 1.6e-09
-2.124707001563192174e-05 2.249336951579972155e+00 1.044794880588394981e-01 1.512414379445356548e-04 -3.043632238735765911e-05 -1.607749179948993764e-06 3.72 0.00022651531634 1.6e-09
5.509007683800244844e-05 4.785804185773603336e-01 -2.055948865105050941e-02 1.318974065709319109e-04 4.548156569755408790e-05 1.140621551065547718e-06 3.72 0.00022651531634 1.6e-09
-7.043703354157432013e-05 3.101003989925623650e+00 1.269528151019736484e-01 1.937621094304054848e-04 1.778230926822467394e-05 1.211674347394036752e-06 3.72 0.00022651531634 1.6e-09
5.552455653526126801e-05 3.706953236374151306e+00 1.827350678650765947e-01 2.257718951692451166e-04 -4.826107029633087066e-06 -8.866909550888178938e-08 3.72 0.00022651531634 1.6e-09
6.847447703073603401e-05 1.976401449204101546e+00 9.305198712830498042e-02 1.386769752120146698e-04 -3.498748263588410739e-05 -2.115217302494920892e-06 3.72 0.00022651531634 1.6e-09
3.346946258258927268e-05 6.086987806270309775e-01 -1.471223953941499206e-02 1.173509492370784324e-04 5.551095223608176331e-05 2.609693024460424957e-06 3.72 0.00022651531634 1.6e-09
8.873588568347337633e-05 3.255458607999240250e+00 1.492306465842932195e-01 2.018231462225576170e-04 1.529249635827833358e-05 1.098598982719403575e-06 3.72 0.00022651531634 1.6e-09
-2.275374034583273214e-05 3.657916104267941115e+00 1.906423566641796130e-01 2.231445362367409820e-04 -6.736287624312066619e-06 -2.702195861743618123e-07 3.72 0.00022651531634 1.6e-09
-5.037312449562728143e-05 1.693889080090761556e+00 7.548210923583345555e-02 1.267624188829667145e-04 -3.981697283176321176e-05 -2.603836579248490859e-06 3.72 0.00022651531634 1.6e-09
2.414682067778231215e-06 8.049623343021381494e-01 -1.899960118853600156e-03 1.087222743972930211e-04 5.611102338995275400e-05 3.184657361509471676e-06 3.72 0.00022651531634 1.6e-09
5.644165261922585595e-05 3.372684036298150279e+00 1.626791671246362592e-01 2.080089786390492790e-04 1.294575337679258997e-05 9.263062811393402517e-07 3.72 0.00022651531634 1.6e-09
-7.229519746440769769e-05 3.561573177966068648e+00 1.859970014740121858e-01 2.180220206446325496e-04 -8.932487851704897115e-06 -4.667171947637624867e-07 3.72 0.00022651531634 1.6e-09
4.447645975141135174e-05 1.335693178961598448e+00 4.791831142378180641e-02 1.142843692228313375e-04 -4.642615543272440924e-05 -3.111102820594220947e-06 3.72 0.00022651531634 1.6e-09
8.881730494199836985e-07 1.122383769060955050e+00 2.183971072451431489e-02 1.092883779862782240e-04 5.060233003183419213e-05 3.094726042934642426e-06 3.72 0.00022651531634 1.6e-09
-4.496674579409098998e-05 3.492162435314103419e+00 1.708410816698957280e-01 2.143439563417820016e-04 1.031406375345152973e-05 6.755702375021227919e-07 3.72 0.00022651531634 1.6e-09
-5.527191709126944160e-05 3.431083714863243816e+00 1.704512421499408403e-01 2.111071689560764888e-04 -1.160747666536545722e-05 -6.948282347225776899e-07 3.72 0.00022651531634 1.6e-09
-4.995046239745314613e-06 9.512300556073344238e-01 1.601919026380865807e-02 1.075528243206476733e-04 -5.385307511010136697e-05 -3.445553030285627734e-06 3.72 0.00022651531634 1.6e-09
-1.421555000912337811e-05 1.520629380038441170e+00 5.559930391074030531e-02 1.202804776802089259e-04 4.287686788662996805e-05 2.742298747173270535e-06 3.72 0.00022651531634 1.6e-09
9.880258821264289375e-05 3.608008320572477778e+00 1.826997710401795094e-01 2.204966885315565151e-04 7.708482214069352557e-06 4.141145977041319179e-07 3.72 0.00022651531634 1.6e-09
3.428398121079322277e-05 3.297352945605011243e+00 1.561342553420073109e-01 2.040407376040453925e-04 -1.432849330058317113e-05 -9.562337068693784477e-07 3.72 0.00022651531634 1.6e-09
7.651491720581195851e-06 6.756736424232840932e-01 -6.930869032737377138e-03 1.131896027188153712e-04 -5.648050575880700114e-05 -3.159379657601960043e-06 3.72 0.00022651531634 1.6e-09
1.502710213065800948e-05 1.870439705970961430e+00 8.719374177944963500e-02 1.340770563000935449e-04 3.667729496497691049e-05 2.405561485812303156e-06 3.72 0.00022651531634 1.6e-09
-1.045512451933512275e-04 3.682949324908997291e+00 1.945865706427751807e-01 2.244938594087421218e-04 5.471371589077035950e-06 2.057989649555191575e-07 3.72 0.00022651531634 1.6e-09
-9.229647026565748194e-05 3.142720587604376448e+00 1.451192944520917627e-01 1.959413834453967314e-04 -1.700168176023005934e-05 -1.211758506474072932e-06 3.72 0.00022651531634 1.6e-09
8.128224032247337316e-06 5.088351678505782516e-01 -1.884218905446890385e-02 1.276270178275537267e-04 -4.922439223126474895e-05 -2.016155984498303831e-06 3.72 0.00022651531634 1.6e-09
-2.866378977456532956e-05 2.173654398726000636e+00 1.085624369971988634e-01 1.476905692661760450e-04 3.160876431742900834e-05 2.003885421009463838e-06 3.72 0.00022651531634 1.6e-09
-4.009161136789698781e-05 3.711161947816697726e+00 1.934541229394842188e-01 2.260221732640770075e-04 3.165225237644692613e-06 2.309394679234168837e-08 3.72 0.00022651531634 1.6e-09
-3.899358103577371166e-05 2.912807890871712324e+00 1.254823670419131232e-01 1.840780173793236019e-04 -2.039088774646949861e-05 -1.422247729879507066e-06 3.72 0.00022651531634 1.6e-09
3.412176076348070227e-05 4.114369776203132822e-01 -2.199175261921266708e-02 1.448117953613373989e-04 -2.476864202233310808e-05 3.698309120680066837e-07 3.72 0.00022651531634 1.6e-09
1.757738613121207866e-05 2.500277836020141198e+00 1.203670355830357697e-01 1.633723757551110069e-04 2.641052016717787502e-05 1.452461801720093088e-06 3.72 0.00022651531634 1.6e-09
-1.252112969650857595e-05 3.712263502132757687e+00 1.733279656443198202e-01 2.261030704367037109e-04 3.622532808893132763e-07 -1.851335930526147763e-07 3.72 0.00022651531634 1.6e-09
-3.958034698522429600e-05 2.584265946406802072e+00 8.995809259289791471e-02 1.675188993337715340e-04 -2.516251091401006747e-05 -1.555145357121430052e-06 3.72 0.00022651531634 1.6e-09
5.628083738510527721e-05 3.996830369303894237e-01 -1.602680977177766211e-02 1.475470670667409297e-04 1.631775881765130213e-05 3.423220806405528018e-06 3.72 0.00022651531634 1.6e-09
4.332896580547575813e-05 2.843625100985972765e+00 1.332687841113240901e-01 1.805455519979892558e-04 2.143559533602191553e-05 9.569981988206581754e-07 3.72 0.00022651531634 1.6e-09
1.097024148879859740e-04 3.719917543128714144e+00 1.537031823842437972e-01 2.264933233663472638e-04 -2.485449499627576922e-06 -4.073029505973983699e-07 3.72 0.00022651531634 1.6e-09
-2.471051598805216025e-05 2.262390300538814181e+00 5.550360484719901039e-02 1.518586000510445465e-04 -3.027103221542904338e-05 -1.643752391364013074e-06 3.72 0.00022651531634 1.6e-09
-4.009443012061268284e-06 4.747589643127050341e-01 -4.293713458428622537e-03 1.325003224576370574e-04 4.478567779269745496e-05 4.756165698322117488e-06 3.72 0.00022651531634 1.6e-09
-3.952756181782598826e-05 3.093220454597860325e+00 1.439828611063178609e-01 1.933569506985534066e-04 1.792698125571943752e-05 6.676259287398592472e-07 3.72 0.00022651531634 1.6e-09
-8.264280060976291929e-05 3.711955030650306853e+00 1.436328902314513711e-01 2.260391118102062576e-04 -4.698456396390880085e-06 -5.623977311311944266e-07 3.72 0.00022651531634 1.6e-09
-1.545958986107056688e-06 1.993712287765919022e+00 3.404948533234790353e-02 1.394454417409169344e-04 -3.477501109284583094e-05 -1.728167679369695571e-06 3.72 0.00022651531634 1.6e-09
4.965556689352408501e-05 6.000881486893216987e-01 7.923068430499717596e-03 1.180347599223359023e-04 5.513728351899389017e-05 4.448096223903980862e-06 3.72 0.00022651531634 1.6e-09
-7.061764792646750208e-05 3.248096415632567346e+00 1.415544576216183903e-01 2.014366531383552359e-04 1.546144616889691268e-05 4.695751295058981164e-07 3.72 0.00022651531634 1.6e-09
1.246333039368420546e-05 3.663820203648291418e+00 1.288635542362304709e-01 2.234603734690608851e-04 -6.622334193135103394e-06 -6.329169755110158944e-07 3.72 0.00022651531634 1.6e-09
4.898309299895073913e-05 1.710239352397649792e+00 1.721328117962532198e-02 1.274116267495105977e-04 -3.962954340557954292e-05 -1.718019152849452836e-06 3.72 0.00022651531634 1.6e-09
-5.264391780977687975e-05 7.932536525695741414e-01 2.044368035985749676e-02 1.089746875927979561e-04 5.618490545034541389e-05 3.351902946854604506e-06 3.72 0.00022651531634 1.6e-09
-7.453516059105709838e-05 3.368136435815885399e+00 1.223822076328883457e-01 2.077701650781185174e-04 1.308370601226475707e-05 2.513138765667591912e-07 3.72 0.00022651531634 1.6e-09
4.173122344270187908e-05 3.566966623181780704e+00 9.942236706268506308e-02 2.183104523380220621e-04 -8.863858273307037266e-06 -6.410163177268437226e-07 3.72 0.00022651531634 1.6e-09
-3.561870341247224130e-05 1.345021827232967038e+00 -9.704111778524461118e-04 1.145631057297245435e-04 -4.634430344217227703e-05 -1.453329985868616567e-06 3.72 0.00022651531634 1.6e-09
-4.547432358766072746e-05 1.113222915191152129e+00 3.578908825259058402e-02 1.091290138371439329e-04 5.082301293764879345e-05 2.120484965400927644e-06 3.72 0.00022651531634 1.6e-09
4.022135849908803416e-05 3.493331353657216809e+00 9.587821214431155314e-02 2.144054158563531826e-04 1.040198575846239180e-05 -4.337248290563985103e-09 3.72 0.00022651531634 1.6e-09
6.133438335930762925e-05 3.439758756661937866e+00 6.092677110439102817e-02 2.115651220357395710e-04 -1.155177591500425811e-05 -6.324889427600982448e-07 3.72 0.00022651531634 1.6e-09
-3.290159470195716963e-05 9.604412206000882968e-01 -1.595661120053157300e-02 1.075713115725818121e-04 -5.379916705816580795e-05 -6.786070127076372383e-07 3.72 0.00022651531634 1.6e-09
-1.565098190970470269e-06 1.508574811835104779e+00 5.162284710753066441e-02 1.198499194686069761e-04 4.319006645875538074e-05 1.359339856154304417e-06 3.72 0.00022651531634 1.6e-09
-1.054669378615222312e-05 3.611339362844551815e+00 8.308044417388538161e-02 2.206714980669568203e-04 7.833590282686368539e-06 -1.807840834009665998e-07 3.72 0.00022651531634 1.6e-09
-9.114737891851219483e-06 3.311650665288785156e+00 3.765226537452749656e-02 2.047899647279511509e-04 -1.420889615091935795e-05 -6.612135054098606995e-07 3.72 0.00022651531634 1.6e-09
5.136700954182600647e-05 6.879197324562894567e-01 -2.062616200521967535e-02 1.125594511252674227e-04 -5.664715850610830541e-05 4.289732297261213459e-07 3.72 0.00022651531634 1.6e-09
-8.805427270291831264e-06 1.851138583807560245e+00 5.951268982225471627e-02 1.332526978659514865e-04 3.710509702938815708e-05 9.590989934302534614e-07 3.72 0.00022651531634 1.6e-09
-1.046086329225299908e-04 3.684807830184877009e+00 7.819033210087644736e-02 2.245928270230930144e-04 5.620481138181973798e-06 -2.347966867936031220e-07 3.72 0.00022651531634 1.6e-09
5.435424130236113729e-05 3.158051480965712532e+00 2.977009770971209696e-02 1.967392280132071935e-04 -1.686546996559046659e-05 -6.734185890693467672e-07 3.72 0.00022651531634 1.6e-09
2.626496221739343129e-05 5.166418281281937031e-01 -1.727937818443926049e-02 1.266082955648273648e-04 -5.007760650232316493e-05 1.462765220445037291e-06 3.72 0.00022651531634 1.6e-09
-6.200345585148707385e-05 2.156479642659457241e+00 5.390933342942307027e-02 1.468946727993140976e-04 3.197895844406278755e-05 5.945634437940049200e-07 3.72 0.00022651531634 1.6e-09
-1.102024245905970423e-04 3.713345440389753893e+00 6.245752111855883137e-02 2.261402199301597500e-04 3.296987185591235287e-06 -2.252632556511859286e-07 3.72 0.00022651531634 1.6e-09
-1.486278962618600556e-05 2.926004127979320302e+00 1.989546499680245120e-02 1.847560835859838419e-04 -2.027102386086916181e-05 -5.839689842323470413e-07 3.72 0.00022651531634 1.6e-09
5.984113698159663027e-05 4.134596223362455580e-01 -9.884958808222583590e-03 1.443681960931347558e-04 -2.613904812762010238e-05 2.326139960640737818e-06 3.72 0.00022651531634 1.6e-09
-7.839822576129980888e-05 2.490595636004803382e+00 3.792095501232074783e-02 1.628948618322370481e-04 2.666645350673246083e-05 1.832018812697258300e-07 3.72 0.00022651531634 1.6e-09
-1.015337255538711393e-04 3.717774873322950757e+00 3.097204327191371148e-02 2.263973443516043406e-04 4.760710690309180399e-07 -2.265191414827519496e-07 3.72 0.00022651531634 1.6e-09
1.055519712446580154e-05 2.600733398647983030e+00 -5.782237305238656800e-04 1.683353053202811631e-04 -2.500304670072567826e-05 -3.631608826447144169e-07 3.72 0.00022651531634 1.6e-09
-3.258344627133024317e-05 3.975376992706745050e-01 -2.137360857024814438e-03 1.480939035623954434e-04 1.459723167447651627e-05 2.495574704810261569e-06 3.72 0.00022651531634 1.6e-09
3.145931228520660325e-05 2.834538090552790379e+00 3.162031117519805562e-02 1.800824188101104539e-04 2.165669346459380367e-05 -9.068685993606283474e-09 3.72 0.00022651531634 1.6e-09
1.003186011167224087e-04 3.725487569780979946e+00 1.553202027378043984e-02 2.267916044798643340e-04 -2.373295237147004881e-06 -2.479391222155375126e-07 3.72 0.00022651531634 1.6e-09
-2.961494222452311299e-06 2.280191374113869518e+00 -1.161934560835068894e-02 1.527021284068526719e-04 -3.005577628640182145e-05 -2.318840324019733526e-07 3.72 0.00022651531634 1.6e-09
4.734009546242891374e-05 4.682423632420649184e-01 1.960395011877844387e-03 1.335854636942999463e-04 4.380063612578889265e-05 1.751437023101128553e-06 3.72 0.00022651531634 1.6e-09
6.736484470199185300e-05 3.085599695212535742e+00 3.154503566205328624e-02 1.929650606229013317e-04 1.808407788476811830e-05 1.381234404433642622e-08 3.72 0.00022651531634 1.6e-09
-2.762910182502592560e-05 3.714565772588839465e+00 1.947052945544649333e-02 2.261815423822884639e-04 -4.634994126083448587e-06 -2.109361667634361922e-07 3.72 0.00022651531634 1.6e-09
9.049037762058224693e-06 2.002495126312505480e+00 -6.202466709359241714e-03 1.398417421144912561e-04 -3.466133332250544662e-05 -2.570083097313211562e-07 3.72 0.00022651531634 1.6e-09
8.174552516629389275e-06 5.947598124155436539e-01 1.539949582187896075e-03 1.184751685093350865e-04 5.512347776323462127e-05 7.686743994902035194e-07 3.72 0.00022651531634 1.6e-09
-5.423665246364407403e-05 3.246912408792108629e+00 2.230907720468437022e-02 2.013771471494733584e-04 1.551995323256317381e-05 5.881473812210156300e-08 3.72 0.00022651531634 1.6e-09
1.044464103267953779e-04 3.665193519597234051e+00 1.887897362493964198e-02 2.235358424254217050e-04 -6.626383189763808250e-06 -1.105315372455563483e-07 3.72 0.00022651531634 1.6e-09
-1.351489797233491750e-05 1.710385066266711940e+00 1.122719595526368557e-03 1.274236432131047839e-04 -3.964604866945376806e-05 -2.514494392822623161e-07 3.72 0.00022651531634 1.6e-09
-2.772056202810538962e-05 7.925644754885712295e-01 -1.722586652772250225e-03 1.089805559984173403e-04 5.633403709873572457e-05 2.242986472924803896e-08 3.72 0.00022651531634 1.6e-09
-4.258011871392389312e-05 3.372107587755328595e+00 4.097499492774171401e-03 2.079776670039936272e-04 1.309692168081242212e-05 5.375626528647457982e-08 3.72 0.00022651531634 1.6e-09
3.071806851920783787e-05 3.572230030194471162e+00 7.401651645007811461e-03 2.185887207840456236e-04 -8.848021592772268955e-06 7.353949031509903070e-09 3.72 0.00022651531634 1.6e-09
-6.629421712320449919e-06 1.352043044793330040e+00 3.630120445136628647e-03 1.147638425418676800e-04 -4.624503252233436228e-05 -1.360448364377872969e-07 3.72 0.00022651531634 1.6e-09
-2.561251337244295652e-07 1.105791718752004105e+00 -4.573609041079876661e-03 1.089995120633303411e-04 5.106228472927949443e-05 -1.755705141940885620e-07 3.72 0.00022651531634 1.6e-09
-5.105063462169537141e-05 3.494502607608330536e+00 -6.593797741530344272e-03 2.144642543962368628e-04 1.048059817729377107e-05 3.300965352966721269e-08 3.72 0.00022651531634 1.6e-09
1.145638674809240697e-05 3.448780105619081660e+00 -1.269805576266241475e-03 2.120399244488482761e-04 -1.145156303026771886e-05 6.349218118442357552e-08 3.72 0.00022651531634 1.6e-09
2.656409851394741177e-05 9.765479032647942370e-01 3.115561955713108677e-03 1.076157872219750042e-04 -5.355146997828483496e-05 -5.145202900445913454e-08 3.72 0.00022651531634 1.6e-09
3.464464829465278579e-05 1.490954851800910141e+00 -3.736180008082663415e-03 1.192424242628717905e-04 4.355954348384854293e-05 4.910899672562828263e-08 3.72 0.00022651531634 1.6e-09
5.992677212725455759e-05 3.607102098604141993e+00 4.450884818197190992e-03 2.204475813192230632e-04 7.926186648351503719e-06 8.011094744120527588e-08 3.72 0.00022651531634 1.6e-09
7.685668277741655242e-06 3.316017852173448688e+00 1.010410397323767244e-02 2.050217954383907202e-04 -1.412125805191275528e-05 1.956139536414746033e-08 3.72 0.00022651531634 1.6e-09
-2.159759219859165461e-06 6.951814550789812142e-01 3.065918102507387503e-03 1.122330708180905760e-04 -5.669394309967224431e-05 -4.032531805117461342e-07 3.72 0.00022651531634 1.6e-09
1.313783150634293946e-06 1.842154007336510357e+00 -1.890336879979513792e-03 1.328771249231983000e-04 3.727596527656913672e-05 3.051183117790108376e-07 3.72 0.00022651531634 1.6e-09
3.191601482155848794e-05 3.682041227448823228e+00 2.349256605978727874e-02 2.244477307546826911e-04 5.644388189938978316e-06 1.826024856803752397e-07 3.72 0.00022651531634 1.6e-09
-3.531152105282302754e-05 3.157290723404240662e+00 3.167219626887467915e-02 1.967031785090913015e-04 -1.684837116719344161e-05 -5.295398220856103133e-08 3.72 0.00022651531634 1.6e-09
-3.641984559582113847e-05 5.168423028203197322e-01 2.303534908391636528e-03 1.266116281384888119e-04 -5.011715666746066969e-05 -1.301634336232294546e-06 3.72 0.00022651531634 1.6e-09
7.205227475585403499e-05 2.157567426624320106e+00 -3.426958411408204293e-03 1.469447921501310073e-04 3.198177352088631814e-05 4.178048323186479722e-07 3.72 0.00022651531634 1.6e-09
9.894742861287564642e-05 3.715095630748788125e+00 3.323261649383189853e-02 2.262328243304130777e-04 3.289130830687453011e-06 2.722179440461410525e-07 3.72 0.00022651531634 1.6e-09
8.572615031740216042e-06 2.928988576139873956e+00 4.532507976559080332e-02 1.849074158052443993e-04 -2.024398861173459265e-05 -9.819261330647509905e-08 3.72 0.00022651531634 1.6e-09
-7.137542653770690174e-05 4.140719308520915964e-01 -1.391319430079078056e-03 1.442440898190615816e-04 -2.652021173239842608e-05 -2.251907336291289466e-06 3.72 0.00022651531634 1.6e-09
-9.683561153246193439e-06 2.487220325593231252e+00 -2.485546574535769156e-03 1.627272657706825500e-04 2.673341086752757136e-05 4.382657484509323369e-07 3.72 0.00022651531634 1.6e-09
-7.353165094695992036e-05 3.719566523305930072e+00 3.624823064475332646e-02 2.264914270485350405e-04 5.239641830433657258e-07 2.851861566094495827e-07 3.72 0.00022651531634 1.6e-09
1.819621030874884327e-05 2.609421224850022369e+00 4.679277635606883534e-02 1.687648181454098851e-04 -2.488341300027932626e-05 -1.771986654283584843e-07 3.72 0.00022651531634 1.6e-09
-7.097560463163111641e-05 3.967992765713498349e-01 -8.247137419088976934e-03 1.482750621859049299e-04 1.360086280045492724e-05 -2.275124977380367247e-06 3.72 0.00022651531634 1.6e-09
-6.492743784220816525e-05 2.826145237509108732e+00 1.557895580664215782e-02 1.796580361660724630e-04 2.175600934894126470e-05 5.595658940741556785e-07 3.72 0.00022651531634 1.6e-09
2.901695570639708588e-05 3.722406838406109308e+00 5.718007374668387932e-02 2.266293255056445752e-04 -2.333504932471745975e-06 2.335186521468854886e-07 3.72 0.00022651531634 1.6e-09
-6.049607236881145562e-05 2.280666134127828037e+00 5.273997465338786661e-02 1.527298780910255581e-04 -3.000571084112893489e-05 -4.852069326920052482e-07 3.72 0.00022651531634 1.6e-09
-2.220289935485726134e-05 4.679561715114432530e-01 -1.532311815526811623e-02 1.336180792687238891e-04 4.369496519759413680e-05 -1.311379495986043867e-06 3.72 0.00022651531634 1.6e-09
5.551969152226811312e-05 3.084141655902860268e+00 3.891049037128499477e-02 1.928903998685549393e-04 1.808038940835629196e-05 7.082116274449959447e-07 3.72 0.00022651531634 1.6e-09
4.336669183087786875e-05 3.712158257944533801e+00 8.596862864005849758e-02 2.260534297080739048e-04 -4.650317613592715133e-06 1.891267841197698572e-07 3.72 0.00022651531634 1.6e-09
-3.487922151620696429e-05 1.999494689652433266e+00 6.245244968162542293e-02 1.397103926678779247e-04 -3.466363022521049561e-05 -9.454082305995679090e-07 3.72 0.00022651531634 1.6e-09
-1.285035543947083900e-05 5.955519932528541283e-01 -1.985779513395928564e-02 1.183877631161384396e-04 5.513713937344390855e-05 -2.964669699538573251e-07 3.72 0.00022651531634 1.6e-09
4.840115514785494428e-05 3.247989688547077591e+00 5.601834166017635730e-02 2.014312406461323240e-04 1.550408937121440099e-05 7.852296709878279995e-07 3.72 0.00022651531634 1.6e-09
2.428470387922555552e-05 3.666664445731771416e+00 1.051357180121364060e-01 2.236120779255177228e-04 -6.601426626653365471e-06 1.415200201143451390e-07 3.72 0.00022651531634 1.6e-09
-5.896845848743763346e-05 1.717107538249845522e+00 6.398943736414644534e-02 1.276885858486378187e-04 -3.947971674264653594e-05 -1.432518567736780977e-06 3.72 0.00022651531634 1.6e-09
-3.258061797974599920e-06 7.860241126477498508e-01 -1.979965190648780293e-02 1.091217307539282084e-04 5.638321219797764636e-05 5.848241643952619780e-07 3.72 0.00022651531634 1.6e-09
8.892166266840846633e-05 3.368566673194374417e+00 7.045565965953171084e-02 2.077888704698919510e-04 1.315300211702759978e-05 7.824122731026224516e-07 3.72 0.00022651531634 1.6e-09
-3.162022447736681507e-05 3.575752744796559135e+00 1.150424418465666732e-01 2.187741883840184842e-04 -8.754694226276469254e-06 4.577346492859676531e-08 3.72 0.00022651531634 1.6e-09
2.278402885304818627e-05 1.368575123349354161e+00 5.327386040087758040e-02 1.152527003467679925e-04 -4.585168059077657189e-05 -2.041545167469037194e-06 3.72 0.00022651531634 1.6e-09
4.981422453562227407e-05 1.089597540337389647e+00 -1.078431084384942271e-02 1.087589560216884003e-04 5.134183739862368455e-05 1.306672984255022097e-06 3.72 0.00022651531634 1.6e-09
-9.143689845504589936e-06 3.485892344478769722e+00 9.052844649737648575e-02 2.140097156436384556e-04 1.056390603938938377e-05 7.163959692264893291e-07 3.72 0.00022651531634 1.6e-09
-2.553157081367005002e-05 3.447881032622762909e+00 1.227210252784864120e-01 2.119947140237018893e-04 -1.136746354174134081e-05 -1.390133499721129237e-07 3.72 0.00022651531634 1.6e-09
2.050805176431289242e-05 9.854349207878351224e-01 3.298982008579289665e-02 1.076692164983763167e-04 -5.325561524780985626e-05 -2.897262709165249694e-06 3.72 0.00022651531634 1.6e-09
3.439229900642830579e-05 1.482035674771549072e+00 1.049867658684614305e-02 1.189415696080035445e-04 4.367639937680452907e-05 1.741028071547203411e-06 3.72 0.00022651531634 1.6e-09
1.069146208396203952e-04 3.600522383794599435e+00 1.204957351797141252e-01 2.200992065331146069e-04 7.943521266637667693e-06 6.294209444022095887e-07 3.72 0.00022651531634 1.6e-09
4.287764583459586153e-05 3.311487304856646663e+00 1.350997366159939483e-01 2.047858811486793834e-04 -1.409778622682993702e-05 -4.088287690136787583e-07 3.72 0.00022651531634 1.6e-09
-4.935814376397308813e-05 6.964728747934542108e-01 1.281736347894448479e-02 1.121915628918038980e-04 -5.652459989907081766e-05 -3.805443776478060737e-06 3.72 0.00022651531634 1.6e-09
-5.605001321223136495e-05 1.841480872846924743e+00 3.741655479785978289e-02 1.328450974857727429e-04 3.724116981439227548e-05 1.919957318784144781e-06 3.72 0.00022651531634 1.6e-09
6.577130686756804949e-05 3.679049866390837309e+00 1.510431906342419306e-01 2.242865728207706620e-04 5.638224371495591426e-06 5.401565720924062586e-07 3.72 0.00022651531634 1.6e-09
2.638181473670386031e-05 3.156279005655632908e+00 1.468626022160987032e-01 1.966486944991360482e-04 -1.680118718554171205e-05 -7.113772853684172512e-07 3.72 0.00022651531634 1.6e-09
3.458501549538307493e-05 5.196104425082319622e-01 -3.020928407034648155e-03 1.262485499072543097e-04 -5.025106661903540599e-05 -4.238445683219687056e-06 3.72 0.00022651531634 1.6e-09
-4.889095206865990659e-05 2.151734497771327526e+00 6.278438204699166025e-02 1.466689046741663895e-04 3.202501625386058843e-05 1.894962228863810822e-06 3.72 0.00022651531634 1.6e-09
-1.746462445644262408e-05 3.711887334927322257e+00 1.709705998504331692e-01 2.260586446694460368e-04 3.341674161125812230e-06 4.201218635579262169e-07 3.72 0.00022651531634 1.6e-09
5.119792530570716881e-05 2.934325814762104745e+00 1.466242945529849795e-01 1.851782380083330753e-04 -2.009720298709647914e-05 -1.028342311589999344e-06 3.72 0.00022651531634 1.6e-09
-2.796386583798170832e-05 4.167179473491182118e-01 -1.512823947366938662e-02 1.436272019943228106e-04 -2.764153649129276496e-05 -3.351338845090988051e-06 3.72 0.00022651531634 1.6e-09
-3.566768548549584933e-05 2.473877334798205041e+00 8.788680836055795531e-02 1.620747022478379853e-04 2.684703052632648437e-05 1.683558052667544280e-06 3.72 0.00022651531634 1.6e-09
6.581236880228862095e-05 3.713368894289178712e+00 1.783566120914089337e-01 2.261604279208397571e-04 5.911661743707404549e-07 2.270225867129847831e-07 3.72 0.00022651531634 1.6e-09
1.519385618963422748e-05 2.614403467666902792e+00 1.290744037311858661e-01 1.690141862896590917e-04 -2.470298752504881368e-05 -1.392327458452191998e-06 3.72 0.00022651531634 1.6e-09
5.147916973196128035e-05 3.965045299004551493e-01 -2.120864405760751470e-02 1.483382079087616876e-04 1.259071139493399532e-05 -4.842291326955255042e-07 3.72 0.00022651531634 1.6e-09
-4.446867100169265370e-05 2.815585645285070271e+00 1.192078106504178142e-01 1.791223423484642309e-04 2.181517234175816086e-05 1.423782580871580965e-06 3.72 0.00022651531634 1.6e-09
3.260126888657404598e-05 3.717016060564571678e+00 1.862192628984564169e-01 2.263414777256249756e-04 -2.269989194993497915e-06 -1.892069723174283821e-08 3.72 0.00022651531634 1.6e-09
-5.111662471240708590e-05 2.285385590309785275e+00 1.070949099693994794e-01 1.529554586415151761e-04 -2.983101159126645257e-05 -1.821933961390282215e-06 3.72 0.00022651531634 1.6e-09
-2.907339731147353065e-05 4.660020128333237643e-01 -1.852028403081035918e-02 1.339331103852762573e-04 4.327126836734176290e-05 2.327708506252779523e-06 3.72 0.00022651531634 1.6e-09
-7.635000336777651578e-05 3.075939174913498775e+00 1.486980910278630497e-01 1.924626613527052540e-04 1.813563015603737551e-05 1.219589254169348063e-06 3.72 0.00022651531634 1.6e-09
-5.899876376024259768e-05 3.710024844310084724e+00 1.952094177678820319e-01 2.259382192912513538e-04 -4.559634482081858825e-06 -2.432778390336914118e-07 3.72 0.00022651531634 1.6e-09
2.635429600754791581e-05 2.010685521416526900e+00 8.835948638872237471e-02 1.402071734357408610e-04 -3.440878438596870707e-05 -2.243569328165920747e-06 3.72 0.00022651531634 1.6e-09
5.678432389235339158e-05 5.894985341921121780e-01 -9.397828151709346906e-03 1.188956229789276872e-04 5.484438122904684431e-05 3.635879676423855458e-06 3.72 0.00022651531634 1.6e-09
8.531054029797502890e-05 3.237811382641929914e+00 1.677009285865395383e-01 2.008965280868376280e-04 1.559191407193109892e-05 1.044008616834811742e-06 3.72 0.00022651531634 1.6e-09
-7.982108582067002202e-06 3.666851973268495435e+00 1.965120811360214770e-01 2.236209468292407201e-04 -6.470758098800871548e-06 -4.315862261374094270e-07 3.72 0.00022651531634 1.6e-09
-1.012241278825494175e-05 1.735286170931992000e+00 6.740454960831794573e-02 1.284174390252600486e-04 -3.910719811674984278e-05 -2.615027602592999634e-06 3.72 0.00022651531634 1.6e-09
4.107141760602021956e-05 7.733354350729527704e-01 5.302228608137006874e-03 1.094463336580812755e-04 5.637130784558019018e-05 3.850052740200350266e-06 3.72 0.00022651531634 1.6e-09
9.888420867418540457e-05 3.356687932657954843e+00 1.744625616752616404e-01 2.071628332381439484e-04 1.327216255595802430e-05 8.308042109852257109e-07 3.72 0.00022651531634 1.6e-09
5.747369553905518080e-05 3.576491663498539531e+00 1.844219057211313739e-01 2.188138100167357544e-04 -8.615696600301735050e-06 -6.053402064391678415e-07 3.72 0.00022651531634 1.6e-09
-4.701336091104126546e-07 1.386401638295961414e+00 3.923771630590393994e-02 1.158010936742597397e-04 -4.547164499621095387e-05 -2.922887043146314470e-06 3.72 0.00022651531634 1.6e-09
-5.736239029077087030e-06 1.074407738662483958e+00 2.892315599226216727e-02 1.085470204065926782e-04 5.151870939892625660e-05 3.354862115324207533e-06 3.72 0.00022651531634 1.6e-09
-1.022585477419108108e-04 3.476082938216639384e+00 1.716784840566917270e-01 2.134909443096924433e-04 1.067200434186627164e-05 5.429476032419648229e-07 3.72 0.00022651531634 1.6e-09
-5.846415770893713816e-05 3.448556203507776807e+00 1.587118482912966422e-01 2.120324407706161512e-04 -1.125152634399104563e-05 -7.829002074620560086e-07 3.72 0.00022651531634 1.6e-09
-2.211046349990438147e-05 9.953157341614000675e-01 8.166960925631894935e-03 1.077363660391556644e-04 -5.308934350789172710e-05 -2.929692280363989999e-06 3.72 0.00022651531634 1.6e-09
-4.026061067808597084e-05 1.471099086456169491e+00 6.085736439934570641e-02 1.185651312374605968e-04 4.379956992547906909e-05 2.709546681973072182e-06 3.72 0.00022651531634 1.6e-09
9.464946523161006664e-05 3.596182132588467528e+00 1.723464288367503872e-01 2.198670386525929544e-04 8.031571278915396655e-06 2.531554778989296262e-07 3.72 0.00022651531634 1.6e-09
-7.326373460409168808e-05 3.317104636019023722e+00 1.347470237298327989e-01 2.050811244249067626e-04 -1.397349613526080756e-05 -9.830812698620962470e-07 3.72 0.00022651531634 1.6e-09
4.300801896613122924e-05 7.046347965178085815e-01 -1.273108330144164663e-02 1.118161283643357502e-04 -5.665361878539912853e-05 -2.256330423865715775e-06 3.72 0.00022651531634 1.6e-09
-4.616663324499240429e-05 1.827257385984299543e+00 8.897325715507113653e-02 1.322400278430596393e-04 3.743313497940600819e-05 2.228025805086340189e-06 3.72 0.00022651531634 1.6e-09
4.277644456971513922e-05 3.677381434896339840e+00 1.764287221716223097e-01 2.241948426549955739e-04 5.770917096809554555e-06 4.500972764945069987e-08 3.72 0.00022651531634 1.6e-09
-6.226513771320261819e-05 3.169642936654196497e+00 1.189957914703292652e-01 1.973434631857645346e-04 -1.661008176262573471e-05 -1.173155186968674831e-06 3.72 0.00022651531634 1.6e-09
-5.332087579814740087e-05 5.278286160458072196e-01 -2.142949034520982149e-02 1.252313902889697430e-04 -5.106743023023507512e-05 -8.933491582898005755e-07 3.72 0.00022651531634 1.6e-09
-7.124859681184958038e-05 2.130303658465782402e+00 1.046556032935486713e-01 1.456768559335070877e-04 3.234298843046048261e-05 1.763964023209202748e-06 3.72 0.00022651531634 1.6e-09
-1.074144350051863575e-05 3.710580019928834794e+00 1.694092004692799858e-01 2.259875384874702206e-04 3.521700520511717032e-06 -1.076798234494802985e-07 3.72 0.00022651531634 1.6e-09
1.084406997482284486e-05 2.952570877760594570e+00 9.898154249914870029e-02 1.861145388806621803e-04 -1.985165770585910509e-05 -1.297320784437327198e-06 3.72 0.00022651531634 1.6e-09
-4.813831244794621067e-05 4.205888268663158791e-01 -2.114604834701753339e-02 1.427716624892579837e-04 -2.946534182593563616e-05 1.319280098137746645e-06 3.72 0.00022651531634 1.6e-09
-2.222464610146500589e-05 2.452593839461301162e+00 1.075840836167020476e-01 1.610363079765201623e-04 2.717041779376987544e-05 1.177847269642367362e-06 3.72 0.00022651531634 1.6e-09
1.083436607711280833e-05 3.713555960219857788e+00 1.421650114950878119e-01 2.261714470837071869e-04 7.720526039944326685e-07 -2.646609842640842380e-07 3.72 0.00022651531634 1.6e-09
-5.197748810415215594e-05 2.632752525598413662e+00 6.456102010039521666e-02 1.699310614333164246e-04 -2.446615924255011467e-05 -1.304847509298177678e-06 3.72 0.00022651531634 1.6e-09
6.340737875775198011e-05 3.952763145888344987e-01 -1.292564362268007298e-02 1.486598217203379739e-04 1.077734903626882764e-05 3.823753941036927487e-06 3.72 0.00022651531634 1.6e-09
-7.481305050449840049e-05 2.801486270876037743e+00 1.106651775895807349e-01 1.784062290300387349e-04 2.207054230471197778e-05 6.673197000588921292e-07 3.72 0.00022651531634 1.6e-09
7.299129402305100270e-06 3.721432434605506323e+00 1.148774538787828980e-01 2.265783299618375954e-04 -2.115745041426706546e-06 -4.361403600984040745e-07 3.72 0.00022651531634 1.6e-09
3.661871448916642006e-05 2.305225113079525379e+00 3.083808917706890723e-02 1.538993945443379132e-04 -2.960889092085953903e-05 -1.254779797782944232e-06 3.72 0.00022651531634 1.6e-09
5.076658980374056411e-05 4.601668384917596555e-01 -1.120218856965989355e-03 1.349458985905377839e-04 4.203277650667515582e-05 4.599832699684739442e-06 3.72 0.00022651531634 1.6e-09
-8.535466532003467067e-05 3.066064709681965095e+00 1.153319449944110592e-01 1.919502721695224646e-04 1.835905100619399051e-05 4.073513723027999903e-07 3.72 0.00022651531634 1.6e-09
4.220580892923578401e-05 3.717366250525341087e+00 1.028456528290170729e-01 2.263311036962778813e-04 -4.422148042500831074e-06 -5.417688698106644099e-07 3.72 0.00022651531634 1.6e-09
3.010899651669815305e-05 2.032425682067716011e+00 1.350585182963588010e-02 1.411821487150307730e-04 -3.415562467066660086e-05 -1.247759230325721712e-06 3.72 0.00022651531634 1.6e-09
-2.134825022226916364e-05 5.783604479115371788e-01 8.985456139667859915e-03 1.198776237716300423e-04 5.436896296919728044e-05 3.900360454572722888e-06 3.72 0.00022651531634 1.6e-09
6.718170406217274532e-05 3.230199159944679987e+00 1.085978262535399058e-01 2.004987337019062410e-04 1.579295370980309050e-05 2.584677723540932054e-07 3.72 0.00022651531634 1.6e-09
-9.534624119284479491e-06 3.674377031239040470e+00 8.928915371708098792e-02 2.240243033594319436e-04 -6.350264160223562075e-06 -5.552280295354939379e-07 3.72 0.00022651531634 1.6e-09
-6.086852654812445902e-05 1.753556108518869117e+00 3.354169694192166151e-03 1.291631554665703728e-04 -3.888575849826261626e-05 -1.170748649644305188e-06 3.72 0.00022651531634 1.6e-09
-1.184122339567036779e-05 7.599426149483912152e-01 1.719914856380454909e-02 1.098217807793171403e-04 5.651036072455502984e-05 2.623879546514500208e-06 3.72 0.00022651531634 1.6e-09
5.407325781207922993e-05 3.353308291831838872e+00 8.576145163926464365e-02 2.069857732905899794e-04 1.342303468069644878e-05 9.813485654364769433e-08 3.72 0.00022651531634 1.6e-09
3.693789588311360025e-05 3.583885107044666896e+00 6.243852593513732341e-02 2.192089900944445876e-04 -8.534843994926969281e-06 -4.999811529126541821e-07 3.72 0.00022651531634 1.6e-09
4.865118968807655825e-05 1.398843724125178989e+00 -7.137487529098145156e-03 1.161910385430475507e-04 -4.533398647508447474e-05 -8.566395755394885918e-07 3.72 0.00022651531634 1.6e-09
-8.735381425929059725e-06 1.062082556284553725e+00 2.574243158805034071e-02 1.083789666995295462e-04 5.186598463695544473e-05 1.417399382359282426e-06 3.72 0.00022651531634 1.6e-09
7.821751810299651321e-05 3.477765125863129470e+00 5.648137605718537430e-02 2.135788116908989768e-04 1.077869438229183332e-05 -9.422549116347740451e-08 3.72 0.00022651531634 1.6e-09
8.580376550601903878e-05 3.460165466073507723e+00 2.749037658728614719e-02 2.126451140371385319e-04 -1.116634056463211137e-05 -4.307590925514072410e-07 3.72 0.00022651531634 1.6e-09
2.214677728416200315e-05 1.011376796268643297e+00 -1.583411294632648680e-02 1.078439610747562407e-04 -5.288224558728713259e-05 -1.319005702140730848e-07 3.72 0.00022651531634 1.6e-09
-4.314382593372243960e-05 1.452283896899214444e+00 3.439829896198146053e-02 1.179269528775650288e-04 4.428135896124911724e-05 7.881430814924708000e-07 3.72 0.00022651531634 1.6e-09
-9.371698776058389239e-05 3.597716240413814326e+00 4.334968323501504905e-02 2.199461351436171608e-04 8.194493009393610713e-06 -2.094073301774345258e-07 3.72 0.00022651531634 1.6e-09
1.530023662625584730e-05 3.332814278890198878e+00 9.170807455618953594e-03 2.059053623590998533e-04 -1.382294790834878950e-05 -4.163187253999588914e-07 3.72 0.00022651531634 1.6e-09
-4.005270783038366363e-06 7.219228791733049988e-01 -1.699514581268899913e-02 1.111016123000568270e-04 -5.670923398380699545e-05 7.333148333104286304e-07 3.72 0.00022651531634 1.6e-09
4.276317339669909569e-05 1.803059998296443256e+00 3.766367834079770160e-02 1.312292484543927610e-04 3.795010815708559700e-05 5.378684434917457731e-07 3.72 0.00022651531634 1.6e-09
2.167684077417626038e-05 3.677018634713872025e+00 4.217738528761250105e-02 2.241760426366752807e-04 5.935390848510013577e-06 -2.045960091089551391e-07 3.72 0.00022651531634 1.6e-09
-3.815944850571817231e-05 3.184158935742372520e+00 9.030181509949688351e-03 1.981019907601372409e-04 -1.644820549629659023e-05 -4.087647841910327751e-07 3.72 0.00022651531634 1.6e-09
4.976666923832082507e-06 5.372869591988237437e-01 -1.240079522252282400e-02 1.241280121281096481e-04 -5.189583275548992884e-05 1.275261067721142680e-06 3.72 0.00022651531634 1.6e-09
2.795757844090426223e-05 2.112046121084009354e+00 3.006147289921806687e-02 1.448406523620641105e-04 3.272214328356673626e-05 3.238467839232668208e-07 3.72 0.00022651531634 1.6e-09
8.162176218774910938e-05 3.711782847127763407e+00 3.324779200450261180e-02 2.260530858978745191e-04 3.645142027793319342e-06 -1.398693301229869598e-07 3.72 0.00022651531634 1.6e-09
-1.072419580576145095e-05 2.965764178679714647e+00 8.859418114340789421e-03 1.867946897629334030e-04 -1.970750657091122841e-05 -3.197243547157482652e-07 3.72 0.00022651531634 1.6e-09
-6.936641086565965017e-05 4.234700693774137159e-01 -6.140935505855456625e-03 1.421727649501300199e-04 -3.096317703608709234e-05 1.415206358361974661e-06 3.72 0.00022651531634 1.6e-09
-1.796745987108427315e-05 2.440922782327093365e+00 1.365304687277235814e-02 1.604644060525823733e-04 2.744057112994413098e-05 5.351144434501550266e-08 3.72 0.00022651531634 1.6e-09
-1.034035200724236700e-04 3.718611112182754752e+00 9.758634315972302548e-03 2.264402258012971009e-04 9.092217045356355501e-07 -9.272839853324590873e-08 3.72 0.00022651531634 1.6e-09
1.376120694633289248e-05 2.652681810850235244e+00 -2.044312756700611411e-03 1.709235323515375976e-04 -2.423886868151128637e-05 -1.242311581873566601e-07 3.72 0.00022651531634 1.6e-09
-4.030335844124133211e-05 3.934176525636429167e-01 -1.676716735768780508e-03 1.491482176666632741e-04 8.507908179075913231e-06 1.085225942573667550e-06 3.72 0.00022651531634 1.6e-09
-8.085793318161514035e-05 2.787060362332484331e+00 8.279317606401243035e-03 1.776751194893723038e-04 2.233667083648877320e-05 -3.440846198158713939e-08 3.72 0.00022651531634 1.6e-09
-9.574778530931011059e-05 3.724760145650070964e+00 1.107936535381474734e-03 2.267572956364448064e-04 -1.967132275421949946e-06 -8.692232983827917083e-08 3.72 0.00022651531634 1.6e-09
-3.948263393579515339e-05 2.325026403475376924e+00 -6.667292292393788011e-03 1.548474665081144225e-04 -2.932387436039699577e-05 -4.098706529823757357e-08 3.72 0.00022651531634 1.6e-09
-5.833041137217062031e-05 4.535716544215276369e-01 -1.385707992764310557e-03 1.361194758896927537e-04 4.081447921974460844e-05 4.395745459250198871e-07 3.72 0.00022651531634 1.6e-09
9.235385518818043141e-06 3.054990015744949439e+00 1.310312209336387743e-02 1.913812066407090092e-04 1.852986299882035317e-05 7.251523080917884469e-08 3.72 0.00022651531634 1.6e-09
8.211908459616385934e-05 3.717576426226502306e+00 1.394643252957789882e-02 2.263458798212159115e-04 -4.344960479989346561e-06 -4.569846786701355115e-08 3.72 0.00022651531634 1.6e-09
-1.972878712175003336e-05 2.040791430429373499e+00 4.029037514866244327e-03 1.415663496933706480e-04 -3.401303922175921696e-05 -1.643806038275073130e-07 3.72 0.00022651531634 1.6e-09
3.207428988038418729e-05 5.735905017483535762e-01 -4.884240875866059130e-03 1.203229862423311743e-04 5.427888583998652621e-05 -1.385385159944923653e-07 3.72 0.00022651531634 1.6e-09
-6.165009535355730607e-05 3.227824120624715576e+00 1.126953589691520596e-02 2.003753651550075005e-04 1.585924426654905690e-05 1.787361327873486985e-07 3.72 0.00022651531634 1.6e-09
-5.684704731473934542e-05 3.675390147727028989e+00 2.293971800629941368e-02 2.240800300861328404e-04 -6.327696502779407332e-06 4.109829487625968301e-08 3.72 0.00022651531634 1.6e-09
6.099111856518865188e-05 1.756427829696883824e+00 1.486738555776155775e-02 1.292808353367520357e-04 -3.884896522067188756e-05 -3.046317040677485366e-07 3.72 0.00022651531634 1.6e-09
-4.508403325505234142e-05 7.570731508998401749e-01 -1.010630502938810599e-02 1.098867930489923455e-04 5.663660884837647808e-05 -4.170634821060361192e-07 3.72 0.00022651531634 1.6e-09
-9.119204599588614005e-05 3.355058326845200778e+00 2.548416041385593266e-03 2.070741049635279035e-04 1.347556723761875571e-05 2.214617446344535906e-07 3.72 0.00022651531634 1.6e-09
8.470700812290373101e-06 3.590479265338432757e+00 2.161997990039740344e-02 2.195573349780036675e-04 -8.472426832346264852e-06 1.265805160145019236e-07 3.72 0.00022651531634 1.6e-09
-3.465628111826152399e-05 1.413309884704065711e+00 1.840932437978767822e-02 1.166446660565989839e-04 -4.507021166098405536e-05 -4.185031231294372172e-07 3.72 0.00022651531634 1.6e-09
-4.643429390671608586e-05 1.047785593143031102e+00 -1.346678496879280540e-02 1.081969296135349594e-04 5.219569950092773248e-05 -2.382956911135052696e-07 3.72 0.00022651531634 1.6e-09
1.064436841374510737e-04 3.474809909032235300e+00 8.250247663472210814e-04 2.134198087285546757e-04 1.089706480337201151e-05 2.286727316619205696e-07 3.72 0.00022651531634 1.6e-09
-2.979718145725719891e-05 3.469470592668201903e+00 2.120945505061238787e-02 2.131363388987469565e-04 -1.101721408444357252e-05 1.398311718736084883e-07 3.72 0.00022651531634 1.6e-09
-4.414834396743148745e-05 1.032810748423742986e+00 1.559038644920845637e-02 1.080341058290094447e-04 -5.248199158336196390e-05 -6.712252231701898221e-07 3.72 0.00022651531634 1.6e-09
-4.819929512694718336e-05 1.429291906711507298e+00 -1.052614066904298921e-02 1.171771464507824565e-04 4.472300125817420030e-05 2.177611238143308148e-07 3.72 0.00022651531634 1.6e-09
3.146951763128318693e-05 3.590275207061676355e+00 1.911062067906618006e-02 2.195527546663900631e-04 8.309994193584691237e-06 2.715140767047545893e-07 3.72 0.00022651531634 1.6e-09
-8.106721270023667055e-06 3.336276451824603306e+00 3.693067225805730242e-02 2.060910393875548387e-04 -1.371215709628041871e-05 4.220506473921696919e-08 3.72 0.00022651531634 1.6e-09
4.256279894760901566e-05 7.306174115700853067e-01 1.088443987731279282e-02 1.107882611406540605e-04 -5.667800222536194569e-05 -1.365293768433877515e-06 3.72 0.00022651531634 1.6e-09
-5.397817433009931038e-05 1.792186326064529656e+00 -3.010725152290017088e-03 1.307794081805485273e-04 3.813942155103390271e-05 6.009737152196903732e-07 3.72 0.00022651531634 1.6e-09
6.734717120745698849e-05 3.673099777298495461e+00 4.607635364956461088e-02 2.239687818890213639e-04 5.977956434433876875e-06 3.485372815607218943e-07 3.72 0.00022651531634 1.6e-09
-6.501005125595033310e-05 3.184083610104754491e+00 6.135803050929941604e-02 1.981007804739763991e-04 -1.640888204336271550e-05 -1.048534258401507243e-07 3.72 0.00022651531634 1.6e-09
2.149486863020516297e-05 5.389846410676194521e-01 5.333495657922735118e-03 1.239539585314938666e-04 -5.197423351984047573e-05 -2.466146613342649801e-06 3.72 0.00022651531634 1.6e-09
7.201293040289761648e-05 2.109688661575974233e+00 3.947410147824993720e-03 1.447293771033650984e-04 3.277071718359874947e-05 7.911203237252433338e-07 3.72 0.00022651531634 1.6e-09
-4.107952065827597823e-05 3.712683141935203324e+00 6.515406196017925478e-02 2.260990116918127789e-04 3.685389807931358342e-06 4.022228103276425483e-07 3.72 0.00022651531634 1.6e-09
4.202863890859222208e-05 2.971701047777922433e+00 7.755691884841969808e-02 1.870972722522920009e-04 -1.962510376428300984e-05 -2.510814264713727039e-07 3.72 0.00022651531634 1.6e-09
5.969301620407754160e-05 4.256666018938000673e-01 -2.337695080745632280e-03 1.416944196860987423e-04 -3.179346166847467478e-05 -3.344784622396724876e-06 3.72 0.00022651531634 1.6e-09
5.994107813575833530e-05 2.431691866572887051e+00 1.332304173496808714e-02 1.600132913906064419e-04 2.757870147687854995e-05 8.317940431171610818e-07 3.72 0.00022651531634 1.6e-09
4.322540951328463827e-05 3.718814823482921916e+00 7.546825428842064698e-02 2.264494721422048490e-04 9.864498765967610445e-07 3.746627188753211021e-07 3.72 0.00022651531634 1.6e-09
-4.873654765732017124e-05 2.664345939392037899e+00 7.910890695547714846e-02 1.715055385618913914e-04 -2.404726245156897023e-05 -4.446439354806785154e-07 3.72 0.00022651531634 1.6e-09
-3.602076026650892493e-05 3.931448110275076457e-01 -1.163089905763044218e-02 1.492096659111654842e-04 6.921619842304196338e-06 -2.859077379381725216e-06 3.72 0.00022651531634 1.6e-09
-1.658420011912315910e-05 2.773809240870672266e+00 3.739186397788900329e-02 1.770081082777634203e-04 2.247931550416745544e-05 8.936464810891344995e-07 3.72 0.00022651531634 1.6e-09
-8.975145867401866282e-05 3.720463212106772666e+00 9.689057614292879983e-02 2.265300406954594411e-04 -1.898329115028799277e-06 2.673427894903834409e-07 3.72 0.00022651531634 1.6e-09
-3.691849265134613785e-05 2.328871067996219679e+00 7.930431618259886628e-02 1.550361863696884241e-04 -2.919805823575406624e-05 -8.344914924730187359e-07 3.72 0.00022651531634 1.6e-09
-5.044002968637756090e-05 4.521411252900263689e-01 -1.866854126161370322e-02 1.363655432398312110e-04 4.031963658487851791e-05 -1.106913692308104055e-06 3.72 0.00022651531634 1.6e-09
3.475647852128683536e-06 3.049727249637730786e+00 6.741338503111607428e-02 1.911091336748038812e-04 1.856675918103294101e-05 9.723826836258126849e-07 3.72 0.00022651531634 1.6e-09
-4.923499185006758249e-05 3.715047145059934941e+00 1.254610429833020735e-01 2.262110149179682073e-04 -4.306916693586370943e-06 1.554028426814590905e-07 3.72 0.00022651531634 1.6e-09
-3.736586905440701602e-05 2.043807858397503896e+00 8.234665603345583951e-02 1.417036151517213859e-04 -3.389115665928565978e-05 -1.358840469551795978e-06 3.72 0.00022651531634 1.6e-09
-5.142711286950585667e-05 5.708587757934219242e-01 -2.085545381523632238e-02 1.205509817845806927e-04 5.413104444654344476e-05 4.285402365238237104e-07 3.72 0.00022651531634 1.6e-09
-9.117789010759746288e-05 3.224237932881688806e+00 9.095434006409638950e-02 2.001845157592462986e-04 1.590003470263464972e-05 9.946865691381596135e-07 3.72 0.00022651531634 1.6e-09
-8.882613204834451462e-06 3.676705017527072350e+00 1.449723048623998423e-01 2.241477241723763151e-04 -6.260928641298278081e-06 4.396335634169139916e-08 3.72 0.00022651531634 1.6e-09
4.632152400822134167e-05 1.770181604031655809e+00 7.819674296044804018e-02 1.298399064062432762e-04 -3.853163663313161611e-05 -1.895937483874257060e-06 3.72 0.00022651531634 1.6e-09
-2.601999698176641983e-05 7.456760432563236396e-01 -1.716798306995874490e-02 1.102348634545764359e-04 5.667738616130273610e-05 1.477679641790401174e-06 3.72 0.00022651531634 1.6e-09
6.048018865590760421e-05 3.346859315330338092e+00 1.094459424326099106e-01 2.066404893320947418e-04 1.357353044669495776e-05 9.447735414440601884e-07 3.72 0.00022651531634 1.6e-09
-8.892900261948297441e-05 3.593524602193415074e+00 1.539196372784010225e-01 2.197180379440132601e-04 -8.329904814236298009e-06 -1.032846841492602879e-07 3.72 0.00022651531634 1.6e-09
1.340007288802791286e-05 1.436015760980774436e+00 6.216886946540632619e-02 1.173740169952263844e-04 -4.453280353252888528e-05 -2.521228529767684743e-06 3.72 0.00022651531634 1.6e-09
4.085433603627816157e-05 1.026753494618512619e+00 -3.904090468716061007e-03 1.079887183500063204e-04 5.253775870290950062e-05 2.099070290056987061e-06 3.72 0.00022651531634 1.6e-09
3.432499182869865100e-05 3.462724498980728427e+00 1.280240025769249224e-01 2.127810561282733289e-04 1.102395551485790294e-05 8.177597304057887739e-07 3.72 0.00022651531634 1.6e-09
-7.883686714188698407e-05 3.469212946005574949e+00 1.555901623529751532e-01 2.131250206611676992e-04 -1.088124169081828839e-05 -3.182147404299722188e-07 3.72 0.00022651531634 1.6e-09
1.378166693157645856e-05 1.048117619679300727e+00 3.590296182535643310e-02 1.082035289435972494e-04 -5.204815161176142154e-05 -3.295588802249639331e-06 3.72 0.00022651531634 1.6e-09
6.269896296358920052e-06 1.414008010238461122e+00 2.238858279949621638e-02 1.166912405964957815e-04 4.493387768323178191e-05 2.317191141156186915e-06 3.72 0.00022651531634 1.6e-09
7.633647118548073779e-05 3.580950418101175980e+00 1.522283647847779420e-01 2.190580799762625939e-04 8.371388213155230994e-06 6.496444462247697947e-07 3.72 0.00022651531634 1.6e-09
-3.806916878694993617e-05 3.334171539367917436e+00 1.573497932918479503e-01 2.059825569781817910e-04 -1.361950552583170698e-05 -6.017253496376443301e-07 3.72 0.00022651531634 1.6e-09
4.598838689280251152e-05 7.373072465047612045e-01 1.073353009142341205e-02 1.105612377786960527e-04 -5.652063578668418552e-05 -3.923214609185661926e-06 3.72 0.00022651531634 1.6e-09
4.183151052294777555e-05 1.783836523162245502e+00 5.440774151780532197e-02 1.304327147088901750e-04 3.819707564527306587e-05 2.316920304384881357e-06 3.72 0.00022651531634 1.6e-09
-7.447473342957555502e-05 3.667828766340944124e+00 1.781566463069048090e-01 2.236853005924965289e-04 6.037830816069250876e-06 4.895453619359430773e-07 3.72 0.00022651531634 1.6e-09
-7.953240179266094737e-05 3.187144924662485668e+00 1.601481356716254467e-01 1.982591480591155324e-04 -1.627872535453721281e-05 -9.133688091009967673e-07 3.72 0.00022651531634 1.6e-09
5.205463544061291587e-06 5.454935135399752166e-01 -6.896054396403483375e-03 1.232248384875661205e-04 -5.235922525865247456e-05 -3.907627388408340508e-06 3.72 0.00022651531634 1.6e-09
1.251035416641775461e-05 2.095684314214009802e+00 8.278632452634700212e-02 1.440828751454763441e-04 3.291628968760625432e-05 2.169412099850651352e-06 3.72 0.00022651531634 1.6e-09
-4.236032916258025027e-05 3.707950665428343839e+00 1.945886113233412651e-01 2.258430796866579197e-04 3.795354211609509805e-06 3.268430102392317972e-07 3.72 0.00022651531634 1.6e-09
-3.533546523902839987e-05 2.982836726852597931e+00 1.542067379029716800e-01 1.876682761935240446e-04 -1.938022751442852162e-05 -1.223174826392552493e-06 3.72 0.00022651531634 1.6e-09
-6.069801609507472970e-05 4.304116386992150600e-01 -1.805682131271470203e-02 1.406921965376411565e-04 -3.344291107601878927e-05 -2.614126847384800471e-06 3.72 0.00022651531634 1.6e-09
6.002910797648175701e-05 2.410168365036108540e+00 1.061569056643534292e-01 1.589682076084252970e-04 2.780638257114385992e-05 1.836147656036733445e-06 3.72 0.00022651531634 1.6e-09
-5.813347711982431521e-05 3.712634977549044368e+00 1.949727103595578770e-01 2.261187630161797316e-04 1.146170372033076026e-06 1.169530307482992447e-07 3.72 0.00022651531634 1.6e-09
6.643377531978083552e-05 2.678182019324690799e+00 1.309187087191480969e-01 1.721983286419519297e-04 -2.375584315105784132e-05 -1.534707841865778699e-06 3.72 0.00022651531634 1.6e-09
2.702637393839113803e-06 3.928063412825229528e-01 -2.153029017858476210e-02 1.492883873517244510e-04 4.983694493940064759e-06 4.782820925272017606e-07 3.72 0.00022651531634 1.6e-09
6.007166982461781073e-05 2.754923750655416725e+00 1.311827687998912972e-01 1.760552351218101991e-04 2.265859964778418510e-05 1.426817801501065018e-06 3.72 0.00022651531634 1.6e-09
6.540127991542814994e-05 3.715806580532912129e+00 1.897178980722602493e-01 2.262820134807160953e-04 -1.765922152910192168e-06 -1.416467245380995197e-07 3.72 0.00022651531634 1.6e-09
-7.198523206765743165e-05 2.342389854794067361e+00 9.987948018917494619e-02 1.556870001855547529e-04 -2.891098072297060319e-05 -1.849301515425261692e-06 3.72 0.00022651531634 1.6e-09
6.741648622363312620e-05 4.482782347867536044e-01 -1.572951403615690039e-02 1.370815801787752457e-04 3.927645561468405712e-05 3.339408661980030384e-06 3.72 0.00022651531634 1.6e-09
5.459738314535689843e-05 3.036097059506713158e+00 1.559132690036247881e-01 1.904035748755557008e-04 1.870500209023707628e-05 1.121764322151547074e-06 3.72 0.00022651531634 1.6e-09
9.959159626809414682e-05 3.714670134545293045e+00 1.890042251538373574e-01 2.261903574545583585e-04 -4.173435670292046522e-06 -3.744214552664396375e-07 3.72 0.00022651531634 1.6e-09
6.494561051207357622e-05 2.061801992598246258e+00 7.540927582509800164e-02 1.425153800190531858e-04 -3.357595927656160332e-05 -2.147968135011019628e-06 3.72 0.00022651531634 1.6e-09
1.976985703236624795e-05 5.623569085885729013e-01 -4.471863574443927722e-03 1.213770460799578428e-04 5.358617553896578053e-05 4.386047386052272697e-06 3.72 0.00022651531634 1.6e-09
7.908860084335418185e-05 3.211581271613670019e+00 1.700098282687518281e-01 1.995218206542422371e-04 1.604918696616315120e-05 9.019922203424458371e-07 3.72 0.00022651531634 1.6e-09
-1.218569854092998062e-05 3.679783947764289742e+00 1.842582065929443402e-01 2.243114911250198445e-04 -6.090943486267324424e-06 -5.463102757190302461e-07 3.72 0.00022651531634 1.6e-09
5.317227974934381923e-05 1.794032639434013365e+00 5.373402927987123989e-02 1.308238516431883889e-04 -3.812525082284206127e-05 -2.381595365254667880e-06 3.72 0.00022651531634 1.6e-09
-8.677866009328581237e-06 7.299448843943380227e-01 1.014550746437016190e-02 1.107820865034354614e-04 5.660013765135466358e-05 4.214582814974082782e-06 3.72 0.00022651531634 1.6e-09
-3.797118515227067135e-05 3.334340356005562001e+00 1.694576864819986595e-01 2.059806849979647935e-04 1.376110376211184746e-05 6.747745061767209706e-07 3.72 0.00022651531634 1.6e-09
-1.659359161449003154e-05 3.598378393632183148e+00 1.666776041998463409e-01 2.199768454317734532e-04 -8.154147942005387178e-06 -6.739447559061924302e-07 3.72 0.00022651531634 1.6e-09
4.191118525838664004e-05 1.459977106470734975e+00 2.826978868228993691e-02 1.181684402790898086e-04 -4.411830253899752318e-05 -2.492694907260692311e-06 3.72 0.00022651531634 1.6e-09
-5.625818530126786937e-06 1.006238429864530826e+00 3.072466054265956051e-02 1.078170815148924393e-04 5.282373374517432567e-05 3.352385964394399916e-06 3.72 0.00022651531634 1.6e-09
-1.049985118424475356e-04 3.453203086330141058e+00 1.559421153220628131e-01 2.122775391312254224e-04 1.119766374100183894e-05 3.830220347765294893e-07 3.72 0.00022651531634 1.6e-09
-2.071771197796643622e-05 3.475005619947622915e+00 1.338233108653962833e-01 2.134334289621559041e-04 -1.073291645366006276e-05 -7.795394382297636464e-07 3.72 0.00022651531634 1.6e-09
1.538301619915254548e-05 1.064579826124783191e+00 8.561333558542089713e-04 1.084072837189364272e-04 -5.181382023533919010e-05 -2.239863935112950653e-06 3.72 0.00022651531634 1.6e-09
-2.502633946870255879e-05 1.395800237723908044e+00 5.768805473370487713e-02 1.161116057462625981e-04 4.524611697980020241e-05 2.459451478434609513e-06 3.72 0.00022651531634 1.6e-09
-3.372579601141892293e-05 3.577519905266321132e+00 1.454144358979665430e-01 2.188741171870037857e-04 8.525576093386699918e-06 9.293805944575099295e-08 3.72 0.00022651531634 1.6e-09
9.134579898402762107e-05 3.345280717133878312e+00 1.025767787377015183e-01 2.065663030358034689e-04 -1.347259775741398544e-05 -9.009461648980758796e-07 3.72 0.00022651531634 1.6e-09
3.958265055335442672e-05 7.511216058321305011e-01 -1.683668925672557326e-02 1.100999095227997708e-04 -5.658062855937267242e-05 -1.332811920563997111e-06 3.72 0.00022651531634 1.6e-09
2.589589835429884028e-05 1.762551459879871718e+00 8.058259832207709250e-02 1.295513617833831386e-04 3.857847249154839822e-05 1.883289679157441162e-06 3.72 0.00022651531634 1.6e-09
-4.248384004482714941e-05 3.667494060169980585e+00 1.430273710286910083e-01 2.236650814580985747e-04 6.218570460026981439e-06 -9.354387362696948253e-08 3.72 0.00022651531634 1.6e-09
3.983922930564478052e-06 3.205578450032398941e+00 8.483637483505777899e-02 1.992195733870260558e-04 -1.606751531162881107e-05 -1.020333287499681826e-06 3.72 0.00022651531634 1.6e-09
-4.171923120763581903e-05 5.576922325049911144e-01 -2.225676911854497161e-02 1.219298170778254609e-04 -5.321170063660340439e-05 3.503229503631809638e-08 3.72 0.00022651531634 1.6e-09
-3.358847858592364208e-05 2.068811607716428469e+00 9.051365259399975216e-02 1.428560009293417432e-04 3.339094083654645085e-05 1.417846779917545445e-06 3.72 0.00022651531634 1.6e-09
-9.905267231779782855e-05 3.708421368957766973e+00 1.334637901107125491e-01 2.258671887898394313e-04 4.019451068880429940e-06 -1.979483218836773063e-07 3.72 0.00022651531634 1.6e-09
-3.458447710929711766e-05 3.005699677715282903e+00 6.830777221845939218e-02 1.888462184160280219e-04 -1.911216324606901585e-05 -1.068294062455676472e-06 3.72 0.00022651531634 1.6e-09
-4.413647473155113377e-05 4.366265963626799751e-01 -1.930396336450660236e-02 1.394350052796340797e-04 -3.556871495828655284e-05 1.823317735752777278e-06 3.72 0.00022651531634 1.6e-09
7.716339997483148716e-06 2.384878652496255746e+00 8.581022630806216245e-02 1.577442874677826776e-04 2.825619887662282368e-05 8.655612200360538066e-07 3.72 0.00022651531634 1.6e-09
-8.933663532766344386e-05 3.715094366641118029e+00 1.041884855624987116e-01 2.262509881490264412e-04 1.363493569722501546e-06 -2.863188789013477623e-07 3.72 0.00022651531634 1.6e-09
-3.777948011369426282e-05 2.702322594656376253e+00 3.978287171984341841e-02 1.734123016579236965e-04 -2.346820529429703071e-05 -9.797686432124286556e-07 3.72 0.00022651531634 1.6e-09
5.322825724150480298e-06 3.921340162738831125e-01 -1.028745141698986926e-02 1.494809220780033191e-04 2.357314710783527568e-06 3.632664277452556021e-06 3.72 0.00022651531634 1.6e-09
-1.460114688827596132e-05 2.736687796451013899e+00 7.965785584829895849e-02 1.751341266715495185e-04 2.301707932914133265e-05 3.830066982571978746e-07 3.72 0.00022651531634 1.6e-09
-8.716250790824172680e-05 3.721764536947840263e+00 7.241135538708767805e-02 2.266015220958447415e-04 -1.566108125849084951e-06 -3.946900605925585760e-07 3.72 0.00022651531634 1.6e-09
-5.602622644755384581e-05 2.368061146688359653e+00 9.623841311335125381e-03 1.569218957062578322e-04 -2.860924924070776753e-05 -8.208991493964886404e-07 3.72 0.00022651531634 1.6e-09
-1.541306220911423287e-05 4.411720421036738338e-01 2.162214914400850262e-04 1.384355653206548295e-04 3.743827685620419786e-05 3.942982084311904639e-06 3.72 0.00022651531634 1.6e-09
-1.837060129313270492e-05 3.022945939102200885e+00 8.013131637970055676e-02 1.897240081366245951e-04 1.899699151108283113e-05 1.801128761895445262e-07 3.72 0.00022651531634 1.6e-09
-7.216021634165066252e-05 3.722206137440160489e+00 6.138269836159405968e-02 2.265950140594908844e-04 -3.999062038960549026e-06 -4.527673920905465114e-07 3.72 0.00022651531634 1.6e-09
-1.933083982062896314e-05 2.086295429454207540e+00 -2.255394314522320490e-03 1.436321013152124957e-04 -3.326467639175652725e-05 -7.635560295926664494e-07 3.72 0.00022651531634 1.6e-09
-2.468493867100070554e-05 5.501245144133799503e-01 7.411172154757738467e-03 1.226390623935133322e-04 5.293667248559814849e-05 3.023354333992295258e-06 3.72 0.00022651531634 1.6e-09
5.001445660633248227e-05 3.202859841534821506e+00 7.273833590200944055e-02 1.990676600461551934e-04 1.627043260716859886e-05 1.036819698137506487e-07 3.72 0.00022651531634 1.6e-09
3.624619187394006087e-05 3.686612403195707710e+00 5.314710004127533305e-02 2.246786458038186989e-04 -5.977232813482805863e-06 -4.208768681450670067e-07 3.72 0.00022651531634 1.6e-09
-4.665073630484310101e-05 1.811845823801015554e+00 -4.805422363360413972e-03 1.315727384812798910e-04 -3.788884798770830525e-05 -6.899962894867533556e-07 3.72 0.00022651531634 1.6e-09
-4.044360707223391873e-05 7.170747738687215378e-01 1.113089461057115322e-02 1.112739234238507618e-04 5.674073031533750401e-05 1.751257112119000008e-06 3.72 0.00022651531634 1.6e-09
1.013516377910311691e-05 3.331501015361022500e+00 5.090973757453617909e-02 2.058323413253711827e-04 1.390081428512551928e-05 1.964125021145878149e-08 3.72 0.00022651531634 1.6e-09
1.050574855881910159e-04 3.605682416495120890e+00 3.341117290449488464e-02 2.203669929841107870e-04 -8.085686455237369160e-06 -3.224625068606234603e-07 3.72 0.00022651531634 1.6e-09
3.331397085767468072e-05 1.473556756472616414e+00 -7.649518386659510949e-03 1.186297283030036313e-04 -4.393093240843589633e-05 -4.362793907221164429e-07 3.72 0.00022651531634 1.6e-09
4.784407751780568965e-05 9.931867617434252393e-01 1.345416437224127015e-02 1.077192563435202394e-04 5.320803061036017637e-05 7.129267942936614350e-07 3.72 0.00022651531634 1.6e-09
4.870012073555465598e-05 3.454467063974799856e+00 2.324495550164494551e-02 2.123421327268828367e-04 1.131262700190578137e-05 -9.923240172180840057e-08 3.72 0.00022651531634 1.6e-09
-1.917019681418188291e-05 3.487475334408284056e+00 5.761242670516253384e-03 2.140920392359512759e-04 -1.061598164951143628e-05 -2.162717152031010218e-07 3.72 0.00022651531634 1.6e-09
-2.127071806695408733e-05 1.085962665559792928e+00 -1.116035935421434006e-02 1.086924940993099105e-04 -5.145684433309344872e-05 9.581753064520039523e-08 3.72 0.00022651531634 1.6e-09
-4.991079750953264407e-06 1.372499400357361843e+00 1.629411316708502880e-02 1.153877564514118703e-04 4.581801551086595530e-05 2.955717260986648395e-07 3.72 0.00022651531634 1.6e-09
1.407037564487983192e-05 3.576213834980702000e+00 1.249239543711009454e-02 2.188029770630791899e-04 8.692005712279776179e-06 -1.587265032617223938e-07 3.72 0.00022651531634 1.6e-09
1.690949155793253862e-05 3.360222032987929985e+00 -6.314737094991086999e-03 2.073525396814357739e-04 -1.328540156887840754e-05 -1.819403883450508664e-07 3.72 0.00022651531634 1.6e-09
3.869969138512950309e-05 7.720743036244908097e-01 -1.058707303770259692e-02 1.094847431363792805e-04 -5.649180541800449189e-05 6.180936679337092585e-07 3.72 0.00022651531634 1.6e-09
-2.962491667929656989e-05 1.735637139247886873e+00 1.732174065239080324e-02 1.284578317657525533e-04 3.913797086030983119e-05 2.441334809467927032e-07 3.72 0.00022651531634 1.6e-09
-9.546183980257276524e-05 3.664133475444624644e+00 1.778351958551523462e-02 2.234871570200423914e-04 6.384173922224262836e-06 -1.096107813822156510e-07 3.72 0.00022651531634 1.6e-09
-2.125384142856828165e-05 3.217145119514973395e+00 1.674594539360723354e-03 1.998269506223299932e-04 -1.590260965883630792e-05 -1.863620351439429851e-07 3.72 0.00022651531634 1.6e-09
4.975508971400117531e-05 5.677199484068831126e-01 -6.542765008079055519e-03 1.209419674340272088e-04 -5.384061252520693311e-05 6.596648193101450078e-07 3.72 0.00022651531634 1.6e-09
-5.441738548556920347e-05 2.051563280985979176e+00 1.125453835443338685e-02 1.420759933105247591e-04 3.374024835225765574e-05 2.096113675614526305e-07 3.72 0.00022651531634 1.6e-09
-3.364716431997321478e-05 3.708015523117370371e+00 1.901937230146639665e-02 2.258466093753145915e-04 4.129248276909314850e-06 -9.062188257539448506e-09 3.72 0.00022651531634 1.6e-09
4.338057271201796840e-06 3.016327655668701979e+00 1.141372531636084681e-02 1.893961462617969860e-04 -1.898041307731738526e-05 -1.416945261278240484e-07 3.72 0.00022651531634 1.6e-09
6.681162674190019388e-05 4.399838865760422602e-01 -2.770820870219869482e-03 1.387870165198472013e-04 -3.684071331956509046e-05 1.976532900416423065e-07 3.72 0.00022651531634 1.6e-09
-1.312417103690638372e-05 2.373545706084215112e+00 -1.558312675715912109e-03 1.571927057998126465e-04 2.850196958460919183e-05 8.820998373717495605e-08 3.72 0.00022651531634 1.6e-09
-7.110131089120554310e-05 3.719177541454705249e+00 6.782865322385802850e-03 2.264669383053493626e-04 1.490774642971432340e-06 6.573574629236954737e-08 3.72 0.00022651531634 1.6e-09
-5.301251851568637426e-05 2.722037200815173641e+00 9.913791433524343083e-03 1.744009847239873668e-04 -2.322301506911657266e-05 -2.320328165240050858e-08 3.72 0.00022651531634 1.6e-09
4.191633019889389941e-06 3.915139298287704239e-01 -2.108289357118676381e-03 1.496561516458297554e-04 -5.689057156387309067e-08 -4.306706327003041238e-07 3.72 0.00022651531634 1.6e-09
-5.311893265630386000e-07 2.719478183427482598e+00 -3.707001950560621234e-03 1.742678375530938323e-04 2.329357519542110070e-05 7.698745582657143297e-08 3.72 0.00022651531634 1.6e-09
1.115868206859631153e-04 3.723118579611636836e+00 4.853011756883368437e-03 2.266748640560016666e-04 -1.424917082769761129e-06 7.684917278052696826e-08 3.72 0.00022651531634 1.6e-09
4.143104123196072043e-06 2.387408798586579284e+00 9.313731696178320293e-03 1.578563655450202256e-04 -2.832094273023851852e-05 -1.776477525335232074e-08 3.72 0.00022651531634 1.6e-09
1.368455257269982935e-05 4.358587037792303054e-01 -5.347225588579673436e-03 1.394924676314391178e-04 3.597021616402813391e-05 -7.483230484525157704e-07 3.72 0.00022651531634 1.6e-09
2.693292696555788678e-05 3.009768412911996371e+00 8.077654792961842106e-03 1.890483197593494070e-04 1.917140170610174898e-05 2.368801767340584364e-07 3.72 0.00022651531634 1.6e-09
