-1.099668486550310257e-05 2.295295089662659827e+00 -4.960944493953151340e-05 1.535648057859397854e-04 -2.836713161731725246e-05 -9.318470598063036411e-10 3.55 0.00021751520951 1.6e-09
-5.188218432365875553e-05 4.594999294233443332e-01 -3.409667140952846089e-03 1.357576273581307985e-04 3.932666397792225455e-05 -2.323311978790358812e-07 3.55 0.00021751520951 1.6e-09
3.215163392385411511e-05 2.981010186411381824e+00 7.460009212572752887e-03 1.876661200205003625e-04 1.750528798905491513e-05 1.385009766458330518e-07 3.55 0.00021751520951 1.6e-09
8.347311467529308399e-05 3.472621539016448544e+00 1.607487222209674771e-02 2.133805025279003891e-04 -6.830488176507667041e-06 2.493866415106236840e-08 3.55 0.00021751520951 1.6e-09
-2.186354309720620840e-05 1.424848504896807588e+00 8.455166868769615346e-03 1.172331856766735609e-04 -4.382359798967823221e-05 -2.844423206282289544e-07 3.55 0.00021751520951 1.6e-09
-4.950644059690968154e-05 1.025897942041298361e+00 -6.100967171586561474e-03 1.082682724720979313e-04 5.161054002304287338e-05 -1.123459173294414300e-07 3.55 0.00021751520951 1.6e-09
5.422734167733663240e-06 3.362587971109763707e+00 5.543626843916689634e-04 2.075756770111821046e-04 9.703714754082529698e-06 1.066988318154293709e-07 3.55 0.00021751520951 1.6e-09
-8.186889262404517748e-05 3.153821773653383342e+00 9.677215695684679431e-03 1.966321583881952702e-04 -1.422208556267581762e-05 5.575038767975593152e-08 3.55 0.00021751520951 1.6e-09
9.857019084228315199e-06 6.013284205465911914e-01 3.464311929475795675e-03 1.185822011094214581e-04 -5.358481318290499922e-05 -5.633543417212921200e-07 3.55 0.00021751520951 1.6e-09
2.671051943299589357e-05 1.976829234229215082e+00 -8.192894449033963702e-03 1.389029485343592585e-04 3.367615205098422422e-05 2.355412638479115644e-07 3.55 0.00021751520951 1.6e-09
8.533990188758134481e-05 3.541939764758133879e+00 1.725987322874603797e-02 2.170786122516539681e-04 2.650766292165884846e-06 2.175023516413505179e-07 3.55 0.00021751520951 1.6e-09
2.855484075129352051e-06 2.594249922189179269e+00 2.846755006442196201e-02 1.681027661004545022e-04 -2.365253208333008338e-05 -6.010829977239698056e-08 3.55 0.00021751520951 1.6e-09
1.901595193293258946e-05 4.009193598939647663e-01 -5.294779090200067359e-03 1.478799607130396238e-04 1.014745778094890008e-05 -1.567714080401606356e-06 3.55 0.00021751520951 1.6e-09
4.070090419617320278e-05 2.751811764885140121e+00 6.000888361577125241e-03 1.759804175944793198e-04 2.123599384807607729e-05 3.521529813953005364e-07 3.55 0.00021751520951 1.6e-09
2.133205694692383232e-05 3.530897994476355439e+00 3.315851183169139099e-02 2.164797752950786778e-04 -4.139294569399750006e-06 1.583748185409103848e-07 3.55 0.00021751520951 1.6e-09
4.847869163556668871e-05 1.794147359228822847e+00 2.821627021231641261e-02 1.310431647833561349e-04 -3.692653241788513478e-05 -4.395423288955441170e-07 3.55 0.00021751520951 1.6e-09
-5.859617333682175629e-06 7.190961859038971227e-01 -1.477904023594269270e-02 1.116914797706763105e-04 5.540508581183439297e-05 -5.137862144913656402e-07 3.55 0.00021751520951 1.6e-09
8.786626698260235565e-06 3.232797249533752026e+00 1.355298943251059818e-02 2.007589768733491304e-04 1.260726691486717330e-05 3.946212298191421977e-07 3.55 0.00021751520951 1.6e-09
2.509205858422589985e-05 3.296002513949594093e+00 4.258967243155595273e-02 2.040733663950423807e-04 -1.124327449916249260e-05 1.301497090934511208e-07 3.55 0.00021751520951 1.6e-09
-3.637780246385983438e-05 8.490700868522762512e-01 1.789101910659873784e-02 1.084121959534048473e-04 -5.448304762982030127e-05 -1.484647108861569238e-06 3.55 0.00021751520951 1.6e-09
5.575904785447874753e-06 1.626323421371615119e+00 -6.958995424208431341e-03 1.243630160864216117e-04 3.995836064914036609e-05 6.505931138908498234e-07 3.55 0.00021751520951 1.6e-09
-6.038344777009767360e-05 3.506300625590227149e+00 4.838037596653789463e-02 2.151720300171038936e-04 5.351366807648335640e-06 4.012617559763032459e-07 3.55 0.00021751520951 1.6e-09
6.030558314730644369e-06 2.858293644421998181e+00 6.375896701414271450e-02 1.813821730384456116e-04 -1.950297615883499195e-05 -1.850898498252926885e-07 3.55 0.00021751520951 1.6e-09
-6.230555871422829167e-05 4.178832391022982429e-01 -3.423223102441830170e-03 1.440080680733153435e-04 -2.424393326352816924e-05 -2.858878038389121024e-06 3.55 0.00021751520951 1.6e-09
6.815953219081873982e-05 2.465116261966429967e+00 1.089788777914824786e-02 1.617510820298610026e-04 2.564669838958888145e-05 6.934406799570270268e-07 3.55 0.00021751520951 1.6e-09
6.441704370940693337e-05 3.546622262043116258e+00 6.219654819692022052e-02 2.173329934373147642e-04 -1.498852970796798631e-06 2.928142085896153506e-07 3.55 0.00021751520951 1.6e-09
-2.703791343558264735e-05 2.118156625259657755e+00 5.664072471523090568e-02 1.452800942683827234e-04 -3.125205447121493787e-05 -6.214539628718490755e-07 3.55 0.00021751520951 1.6e-09
-2.754387724584948276e-05 5.276371486724773519e-01 -1.825107309949065143e-02 1.258466854076269095e-04 4.919483620769755797e-05 -9.611057816696791804e-07 3.55 0.00021751520951 1.6e-09
7.115923931456634714e-05 3.083189258290836676e+00 4.395336509076996911e-02 1.929524222431276746e-04 1.561804557366204375e-05 7.470162963391147611e-07 3.55 0.00021751520951 1.6e-09
2.360177666607913297e-05 3.416040882528526890e+00 9.008143939548650392e-02 2.103899746497284726e-04 -8.408450793512900216e-06 1.146271059067180072e-07 3.55 0.00021751520951 1.6e-09
-1.577235960718470197e-05 1.201415634371162167e+00 4.067355443689173872e-02 1.110762161968943765e-04 -4.814962579682762291e-05 -1.930829342066191529e-06 3.55 0.00021751520951 1.6e-09
-4.348335484124093455e-05 1.241637278790530097e+00 -8.135094827811859691e-03 1.120251813911417164e-04 4.737128147357546313e-05 1.132415067800759826e-06 3.55 0.00021751520951 1.6e-09
2.637899506905332325e-05 3.424031327391345414e+00 7.832090476502720500e-02 2.108166271192017378e-04 8.060584539162989772e-06 5.890239865742859788e-07 3.55 0.00021751520951 1.6e-09
-3.825175284506290510e-05 3.055314815660118200e+00 9.860347026937388293e-02 1.915120257838796619e-04 -1.605807763247640331e-05 -2.735639941425884197e-07 3.55 0.00021751520951 1.6e-09
5.086169359351521579e-05 5.087475945679824640e-01 2.067864913840878824e-03 1.283033771266974866e-04 -4.704124994000928752e-05 -3.699801547160497844e-06 3.55 0.00021751520951 1.6e-09
-6.043915150142539343e-05 2.163522615341658017e+00 2.473479450798908574e-02 1.473740759124458465e-04 3.049113654719102443e-05 1.251082686058726759e-06 3.55 0.00021751520951 1.6e-09
-2.139466303333084044e-05 3.546133116912032257e+00 1.068989019755425124e-01 2.173083094272399752e-04 1.099111823947325032e-06 4.071599843020370689e-07 3.55 0.00021751520951 1.6e-09
7.972984580183038348e-05 2.420412998462607490e+00 9.445485105475093235e-02 1.595742785533518261e-04 -2.631730913489927783e-05 -8.695543652311555620e-07 3.55 0.00021751520951 1.6e-09
6.749644656588605490e-05 4.261390060687810788e-01 -1.919991718175760934e-02 1.421285110361828721e-04 2.863964126305198205e-05 -1.522908163994121413e-06 3.55 0.00021751520951 1.6e-09
-7.930511292161574344e-05 2.892345125291672758e+00 7.589009568422962204e-02 1.831127867548131851e-04 1.897876784599846763e-05 1.112045068349996249e-06 3.55 0.00021751520951 1.6e-09
2.685623427063457046e-05 3.502346665085656063e+00 1.360025058061613834e-01 2.149554090448455392e-04 -5.671826342109560011e-06 6.672389384047233770e-08 3.55 0.00021751520951 1.6e-09
-3.420773733770722730e-05 1.590375500301007161e+00 6.689263121693884984e-02 1.229948914040589333e-04 -4.058204487062705586e-05 -2.064647788089420658e-06 3.55 0.00021751520951 1.6e-09
1.825662697176279250e-05 8.784051403084855991e-01 -1.153960415358089645e-02 1.081166184453038722e-04 5.406151454124847201e-05 1.757938011120140680e-06 3.55 0.00021751520951 1.6e-09
7.487898193509037780e-05 3.304919590428334608e+00 1.108907966567930226e-01 2.045439243891066113e-04 1.092767181532883549e-05 8.083394837103975610e-07 3.55 0.00021751520951 1.6e-09
-2.580979909052880317e-05 3.213342708116825541e+00 1.364907839803030376e-01 1.997425773948422920e-04 -1.291017523191840576e-05 -3.643367786112234786e-07 3.55 0.00021751520951 1.6e-09
-1.643579455708074838e-05 6.940630234599748372e-01 1.240257285404591098e-02 1.127865785651990192e-04 -5.516831827063061898e-05 -3.945786207793240455e-06 3.55 0.00021751520951 1.6e-09
-4.226372847318514040e-05 1.831258118699762072e+00 3.926785534568762170e-02 1.326014380038713044e-04 3.618457713574722422e-05 1.980524457597702047e-06 3.55 0.00021751520951 1.6e-09
-6.866970481327926211e-05 3.529041967483165010e+00 1.521348743614422683e-01 2.163844747465190816e-04 3.815013080439097555e-06 4.734451112533755010e-07 3.55 0.00021751520951 1.6e-09
-5.557495401948234378e-05 2.715505443893281523e+00 1.305731285488277438e-01 1.741541486873769045e-04 -2.169788312801915482e-05 -1.059222608253905129e-06 3.55 0.00021751520951 1.6e-09
-4.431108853938371358e-05 3.994359364706533411e-01 -1.851593918157209279e-02 1.482407534444099746e-04 -5.631148320513941598e-06 -2.261783371106782499e-06 3.55 0.00021751520951 1.6e-09
5.276851665183160769e-05 2.627453639565405119e+00 9.377601194012910590e-02 1.697509026092769587e-04 2.306956028660371542e-05 1.456349816189824963e-06 3.55 0.00021751520951 1.6e-09
1.066843596014030546e-04 3.536821561756041010e+00 1.653653215525852649e-01 2.168027591453251769e-04 -2.974161216297229964e-06 3.367326181230463644e-08 3.55 0.00021751520951 1.6e-09
6.194051391695962671e-05 1.939880217214236202e+00 8.721502997168625870e-02 1.372691557600242936e-04 -3.423352618707009402e-05 -2.001077230036332188e-06 3.55 0.00021751520951 1.6e-09
-3.293110798850329201e-05 6.220242859677865832e-01 -1.432973913018456905e-02 1.169924327651873002e-04 5.418026793258311571e-05 2.471399888869498993e-06 3.55 0.00021751520951 1.6e-09
5.295389811093725613e-05 3.165707257655085538e+00 1.395455504676738900e-01 1.972515725661287450e-04 1.388032210278846129e-05 9.943885558181061882e-07 3.55 0.00021751520951 1.6e-09
8.344767719721669474e-05 3.346416403694838060e+00 1.671670366884638326e-01 2.067229540171768932e-04 -9.975202484638240092e-06 -4.572955717563264915e-07 3.55 0.00021751520951 1.6e-09
-4.879439845965007527e-05 9.931270104387284192e-01 2.651939037750408040e-02 1.080183621958044578e-04 -5.207800361726487907e-05 -3.571914467722080465e-06 3.55 0.00021751520951 1.6e-09
-3.442287411789734456e-05 1.461726738476629484e+00 4.050370697525546015e-02 1.184550149983722850e-04 4.298031266421749281e-05 2.670825029483696432e-06 3.55 0.00021751520951 1.6e-09
5.943592798015894560e-05 3.472706650034933062e+00 1.714459217430638338e-01 2.133885028088191140e-04 6.513924391752798492e-06 4.777213225366709136e-07 3.55 0.00021751520951 1.6e-09
3.927137348192879157e-05 2.950882032911676500e+00 1.447341898150516226e-01 1.861193295606925358e-04 -1.787709112860418978e-05 -1.084586587342469721e-06 3.55 0.00021751520951 1.6e-09
-5.945367805890917245e-05 4.493310565617678609e-01 -1.677341859199510399e-02 1.376495326901887761e-04 -3.628465779747806134e-05 -2.606972935634557654e-06 3.55 0.00021751520951 1.6e-09
-4.006879137698535600e-05 2.329641938071796758e+00 9.774072762560973016e-02 1.552055370409579304e-04 2.769479406230571219e-05 1.767847100534216275e-06 3.55 0.00021751520951 1.6e-09
-7.894988522969846926e-05 3.542738737617450173e+00 1.776301914713197261e-01 2.171305536795187403e-04 -3.342624878622227878e-07 1.431940442284890623e-08 3.55 0.00021751520951 1.6e-09
-3.897213501805322133e-05 2.251153627911853583e+00 9.864073518727997647e-02 1.514766827112726580e-04 -2.895829217029705316e-05 -1.826120655189443832e-06 3.55 0.00021751520951 1.6e-09
1.358333337025991350e-05 4.739026837120441371e-01 -1.630027951166900663e-02 1.333314491409455873e-04 4.209778358978874524e-05 2.960960161978342867e-06 3.55 0.00021751520951 1.6e-09
-5.186087213952758374e-05 3.002683991181503309e+00 1.496853725330552776e-01 1.887816200684446226e-04 1.702858539712786065e-05 1.076876741429953529e-06 3.55 0.00021751520951 1.6e-09
-5.875489685033219266e-05 3.457525858910000416e+00 1.754758855000891904e-01 2.125800295181843659e-04 -7.147449325351723285e-06 -5.023225571620187932e-07 3.55 0.00021751520951 1.6e-09
1.441160057914485861e-05 1.377516418504056483e+00 3.845303713784115757e-02 1.157444640621994430e-04 -4.464516587798391908e-05 -2.859799338315069210e-06 3.55 0.00021751520951 1.6e-09
-2.550861015472764980e-05 1.071198180661518951e+00 2.746999809064679457e-02 1.087795336790860407e-04 5.060692301640693451e-05 3.273269749918642724e-06 3.55 0.00021751520951 1.6e-09
-7.887300816594543370e-05 3.370866073179525024e+00 1.635941786771990536e-01 2.080130690080142031e-04 9.330437477932290158e-06 4.631196324059608909e-07 3.55 0.00021751520951 1.6e-09
9.186877445436094725e-05 3.127162200251001778e+00 1.381729896791130396e-01 1.952446804100528067e-04 -1.461690280726168521e-05 -9.744125231991943511e-07 3.55 0.00021751520951 1.6e-09
3.460690352188727905e-05 5.769404324152171970e-01 -1.383303571062796666e-02 1.206962419231843504e-04 -5.242812288601028019e-05 -2.499280616533494737e-06 3.55 0.00021751520951 1.6e-09
-2.140733465524926235e-05 2.019191067189956001e+00 9.172649625550829966e-02 1.407903606113713698e-04 3.283030104351710961e-05 2.021367217473407367e-06 3.55 0.00021751520951 1.6e-09
9.862823791242605236e-05 3.538360059138667246e+00 1.743288197352887980e-01 2.168907141457905368e-04 2.287360363239428906e-06 -1.015809857642122726e-08 3.55 0.00021751520951 1.6e-09
-2.351169167479506811e-05 2.551516042063322054e+00 9.988811010197889972e-02 1.659897607268954437e-04 -2.421910961912747526e-05 -1.572607738351997139e-06 3.55 0.00021751520951 1.6e-09
5.146296855193718269e-05 4.051474657669466017e-01 -1.799754316386520739e-02 1.468260029814866599e-04 1.498643798335159112e-05 2.818302277960858378e-06 3.55 0.00021751520951 1.6e-09
-1.418296871116576105e-05 2.784559153762580230e+00 1.338531141593834739e-01 1.776314485121683034e-04 2.065653321221956970e-05 1.034054915011871604e-06 3.55 0.00021751520951 1.6e-09
2.807791344971717444e-06 3.523843197096476754e+00 1.547851085903813595e-01 2.161010543455206068e-04 -4.465171954830510459e-06 -4.814719306473838893e-07 3.55 0.00021751520951 1.6e-09
-5.186520005516247797e-05 1.751281116991894260e+00 3.875078720639857366e-02 1.292777380252552915e-04 -3.764650926752169282e-05 -2.082485519770406594e-06 3.55 0.00021751520951 1.6e-09
5.497463674255019886e-05 7.513949114085809455e-01 1.304072934246067877e-02 1.105551431963528884e-04 5.520062094737063658e-05 3.798468820552318110e-06 3.55 0.00021751520951 1.6e-09
-3.137650023547229318e-05 3.244608362665660106e+00 1.439520521751944115e-01 2.013801140852444251e-04 1.222871663114637427e-05 4.321217114275773021e-07 3.55 0.00021751520951 1.6e-09
-3.445560937141928584e-06 3.273705922854159400e+00 1.217928406860112889e-01 2.029055787078485923e-04 -1.160401045844237970e-05 -8.253340962564692694e-07 3.55 0.00021751520951 1.6e-09
2.062474420476759218e-05 8.082077264931240013e-01 -9.797979931397686471e-03 1.090830330831169198e-04 -5.492534362176846354e-05 -2.079930765006462318e-06 3.55 0.00021751520951 1.6e-09
-1.830885096427312890e-05 1.675804250368852610e+00 7.469649457314121721e-02 1.262692214342424498e-04 3.895421302492183306e-05 2.126016489859436948e-06 3.55 0.00021751520951 1.6e-09
-2.493377896451383683e-05 3.511918754797468623e+00 1.487521292554501162e-01 2.154691352387330607e-04 5.010731908630848396e-06 -6.273353263916201678e-08 3.55 0.00021751520951 1.6e-09
2.252766813545519512e-05 2.829696304875634283e+00 8.343532913424164810e-02 1.799240593885821128e-04 -1.994005816828324504e-05 -1.235138846976568350e-06 3.55 0.00021751520951 1.6e-09
5.712491371551265898e-05 4.119096254059269047e-01 -1.910756232830911755e-02 1.453010905513798948e-04 -2.039355201906773764e-05 2.073404115416820806e-06 3.55 0.00021751520951 1.6e-09
-5.710673577606674716e-05 2.499260442882203392e+00 1.003403104720897443e-01 1.634188630331214213e-04 2.507336033224665434e-05 9.049323226124003175e-07 3.55 0.00021751520951 1.6e-09
4.068080795608340888e-05 3.544202182786972077e+00 1.157647566424546137e-01 2.172026053966694256e-04 -1.797516427376919842e-06 -4.037669990063123953e-07 3.55 0.00021751520951 1.6e-09
9.688534398520070733e-07 2.080874026083927575e+00 2.906764292194128491e-02 1.435739637231281309e-04 -3.187542887783515778e-05 -1.381062740650982665e-06 3.55 0.00021751520951 1.6e-09
-3.503928838662125896e-05 5.459432277462078487e-01 3.190220797942133930e-03 1.237752822452128920e-04 5.056563615159247790e-05 4.008006583469315810e-06 3.55 0.00021751520951 1.6e-09
-7.444271140814582893e-05 3.099647418404771315e+00 1.152197186094373882e-01 1.938093921633413791e-04 1.525067414663438826e-05 3.504158887194908520e-07 3.55 0.00021751520951 1.6e-09
-4.239350092452312616e-05 3.400072844984816989e+00 9.527834197186402232e-02 2.095496273820379859e-04 -8.740600066540777846e-06 -6.623263531509276999e-07 3.55 0.00021751520951 1.6e-09
3.981764395222851756e-05 1.150727663237510079e+00 -6.840005018518060913e-03 1.100397042096731539e-04 -4.919683185386906671e-05 -1.444677396123252473e-06 3.55 0.00021751520951 1.6e-09
2.634507811180178221e-05 1.293601474527174666e+00 4.704757253792817007e-02 1.133507361138381150e-04 4.628823442689598746e-05 1.945222460924260939e-06 3.55 0.00021751520951 1.6e-09
1.017415938950615205e-04 3.438622758365434073e+00 9.887508765758307172e-02 2.115847775139022865e-04 7.722958293255271814e-06 -1.243035486611050074e-07 3.55 0.00021751520951 1.6e-09
-1.456516175396926866e-05 3.037999815388384484e+00 4.847564211586037619e-02 1.906116540941940997e-04 -1.642965033400779784e-05 -8.248692121190854746e-07 3.55 0.00021751520951 1.6e-09
-1.968444876040841113e-05 4.940088696630018372e-01 -1.833715277669205335e-02 1.303291636870760922e-04 -4.521377423435139688e-05 1.327275571190750111e-06 3.55 0.00021751520951 1.6e-09
-3.444050066784973074e-05 2.197408528273372408e+00 6.586484911088678895e-02 1.489546210678664847e-04 2.991010371983656254e-05 7.284509825709272620e-07 3.55 0.00021751520951 1.6e-09
-2.752383150638024363e-05 3.546046281164044522e+00 7.625795416950845174e-02 2.173062457100800589e-04 8.054424308424768811e-07 -3.024117396018362596e-07 3.55 0.00021751520951 1.6e-09
-2.897130093993245626e-06 2.383958917055780891e+00 1.773848652705009576e-02 1.578147625540296225e-04 -2.691528084937867447e-05 -8.448659913318085706e-07 3.55 0.00021751520951 1.6e-09
1.493759787621475277e-05 4.348167946152401986e-01 -2.388970604568712609e-03 1.403678614451768221e-04 3.212336625685882976e-05 3.616976984279051402e-06 3.55 0.00021751520951 1.6e-09
3.201328224328452328e-05 2.919806304598021374e+00 7.654377464690806376e-02 1.845188436894303822e-04 1.855012851899614544e-05 2.017633973253606701e-07 3.55 0.00021751520951 1.6e-09
-6.990989470005877504e-05 3.496981363205793780e+00 5.761260611856972719e-02 2.146702950934593554e-04 -5.983901786036082672e-06 -4.803617010109781534e-07 3.55 0.00021751520951 1.6e-09
-3.152653088615514176e-05 1.544947929689268751e+00 -8.544672027275480169e-03 1.213322560700207613e-04 -4.153092948164578175e-05 -7.782960628001455805e-07 3.55 0.00021751520951 1.6e-09
3.336789753215861480e-05 9.188100607867651926e-01 2.087026578410165062e-02 1.078975191014012959e-04 5.344201690877594150e-05 1.530382530260081614e-06 3.55 0.00021751520951 1.6e-09
-8.967237313933921529e-05 3.323555528769651879e+00 4.913775902949965579e-02 2.055219716485470619e-04 1.060372185024198807e-05 -1.250377144958457610e-07 3.55 0.00021751520951 1.6e-09
-1.899132313416000201e-05 3.199753165509084951e+00 1.800668462304536033e-02 1.990307818607920623e-04 -1.328067804300646946e-05 -4.407562739137657669e-07 3.55 0.00021751520951 1.6e-09
1.981997409511931531e-05 6.651809089240463546e-01 -1.481312564662830115e-02 1.142600974508750948e-04 -5.504575615377387172e-05 6.076740121276717769e-07 3.55 0.00021751520951 1.6e-09
-4.863095903384706076e-05 1.871946323831043202e+00 3.754299342825861974e-02 1.343349842784351831e-04 3.549359103270236036e-05 5.573327113260353848e-07 3.55 0.00021751520951 1.6e-09
-2.500876396569933814e-05 3.533971191654724286e+00 4.497850620771676189e-02 2.166511591091106487e-04 3.486380771395375080e-06 -1.954791497390888527e-07 3.55 0.00021751520951 1.6e-09
6.305617185374306956e-05 2.679911789238061282e+00 9.674950989355477621e-03 1.723715380208989847e-04 -2.231962978305577784e-05 -4.744233276647622377e-07 3.55 0.00021751520951 1.6e-09
-3.142490148403427467e-05 3.979962496163121921e-01 -5.031398198502343329e-03 1.486065909307543280e-04 -5.512083200463523074e-07 2.476259936462844054e-06 3.55 0.00021751520951 1.6e-09
7.894935060795929712e-05 2.669945437126120424e+00 3.310982910278707086e-02 1.718681611777029812e-04 2.251109058528746897e-05 3.179309601638409514e-08 3.55 0.00021751520951 1.6e-09
8.848717984843914187e-05 3.540984122901854825e+00 1.769816809228641485e-02 2.170195053024611049e-04 -3.319803266237350653e-06 -2.657332807049343538e-07 3.55 0.00021751520951 1.6e-09
4.334767247038129052e-06 1.900802839601595684e+00 -1.164835278604703719e-02 1.355645618337308705e-04 -3.504322847590041320e-05 -2.418606266348736048e-07 3.55 0.00021751520951 1.6e-09
-4.616476878562524868e-05 6.474344091811552460e-01 4.885455206839412270e-03 1.153032004732959265e-04 5.480415693270046957e-05 8.460853906555160260e-07 3.55 0.00021751520951 1.6e-09
-8.747610189562259617e-05 3.188074208681313859e+00 1.803785751073995816e-02 1.984198088688689373e-04 1.353558297537526124e-05 -4.475362167462512805e-08 3.55 0.00021751520951 1.6e-09
7.498845303934075033e-05 3.334702815190364156e+00 6.365395730979137717e-03 2.061078549833490086e-04 -1.036387655188260765e-05 -1.624479395815134667e-07 3.55 0.00021751520951 1.6e-09
4.880712233340289740e-05 9.463457421776436673e-01 -7.101412655770879961e-03 1.078578583979664443e-04 -5.305093461715011313e-05 7.457383753409930587e-08 3.55 0.00021751520951 1.6e-09
5.810094808752218917e-07 1.512138887735188897e+00 1.405088355344932816e-02 1.201833838532549248e-04 4.211184413875375382e-05 3.130309798680111432e-07 3.55 0.00021751520951 1.6e-09
-3.232772445829252037e-05 3.487621959489109358e+00 1.788126061190658048e-02 2.141793722899128704e-04 6.178863467238129732e-06 -8.826349477634338212e-08 3.55 0.00021751520951 1.6e-09
2.678578769221909701e-05 2.927385622642622032e+00 3.000699411334900937e-03 1.849135367027901575e-04 -1.838405484492256116e-05 -1.874766625841908912e-07 3.55 0.00021751520951 1.6e-09
2.785187185601959491e-05 4.375249100769671995e-01 -4.000553893688993043e-03 1.398976957134758078e-04 -3.295254058073504783e-05 9.646948760260931647e-07 3.55 0.00021751520951 1.6e-09
4.029076404834857836e-05 2.374010694510915620e+00 1.995938370290942926e-03 1.573328110547739776e-04 2.710262169643127303e-05 -1.587540791181846298e-08 3.55 0.00021751520951 1.6e-09
-3.234970241561871651e-05 3.550007463004235753e+00 -7.057732568701654717e-04 2.175145109950328321e-04 -6.749485841515142268e-07 -2.940231907916600207e-08 3.55 0.00021751520951 1.6e-09
-4.715878088536667534e-06 2.216618840710417704e+00 -2.826157391330920074e-03 1.498485435937483624e-04 -2.965199913423559677e-05 -1.551507795365649763e-09 3.55 0.00021751520951 1.6e-09
3.584664122701167606e-05 4.868482995061815810e-01 -3.065070192060685966e-03 1.313458309686618242e-04 4.441049795737958463e-05 -1.540526155788542589e-07 3.55 0.00021751520951 1.6e-09
2.298714139865729771e-05 3.029160273496769751e+00 6.844006974896704731e-03 1.901524467183743328e-04 1.664089455714581995e-05 1.175449332075857325e-07 3.55 0.00021751520951 1.6e-09
-6.813046698004706562e-05 3.448692092778403051e+00 1.400126793795468741e-02 2.121153078735270444e-04 -7.535531882384774381e-06 1.758572962204260236e-08 3.55 0.00021751520951 1.6e-09
2.765710030845646323e-05 1.322146759391693571e+00 6.704756919840149446e-03 1.141247019468332401e-04 -4.583175624333733625e-05 -2.687958244285175319e-07 3.55 0.00021751520951 1.6e-09
4.419834781122246293e-05 1.122829902661644841e+00 -4.402430285956790076e-03 1.095526473724295726e-04 4.973723554100002253e-05 -2.972312874038992620e-08 3.55 0.00021751520951 1.6e-09
2.593148547068739926e-05 3.393066135721146459e+00 2.102775369782566850e-03 2.091816399773577988e-04 8.953726326416942995e-06 8.266284216299734231e-08 3.55 0.00021751520951 1.6e-09
-4.711248276291660306e-05 3.112014039652080122e+00 8.482253993733580161e-03 1.944542833371328276e-04 -1.504481574037271341e-05 2.978896984991065200e-08 3.55 0.00021751520951 1.6e-09
-5.173944253750934391e-05 5.550034037023916511e-01 1.952932367724977743e-03 1.228406157122371729e-04 -5.127694585785334597e-05 -4.572242128409984661e-07 3.55 0.00021751520951 1.6e-09
-7.063215032637351176e-05 2.062813531317731375e+00 -8.652589597396965690e-03 1.427545793964721341e-04 3.221063259995990153e-05 1.862181847578149795e-07 3.55 0.00021751520951 1.6e-09
-9.430249834103343013e-05 3.545730754073368463e+00 1.307825260952089411e-02 2.172836030563618189e-04 1.958631363386225137e-06 1.949390043652327030e-07 3.55 0.00021751520951 1.6e-09
-1.008448906773791394e-05 2.517305512009981427e+00 2.390396419988948667e-02 1.643049335791112522e-04 -2.484712599663372755e-05 -4.194247966286345675e-08 3.55 0.00021751520951 1.6e-09
-6.223020920370712483e-06 4.090887147296038417e-01 -5.865478494247580721e-03 1.459237893993896112e-04 1.902670176912059488e-05 -1.425538864732090471e-06 3.55 0.00021751520951 1.6e-09
8.329818675125484227e-05 2.818826765072464990e+00 7.069861135638035726e-03 1.793707448559342681e-04 2.018641404275006322e-05 3.382408074121121866e-07 3.55 0.00021751520951 1.6e-09
1.061480135507751810e-04 3.520893766900524025e+00 3.276224547099138018e-02 2.159441360577508723e-04 -4.840554946508939447e-06 1.439682824948300301e-07 3.55 0.00021751520951 1.6e-09
3.058393303563264386e-05 1.702901295240089263e+00 2.623660667418610537e-02 1.273312964135277334e-04 -3.858450021042809317e-05 -4.715201466868430059e-07 3.55 0.00021751520951 1.6e-09
-1.822651572095819179e-05 7.873636629450377900e-01 -1.432556151124817975e-02 1.095366967364413849e-04 5.514769237383192516e-05 -3.758074468739674052e-07 3.55 0.00021751520951 1.6e-09
-8.902435469780174931e-05 3.268126082942974797e+00 1.188674598033650706e-02 2.026104686756872758e-04 1.185398394309183893e-05 3.556616693133109383e-07 3.55 0.00021751520951 1.6e-09
-4.343410928341541086e-06 3.261358617614233957e+00 3.824740604800581228e-02 2.022557375747183227e-04 -1.199632880395987066e-05 1.181819871286345509e-07 3.55 0.00021751520951 1.6e-09
1.769131745963100507e-05 7.738511346463649021e-01 1.463351422778919400e-02 1.098760262058631255e-04 -5.523526767056985431e-05 -1.486448004201137646e-06 3.55 0.00021751520951 1.6e-09
-1.824006339267815263e-05 1.720763847800856894e+00 -6.666981455872614606e-03 1.280562143814255706e-04 3.822448295386258956e-05 6.133228854264441622e-07 3.55 0.00021751520951 1.6e-09
5.132103750758691950e-05 3.519679177940735482e+00 4.603116027282859457e-02 2.158845795661554115e-04 4.650642235846929603e-06 3.839584403455452486e-07 3.55 0.00021751520951 1.6e-09
8.273852173582871381e-05 2.796520663002543650e+00 6.057200937060520929e-02 1.782426020998190911e-04 -2.050103905968842202e-05 -1.889135827069578771e-07 3.55 0.00021751520951 1.6e-09
-2.045613028534660013e-05 4.063665533779740047e-01 -4.811578509012131438e-03 1.466193778755766545e-04 -1.604687024094657381e-05 -2.748573544430900052e-06 3.55 0.00021751520951 1.6e-09
4.545077853177071487e-05 2.541377611227663369e+00 1.223397909673774701e-02 1.654895840817616356e-04 2.446376441478143550e-05 6.557763644145778992e-07 3.55 0.00021751520951 1.6e-09
-5.920986393005245145e-05 3.544531417365443193e+00 6.035330290885000670e-02 2.172183607635407650e-04 -2.168502135443528353e-06 2.671245149557945605e-07 3.55 0.00021751520951 1.6e-09
-2.197687409877785691e-05 2.037150465263239951e+00 5.273776573273060431e-02 1.415942806811248673e-04 -3.262799059803815204e-05 -6.485641715721363136e-07 3.55 0.00021751520951 1.6e-09
2.266551266661711949e-05 5.674666490989218604e-01 -1.836049172645155131e-02 1.215537194516166561e-04 5.204105697648350704e-05 -7.400677701275632605e-07 3.55 0.00021751520951 1.6e-09
6.244756614272142824e-05 3.124447668506823206e+00 4.115629295792319620e-02 1.950988917926341996e-04 1.481291658402272769e-05 6.972702812480438144e-07 3.55 0.00021751520951 1.6e-09
8.400895047572004733e-05 3.386643838475994706e+00 8.450912222573588040e-02 2.088402916919717507e-04 -9.142235589783509432e-06 1.060341470056593569e-07 3.55 0.00021751520951 1.6e-09
-8.796441851508193143e-06 1.101799148127804884e+00 3.550804481620445374e-02 1.091968635245200536e-04 -5.010880182084292549e-05 -1.999037891124259480e-06 3.55 0.00021751520951 1.6e-09
-4.440611722068576903e-05 1.344010911917549844e+00 -5.999923314775972537e-03 1.147660624305385545e-04 4.535043140950744669e-05 1.118347393452959999e-06 3.55 0.00021751520951 1.6e-09
-2.810591455500602927e-05 3.449717491872757336e+00 7.779087601443042399e-02 2.121733955175313406e-04 7.339552737831598283e-06 5.591683484344088274e-07 3.55 0.00021751520951 1.6e-09
8.503433282425590693e-05 3.008685317840944506e+00 9.565601675502351242e-02 1.890987580295520627e-04 -1.692214389285113399e-05 -2.966206452148586709e-07 3.55 0.00021751520951 1.6e-09
-4.816415532985555373e-05 4.774654899239112460e-01 -4.008165276789359393e-04 1.328583680413241634e-04 -4.251014508756636220e-05 -3.663785316795024346e-06 3.55 0.00021751520951 1.6e-09
5.693525550985655491e-05 2.243961117454677634e+00 2.513172476424650748e-02 1.511373439250879530e-04 2.915910586396362855e-05 1.165939846835862747e-06 3.55 0.00021751520951 1.6e-09
-9.758904272543953654e-06 3.546978294930294595e+00 1.022065136302705846e-01 2.173549568413260134e-04 4.140668440953788624e-07 3.780325104349764095e-07 3.55 0.00021751520951 1.6e-09
-4.774183304489219170e-05 2.341568276590374253e+00 8.827395464182974383e-02 1.557752197608031747e-04 -2.756181281666471929e-05 -8.839421173917739298e-07 3.55 0.00021751520951 1.6e-09
-6.519254156868938455e-05 4.454731384128021721e-01 -1.966882077334322632e-02 1.382703530596872963e-04 3.558057581131717395e-05 -1.189334049941466897e-06 3.55 0.00021751520951 1.6e-09
7.209436203167328069e-05 2.948391174157329431e+00 7.484313715104781717e-02 1.859859166983545157e-04 1.803595246069386113e-05 1.057765123608620137e-06 3.55 0.00021751520951 1.6e-09
6.639473728368267512e-05 3.484454756886448124e+00 1.320342571094699213e-01 2.140055979341816818e-04 -6.378819983126062204e-06 5.317771402493391988e-08 3.55 0.00021751520951 1.6e-09
-8.527910017647976325e-06 1.491310519162674986e+00 6.146964120473707993e-02 1.194439051136953796e-04 -4.245730070717567567e-05 -2.153854715074135696e-06 3.55 0.00021751520951 1.6e-09
-3.607068786625601900e-05 9.648690629609868452e-01 -9.194754440038397508e-03 1.079043424659416480e-04 5.267471530884997120e-05 1.741090978579448287e-06 3.55 0.00021751520951 1.6e-09
-8.715598675822997790e-05 3.337874799066856912e+00 1.091575328009279366e-01 2.062761597745411198e-04 1.017840110461320062e-05 7.626733827008140160e-07 3.55 0.00021751520951 1.6e-09
-5.558482005902960906e-06 3.174304321965795594e+00 1.317879001898848712e-01 1.977026381751705985e-04 -1.371176298215587897e-05 -3.844713660152546726e-07 3.55 0.00021751520951 1.6e-09
4.041055227036079845e-05 6.347019479252560270e-01 8.338533913996009489e-03 1.161352121843573632e-04 -5.437863687039742942e-05 -4.011914931207657462e-06 3.55 0.00021751520951 1.6e-09
-7.148673270051438271e-06 1.921861553704027559e+00 4.061589482074114826e-02 1.364859663752752853e-04 3.458374950729638686e-05 1.862049855484573604e-06 3.55 0.00021751520951 1.6e-09
7.419475626613221192e-05 3.535917443025466067e+00 1.483478060488717110e-01 2.167545292007418134e-04 3.088191694362956660e-06 4.486769407683516686e-07 3.55 0.00021751520951 1.6e-09
2.043571914313111598e-05 2.641134853956200512e+00 1.251456339929262196e-01 1.704317255228123419e-04 -2.285418230659424068e-05 -1.085923459132019534e-06 3.55 0.00021751520951 1.6e-09
6.513280862454907385e-05 3.987944399303698928e-01 -1.940573507435480738e-02 1.483795806474605297e-04 3.948402176112547409e-06 -1.864631414344448630e-06 3.55 0.00021751520951 1.6e-09
3.751066765583883022e-05 2.703044574569190672e+00 9.603083078755639268e-02 1.735269483606681723e-04 2.191585421374956605e-05 1.393027057138450122e-06 3.55 0.00021751520951 1.6e-09
-4.649187168679990947e-05 3.531794739683186357e+00 1.641096084128592092e-01 2.165301381595959485e-04 -3.672160468465434789e-06 9.780074640834375955e-09 3.55 0.00021751520951 1.6e-09
1.663913808377159433e-05 1.852663789008496042e+00 8.271141722923469608e-02 1.335027345011731773e-04 -3.577315650297501956e-05 -2.092097285605388898e-06 3.55 0.00021751520951 1.6e-09
-2.783723158148783354e-05 6.778095644995065783e-01 -1.249320080217283455e-02 1.135769226985167656e-04 5.514695138477901929e-05 2.494090262989795280e-06 3.55 0.00021751520951 1.6e-09
-8.443228838179791412e-05 3.203759601025235604e+00 1.384858338153772128e-01 1.992397267472182667e-04 1.310177984874622017e-05 9.495141306743148659e-07 3.55 0.00021751520951 1.6e-09
7.317988962384674220e-05 3.313168760509545230e+00 1.634210604491231345e-01 2.049754053478922231e-04 -1.073157984674760889e-05 -4.770392360905032172e-07 3.55 0.00021751520951 1.6e-09
3.282614073483981158e-05 9.037851275818575836e-01 2.122905384703603279e-02 1.079399197613110294e-04 -5.359601422186987705e-05 -3.723443605081600080e-06 3.55 0.00021751520951 1.6e-09
3.992036493512559318e-05 1.562534517364432052e+00 4.523165519292700332e-02 1.219835187898409890e-04 4.106193001829689700e-05 2.560148120364359608e-06 3.55 0.00021751520951 1.6e-09
-6.146762549310826268e-05 3.492169745836023687e+00 1.730457417153224708e-01 2.144197600155164311e-04 5.811929319409812693e-06 4.559244686820970808e-07 3.55 0.00021751520951 1.6e-09
-9.362378071293032001e-06 2.896578968029396961e+00 1.435136128667267030e-01 1.833348511255461575e-04 -1.879560621413005087e-05 -1.134497663461756193e-06 3.55 0.00021751520951 1.6e-09
-6.395926914287663448e-06 4.293166743731564039e-01 -1.803990841775304776e-02 1.415454955488077999e-04 -2.959187777261664147e-05 -2.344064453420978598e-06 3.55 0.00021751520951 1.6e-09
6.870265891980425197e-05 2.407821072756210157e+00 1.010288334421712425e-01 1.589678321432471970e-04 2.644808017549268419e-05 1.691543279915251500e-06 3.55 0.00021751520951 1.6e-09
2.526781652882590409e-05 3.542253256884849932e+00 1.771087950193584448e-01 2.171031129057651254e-04 -1.017269520461878975e-06 -1.212281092768924536e-08 3.55 0.00021751520951 1.6e-09
-7.245974797859529933e-05 2.172036142481340804e+00 9.466122968613026323e-02 1.477714395619964666e-04 -3.025782200153664692e-05 -1.900611528495172874e-06 3.55 0.00021751520951 1.6e-09
3.076778561423204649e-05 5.040749920118167138e-01 -1.491536189016853288e-02 1.288669893181607279e-04 4.663166674278338786e-05 3.099509780795606654e-06 3.55 0.00021751520951 1.6e-09
-1.416883850544418662e-05 3.048788764170507370e+00 1.516485634646553837e-01 1.911671132223647057e-04 1.617625813212186409e-05 1.043186026317490127e-06 3.55 0.00021751520951 1.6e-09
7.705672641034242939e-05 3.431687130180327117e+00 1.751288778782312539e-01 2.112148809969544667e-04 -7.877599538844147519e-06 -5.283383987590176912e-07 3.55 0.00021751520951 1.6e-09
-4.860001813066231797e-06 1.273918881078527576e+00 3.371370179966270281e-02 1.128173866267789463e-04 -4.667198779147281124e-05 -3.021865296862749778e-06 3.55 0.00021751520951 1.6e-09
-5.214736295475809355e-05 1.170962580837373590e+00 3.361844948356113028e-02 1.104494228464375781e-04 4.866121939311215098e-05 3.140718920893515867e-06 3.55 0.00021751520951 1.6e-09
7.420278539880143399e-05 3.400954397479059033e+00 1.668551239602306113e-01 2.095986478035314065e-04 8.573034576802054626e-06 4.316194446717203588e-07 3.55 0.00021751520951 1.6e-09
-7.550229303005608116e-05 3.084914273030857412e+00 1.377127427711257179e-01 1.930477677151502781e-04 -1.543070114869239592e-05 -1.026903230681348149e-06 3.55 0.00021751520951 1.6e-09
4.851585694058937657e-06 5.346709664073174828e-01 -1.567682868715896544e-02 1.250758220469902569e-04 -4.963912166108053268e-05 -2.330240162028315403e-06 3.55 0.00021751520951 1.6e-09
6.747496822743611808e-05 2.102952532135035746e+00 9.533550885267333408e-02 1.445869833817066191e-04 3.140033860431233126e-05 1.926864685242925487e-06 3.55 0.00021751520951 1.6e-09
-8.271600854842597688e-05 3.540705273543397702e+00 1.742367944924917422e-01 2.170190944476251666e-04 1.598275422932186234e-06 -3.336786472915048631e-08 3.55 0.00021751520951 1.6e-09
-4.540606796940140706e-05 2.472942294524610674e+00 9.666450250306904413e-02 1.621334984657667785e-04 -2.543590461979208231e-05 -1.634198486108704155e-06 3.55 0.00021751520951 1.6e-09
5.439055649113440935e-05 4.162306563519452829e-01 -1.681925371538357805e-02 1.442720236395318234e-04 2.353817615578976781e-05 3.152479249742504315e-06 3.55 0.00021751520951 1.6e-09
2.181566668525385783e-05 2.849365212245790868e+00 1.393388121742463459e-01 1.809200533277845126e-04 1.962969180860683495e-05 1.007362016667615219e-06 3.55 0.00021751520951 1.6e-09
-7.254243647089123341e-05 3.512112451591706819e+00 1.580269857652470966e-01 2.154745611120618748e-04 -5.158018338169648655e-06 -5.138289524040474737e-07 3.55 0.00021751520951 1.6e-09
2.785172842171524410e-05 1.658328243111866218e+00 3.625657839490355888e-02 1.255749817953060658e-04 -3.935321033362166172e-05 -2.213089977226051914e-06 3.55 0.00021751520951 1.6e-09
2.370045837062526267e-05 8.237980406665926791e-01 1.758787204105862617e-02 1.088063297051787283e-04 5.464712353045122909e-05 3.647541358624986343e-06 3.55 0.00021751520951 1.6e-09
7.942705883511527059e-05 3.279382421731896535e+00 1.460570934682368927e-01 2.032040849199164641e-04 1.146090480766834288e-05 4.007110801457347645e-07 3.55 0.00021751520951 1.6e-09
-6.889908675246930888e-05 3.237956677531252048e+00 1.208870269379133944e-01 2.010321464740635325e-04 -1.236533783282542093e-05 -8.617164322959678607e-07 3.55 0.00021751520951 1.6e-09
-3.882089963677807555e-05 7.367169093978112038e-01 -1.206126729920379594e-02 1.110422790308331461e-04 -5.534495010784973317e-05 -2.020582457800371567e-06 3.55 0.00021751520951 1.6e-09
5.486372231618796131e-05 1.769024182417765045e+00 7.971237729642965952e-02 1.300143233234893390e-04 3.724759559050819105e-05 2.048111489334385303e-06 3.55 0.00021751520951 1.6e-09
3.382391388494352844e-05 3.522851883590417899e+00 1.524764538741608944e-01 2.160533527901739863e-04 4.302056090630919719e-06 -7.376733436062673434e-08 3.55 0.00021751520951 1.6e-09
6.384421986801034807e-05 2.763207062391910718e+00 8.418059701201119349e-02 1.765561862843038681e-04 -2.098569349197646031e-05 -1.298270070302517374e-06 3.55 0.00021751520951 1.6e-09
-7.208448220428689953e-05 4.025978747294836624e-01 -1.833501886690832444e-02 1.474770355999163230e-04 -1.152032600186607957e-05 2.471400410380254021e-06 3.55 0.00021751520951 1.6e-09
5.257536712795047397e-05 2.577373290907467140e+00 1.061701221617581403e-01 1.672653967176300114e-04 2.386162799535947439e-05 8.753873706223018129e-07 3.55 0.00021751520951 1.6e-09
-5.872908734354847013e-05 3.541984489824637095e+00 1.191966097321091600e-01 2.170799699028787277e-04 -2.484020559218562447e-06 -4.361815315299142678e-07 3.55 0.00021751520951 1.6e-09
5.566489917351999850e-05 1.998312794295936445e+00 2.753756328403055009e-02 1.398508137081552836e-04 -3.329607427966752801e-05 -1.464499683963277558e-06 3.55 0.00021751520951 1.6e-09
2.147140418323455484e-05 5.892687759762091915e-01 5.991070828777852152e-03 1.195846020335768797e-04 5.297518923019036883e-05 3.898236450298895995e-06 3.55 0.00021751520951 1.6e-09
2.734626603904964160e-06 3.140009169966538227e+00 1.175467589086333087e-01 1.959121207548460814e-04 1.443654927707655622e-05 3.321171123786586589e-07 3.55 0.00021751520951 1.6e-09
-4.808812376676948838e-05 3.368788154960464798e+00 9.578223389337525706e-02 2.079021061820831890e-04 -9.486232835989126652e-06 -6.878286736082488962e-07 3.55 0.00021751520951 1.6e-09
-4.179186897936392332e-05 1.051263612689972149e+00 -8.700566679868206726e-03 1.085257417488206177e-04 -5.111401759808253595e-05 -1.465264111631185993e-06 3.55 0.00021751520951 1.6e-09
4.547421035313432386e-05 1.397415355141065296e+00 5.324634535222472209e-02 1.163732188317207752e-04 4.424922927447566225e-05 1.899752206814252199e-06 3.55 0.00021751520951 1.6e-09
-6.689982671182194917e-06 3.463126179064349497e+00 1.058177012292216279e-01 2.128798466697094595e-04 7.001602046239978012e-06 -1.339641217994127912e-07 3.55 0.00021751520951 1.6e-09
-3.641178839507569893e-05 2.989342531769382028e+00 5.189575669614539255e-02 1.880977190088730820e-04 -1.730268133322494093e-05 -8.903853214891053995e-07 3.55 0.00021751520951 1.6e-09
2.119893142478731043e-05 4.649536630524355174e-01 -1.810948122544240105e-02 1.348681894434904192e-04 -4.017100081160333998e-05 1.652252625869521918e-06 3.55 0.00021751520951 1.6e-09
-1.842817289041158573e-05 2.278221529730292350e+00 6.979516008799574456e-02 1.527575058660423615e-04 2.859060215576583784e-05 6.944144337438829915e-07 3.55 0.00021751520951 1.6e-09
2.949274937779073193e-05 3.546890569212119537e+00 7.792610838780092419e-02 2.173516066168349836e-04 1.169689283349975836e-07 -3.276213053169077296e-07 3.55 0.00021751520951 1.6e-09
2.435944618253069589e-05 2.305325990484436538e+00 1.622563272421481684e-02 1.540444747225445227e-04 -2.817718856618853726e-05 -8.865213842873680682e-07 3.55 0.00021751520951 1.6e-09
-5.847337250798102532e-05 4.564932502116990642e-01 -7.214312570705243982e-04 1.362836460689086137e-04 3.847266081398880864e-05 3.622646375029963826e-06 3.55 0.00021751520951 1.6e-09
5.612417936654980435e-05 2.972725955441201329e+00 8.110245004354721399e-02 1.872382796711757023e-04 1.763550162949502199e-05 2.073520538549518548e-07 3.55 0.00021751520951 1.6e-09
-4.639956229276446121e-05 3.476176264433050278e+00 6.150580687818503478e-02 2.135678909106749691e-04 -6.698462792479783210e-06 -5.039205770133176382e-07 3.55 0.00021751520951 1.6e-09
3.728917164822663976e-05 1.442479105526887739e+00 -8.676871660155495436e-03 1.178019896705748810e-04 -4.348725550597278282e-05 -8.417743009433220452e-07 3.55 0.00021751520951 1.6e-09
1.031254617308969109e-05 1.010310434588626238e+00 2.525880649864479036e-02 1.081418635324915187e-04 5.185146779768745682e-05 1.500032454966732071e-06 3.55 0.00021751520951 1.6e-09
-7.547468782962153656e-05 3.356633472313089506e+00 5.355122677776084916e-02 2.072618423400724558e-04 9.836938957629488172e-06 -1.448778307975477745e-07 3.55 0.00021751520951 1.6e-09
-2.436086374264117595e-05 3.160218704724747418e+00 1.905962560975187070e-02 1.969655480579797589e-04 -1.408793266262800838e-05 -4.855696903123451067e-07 3.55 0.00021751520951 1.6e-09
-5.886330347674974072e-05 6.097810155313302394e-01 -1.519455438461821475e-02 1.179208253523653463e-04 -5.382265400690947445e-05 8.514724500643927489e-07 3.55 0.00021751520951 1.6e-09
-6.630480905432184968e-05 1.961126474390325392e+00 3.983771729588915511e-02 1.382104700204039383e-04 3.392890463946117820e-05 5.254126964507506775e-07 3.55 0.00021751520951 1.6e-09
6.578928104097952697e-05 3.539408904209696782e+00 4.585843459373524500e-02 2.169448977837585245e-04 2.762965888975438044e-06 -2.088220306178104710e-07 3.55 0.00021751520951 1.6e-09
7.143757259721743064e-05 2.603646660677751079e+00 8.906482648154669113e-03 1.685701365124180084e-04 -2.349599942605224695e-05 -4.949365458613300402e-07 3.55 0.00021751520951 1.6e-09
-5.959328360014969506e-05 4.003009688116800913e-01 -4.100355334712396660e-03 1.480247457044220577e-04 9.001143429307424662e-06 2.619805826207781051e-06 3.55 0.00021751520951 1.6e-09
-5.228232737283840400e-05 2.743231570195253433e+00 3.872790478156296068e-02 1.755448717343987761e-04 2.139083792372757913e-05 4.734387301875995288e-08 3.55 0.00021751520951 1.6e-09
-8.936345952206772739e-05 3.534139604772885690e+00 2.247531047896661818e-02 2.166508536343227142e-04 -4.018079116541364764e-06 -2.952485595106823188e-07 3.55 0.00021751520951 1.6e-09
-6.079873548024531288e-05 1.811185365613827258e+00 -1.141567258956438513e-02 1.317512975701881010e-04 -3.663388773655193898e-05 -2.983125118814809621e-07 3.55 0.00021751520951 1.6e-09
5.005833849613957969e-05 7.076784926958270550e-01 6.908066068235204846e-03 1.121741749137660209e-04 5.537414019359550418e-05 8.620078199332556641e-07 3.55 0.00021751520951 1.6e-09
8.372578607098991833e-05 3.225960636683918636e+00 1.893062720782345137e-02 2.004021153027538051e-04 1.273789473759400252e-05 -7.072864243809700359e-08 3.55 0.00021751520951 1.6e-09
1.238239242303168958e-05 3.301222125623477055e+00 4.692179439370891547e-03 2.043483051165461263e-04 -1.111815092912992966e-05 -1.839738300617550502e-07 3.55 0.00021751520951 1.6e-09
3.376681526843781683e-05 8.612810153531089696e-01 -8.283386757490778657e-03 1.082658370236150048e-04 -5.435889825619251469e-05 1.996205317722609060e-07 3.55 0.00021751520951 1.6e-09
1.080628062992181846e-05 1.610910118457881346e+00 1.650550797401770936e-02 1.237790407435282567e-04 4.024735141137827758e-05 3.320679099852261808e-07 3.55 0.00021751520951 1.6e-09
2.231989582624372553e-05 3.504525919691095392e+00 2.105372993750917812e-02 2.150774883591280808e-04 5.465475037903446604e-06 -9.499281215176191573e-08 3.55 0.00021751520951 1.6e-09
-8.272421174084144306e-05 2.869090564926587206e+00 4.313662860330611665e-03 1.819330224541333414e-04 -1.933848449734256510e-05 -2.174792841248287899e-07 3.55 0.00021751520951 1.6e-09
-5.412428141289080531e-05 4.198833465623714178e-01 -4.028703203726672483e-03 1.435588738719519161e-04 -2.552521719935890504e-05 1.128736445046102577e-06 3.55 0.00021751520951 1.6e-09
-6.767544841143995613e-05 2.453509412968577053e+00 4.781048746207362810e-03 1.611818151802733412e-04 2.585919124634579051e-05 -2.475541298514336796e-08 3.55 0.00021751520951 1.6e-09
-4.426923756007587838e-06 3.549213871029159861e+00 -3.397472639938907651e-04 2.174698317789745014e-04 -1.366822140416983772e-06 -5.996615233505268803e-08 3.55 0.00021751520951 1.6e-09
-5.494548248172160480e-06 2.135568686417889772e+00 -5.054469480071772068e-03 1.460784652564953916e-04 -3.099876854629630952e-05 -1.101069525488895317e-08 3.55 0.00021751520951 1.6e-09
-1.083520169791005617e-06 5.202361981897547505e-01 -2.543378013071283424e-03 1.267703553051483206e-04 4.854830098279100788e-05 -8.000786156249989899e-08 3.55 0.00021751520951 1.6e-09
4.790484386835611413e-05 3.074683500442331407e+00 5.841627020957829500e-03 1.925120989515360817e-04 1.578735883847473550e-05 9.192314715212830766e-08 3.55 0.00021751520951 1.6e-09
6.286634714570811197e-05 3.421401595331388990e+00 1.127070001031414692e-02 2.106740472385899344e-04 -8.280004700236570403e-06 1.007638020254853102e-08 3.55 0.00021751520951 1.6e-09
1.710237993145732757e-05 1.217741300911788116e+00 4.795611588442823085e-03 1.114455265910195428e-04 -4.789383613127006661e-05 -2.348192608305419536e-07 3.55 0.00021751520951 1.6e-09
5.521368939466952605e-06 1.225297933891733138e+00 -2.465252794010711589e-03 1.116335055550278201e-04 4.771499855414435747e-05 4.352569763909441360e-08 3.55 0.00021751520951 1.6e-09
-6.483694673678087731e-05 3.422014286676935857e+00 4.331663899787444559e-03 2.107086327469611796e-04 8.206665755149199876e-06 6.269747153465310911e-08 3.55 0.00021751520951 1.6e-09
-1.229956840653788699e-05 3.067217392355642058e+00 8.060588766589188436e-03 1.921270709627970251e-04 -1.589930275882540017e-05 9.999334065306535203e-10 3.55 0.00021751520951 1.6e-09
2.497252061686856920e-05 5.150686361263063784e-01 6.841068655524794881e-04 1.274634520546133291e-04 -4.792013776068387095e-05 -3.424236525873326236e-07 3.55 0.00021751520951 1.6e-09
-2.067720672083663797e-05 2.147935229101883614e+00 -8.823343628663845792e-03 1.466524783711463430e-04 3.077730235047906524e-05 1.399612417429461960e-07 3.55 0.00021751520951 1.6e-09
4.485481703552070211e-05 3.548220284095011223e+00 9.091612275693675138e-03 2.174186856165483822e-04 1.242772783873705844e-06 1.696534134094914409e-07 3.55 0.00021751520951 1.6e-09
-6.198823749749808468e-05 2.438127101155007193e+00 1.929102711282456445e-02 1.604356069161749548e-04 -2.608463910825109622e-05 -2.379448064739042024e-08 3.55 0.00021751520951 1.6e-09
-6.587270457350644006e-05 4.225730015553382790e-01 -6.311537612683944254e-03 1.429018694395445222e-04 2.724413129213257355e-05 -1.281938028789668326e-06 3.55 0.00021751520951 1.6e-09
-3.125825400699389620e-06 2.881659242747213412e+00 7.409848003713072513e-03 1.825688245454865533e-04 1.918549552347637081e-05 3.212770519034028561e-07 3.55 0.00021751520951 1.6e-09
-4.512951925781044996e-05 3.507172780931022693e+00 3.170908950053430431e-02 2.152131689708145683e-04 -5.538891191350183267e-06 1.332034524406222281e-07 3.55 0.00021751520951 1.6e-09
4.412118101145846014e-05 1.606714400430601764e+00 2.417281206924364739e-02 1.236063875318259742e-04 -4.036580507553567352e-05 -4.980952371022804200e-07 3.55 0.00021751520951 1.6e-09
3.487673563635332227e-05 8.651566643172242665e-01 -1.367391274566585879e-02 1.082347992136156105e-04 5.428033967469420354e-05 -2.540938406977731695e-07 3.55 0.00021751520951 1.6e-09
5.962764224970867357e-05 3.302804535175595468e+00 1.064887085619141242e-02 2.044315384872820354e-04 1.107706035346472110e-05 3.187259604382095888e-07 3.55 0.00021751520951 1.6e-09
-4.325366396413970528e-05 3.224445290723976676e+00 3.430783282111375676e-02 2.003221743021285411e-04 -1.277559670589465688e-05 1.041931646995691149e-07 3.55 0.00021751520951 1.6e-09
-3.926234785121014822e-05 7.051246029598345899e-01 1.167208353005390331e-02 1.122801243881515283e-04 -5.535475500243519691e-05 -1.476047370721272511e-06 3.55 0.00021751520951 1.6e-09
2.185652784215295368e-05 1.814451007071411937e+00 -6.867648464422362181e-03 1.318992694459608693e-04 3.653207088991762910e-05 5.636174912271153856e-07 3.55 0.00021751520951 1.6e-09
6.230289285666561010e-05 3.530124212121223515e+00 4.264381024675954063e-02 2.164427243252514557e-04 3.939624159573848319e-06 3.660682099568226677e-07 3.55 0.00021751520951 1.6e-09
-2.674483119656838475e-05 2.728433730008962499e+00 5.666337277542259077e-02 1.748056491186947671e-04 -2.156555265138670116e-05 -1.857018795235690264e-07 3.55 0.00021751520951 1.6e-09
-7.758306419894594270e-06 3.996535245511846912e-01 -6.082252662656614274e-03 1.482157956229784054e-04 -6.968035611487165638e-06 -2.611895879274929440e-06 3.55 0.00021751520951 1.6e-09
4.935411290185746154e-05 2.618240865532294848e+00 1.373932503969717278e-02 1.692932081200019655e-04 2.328067184752931150e-05 6.245969591498464824e-07 3.55 0.00021751520951 1.6e-09
-3.808193510530786700e-05 3.541205265118669843e+00 5.911445855705997621e-02 2.170368805539428449e-04 -2.866733915803305198e-06 2.435240868589790748e-07 3.55 0.00021751520951 1.6e-09
1.483198285049646537e-05 1.952669924605287211e+00 4.930654147906841922e-02 1.378318352409820522e-04 -3.409279644289837198e-05 -6.840359000130421164e-07 3.55 0.00021751520951 1.6e-09
3.695254928829997917e-05 6.147391470586304196e-01 -1.834535745619268049e-02 1.175270498386911183e-04 5.400459791822648632e-05 -5.370966998131614779e-07 3.55 0.00021751520951 1.6e-09
-6.167936737464923278e-06 3.164357816886649299e+00 3.844773741189519423e-02 1.971800002211236355e-04 1.401498438746692424e-05 6.487202410565212138e-07 3.55 0.00021751520951 1.6e-09
-9.150222813259047464e-05 3.355088358609181753e+00 7.899851601909364807e-02 2.071794744871484004e-04 -9.879443931397638797e-06 9.663661713410113856e-08 3.55 0.00021751520951 1.6e-09
-3.857487150708988359e-05 1.005326688509799560e+00 3.052791273899986557e-02 1.080948983759585707e-04 -5.193517155580435585e-05 -2.068720723848551770e-06 3.55 0.00021751520951 1.6e-09
3.641127122547345072e-05 1.447280870060826619e+00 -4.042239854317234565e-03 1.179800248416998289e-04 4.333519165971582592e-05 1.094740563260245525e-06 3.55 0.00021751520951 1.6e-09
-3.795288697948377601e-05 3.472817673632259350e+00 7.719074538149493792e-02 2.133955158378220140e-04 6.617389185611263444e-06 5.333009065406536610e-07 3.55 0.00021751520951 1.6e-09
-4.204368819700874283e-05 2.958258788424465102e+00 9.292976064755423260e-02 1.865004758657779686e-04 -1.780646939730769017e-05 -3.188116678448571241e-07 3.55 0.00021751520951 1.6e-09
3.958975871905077862e-05 4.514777087116245147e-01 -2.614659147741268518e-03 1.372648440743024292e-04 -3.691594443128666980e-05 -3.603747939124768219e-06 3.55 0.00021751520951 1.6e-09
9.354773257486598053e-07 2.323845181172739416e+00 2.585554205689949425e-02 1.549278364234326201e-04 2.787037415773378651e-05 1.091078769417545720e-06 3.55 0.00021751520951 1.6e-09
5.944026243720861567e-05 3.547027680828275908e+00 9.819336563738577384e-02 2.173579065852169448e-04 -2.772208361872892602e-07 3.487409820892493735e-07 3.55 0.00021751520951 1.6e-09
-4.456179669910738427e-05 2.261486861660823244e+00 8.249681652445051139e-02 1.519636147825684355e-04 -2.885447403296266170e-05 -9.044972959759129418e-07 3.55 0.00021751520951 1.6e-09
3.987522385201441942e-05 4.702225960819416684e-01 -1.999853852366840351e-02 1.339289559580520393e-04 4.143789882258030511e-05 -8.772019096446024322e-07 3.55 0.00021751520951 1.6e-09
-4.630175303958341073e-05 3.000189677814496747e+00 7.325216326562777880e-02 1.886528930014487026e-04 1.714158007740212546e-05 1.003539002011870986e-06 3.55 0.00021751520951 1.6e-09
-4.351204545364897538e-05 3.462391421031399297e+00 1.275037032614976806e-01 2.128376497807279847e-04 -7.094527396089433409e-06 4.022174195531320680e-08 3.55 0.00021751520951 1.6e-09
2.384820521676823694e-05 1.387762778889026105e+00 5.570366698009629469e-02 1.160585938397453142e-04 -4.445584511817247204e-05 -2.250353837798815834e-06 3.55 0.00021751520951 1.6e-09
3.191235059477411416e-05 1.060131788347512760e+00 -6.484196701331320506e-03 1.086416085158915443e-04 5.091277562371639338e-05 1.715547039742720825e-06 3.55 0.00021751520951 1.6e-09
1.988379995415630780e-05 3.370074774662334072e+00 1.079158599630520576e-01 2.079715715071962681e-04 9.402513806985026977e-06 7.187193875852833746e-07 3.55 0.00021751520951 1.6e-09
1.588213896030607941e-05 3.132738638920125496e+00 1.274518733609858456e-01 1.955351135209531534e-04 -1.454398748410952382e-05 -4.085510706947159415e-07 3.55 0.00021751520951 1.6e-09
4.276297924519159582e-05 5.824833345176056998e-01 4.619282966634996601e-03 1.201931651657223865e-04 -5.263481789248892237e-05 -4.045823684069521311e-06 3.55 0.00021751520951 1.6e-09
2.032139715300665948e-06 2.011343094217545868e+00 4.166567358365165508e-02 1.404370490684917665e-04 3.303250364893121340e-05 1.743977831760443625e-06 3.55 0.00021751520951 1.6e-09
-7.822815554413133728e-05 3.540497182135826648e+00 1.438809676952940708e-01 2.170025448511506269e-04 2.368121119277781797e-06 4.213368070245946580e-07 3.55 0.00021751520951 1.6e-09
1.854028080951867927e-05 2.562052409884913118e+00 1.189872017068773352e-01 1.665079252822761018e-04 -2.407597781477523394e-05 -1.111679327840667025e-06 3.55 0.00021751520951 1.6e-09
-2.810247208417813848e-05 4.038319842440543650e-01 -2.011212985805910930e-02 1.471383797640012244e-04 1.358639649962652249e-05 -1.440984879387358907e-06 3.55 0.00021751520951 1.6e-09
-1.309398286963797751e-06 2.776185111703017405e+00 9.787932967704791876e-02 1.772090913972827308e-04 2.079331992551989591e-05 1.331710582371583770e-06 3.55 0.00021751520951 1.6e-09
-6.560290734778729052e-05 3.523959699817900582e+00 1.625293443951332240e-01 2.161086127176299002e-04 -4.392762513169570456e-06 -1.322235275961466767e-08 3.55 0.00021751520951 1.6e-09
-2.185579512283924693e-06 1.760841647497036089e+00 7.792819762578960530e-02 1.296689248964512213e-04 -3.742419141260444154e-05 -2.191164598919929018e-06 3.55 0.00021751520951 1.6e-09
3.340160696059350787e-05 7.428544445754234893e-01 -1.029210911278040375e-02 1.108256964743459662e-04 5.532440079368524191e-05 2.486948242176566712e-06 3.55 0.00021751520951 1.6e-09
3.672920833398538504e-05 3.241093693210057136e+00 1.371951919415415888e-01 2.011948428250006260e-04 1.230368891904909040e-05 9.029458006252938897e-07 3.55 0.00021751520951 1.6e-09
-5.498979043095234470e-05 3.278041142751845882e+00 1.592898456911962524e-01 2.031318439462659298e-04 -1.150134006333853414e-05 -4.975583741708928090e-07 3.55 0.00021751520951 1.6e-09
3.718197042384652716e-05 8.206260401904479362e-01 1.615231980372054330e-02 1.088439915171777301e-04 -5.470441781366795769e-05 -3.858976876564341842e-06 3.55 0.00021751520951 1.6e-09
-6.060586964873641917e-05 1.662185732536591853e+00 4.937857015817579548e-02 1.257369361068514215e-04 3.921834848571805507e-05 2.445051752826095560e-06 3.55 0.00021751520951 1.6e-09
4.125810193751161076e-05 3.508331285763950369e+00 1.736713736384347118e-01 2.152786405912108353e-04 5.086906259895007513e-06 4.347393640675740746e-07 3.55 0.00021751520951 1.6e-09
-8.890754829005925004e-06 2.836162546053456079e+00 1.415278317542009445e-01 1.802531582819759154e-04 -1.978426564190576264e-05 -1.182878951575052065e-06 3.55 0.00021751520951 1.6e-09
2.106746069643832434e-05 4.139470384672870873e-01 -1.911816186375534313e-02 1.448494712549851032e-04 -2.172191872261663688e-05 -2.025430844370494954e-06 3.55 0.00021751520951 1.6e-09
5.089967867098744541e-05 2.487215129118519386e+00 1.044690995630933594e-01 1.628307570743086643e-04 2.520943459688736963e-05 1.618543145347721384e-06 3.55 0.00021751520951 1.6e-09
7.959170056016202314e-05 3.541051758366802193e+00 1.767600721409468556e-01 2.170360662365383221e-04 -1.715006269507051148e-06 -3.942317499047227685e-08 3.55 0.00021751520951 1.6e-09
-4.065831265576818081e-05 2.090182547059366236e+00 9.062480404663314504e-02 1.439999888668685589e-04 -3.163271703081122941e-05 -1.983082727404760874e-06 3.55 0.00021751520951 1.6e-09
2.002086108246509149e-05 5.406840215689087126e-01 -1.328600704809664718e-02 1.243433420488500849e-04 5.021457833205062891e-05 3.186678944520728942e-06 3.55 0.00021751520951 1.6e-09
4.143777377291424846e-05 3.092638366302527864e+00 1.529294316975376988e-01 1.934439179770620519e-04 1.533062395426768241e-05 1.007075149074592283e-06 3.55 0.00021751520951 1.6e-09
3.625348891208296504e-05 3.402528432660805624e+00 1.739949925242492701e-01 2.096771471389443850e-04 -8.621860912422242608e-06 -5.539134554942957124e-07 3.55 0.00021751520951 1.6e-09
3.409075413230664440e-05 1.169034139125295635e+00 2.863326318847764229e-02 1.103926799974094239e-04 -4.874368559200450448e-05 -3.187855574425364274e-06 3.55 0.00021751520951 1.6e-09
2.961739542356784283e-05 1.275870804565071737e+00 4.008526285242250409e-02 1.128870515225904934e-04 4.657919167216974265e-05 3.014465406315553420e-06 3.55 0.00021751520951 1.6e-09
1.529386815325439470e-05 3.429465380346027548e+00 1.706159933197061995e-01 2.111023662079618084e-04 7.824587113112380690e-06 4.028833558916749841e-07 3.55 0.00021751520951 1.6e-09
-7.413794144836723370e-05 3.039617796728201427e+00 1.376918148766143324e-01 1.906982040978015894e-04 -1.628721213506125506e-05 -1.084585030372995058e-06 3.55 0.00021751520951 1.6e-09
3.785091850089521322e-05 4.984912189082636447e-01 -1.726118172933573461e-02 1.296994897468033256e-04 -4.578469093890530681e-05 -2.118977185790829021e-06 3.55 0.00021751520951 1.6e-09
-5.871093038245847866e-06 2.185893884026864242e+00 9.903504196739104648e-02 1.484172113171642053e-04 3.002267991970614366e-05 1.837467084300770188e-06 3.55 0.00021751520951 1.6e-09
5.023754329574343631e-05 3.542107913242926287e+00 1.741204672225960814e-01 2.170962421358668681e-04 8.886759444690769382e-07 -5.880519172348488782e-08 3.55 0.00021751520951 1.6e-09
3.034716073592977380e-06 2.393011441324492949e+00 9.318138364544764629e-02 1.582509302413639984e-04 -2.669429016966710512e-05 -1.699814478336109466e-06 3.55 0.00021751520951 1.6e-09
1.947938375986849535e-05 4.325889135866601842e-01 -1.547307443703296523e-02 1.407943990579892568e-04 3.123009665066899226e-05 3.425464941340131426e-06 3.55 0.00021751520951 1.6e-09
-4.213826914164387632e-05 2.909340198210875528e+00 1.443680233889075015e-01 1.839814741973659976e-04 1.865369840948745504e-05 9.823194721177801577e-07 3.55 0.00021751520951 1.6e-09
2.097791578048791342e-05 3.496231499799144160e+00 1.608971399990160867e-01 2.146297856847100894e-04 -5.873207890794089553e-06 -5.457848828684540221e-07 3.55 0.00021751520951 1.6e-09
2.337064668127413432e-05 1.560197314996450313e+00 3.337885818736097132e-02 1.218811660782880381e-04 -4.117966815307501556e-05 -2.353730234246804856e-06 3.55 0.00021751520951 1.6e-09
1.744290311968216760e-06 9.058974564451804934e-01 2.279766035810705527e-02 1.079482735184231787e-04 5.353945231330653671e-05 3.493397701786943483e-06 3.55 0.00021751520951 1.6e-09
-5.903888296998885865e-05 3.313597219719247811e+00 1.486036860261322756e-01 2.050003615786565514e-04 1.069943623638876033e-05 3.678675554768842570e-07 3.55 0.00021751520951 1.6e-09
-9.547481979265817005e-05 3.199991428431320450e+00 1.200609400984050112e-01 1.990456981343967716e-04 -1.315644100356337995e-05 -9.036619778995701177e-07 3.55 0.00021751520951 1.6e-09
-2.585590265497615778e-06 6.719980754028281877e-01 -1.415071162733514028e-02 1.138979526471393532e-04 -5.507535179825489874e-05 -1.914994593048242400e-06 3.55 0.00021751520951 1.6e-09
-1.707928307344548597e-05 1.861232040750268046e+00 8.430143510705825904e-02 1.338745458256607916e-04 3.559983730222922836e-05 1.963053853900457955e-06 3.55 0.00021751520951 1.6e-09
6.269546591877781080e-05 3.530784316969215020e+00 1.550404953527821650e-01 2.164795521382922253e-04 3.577222069288261975e-06 -8.794376119566145078e-08 3.55 0.00021751520951 1.6e-09
3.573409537964810224e-05 2.690118081423979568e+00 8.376479721769182485e-02 1.728806474224378565e-04 -2.211182219680479929e-05 -1.359973377984957005e-06 3.55 0.00021751520951 1.6e-09
-3.897251229488953950e-06 3.985087971093326242e-01 -1.732530271989250401e-02 1.484572573059125301e-04 -1.928973059095390177e-06 2.880156282479498141e-06 3.55 0.00021751520951 1.6e-09
-4.669891864341577819e-05 2.655575524589433911e+00 1.125035877732236539e-01 1.711499590439429451e-04 2.266982430326587597e-05 8.489938216457158453e-07 3.55 0.00021751520951 1.6e-09
-5.776130758815962546e-05 3.538171488627805061e+00 1.231446206410220789e-01 2.168715944702826696e-04 -3.196711394361271268e-06 -4.708230406836733719e-07 3.55 0.00021751520951 1.6e-09
3.638013350859944017e-05 1.911839012975820262e+00 2.600581048549380908e-02 1.360438181125375658e-04 -3.480648876265254155e-05 -1.560077225252756719e-06 3.55 0.00021751520951 1.6e-09
-1.621085793711109289e-05 6.406127926692644081e-01 9.260742216623546116e-03 1.157440713791645505e-04 5.452546649544552079e-05 3.768934006901751633e-06 3.55 0.00021751520951 1.6e-09
8.344430570193273088e-05 3.179390786860024409e+00 1.196342856714319169e-01 1.979680961334804885e-04 1.362392924244506086e-05 3.087748319949598196e-07 3.55 0.00021751520951 1.6e-09
5.751487383453537591e-05 3.335705177977200897e+00 9.565438508128368267e-02 2.061614538976137292e-04 -1.025589429088125283e-05 -7.156409286839166354e-07 3.55 0.00021751520951 1.6e-09
1.281222927456391220e-05 9.563512914203839976e-01 -1.067994562067388874e-02 1.078763545590043032e-04 -5.284589359554585234e-05 -1.455152397444995605e-06 3.55 0.00021751520951 1.6e-09
3.306753944385985513e-05 1.500876335924476113e+00 5.933070479052270779e-02 1.197875134835805491e-04 4.225513363701614746e-05 1.853067712047062072e-06 3.55 0.00021751520951 1.6e-09
5.104108050992920982e-05 3.484456566716424675e+00 1.125180026376925851e-01 2.140097202007542351e-04 6.270775547841285491e-06 -1.418900582937795678e-07 3.55 0.00021751520951 1.6e-09
-5.969980343757373291e-05 2.935919942940585337e+00 5.522484586903651099e-02 1.853496140421170022e-04 -1.822089384660284544e-05 -9.566109630755321913e-07 3.55 0.00021751520951 1.6e-09
4.840501703764750561e-05 4.410471836598074957e-01 -1.767710051539391619e-02 1.391890840695149791e-04 -3.394219083100564837e-05 1.996722141907920256e-06 3.55 0.00021751520951 1.6e-09
6.816584908550884798e-05 2.359290683725629556e+00 7.420542128710591601e-02 1.566274374642576388e-04 2.728558200415877173e-05 6.636309255324425162e-07 3.55 0.00021751520951 1.6e-09
1.766646532879781586e-05 3.547062208756162072e+00 8.001653130133448699e-02 2.173596836257834001e-04 -5.751870990269071820e-07 -3.554713568774729703e-07 3.55 0.00021751520951 1.6e-09
3.861862492272310891e-05 2.225042687232674510e+00 1.471648626420905479e-02 1.502458785763070793e-04 -2.948677597326248819e-05 -9.342816182261477568e-07 3.55 0.00021751520951 1.6e-09
-5.772299634517939570e-05 4.837424979664396441e-01 1.158697412061343145e-03 1.318095171609298146e-04 4.380308770876645876e-05 3.585225179002435178e-06 3.55 0.00021751520951 1.6e-09
-4.264679994178957807e-05 3.022027870277036676e+00 8.480015257632650405e-02 1.897827398129138315e-04 1.675099473851458901e-05 2.065934578722189881e-07 3.55 0.00021751520951 1.6e-09
-2.748262985952527318e-05 3.451273865965896359e+00 6.432328702663450692e-02 2.122511574133061833e-04 -7.435408335503835793e-06 -5.260678798526430389e-07 3.55 0.00021751520951 1.6e-09
-2.218417218168359701e-05 1.335895434031660889e+00 -9.212858067285147057e-03 1.145164835253324027e-04 -4.555121406813418864e-05 -8.900349281982249985e-07 3.55 0.00021751520951 1.6e-09
-3.394196246619606911e-05 1.110150505349421834e+00 3.019877919209185829e-02 1.093383474733142572e-04 4.995153713971597616e-05 1.473394033644937668e-06 3.55 0.00021751520951 1.6e-09
-5.867727605967347363e-05 3.388790365367484458e+00 5.892396648689533778e-02 2.089553390950627735e-04 9.061284725918544055e-06 -1.622975905313580716e-07 3.55 0.00021751520951 1.6e-09
3.268046130758930820e-05 3.118025898811090713e+00 2.090536123638450650e-02 1.947659993007371394e-04 -1.493048560138967687e-05 -5.367866762156826896e-07 3.55 0.00021751520951 1.6e-09
4.221622371343304971e-05 5.612125071428091250e-01 -1.539342195987740934e-02 1.221919786218169746e-04 -5.163877930680122228e-05 1.125892560052620440e-06 3.55 0.00021751520951 1.6e-09
-1.457514177966856019e-05 2.049403402742040026e+00 4.219647502098206049e-02 1.421519208460691303e-04 3.240601612952326201e-05 4.892377182813417148e-07 3.55 0.00021751520951 1.6e-09
9.488949967002609112e-05 3.543187348132059711e+00 4.627630669735803559e-02 2.171498184256044725e-04 2.037070099419353735e-06 -2.261760989535887238e-07 3.55 0.00021751520951 1.6e-09
3.817788007147413540e-05 2.524275884453662577e+00 7.516767867432156205e-03 1.646493153268757778e-04 -2.472299610717394313e-05 -5.135052478759600892e-07 3.55 0.00021751520951 1.6e-09
-6.685170365904783243e-05 4.081663318887195357e-01 -3.031234270438579355e-03 1.461350555577204616e-04 1.821504216750945162e-05 2.724620264599220283e-06 3.55 0.00021751520951 1.6e-09
4.358878056352195700e-05 2.812682207391524081e+00 4.425510431292928315e-02 1.790565997167420343e-04 2.029881688557285823e-05 6.370004433907570165e-08 3.55 0.00021751520951 1.6e-09
7.271249590929807340e-05 3.523934362018079192e+00 2.741745996556844284e-02 2.161043492608553203e-04 -4.746736655808679608e-06 -3.222463326409789470e-07 3.55 0.00021751520951 1.6e-09
1.557155490559852568e-05 1.716923370338695465e+00 -1.095186869391989726e-02 1.278876197470382790e-04 -3.834554945963206259e-05 -3.586186617577029248e-07 3.55 0.00021751520951 1.6e-09
4.998101987481858916e-05 7.772738879499332398e-01 9.307095308204966361e-03 1.097974716272805839e-04 5.520970554175831706e-05 8.746284215217944577e-07 3.55 0.00021751520951 1.6e-09
5.249866304697439214e-05 3.263001915440810308e+00 2.045678745652525568e-02 2.023426705433037658e-04 1.195137135831386902e-05 -9.606915540865572191e-08 3.55 0.00021751520951 1.6e-09
-1.055141199053378489e-05 3.265893319177766152e+00 3.444622144025046712e-03 2.024939926134550411e-04 -1.189437522678065999e-05 -2.097766518409026961e-07 3.55 0.00021751520951 1.6e-09
-3.512736524122957193e-05 7.828675840734355962e-01 -9.292826995278686414e-03 1.096471825222678778e-04 -5.518915627880067407e-05 3.520154197667067520e-07 3.55 0.00021751520951 1.6e-09
-6.217493748162065818e-05 1.708277892952064114e+00 1.863732056770503118e-02 1.275569023614759559e-04 3.845230784600356871e-05 3.358821139838524348e-07 3.55 0.00021751520951 1.6e-09
9.014481986524806206e-05 3.518138968525936328e+00 2.336909588853780528e-02 2.158029573448923440e-04 4.741737138958076950e-06 -1.017928358325999697e-07 3.55 0.00021751520951 1.6e-09
-4.965545708311435737e-06 2.804701907488762025e+00 5.081429612468907342e-03 1.786584613804288128e-04 -2.037356319873538275e-05 -2.417451272059639583e-07 3.55 0.00021751520951 1.6e-09
-2.004927251500875237e-05 4.071635731817224713e-01 -3.881279703776996381e-03 1.464262584132403609e-04 -1.703211081615040701e-05 1.285999095882941904e-06 3.55 0.00021751520951 1.6e-09
4.078842103744178508e-05 2.533592625169368784e+00 8.331107156450849593e-03 1.651038912550900693e-04 2.460860962041696459e-05 -2.529489218255297871e-08 3.55 0.00021751520951 1.6e-09
1.078329586332119625e-04 3.547415728401727808e+00 1.193865901281223815e-03 2.173703614317831984e-04 -2.079810216881861860e-06 -9.103195412998722063e-08 3.55 0.00021751520951 1.6e-09
3.188043923476012182e-05 2.051638787003247089e+00 -6.650309690472144819e-03 1.422438420258067323e-04 -3.242245350342536005e-05 -3.105898006470438424e-08 3.55 0.00021751520951 1.6e-09
-3.295325129552955918e-05 5.604981676882094810e-01 -1.815076753861363627e-03 1.222468606682589195e-04 5.169890733837067512e-05 -7.408483578844460805e-09 3.55 0.00021751520951 1.6e-09
-3.235133017074607903e-06 3.118104630136234512e+00 4.738127373363135511e-03 1.947694497847920038e-04 1.494843269112972648e-05 6.284498036963886333e-08 3.55 0.00021751520951 1.6e-09
-2.139068639720026455e-05 3.391352921178202529e+00 8.147085179695048862e-03 2.090897990882853723e-04 -9.030226995702497940e-06 1.083500257964846337e-09 3.55 0.00021751520951 1.6e-09
-2.234816811475435306e-05 1.114237889670012249e+00 2.819581948600263267e-03 1.093977602752509815e-04 -4.993089756477648189e-05 -1.807863976804275744e-07 3.55 0.00021751520951 1.6e-09
5.364074153720853761e-05 1.330868010952046543e+00 -3.904330418800177173e-04 1.143876925482036815e-04 4.562178657511648493e-05 1.051982945820293404e-07 3.55 0.00021751520951 1.6e-09
4.290649183991766244e-05 3.448703442168284283e+00 6.991496911355655694e-03 2.121189245900987827e-04 7.448213297145593487e-06 4.680965987592754472e-08 3.55 0.00021751520951 1.6e-09
-8.373130867435228848e-05 3.018960248534013679e+00 8.261466316274697699e-03 1.896290075939392273e-04 -1.678013996815810866e-05 -2.897563633286046690e-08 3.55 0.00021751520951 1.6e-09
4.332309679560280180e-05 4.813798327782027320e-01 -3.479861081704036223e-04 1.322259452046372719e-04 -4.340054170947023392e-05 -2.229546306219634634e-07 3.55 0.00021751520951 1.6e-09
7.861446383662575466e-06 2.232180016772412401e+00 -8.514176641780332039e-03 1.505809631581520687e-04 2.938669004645715543e-05 1.000677786103010244e-07 3.55 0.00021751520951 1.6e-09
5.893429495587609087e-05 3.549641440391195779e+00 5.682148654222081603e-03 2.174956859673677647e-04 5.325749399274384297e-07 1.420722498453389673e-07 3.55 0.00021751520951 1.6e-09
-6.862526740019221335e-05 2.357306486874689355e+00 1.489342239502741520e-02 1.565294154508050837e-04 -2.736670728096614379e-05 -8.627522851434268814e-09 3.55 0.00021751520951 1.6e-09
-3.732789169334695817e-06 4.415162832576584595e-01 -6.626323404040691464e-03 1.390496643630990427e-04 3.451231894473199148e-05 -1.140077997956228003e-06 3.55 0.00021751520951 1.6e-09
4.740655802781986833e-05 2.939999555041919344e+00 6.933384004950379417e-03 1.855562689237694261e-04 1.821376441304305339e-05 2.996733683194997401e-07 3.55 0.00021751520951 1.6e-09
-4.063323470928971199e-05 3.489248932507291734e+00 2.977703862227902218e-02 2.142612812651457639e-04 -6.262336745109558573e-06 1.254249505497753938e-07 3.55 0.00021751520951 1.6e-09
-2.784785850591781054e-05 1.505310595509059546e+00 2.189292419001157008e-02 1.199318066454800808e-04 -4.227329242859295764e-05 -5.154921894143064911e-07 3.55 0.00021751520951 1.6e-09
4.335861476556638922e-05 9.527420149117629133e-01 -1.277823822549964058e-02 1.078772276610471024e-04 5.291162905914787980e-05 -1.465604577319985676e-07 3.55 0.00021751520951 1.6e-09
-7.211813159652090128e-05 3.336812540387438908e+00 9.964525912182772144e-03 2.062190240216164546e-04 1.030638573482224986e-05 2.841014124706532712e-07 3.55 0.00021751520951 1.6e-09
-4.560290046252197160e-05 3.184897155151901416e+00 3.087929985955074202e-02 1.982542793868071222e-04 -1.358952423094465613e-05 8.742943423760684442e-08 3.55 0.00021751520951 1.6e-09
2.348310814140015392e-05 6.431374244613881075e-01 8.994774451565171192e-03 1.155775448736310587e-04 -5.469646439616616810e-05 -1.450762191649835957e-06 3.55 0.00021751520951 1.6e-09
2.370592073570974907e-05 1.907543979724266148e+00 -7.466833471134373679e-03 1.358661531082717782e-04 3.488402843001580826e-05 5.040652428271605868e-07 3.55 0.00021751520951 1.6e-09
-5.593339236264138151e-05 3.537839003766244161e+00 3.827651160039310940e-02 2.168566932371794381e-04 3.217932411243479701e-06 3.462519440616053725e-07 3.55 0.00021751520951 1.6e-09
-6.533462722542677029e-05 2.654099251059951037e+00 5.198065576031216106e-02 1.710803324267625987e-04 -2.271837686831703891e-05 -1.756319225654691393e-07 3.55 0.00021751520951 1.6e-09
-6.385065205378015853e-05 3.982412356235802697e-01 -7.240663156543557244e-03 1.485432284885080658e-04 2.707708309013422823e-06 -2.447492789865973305e-06 3.55 0.00021751520951 1.6e-09
8.588052545352506254e-05 2.694754688474587656e+00 1.516283194684899666e-02 1.731125934264544659e-04 2.210494604662065096e-05 5.976908677190599494e-07 3.55 0.00021751520951 1.6e-09
-4.407972868520478266e-05 3.536019136190157397e+00 5.818566969070128325e-02 2.167559304654954042e-04 -3.582949678331095897e-06 2.229009438745963757e-07 3.55 0.00021751520951 1.6e-09
-5.113377911805656970e-05 1.864046066019056980e+00 4.622892266027107261e-02 1.339901876581284126e-04 -3.565118224508902992e-05 -7.261679508577768440e-07 3.55 0.00021751520951 1.6e-09
-2.509087489282121343e-06 6.705043364395695260e-01 -1.819332941327446440e-02 1.139610390161259305e-04 5.511221809589646230e-05 -3.544751816484818839e-07 3.55 0.00021751520951 1.6e-09
4.096647958964765859e-06 3.203323745066219530e+00 3.592174552853298619e-02 1.992163508120989865e-04 1.321213106940978272e-05 6.018595291002857921e-07 3.55 0.00021751520951 1.6e-09
-5.605951118575639645e-05 3.321642454678899181e+00 7.366712270079461833e-02 2.054205691215041504e-04 -1.064818149257649503e-05 8.629758180577549276e-08 3.55 0.00021751520951 1.6e-09
-2.935588046167881112e-05 9.138589553689646650e-01 2.582776723973446986e-02 1.079005992528245613e-04 -5.351371858075765556e-05 -2.137784790975714385e-06 3.55 0.00021751520951 1.6e-09
-1.853125589794829439e-05 1.549962865660787115e+00 -2.446387770075722761e-03 1.215291677429870029e-04 4.138279057137440149e-05 1.059843537201814770e-06 3.55 0.00021751520951 1.6e-09
-1.053394585667725964e-04 3.492910023017400611e+00 7.614400448732235038e-02 2.144603532158856341e-04 5.898557858516225889e-06 5.107220815548461675e-07 3.55 0.00021751520951 1.6e-09
-3.746236703898031940e-05 2.903178236920457955e+00 9.012327666876726595e-02 1.836744062877177061e-04 -1.874551012519791657e-05 -3.380578713159039592e-07 3.55 0.00021751520951 1.6e-09
6.922966458361742403e-05 4.305826108571715327e-01 -4.604066757368128690e-03 1.413012812146073811e-04 -3.017650458161336307e-05 -3.517083184485605419e-06 3.55 0.00021751520951 1.6e-09
6.919378145560861008e-05 2.403721553916548626e+00 2.692936342881827733e-02 1.587689860422777444e-04 2.659475855191939411e-05 1.026362486247360413e-06 3.55 0.00021751520951 1.6e-09
8.280148104230068782e-05 3.546368616984127087e+00 9.495113735198891514e-02 2.173216638593739687e-04 -9.719629518390741600e-07 3.199560628336262915e-07 3.55 0.00021751520951 1.6e-09
-5.321323399013461441e-05 2.179967754084686238e+00 7.721656144720487336e-02 1.481393512181032514e-04 -3.019298513676462923e-05 -9.327465273224663818e-07 3.55 0.00021751520951 1.6e-09
3.728832815248133635e-05 5.006859557733096544e-01 -2.018918285691231884e-02 1.293305993556464768e-04 4.625462390941470682e-05 -5.927117584381562100e-07 3.55 0.00021751520951 1.6e-09
2.928561606273463470e-05 3.048323670079586378e+00 7.125201186777381512e-02 1.911429584617854911e-04 1.625931102296653138e-05 9.496275041475933858e-07 3.55 0.00021751520951 1.6e-09
5.137278491516682747e-05 3.436501738576632103e+00 1.225422234280215822e-01 2.114693940039092963e-04 -7.841604404385601486e-06 2.752272018846105991e-08 3.55 0.00021751520951 1.6e-09
4.736797795970888324e-05 1.281480513169507285e+00 4.971923009365825097e-02 1.130128233816451544e-04 -4.654149894521840040e-05 -2.354784529791805960e-06 3.55 0.00021751520951 1.6e-09
-4.896339215457763542e-05 1.162227981793801712e+00 -3.490218880372560235e-03 1.102758743451844807e-04 4.892973902954494302e-05 1.683530818105555384e-06 3.55 0.00021751520951 1.6e-09
4.157589611516295718e-06 3.401013960164935401e+00 1.072344542087277502e-01 2.096021004958112475e-04 8.631561770284017449e-06 6.780497470572589463e-07 3.55 0.00021751520951 1.6e-09
5.411098751461509266e-05 3.088741886869054376e+00 1.236599224839065175e-01 1.932462331761555753e-04 -1.540317878646964259e-05 -4.363587701935222621e-07 3.55 0.00021751520951 1.6e-09
6.179408505873507801e-05 5.376676877857127224e-01 1.284056361471647319e-03 1.247314846245312287e-04 -4.984284515986793425e-05 -4.045827761410412546e-06 3.55 0.00021751520951 1.6e-09
9.934605748861345925e-06 2.099007347708330862e+00 4.261510083865623771e-02 1.444034326653226025e-04 3.154112528099720732e-05 1.631406975517356878e-06 3.55 0.00021751520951 1.6e-09
-4.780840192775554349e-05 3.543339168006612194e+00 1.391970715738212183e-01 2.171577082594528712e-04 1.636505720674499026e-06 3.920179083977894565e-07 3.55 0.00021751520951 1.6e-09
-3.024459218067118222e-05 2.480496383884878142e+00 1.124955653794403598e-01 1.625008622256957547e-04 -2.534047465854752471e-05 -1.138037815586057232e-06 3.55 0.00021751520951 1.6e-09
-2.211189313670858846e-05 4.146300200755815846e-01 -2.062232560823131292e-02 1.446243303051233031e-04 2.262280072777926972e-05 -1.017584595627748746e-06 3.55 0.00021751520951 1.6e-09
3.585660705892178431e-05 2.844686258872334950e+00 9.910415735834909867e-02 1.806828648290729274e-04 1.971701596063086563e-05 1.272357724986084677e-06 3.55 0.00021751520951 1.6e-09
6.952480022465813746e-05 3.512482929428836442e+00 1.604242095391213152e-01 2.154949192321193446e-04 -5.129465590203967740e-06 -3.484400800741003623e-08 3.55 0.00021751520951 1.6e-09
-4.323528682722825741e-05 1.664555585695088880e+00 7.278915533426205675e-02 1.258204713985220627e-04 -3.918335703131691275e-05 -2.297215343367697076e-06 3.55 0.00021751520951 1.6e-09
-6.431353977654605036e-06 8.173474431049794209e-01 -7.692921600670549892e-03 1.089121080639767972e-04 5.481194995198346363e-05 2.454587824201188172e-06 3.55 0.00021751520951 1.6e-09
9.714584344163003447e-05 3.277469942886755749e+00 1.358148700712507595e-01 2.031026983432888846e-04 1.150775981611573952e-05 8.551980547507532697e-07 3.55 0.00021751520951 1.6e-09
-6.847780140253209255e-05 3.240890995721668943e+00 1.548943134057549076e-01 2.011847287922888640e-04 -1.229942913148869760e-05 -5.197056247345852416e-07 3.55 0.00021751520951 1.6e-09
-3.849321706631233158e-05 7.447369067430493761e-01 1.136615709074308145e-02 1.107624423421071783e-04 -5.523292206902158207e-05 -3.969397018965756940e-06 3.55 0.00021751520951 1.6e-09
1.491223217158469419e-05 1.760303598719387796e+00 5.285757549215106682e-02 1.296550984795959290e-04 3.742563079757617577e-05 2.324036576097189213e-06 3.55 0.00021751520951 1.6e-09
4.135017060116305434e-05 3.520968609098694913e+00 1.730556696486096335e-01 2.159525124169161311e-04 4.355171129329840579e-06 4.126985579389722753e-07 3.55 0.00021751520951 1.6e-09
-5.039650668779917686e-05 2.768873521450035291e+00 1.384697314898862275e-01 1.768425902935219605e-04 -2.085019882367773514e-05 -1.228988888310906764e-06 3.55 0.00021751520951 1.6e-09
3.361361283343243636e-05 4.035590012593845977e-01 -2.000691306110215575e-02 1.472482185355658340e-04 -1.274553173444393876e-05 -1.644762842131902728e-06 3.55 0.00021751520951 1.6e-09
1.059176690493745729e-05 2.567734310942116238e+00 1.080169862775173795e-01 1.667892531821549339e-04 2.397034019384735849e-05 1.547998466699444641e-06 3.55 0.00021751520951 1.6e-09
-1.046864996971930817e-04 3.538838909403692057e+00 1.765074601255074427e-01 2.169139820592841557e-04 -2.418856804852967520e-06 -6.763673819695597999e-08 3.55 0.00021751520951 1.6e-09
-3.541823638421184530e-05 2.004947058989761111e+00 8.645866384366325541e-02 1.401498789291972754e-04 -3.309106559556184509e-05 -2.074400282255604008e-06 3.55 0.00021751520951 1.6e-09
-4.323408373578183761e-05 5.846880935794958045e-01 -1.135038577308615688e-02 1.199626773298543279e-04 5.284657194637134214e-05 3.226646635809102415e-06 3.55 0.00021751520951 1.6e-09
6.357380061008714668e-05 3.134806744506120069e+00 1.535642701864047277e-01 1.956395602154490916e-04 1.449128579154096297e-05 9.678867707455013870e-07 3.55 0.00021751520951 1.6e-09
2.030054803947437588e-05 3.370626882290171267e+00 1.720647871399768603e-01 2.079969753485969778e-04 -9.390803363849294067e-06 -5.791776987998200616e-07 3.55 0.00021751520951 1.6e-09
5.260579489456178261e-05 1.065634742225503473e+00 2.336425114873545011e-02 1.086886013104934633e-04 -5.075633435718002472e-05 -3.351277140243892209e-06 3.55 0.00021751520951 1.6e-09
3.803107226127487410e-05 1.383334613308365046e+00 4.659511935012185246e-02 1.159408927324447763e-04 4.447016262025893312e-05 2.893408682449173158e-06 3.55 0.00021751520951 1.6e-09
-6.709096350640079965e-05 3.455597685533298602e+00 1.745310886196307643e-01 2.124825910928618885e-04 7.076707308921594908e-06 3.772406831216915273e-07 3.55 0.00021751520951 1.6e-09
4.929317381339171620e-05 2.990483165871455018e+00 1.378888378002106063e-01 1.881579196456662547e-04 -1.718882005240754309e-05 -1.145795262569592038e-06 3.55 0.00021751520951 1.6e-09
3.617935971909755415e-05 4.680666758887123136e-01 -1.858816477832863495e-02 1.343574216956381945e-04 -4.076345319272672282e-05 -1.864862361416990375e-06 3.55 0.00021751520951 1.6e-09
3.363690144145495687e-05 2.268502761002246793e+00 1.029097984619431194e-01 1.522977535483463572e-04 2.866891015919885303e-05 1.753766846490427266e-06 3.55 0.00021751520951 1.6e-09
-6.514965271796615220e-05 3.542748524059158743e+00 1.741602659458835745e-01 2.171313229076401530e-04 1.914693145283817528e-07 -8.593756182334782222e-08 3.55 0.00021751520951 1.6e-09
2.822154722419066385e-05 2.311820946740086313e+00 8.959286584424705491e-02 1.543539307123572581e-04 -2.799091065125457718e-05 -1.771037232265682075e-06 3.55 0.00021751520951 1.6e-09
1.045103942820977349e-05 4.543959985989444172e-01 -1.394545449061475664e-02 1.366405925965337670e-04 3.790087395940775915e-05 3.631552125117995041e-06 3.55 0.00021751520951 1.6e-09
6.102702413580340598e-06 2.964726461409865621e+00 1.487669587537194804e-01 1.868249361347123225e-04 1.770599880114980684e-05 9.573374883059023108e-07 3.55 0.00021751520951 1.6e-09
5.899047811567389933e-05 3.475858892598242988e+00 1.631607697914440047e-01 2.135496053295640869e-04 -6.603577844633544503e-06 -5.772167057467813983e-07 3.55 0.00021751520951 1.6e-09
-3.568274830506285402e-05 1.456543706921261006e+00 3.001507431748057231e-02 1.182665030650907872e-04 -4.314192280525343465e-05 -2.503209324260861970e-06 3.55 0.00021751520951 1.6e-09
5.911747864272461344e-07 9.979829869792133934e-01 2.872705863071006727e-02 1.080624877249624505e-04 5.197071734181670367e-05 3.340565357973081032e-06 3.55 0.00021751520951 1.6e-09
-9.517650444398790828e-05 3.347336333173388745e+00 1.518011635886071242e-01 2.067742513567368391e-04 9.918775217827626578e-06 3.345390788335081808e-07 3.55 0.00021751520951 1.6e-09
-3.867853039448077490e-05 3.159548529383396698e+00 1.195281283590623189e-01 1.969331558406590011e-04 -1.398467091140458122e-05 -9.523339299780542437e-07 3.55 0.00021751520951 1.6e-09
-2.458851391044477021e-05 6.144019663375543949e-01 -1.602245271159812023e-02 1.175791098757168491e-04 -5.392155065229633094e-05 -1.758565123168047307e-06 3.55 0.00021751520951 1.6e-09
-7.023912807591974571e-06 1.952592422436274511e+00 8.856884363891895373e-02 1.378334591486481044e-04 3.399107438029804330e-05 1.872714961169562908e-06 3.55 0.00021751520951 1.6e-09
8.386187322103545358e-06 3.536175798126697245e+00 1.565748317453139471e-01 2.167712489540458433e-04 2.841883987661782068e-06 -1.059525899275072320e-07 3.55 0.00021751520951 1.6e-09
6.573085643700284151e-05 2.611419532745116179e+00 8.223771931100987143e-02 1.689543810747968491e-04 -2.332131412002099900e-05 -1.420862898682878078e-06 3.55 0.00021751520951 1.6e-09
-6.614011174962233276e-05 4.001746956632932783e-01 -1.608417703091719747e-02 1.480315785642570970e-04 7.998364263077582296e-06 3.271931261699175053e-06 3.55 0.00021751520951 1.6e-09
-7.536897745949360850e-07 2.732123739385574623e+00 1.191671270888873535e-01 1.749859828780929937e-04 2.149170686414596994e-05 8.262559258263811489e-07 3.55 0.00021751520951 1.6e-09
-2.646079241615370472e-05 3.531893305428970287e+00 1.275160985172978656e-01 2.165320913390630963e-04 -3.927258453730921276e-06 -5.067852388005323054e-07 3.55 0.00021751520951 1.6e-09
5.930120215648378672e-05 1.820895058838532865e+00 2.445495761024898962e-02 1.321562397837136907e-04 -3.642592022109823302e-05 -1.668560898840296317e-06 3.55 0.00021751520951 1.6e-09
-3.072756153672296948e-05 7.010032572312281385e-01 1.307706329651448993e-02 1.124692537527890144e-04 5.522216531178557612e-05 3.625340711495045674e-06 3.55 0.00021751520951 1.6e-09
8.441527914652608203e-05 3.217973839717017448e+00 1.217345907533529670e-01 1.999856972051237568e-04 1.281636288403393241e-05 2.815919547328284642e-07 3.55 0.00021751520951 1.6e-09
3.024481452821876221e-05 3.300979859727372734e+00 9.515011845359802600e-02 2.043368908759633350e-04 -1.103422414767394916e-05 -7.468156838183834575e-07 3.55 0.00021751520951 1.6e-09
-3.275227467834867736e-05 8.677268194037877080e-01 -1.265207946008147649e-02 1.082088557028937608e-04 -5.422876602086198637e-05 -1.409124469864509692e-06 3.55 0.00021751520951 1.6e-09
3.768541576913875160e-05 1.602944005097534763e+00 6.510947706000387580e-02 1.234758561345726926e-04 4.032627449435659966e-05 1.801504655880244768e-06 3.55 0.00021751520951 1.6e-09
1.038909792971374785e-04 3.502244268124783844e+00 1.185413862032983351e-01 2.149542783682775412e-04 5.536789660948520465e-06 -1.493037417828223027e-07 3.55 0.00021751520951 1.6e-09
-1.791525338821209210e-05 2.876697095935198512e+00 5.805732613360232997e-02 1.823182224955589761e-04 -1.920243312461701992e-05 -1.021759807016189870e-06 3.55 0.00021751520951 1.6e-09
-4.613657227568793140e-06 4.221853353845743673e-01 -1.702646084266195431e-02 1.430347246428796909e-04 -2.646449292790980986e-05 2.360268314890452832e-06 3.55 0.00021751520951 1.6e-09
7.034437897002383550e-05 2.441108820366668652e+00 7.917718031879902862e-02 1.605815673383884806e-04 2.599578239515755657e-05 6.361805190283357929e-07 3.55 0.00021751520951 1.6e-09
-1.903484896523648389e-06 3.546521250860498853e+00 8.263511950368757075e-02 2.173282983980899595e-04 -1.280213849188400231e-06 -3.859985594392840476e-07 3.55 0.00021751520951 1.6e-09
2.521357724016996045e-05 2.142513463964566878e+00 1.325847238871225020e-02 1.464008652067893320e-04 -3.085637879894399138e-05 -9.897395438667256200e-07 3.55 0.00021751520951 1.6e-09
5.772532315757569131e-05 5.172582873790625424e-01 3.316102077617104175e-03 1.271578216183193893e-04 4.808993957591767233e-05 3.511340035444569705e-06 3.55 0.00021751520951 1.6e-09
3.614356300913338293e-05 3.068444074142088418e+00 8.766496499706974421e-02 1.921886188700778347e-04 1.586991625373942490e-05 1.986528401765902501e-07 3.55 0.00021751520951 1.6e-09
7.519053006044198063e-05 3.422721502169677521e+00 6.599051412048848042e-02 2.107437634617562693e-04 -8.201104620975089459e-06 -5.476176375824773276e-07 3.55 0.00021751520951 1.6e-09
-2.792809710206485072e-05 1.227192412775885311e+00 -1.015162070176645406e-02 1.116674450770552079e-04 -4.769084312637641293e-05 -9.163620975654248445e-07 3.55 0.00021751520951 1.6e-09
2.596562592433467083e-05 1.216271515609965714e+00 3.559185712281934949e-02 1.114223963168310151e-04 4.785144237039374747e-05 1.450521457806384193e-06 3.55 0.00021751520951 1.6e-09
6.703320018635773180e-05 3.419354355334555340e+00 6.515853652762966519e-02 2.105673029039823244e-04 8.275054386165623001e-06 -1.764414245824995428e-07 3.55 0.00021751520951 1.6e-09
-3.643962944264245239e-05 3.072779982291011791e+00 2.355397143330981852e-02 1.924143285857379826e-04 -1.579697706407927755e-05 -5.936543788403115535e-07 3.55 0.00021751520951 1.6e-09
-1.213335992906072503e-05 5.195353735406216256e-01 -1.539730315692153240e-02 1.268868103171983687e-04 -4.831317813208020899e-05 1.423041163173645248e-06 3.55 0.00021751520951 1.6e-09
-6.431463063612298807e-05 2.136706674894827351e+00 4.481948771097600537e-02 1.461366014113454188e-04 3.093761521589873147e-05 4.531706341166352169e-07 3.55 0.00021751520951 1.6e-09
-4.058233855035419242e-05 3.545741121647290051e+00 4.663704195545460840e-02 2.172884364380988742e-04 1.319461934677814199e-06 -2.473228267094786625e-07 3.55 0.00021751520951 1.6e-09
-1.719842398800759930e-05 2.443004589376376323e+00 5.778839133898584085e-03 1.606748357988405920e-04 -2.599083090325415331e-05 -5.329194017209696503e-07 3.55 0.00021751520951 1.6e-09
7.599360868110770272e-06 4.216179115888769591e-01 -1.828459197273737871e-03 1.431152487981370415e-04 2.667333685610806778e-05 2.785498494032331768e-06 3.55 0.00021751520951 1.6e-09
-6.760409573102198503e-05 2.877264831931436007e+00 4.931306379585238819e-02 1.823425326534099827e-04 1.926798916505567503e-05 7.792983527725068601e-08 3.55 0.00021751520951 1.6e-09
7.984767553216924835e-05 3.509633513965972451e+00 3.202009024582571500e-02 2.153424867129189769e-04 -5.476448789958712171e-06 -3.462318499866461929e-07 3.55 0.00021751520951 1.6e-09
6.032573807015742973e-06 1.617405616690824388e+00 -1.048250700852111639e-02 1.240077955524023097e-04 -4.017783696556752251e-05 -4.167904298616600247e-07 3.55 0.00021751520951 1.6e-09
-1.651373954820252289e-05 8.570083355871953579e-01 1.213969041018242781e-02 1.083212582468886446e-04 5.439046392752847287e-05 8.841825201719644730e-07 3.55 0.00021751520951 1.6e-09
8.055968817711911686e-05 3.299325877694856857e+00 2.272645346885331791e-02 2.042489116552943058e-04 1.115388756225711901e-05 -1.202912956652888065e-07 3.55 0.00021751520951 1.6e-09
1.144099073121902723e-05 3.228270962618468687e+00 2.739580402528063105e-03 2.005222545986665465e-04 -1.270018993611131018e-05 -2.404019001306368514e-07 3.55 0.00021751520951 1.6e-09
2.564805860108430792e-05 7.112851586518111890e-01 -1.010801326544458548e-02 1.120099065565406562e-04 -5.540329846481509621e-05 5.351502398648954868e-07 3.55 0.00021751520951 1.6e-09
-6.410710369194969483e-05 1.804732513745880063e+00 2.040674632367602687e-02 1.314939024841137497e-04 3.670324108660864794e-05 3.244419703679427592e-07 3.55 0.00021751520951 1.6e-09
-8.062721619106836938e-05 3.528582970577026856e+00 2.462619257379852072e-02 2.163614691337153659e-04 4.016107060140031656e-06 -1.101020933779845968e-07 3.55 0.00021751520951 1.6e-09
7.503879656476473308e-05 2.733615547325892514e+00 5.061417239992267725e-03 1.750670233942223193e-04 -2.149141787500250585e-05 -2.590720180473719235e-07 3.55 0.00021751520951 1.6e-09
-2.538188750114628376e-05 3.997117994000054519e-01 -3.565200349865768441e-03 1.482007875672784530e-04 -7.576367924070169169e-06 1.430714581142668908e-06 3.55 0.00021751520951 1.6e-09
-5.739150194954374467e-06 2.614028226281186473e+00 1.258533708567755038e-02 1.690810076943100222e-04 2.337387165531075705e-05 -1.799590358291624561e-08 3.55 0.00021751520951 1.6e-09
-5.194145495819235876e-05 3.544167778735626495e+00 3.890222538009802111e-03 2.171929149474077444e-04 -2.796177663444779523e-06 -1.216738448706688968e-07 3.55 0.00021751520951 1.6e-09
-1.176814511740298451e-05 1.963852876984613971e+00 -7.570389215258236000e-03 1.383211655743285594e-04 -3.393444675255958561e-05 -6.271727281023485724e-08 3.55 0.00021751520951 1.6e-09
-2.493356435683629458e-06 6.088527803718306597e-01 -8.487922146453359164e-04 1.179773207628925373e-04 5.386935531307428693e-05 6.481439593832172867e-08 3.55 0.00021751520951 1.6e-09
-6.811676593857531037e-05 3.160122929989835683e+00 3.843781950784374950e-03 1.969594579010960781e-04 1.411353043905719213e-05 3.195504954812715293e-08 3.55 0.00021751520951 1.6e-09
4.126524181675519693e-05 3.358945730233394045e+00 4.956348896481489914e-03 2.073828535540083308e-04 -9.809928676300230118e-06 -1.060058311780379003e-08 3.55 0.00021751520951 1.6e-09
2.686922200066464678e-05 1.013749352835106254e+00 8.849783531723925045e-04 1.081565069215273368e-04 -5.185472940669524911e-05 -1.059921292316997798e-07 3.55 0.00021751520951 1.6e-09
4.049096834018929054e-05 1.437619267163127601e+00 1.684706729907727799e-03 1.176615912477317334e-04 4.353900897746301030e-05 1.533285044822078995e-07 3.55 0.00021751520951 1.6e-09
3.859760354512667380e-05 3.472563750539642058e+00 9.743684062641120441e-03 2.133816149830625305e-04 6.696660674532997225e-06 3.451926609058099368e-08 3.55 0.00021751520951 1.6e-09
-6.875774773233604231e-06 2.966287392403256007e+00 8.832306911309189407e-03 1.869124217566094971e-04 -1.771334143052556703e-05 -5.811797805059405644e-08 3.55 0.00021751520951 1.6e-09
-5.632087954087774094e-05 4.534847236219898825e-01 -1.160513538937496796e-03 1.368991987097622457e-04 -3.762104935012323563e-05 -1.022453128393805276e-07 3.55 0.00021751520951 1.6e-09
-2.533107245758130173e-05 2.316200743566359410e+00 -7.567607246251955959e-03 1.545606818868668336e-04 2.802880616253092635e-05 6.874426700303931213e-08 3.55 0.00021751520951 1.6e-09
1.044593749584158624e-04 3.550129045841718956e+00 3.161328989332302854e-03 2.175216692869060410e-04 -1.865222145932839947e-07 1.126620451477554854e-07 3.55 0.00021751520951 1.6e-09
3.020250137824850571e-05 2.274526956818188950e+00 1.092333358847142125e-02 1.525778909527767107e-04 -2.870704162821575156e-05 6.633598414522308363e-10 3.55 0.00021751520951 1.6e-09
4.490844016168342564e-05 4.662875908313009465e-01 -6.802097702631822521e-03 1.345988152189513598e-04 4.075660140378115971e-05 -1.001109572267045379e-06 3.55 0.00021751520951 1.6e-09
-8.041633779155707906e-05 2.994267548140293833e+00 5.705966006548667674e-03 1.883484621826559096e-04 1.728081788089721145e-05 2.728852371925384612e-07 3.55 0.00021751520951 1.6e-09
1.963882067085280519e-05 3.466880222879726414e+00 2.692681460423004478e-02 2.130763113472600168e-04 -7.012068705998047530e-06 1.195880641496090662e-07 3.55 0.00021751520951 1.6e-09
-1.136176993757036647e-05 1.398583322808896634e+00 1.934703635378224110e-02 1.163983296333523311e-04 -4.432938589881910011e-05 -5.212542889417691116e-07 3.55 0.00021751520951 1.6e-09
-4.114340757182240405e-05 1.050059203472742730e+00 -1.160043858239086928e-02 1.085156499269835696e-04 5.114821135954951046e-05 -5.052351925358562886e-08 3.55 0.00021751520951 1.6e-09
4.164066881970280079e-05 3.370143706285287255e+00 9.997322495635386358e-03 2.079740107178571688e-04 9.505877326714189414e-06 2.525379199695992816e-07 3.55 0.00021751520951 1.6e-09
9.568261856807201791e-05 3.142334336121190397e+00 2.813341953375004395e-02 1.960328447413244263e-04 -1.445043682946307994e-05 6.707626235799109873e-08 3.55 0.00021751520951 1.6e-09
2.273574159672403399e-05 5.882208548335849940e-01 6.598661559894854894e-03 1.196799650670270557e-04 -5.304268142212103859e-05 -1.409895308391395468e-06 3.55 0.00021751520951 1.6e-09
-5.089799603573523106e-05 2.000187447799402385e+00 -8.250597274706141654e-03 1.399384021431705847e-04 3.328011259994963461e-05 4.394075210745325954e-07 3.55 0.00021751520951 1.6e-09
6.684141799342038629e-05 3.543233360187342473e+00 3.324507726907169336e-02 2.171478080810163263e-04 2.463984524926984193e-06 3.235666976088809662e-07 3.55 0.00021751520951 1.6e-09
3.961070297044855693e-06 2.574343125951458866e+00 4.667033468847367472e-02 1.671160422702348694e-04 -2.395846736800375789e-05 -1.604371049285847526e-07 3.55 0.00021751520951 1.6e-09
-1.762679329256600962e-05 4.026198026267530095e-01 -8.284901658231908980e-03 1.474556333953553743e-04 1.248369551257449357e-05 -2.257728698975754132e-06 3.55 0.00021751520951 1.6e-09
6.654253377113537881e-05 2.769384716474775132e+00 1.618012605210403243e-02 1.768672365259395533e-04 2.095547607628373357e-05 5.722581340503035640e-07 3.55 0.00021751520951 1.6e-09
-2.715271477247594854e-05 3.528084236482061264e+00 5.715066099157015828e-02 2.163290809863056287e-04 -4.318886905747294493e-06 2.059826842388639702e-07 3.55 0.00021751520951 1.6e-09
-5.902355687523469388e-05 1.770440385021313956e+00 4.331434485115973065e-02 1.300656424623993163e-04 -3.733183574030950945e-05 -7.717802631667937516e-07 3.55 0.00021751520951 1.6e-09
3.222030799738213527e-05 7.359711332703304798e-01 -1.788298302156269420e-02 1.110594980641011332e-04 5.538627990311465767e-05 -1.938288295282711259e-07 3.55 0.00021751520951 1.6e-09
-6.318343946609809609e-05 3.241590135267376382e+00 3.362434644464866451e-02 2.012194459158037519e-04 1.240956425552599326e-05 5.568029723021553837e-07 3.55 0.00021751520951 1.6e-09
-4.313896983682525497e-05 3.286195227765666971e+00 6.856542442544222293e-02 2.035588415080839776e-04 -1.143795938519124560e-05 7.488615355650690528e-08 3.55 0.00021751520951 1.6e-09
2.746016213106472947e-05 8.284646696610906691e-01 2.144797921429118098e-02 1.087078900131455405e-04 -5.470464072542866973e-05 -2.203201162260913797e-06 3.55 0.00021751520951 1.6e-09
5.838131319098408136e-05 1.651771504221938525e+00 -1.360785686421149294e-03 1.253390865052876613e-04 3.947847447293928799e-05 1.012088322701217291e-06 3.55 0.00021751520951 1.6e-09
-6.033551780901864230e-05 3.509772501760505925e+00 7.427570177962725118e-02 2.153562674948516977e-04 5.164909609075539148e-06 4.901763246260662633e-07 3.55 0.00021751520951 1.6e-09
-5.781451759121324237e-05 2.842266097140212722e+00 8.689144814365121205e-02 1.805657855001341653e-04 -1.974668339110624733e-05 -3.524339914299086193e-07 3.55 0.00021751520951 1.6e-09
-9.248881616951971744e-06 4.146228047022316732e-01 -6.414267568613497839e-03 1.447230873927854216e-04 -2.224120062226888183e-05 -3.398478732105296871e-06 3.55 0.00021751520951 1.6e-09
2.567192999608344775e-05 2.484335992346331068e+00 2.832141940769051375e-02 1.626896973810483494e-04 2.533435500618960463e-05 9.707028497701193265e-07 3.55 0.00021751520951 1.6e-09
7.770011824770751540e-05 3.544946855280029396e+00 9.246253164822482162e-02 2.172433041383653376e-04 -1.679106188835632249e-06 2.921840205668363383e-07 3.55 0.00021751520951 1.6e-09
