-5.001272317221255143e-05 2.068690141423499718e+00 -5.780037379249726209e-05 1.431614943905523349e-04 -3.090853840919090479e-05 -1.046785130233171957e-09 3.4 0.00020964600068 1.6e-09
-5.420739335012685528e-05 5.455194692001588130e-01 -4.609636183760829758e-03 1.243415181440409999e-04 4.903278801840388096e-05 -4.396283193131174452e-07 3.4 0.00020964600068 1.6e-09
1.759096116526884853e-05 3.024334440351769349e+00 2.262389053291965092e-03 1.900053260525720752e-04 1.432630735595982730e-05 1.430769576163021857e-07 3.4 0.00020964600068 1.6e-09
1.913323810602782248e-05 3.162947832712158736e+00 1.339467940319327005e-02 1.971949370346303993e-04 -1.127931062077930137e-05 5.793060461352678604e-08 3.4 0.00020964600068 1.6e-09
3.031279952274606776e-05 7.419112144726606184e-01 5.222024623862508985e-03 1.112054112021231093e-04 -5.435914017767712970e-05 -5.745116545366316806e-07 3.4 0.00020964600068 1.6e-09
-3.309081982152651212e-05 1.750725497480985826e+00 -2.799679547884383925e-03 1.294233510706267363e-04 3.666087606036261813e-05 3.402304334566662783e-07 3.4 0.00020964600068 1.6e-09
3.404049304776748247e-05 3.400027685003296440e+00 2.516753595385964187e-02 2.096284066355082578e-04 2.807464246124609470e-06 1.926241792057490202e-07 3.4 0.00020964600068 1.6e-09
-4.392922915978883405e-05 2.394885007463559923e+00 2.921071410108658228e-02 1.584284234005340155e-04 -2.554733718040497317e-05 -1.866794035143398259e-07 3.4 0.00020964600068 1.6e-09
4.044445580859631906e-05 4.305324343036941448e-01 -7.993971000648495903e-03 1.417304961891600857e-04 2.764376382308836934e-05 -9.561259210033258213e-07 3.4 0.00020964600068 1.6e-09
5.872816948793549744e-05 2.839018796719406268e+00 2.152825607401361724e-02 1.804708290497774356e-04 1.822283257065455194e-05 4.218276953517765044e-07 3.4 0.00020964600068 1.6e-09
-1.009841219077235475e-04 3.318197033061898615e+00 4.644394091023394677e-02 2.052913191820834025e-04 -7.645487844245630509e-06 5.217998717064620948e-08 3.4 0.00020964600068 1.6e-09
5.084414277118710131e-05 1.149834095514875143e+00 1.883384049421116951e-02 1.101873446289514824e-04 -4.848162892344702515e-05 -1.045818065185705196e-06 3.4 0.00020964600068 1.6e-09
-2.966156811140722459e-05 1.283745074143184395e+00 -2.119856143588085690e-03 1.132417441336496601e-04 4.579568275267196251e-05 6.349288296610158521e-07 3.4 0.00020964600068 1.6e-09
-8.586453543241936591e-05 3.348129915554425295e+00 4.206514945171022091e-02 2.068663311761616296e-04 6.603470329639369068e-06 2.735868658428377121e-07 3.4 0.00020964600068 1.6e-09
6.384927915189153504e-05 2.761202003038143893e+00 4.675235822122020268e-02 1.765240643478350633e-04 -1.959887466563742828e-05 -2.391625389032457335e-07 3.4 0.00020964600068 1.6e-09
-4.191116241469790065e-05 4.127343257217794825e-01 -5.224849335833721235e-03 1.455991496081001323e-04 -1.687698945128222492e-05 -1.447844884538132427e-06 3.4 0.00020964600068 1.6e-09
-2.782478431165319403e-05 2.497192477045905967e+00 1.612385521762217666e-02 1.633915070173938165e-04 2.394232634893674787e-05 4.997813590306872615e-07 3.4 0.00020964600068 1.6e-09
9.832025930566716933e-05 3.397818624712384494e+00 4.755694990653705490e-02 2.094998170703143829e-04 -3.719167279645499139e-06 1.172522349048551999e-07 3.4 0.00020964600068 1.6e-09
-7.553173796063664878e-06 1.649076364589306731e+00 2.944815889232767214e-02 1.253794685918377567e-04 -3.860689882314762694e-05 -7.200071387013438569e-07 3.4 0.00020964600068 1.6e-09
5.045545592968879586e-05 8.206373636845736286e-01 -1.147162545712782783e-02 1.091636073246504885e-04 5.387650258245453924e-05 1.685688902396196157e-07 3.4 0.00020964600068 1.6e-09
7.995713377118189645e-05 3.199843927512200814e+00 3.021206123775190683e-02 1.991167573759150176e-04 1.040635051935441360e-05 3.808210514415591677e-07 3.4 0.00020964600068 1.6e-09
-8.435946955599231086e-05 2.980829879439354180e+00 4.912305873738816164e-02 1.877594777830869275e-04 -1.523213228037616947e-05 -5.827014025432873296e-08 3.4 0.00020964600068 1.6e-09
-4.723220613684423868e-06 5.080135342623793848e-01 2.284673678955255818e-03 1.289429038087323365e-04 -4.515488734891309275e-05 -2.118881023226039673e-06 3.4 0.00020964600068 1.6e-09
-1.891273813524907104e-05 2.152494381410464008e+00 3.188713883070058187e-03 1.469933775690192290e-04 2.946746562313475601e-05 6.480379411379908456e-07 3.4 0.00020964600068 1.6e-09
-2.333818085911513183e-05 3.398296850012291870e+00 5.205239999270954571e-02 2.095559206844901218e-04 -7.471298635181944547e-07 2.922688656391963354e-07 3.4 0.00020964600068 1.6e-09
1.897667266777058482e-05 1.981391386143896760e+00 4.789790154592186988e-02 1.392549231802488587e-04 -3.240473673984587116e-05 -5.998605650058459675e-07 3.4 0.00020964600068 1.6e-09
3.074142801364623616e-05 5.907502301220237673e-01 -1.762836703511108660e-02 1.199457592768158904e-04 5.166881786289533550e-05 -6.259750602712053098e-07 3.4 0.00020964600068 1.6e-09
4.092278112064895587e-05 3.063422677536567384e+00 3.794494080366789257e-02 1.920315210128444993e-04 1.341383555085532519e-05 6.444422643207532975e-07 3.4 0.00020964600068 1.6e-09
-5.739276889683263283e-05 3.119150602175726927e+00 7.522251361935675118e-02 1.949215876024170812e-04 -1.218498214246800098e-05 2.765540579017982969e-08 3.4 0.00020964600068 1.6e-09
-3.675836774718598416e-05 6.699295118442182284e-01 1.419113918553398593e-02 1.144281676878264298e-04 -5.381033328204159425e-05 -2.854119536396664736e-06 3.4 0.00020964600068 1.6e-09
-2.835945205177655296e-05 1.853959164220815969e+00 5.399257294363607462e-03 1.337194308907174462e-04 3.472897604509535654e-05 1.120561663781035813e-06 3.4 0.00020964600068 1.6e-09
-1.930818777468178187e-05 3.400612383124823612e+00 8.464728307972771426e-02 2.096669551926220554e-04 1.902255683469590882e-06 4.564673026605306562e-07 3.4 0.00020964600068 1.6e-09
-4.816706704508771767e-06 2.291679734100736443e+00 8.129958057198663490e-02 1.534956592601012830e-04 -2.717142691958112255e-05 -7.507604599039808828e-07 3.4 0.00020964600068 1.6e-09
-3.805887417131783256e-05 4.571645110752614594e-01 -1.951041742565719564e-02 1.366523624668823200e-04 3.631416194706126895e-05 -1.384610975272384777e-06 3.4 0.00020964600068 1.6e-09
1.375741204301216122e-05 2.905249039868198047e+00 6.535694793036996020e-02 1.838555043591946206e-04 1.692698584751107840e-05 9.975347181338597149e-07 3.4 0.00020964600068 1.6e-09
-9.835850927602005989e-05 3.276971231403257967e+00 1.181691239174234853e-01 2.031307897335041116e-04 -8.728503899709222602e-06 6.431674240394357373e-09 3.4 0.00020964600068 1.6e-09
-2.242782936325666423e-05 1.015478815838258164e+00 3.596068438561819680e-02 1.083638665749619138e-04 -5.094552831313936493e-05 -2.891816806633641814e-06 3.4 0.00020964600068 1.6e-09
-1.779021805632028497e-05 1.425958836321269629e+00 7.774614236893929824e-03 1.174207267188015610e-04 4.294422196979690042e-05 1.789562468984067206e-06 3.4 0.00020964600068 1.6e-09
7.889703891973665582e-05 3.373119864822525571e+00 1.180814992224584470e-01 2.081823879537348992e-04 5.507213186225456191e-06 5.837731885791566231e-07 3.4 0.00020964600068 1.6e-09
-9.411184917831882935e-07 2.674616826087526711e+00 1.150926606160750792e-01 1.721673596360564834e-04 -2.103285599514421707e-05 -7.964353688895962297e-07 3.4 0.00020964600068 1.6e-09
-3.647200865525723512e-05 4.042830939645761790e-01 -1.595101973992044814e-02 1.475023533964425738e-04 -5.279171533952465857e-06 -2.704851678090730758e-06 3.4 0.00020964600068 1.6e-09
-3.251315479362685570e-05 2.593802628425421197e+00 7.380135673933307938e-02 1.681440254271570787e-04 2.236315611013289339e-05 1.303638065250141549e-06 3.4 0.00020964600068 1.6e-09
1.678339126600212646e-05 3.387126482313408182e+00 1.399280547430951094e-01 2.089254898044171820e-04 -4.647445121213278083e-06 4.149534972868117348e-08 3.4 0.00020964600068 1.6e-09
3.686908761385867519e-05 1.538110984932066216e+00 6.217776453889441168e-02 1.212386544185702444e-04 -4.068287591495280727e-05 -2.231430022358576354e-06 3.4 0.00020964600068 1.6e-09
-2.059115041468667374e-05 9.138165581730092191e-01 -5.416110244131463330e-03 1.081660636349812438e-04 5.266454871756900448e-05 2.157591892931402637e-06 3.4 0.00020964600068 1.6e-09
-3.317922633938702020e-05 3.235512652592090976e+00 1.214314787065116086e-01 2.009742328986020192e-04 9.516490163201855006e-06 7.219636198189820613e-07 3.4 0.00020964600068 1.6e-09
-1.233055513957254784e-05 2.934512470013843632e+00 1.288050139946091410e-01 1.853721514838180566e-04 -1.614573923964654956e-05 -6.574065446415896243e-07 3.4 0.00020964600068 1.6e-09
-5.868410134242294754e-05 4.780409540744079977e-01 -8.546198490038859827e-03 1.333032884127344035e-04 -4.043024259281857935e-05 -3.624153452030300154e-06 3.4 0.00020964600068 1.6e-09
2.381801822598581930e-06 2.230548063251371449e+00 6.467993216105741294e-02 1.506238822428324574e-04 2.809849744748341372e-05 1.628281418590347105e-06 3.4 0.00020964600068 1.6e-09
-7.247638445863753510e-05 3.393744434164302604e+00 1.476834956037342550e-01 2.093132432417965031e-04 -1.443983529014753971e-06 1.440661404149191349e-07 3.4 0.00020964600068 1.6e-09
-1.090001832228003418e-05 1.899650266683662991e+00 8.136184002340901555e-02 1.356851479842213120e-04 -3.377528611728692091e-05 -1.871332353588359595e-06 3.4 0.00020964600068 1.6e-09
1.816049713251235688e-05 6.389010093815254976e-01 -1.430139730788317423e-02 1.163256589738907493e-04 5.321046860234984928e-05 2.228318707798161376e-06 3.4 0.00020964600068 1.6e-09
-4.499188257707198945e-06 3.093670085663562386e+00 1.279395529765091077e-01 1.936046811463794782e-04 1.258284011011400562e-05 9.022737889184196353e-07 3.4 0.00020964600068 1.6e-09
4.040938943479490330e-05 3.073495053450297387e+00 1.453078917193315334e-01 1.925585656876803550e-04 -1.302819341054392609e-05 -5.966129442797755968e-07 3.4 0.00020964600068 1.6e-09
2.127801071670170469e-05 6.123774413804012884e-01 -5.476447077781732183e-04 1.182205000586919675e-04 -5.236307705704704954e-05 -3.929802102862337403e-06 3.4 0.00020964600068 1.6e-09
-4.674854946748500061e-05 1.945322626962377122e+00 6.489453013806381620e-02 1.376698722442634562e-04 3.296028396712789789e-05 2.096829032034408436e-06 3.4 0.00020964600068 1.6e-09
-1.761047670086887196e-05 3.393185049948380438e+00 1.671313518468286463e-01 2.092853904279456424e-04 1.039273469721788272e-06 2.051051681968495138e-07 3.4 0.00020964600068 1.6e-09
1.238436557383890981e-05 2.184672940255979690e+00 1.018434028589348672e-01 1.484821566627790687e-04 -2.882260516441909800e-05 -1.788410021696155132e-06 3.4 0.00020964600068 1.6e-09
1.613320144635368742e-05 4.940124576820167368e-01 -1.846247067150919713e-02 1.308131924904181592e-04 4.333689880703410968e-05 2.376587370043258360e-06 3.4 0.00020964600068 1.6e-09
8.227584103425513188e-05 2.960624773881203264e+00 1.429988712666716844e-01 1.867101685417872766e-04 1.563332107281167958e-05 1.091881004320368821e-06 3.4 0.00020964600068 1.6e-09
-2.974581661655706393e-05 3.220649347975879984e+00 1.667913334137740844e-01 2.001939223735671588e-04 -9.911299254338927023e-06 -5.954083445291525307e-07 3.4 0.00020964600068 1.6e-09
4.813859309060454045e-05 8.751195426013205214e-01 1.236703345588694575e-02 1.083878480356402908e-04 -5.318623279009185870e-05 -3.697356143766534113e-06 3.4 0.00020964600068 1.6e-09
-4.909861817447347317e-05 1.584527706039650763e+00 6.029875683229000971e-02 1.229321108177584745e-04 3.974730068175164348e-05 2.713021888172314344e-06 3.4 0.00020964600068 1.6e-09
-7.254917160764127754e-05 3.389513185550145025e+00 1.797970928211123365e-01 2.090539841562421024e-04 4.262540636151282495e-06 2.434424663411997604e-07 3.4 0.00020964600068 1.6e-09
-5.011977704635504140e-05 2.555244287489165878e+00 1.191943953004927226e-01 1.662383992483428582e-04 -2.292744695269692868e-05 -1.578108537390742361e-06 3.4 0.00020964600068 1.6e-09
-2.602042653440742861e-06 4.064712222097583982e-01 -2.136972928766916330e-02 1.469372676517497010e-04 1.015654463500733986e-05 1.625660855315442843e-06 3.4 0.00020964600068 1.6e-09
5.133118760208753794e-05 2.708586893903567550e+00 1.356766053596519250e-01 1.738653368138050261e-04 2.046251730899324763e-05 1.239374165815168978e-06 3.4 0.00020964600068 1.6e-09
-6.862495252497111521e-05 3.367837264327398827e+00 1.664309861867387386e-01 2.078979824967242419e-04 -5.844506776764172505e-06 -5.017734506366473741e-07 3.4 0.00020964600068 1.6e-09
-1.143539268850732993e-05 1.387872434338119465e+00 3.204975173423443152e-02 1.162043498189687827e-04 -4.367919484094032439e-05 -2.707149637435421785e-06 3.4 0.00020964600068 1.6e-09
3.986087709564273903e-07 1.051575229153443924e+00 3.040468323633298622e-02 1.087264223251705104e-04 5.022157424033845926e-05 3.313467137811191834e-06 3.4 0.00020964600068 1.6e-09
3.229854101119499865e-05 3.283855830337603532e+00 1.556935290555180318e-01 2.034946147829666682e-04 8.396727789067497000e-06 3.124657405238964392e-07 3.4 0.00020964600068 1.6e-09
6.789152001538030241e-05 2.879176250700031581e+00 1.135348877175734045e-01 1.825250501690242947e-04 -1.733573489204598270e-05 -1.163398377495882406e-06 3.4 0.00020964600068 1.6e-09
-3.734692086227176915e-05 4.473448610942606374e-01 -2.040951536227076507e-02 1.385108426066125218e-04 -3.324772810793674450e-05 -3.027065594557769414e-07 3.4 0.00020964600068 1.6e-09
3.172915144657643098e-05 2.326357684144642946e+00 1.013286695868288873e-01 1.551469483325231273e-04 2.654730818410663379e-05 1.364959247800462582e-06 3.4 0.00020964600068 1.6e-09
-8.748074143108943909e-05 3.396366873388247498e+00 1.424059291673614447e-01 2.094419074511381473e-04 -2.227192221079367077e-06 -3.225032363892238370e-07 3.4 0.00020964600068 1.6e-09
-1.826246384078911386e-05 1.813678147760792836e+00 4.214257778385838149e-02 1.320240327122739247e-04 -3.541402888417734100e-05 -1.903253341947883333e-06 3.4 0.00020964600068 1.6e-09
3.063788796690178849e-05 6.970284820761227795e-01 6.945287126336000330e-03 1.130761678314286722e-04 5.400607182892232423e-05 3.625050261020291646e-06 3.4 0.00020964600068 1.6e-09
-7.255414484224953281e-05 3.129913660138182063e+00 1.324881651053841924e-01 1.954860065902299673e-04 1.179032990922534928e-05 4.195589006657427631e-07 3.4 0.00020964600068 1.6e-09
-1.203298955364313807e-05 3.036495625675267984e+00 1.070758526631134105e-01 1.906440519152593767e-04 -1.385126553500917069e-05 -8.940569692761432394e-07 3.4 0.00020964600068 1.6e-09
-5.234375661989583607e-05 5.656789564210449317e-01 -1.655490683411757827e-02 1.223127259219056661e-04 -5.019260013684584794e-05 -1.368021376209727163e-06 3.4 0.00020964600068 1.6e-09
-5.481519944731644658e-05 2.027310263107905186e+00 8.325094610435118669e-02 1.413097516714973149e-04 3.148677540323054590e-05 1.585665588690531348e-06 3.4 0.00020964600068 1.6e-09
-6.561575883735084019e-05 3.390482023545547730e+00 1.358240675145065135e-01 2.091502903042819308e-04 2.799294132085418748e-07 -2.114309768182715744e-07 3.4 0.00020964600068 1.6e-09
3.781620648396164799e-06 2.089768198692055101e+00 5.119761724693870641e-02 1.441279851455051276e-04 -3.044014322815241495e-05 -1.607476743765834552e-06 3.4 0.00020964600068 1.6e-09
1.796770380865360216e-06 5.354339889906705174e-01 -2.964420064713721957e-03 1.255114205367346112e-04 4.795491356890137756e-05 3.931785041965738304e-06 3.4 0.00020964600068 1.6e-09
1.866695960085317240e-05 3.007394646187162568e+00 1.282577554638038020e-01 1.891345427613062586e-04 1.454633255303332629e-05 5.208314614808104621e-07 3.4 0.00020964600068 1.6e-09
-5.527761826764987865e-05 3.165871738661831358e+00 1.111370205593373295e-01 1.973505923546531749e-04 -1.106091045008693507e-05 -7.934925467948074015e-07 3.4 0.00020964600068 1.6e-09
3.289460900970090544e-05 7.570083152015036898e-01 -1.246511344610262521e-02 1.107221491557628019e-04 -5.426051628633878012e-05 -1.818190022692107476e-06 3.4 0.00020964600068 1.6e-09
-1.864829996594613370e-05 1.729513980109277149e+00 7.474792153334774980e-02 1.285640789853035248e-04 3.696079942864156931e-05 1.918963229804551796e-06 3.4 0.00020964600068 1.6e-09
-5.513722240155975816e-05 3.396178278223955793e+00 1.357989826124248456e-01 2.094231170120227151e-04 2.998107022501661610e-06 -1.780440167265542709e-07 3.4 0.00020964600068 1.6e-09
2.445360690993885760e-05 2.413746259031336550e+00 5.818623653401358564e-02 1.593372632596349941e-04 -2.520288126752020830e-05 -1.406667354248135515e-06 3.4 0.00020964600068 1.6e-09
2.492800516464737512e-05 4.269036577705548896e-01 -9.853634767737561029e-03 1.424489068502162738e-04 2.577762827963425498e-05 4.320879698723299479e-06 3.4 0.00020964600068 1.6e-09
-1.749833301298649071e-05 2.823221188525632641e+00 1.183639214090149300e-01 1.796613440763545526e-04 1.850362408378506272e-05 5.383050905748115240e-07 3.4 0.00020964600068 1.6e-09
3.152382189632378201e-05 3.328162222600338893e+00 1.031351044803460182e-01 2.058102815113793216e-04 -7.367336957239410348e-06 -7.084096881028592955e-07 3.4 0.00020964600068 1.6e-09
1.159660931098221534e-05 1.188016206346754533e+00 -7.961604869460878892e-03 1.109388471243542937e-04 -4.773870017742117878e-05 -1.560153644068451579e-06 3.4 0.00020964600068 1.6e-09
-3.726374982956987334e-05 1.245562956026408985e+00 4.987831761835472000e-02 1.122582423704283417e-04 4.650100749669932063e-05 2.169808600416149222e-06 3.4 0.00020964600068 1.6e-09
-4.983940650869170020e-05 3.341538413446746070e+00 1.023717852134267414e-01 2.065139871082807409e-04 6.945132202756643871e-06 -2.009094548995029542e-07 3.4 0.00020964600068 1.6e-09
-2.171962426890516472e-05 2.792805840163079090e+00 4.031110381958445676e-02 1.781173688312865191e-04 -1.907946764794869732e-05 -9.771914909107916409e-07 3.4 0.00020964600068 1.6e-09
5.891375852660127446e-05 4.183596704728335114e-01 -1.519457804554096708e-02 1.442888704869541776e-04 -2.094164926691816100e-05 3.278928006418145662e-06 3.4 0.00020964600068 1.6e-09
-4.291573961319930367e-05 2.459451418873989326e+00 7.188715238324251688e-02 1.615445817103148022e-04 2.456064203219644214e-05 3.632118836661716493e-07 3.4 0.00020964600068 1.6e-09
-6.009505232059551480e-05 3.403910865684464326e+00 5.634131124308555671e-02 2.098207159470488726e-04 -3.302428181320319463e-06 -5.002705586540324981e-07 3.4 0.00020964600068 1.6e-09
3.952122704622133858e-06 1.701715355342987346e+00 -1.125665285649670930e-02 1.274320568364207922e-04 -3.764479328849764305e-05 -7.557305948456201382e-07 3.4 0.00020964600068 1.6e-09
-2.652509621242160278e-05 7.798495547480848167e-01 1.832269357658665790e-02 1.100554777220258943e-04 5.416903678571842202e-05 1.965883944256769870e-06 3.4 0.00020964600068 1.6e-09
-5.860970480177945299e-05 3.181481909830454313e+00 5.087717689535899146e-02 1.981584825587611072e-04 1.086246875931508147e-05 -1.550891088742350543e-07 3.4 0.00020964600068 1.6e-09
-3.333165065684181043e-05 3.004802062072105429e+00 1.441924694335093744e-02 1.889945852698276109e-04 -1.475237102553067950e-05 -5.067950725642582796e-07 3.4 0.00020964600068 1.6e-09
2.736093621287693291e-05 5.270264550014114313e-01 -1.374884080424007386e-02 1.264929073222497975e-04 -4.729563013366990724e-05 1.466519141212309589e-06 3.4 0.00020964600068 1.6e-09
-2.221173682480646520e-05 2.107765627635229677e+00 3.533416774471745403e-02 1.449421141891862734e-04 3.021212802673021671e-05 2.983222089981509865e-07 3.4 0.00020964600068 1.6e-09
-2.715639079188917357e-05 3.397678323508319220e+00 3.042863818319806180e-02 2.095254009316240658e-04 -3.669730323926769008e-07 -2.548975265920606892e-07 3.4 0.00020964600068 1.6e-09
-2.167639201673517838e-05 2.023076587960179751e+00 -4.896518316743892277e-03 1.411121579254659853e-04 -3.168039956417466969e-05 -4.014726445482637441e-07 3.4 0.00020964600068 1.6e-09
3.624367546367542872e-05 5.686205873949640166e-01 3.274080017976930667e-03 1.219952883065105554e-04 5.049987099347555061e-05 1.465761981307620400e-06 3.4 0.00020964600068 1.6e-09
4.910171104921342189e-05 3.043333661457694905e+00 3.453810340423528469e-02 1.909944684884787997e-04 1.382454885612266195e-05 1.933693857615485124e-08 3.4 0.00020964600068 1.6e-09
-6.602015832531972755e-05 3.134912166675277057e+00 1.972021141760278706e-02 1.957430106596932473e-04 -1.180993418125294818e-05 -2.797769436296956844e-07 3.4 0.00020964600068 1.6e-09
1.851043194247671764e-05 6.958578677570830262e-01 -8.171147975163203792e-03 1.131086457935059669e-04 -5.416169048678421674e-05 5.638963431746984105e-08 3.4 0.00020964600068 1.6e-09
-2.757139687671842718e-05 1.814295333583303638e+00 2.410297950440652009e-02 1.320564261606832913e-04 3.543539308974589575e-05 5.138241415107200684e-07 3.4 0.00020964600068 1.6e-09
9.405200140557356072e-05 3.397725083769782550e+00 3.833363584814688391e-02 2.095165326816557068e-04 2.206976354211737685e-06 -8.434990476359465001e-08 3.4 0.00020964600068 1.6e-09
5.655912475824596873e-05 2.321783443913484568e+00 1.328367337815549408e-02 1.549308233870665727e-04 -2.669565106389684705e-05 -4.223408599502582596e-07 3.4 0.00020964600068 1.6e-09
-1.368387839217877810e-05 4.486720137190740032e-01 -3.599266446468761104e-03 1.382340207430587649e-04 3.401827408528941587e-05 1.336477619719771811e-06 3.4 0.00020964600068 1.6e-09
-4.744705518842587947e-05 2.885972524863111843e+00 4.045467057183407822e-02 1.828725206604727913e-04 1.729313846085852362e-05 2.009921417195916119e-07 3.4 0.00020964600068 1.6e-09
1.984176130687726901e-05 3.286261539188212399e+00 3.723666296004760068e-02 2.036205655751695211e-04 -8.469304172023278850e-06 -2.305119337333937777e-07 3.4 0.00020964600068 1.6e-09
3.638063215294444600e-05 1.043583905962770508e+00 -1.797388738331605514e-03 1.086297156410298001e-04 -5.052683362870138484e-05 -6.124878923807561101e-07 3.4 0.00020964600068 1.6e-09
-5.234986572434234845e-05 1.394787156199714939e+00 1.885034147351642014e-02 1.164376552182466804e-04 4.357805429192374859e-05 7.477695237939196886e-07 3.4 0.00020964600068 1.6e-09
-2.679880052624334703e-05 3.369361443730229055e+00 4.137587880471654128e-02 2.079853899921671630e-04 5.755969672827380644e-06 -3.805830111390050955e-08 3.4 0.00020964600068 1.6e-09
-2.169151086064846108e-05 2.694078164765427275e+00 1.981531584288528242e-02 1.731448554325925129e-04 -2.075351769277283522e-05 -3.850901629752335225e-07 3.4 0.00020964600068 1.6e-09
-5.849066518168723547e-05 4.047728406671202706e-01 -5.646777549837469351e-03 1.474086920217199798e-04 -7.523876017554984254e-06 1.181702430394828077e-06 3.4 0.00020964600068 1.6e-09
5.845254274655520689e-05 2.577097825053670466e+00 2.467233220639811903e-02 1.673172353286245316e-04 2.269246618236010201e-05 1.471155640441430280e-07 3.4 0.00020964600068 1.6e-09
1.238675864950145532e-05 3.394072663511199295e+00 2.236000171960650373e-02 2.092925639136284949e-04 -4.444562853474223686e-06 -1.478616260954392494e-07 3.4 0.00020964600068 1.6e-09
-5.691815194398312469e-05 1.564366595705905194e+00 -9.455790711322130697e-04 1.221880518550312719e-04 -4.027737718862424107e-05 -3.140421800896596998e-07 3.4 0.00020964600068 1.6e-09
1.127205695132708373e-05 8.919089541208120586e-01 2.654232140750851371e-03 1.082701333189721189e-04 5.305501581230984170e-05 2.739453799710359310e-07 3.4 0.00020964600068 1.6e-09
-4.020195569042681716e-05 3.232278028409747428e+00 9.193259575697519670e-03 2.008027107035793542e-04 9.757244122376081897e-06 -7.574082215035531555e-09 3.4 0.00020964600068 1.6e-09
-7.015147208826859619e-05 2.953785777745109975e+00 4.380022635000372505e-03 1.863591273386005023e-04 -1.588738593980071936e-05 -8.175345138912207784e-08 3.4 0.00020964600068 1.6e-09
6.434430133550450147e-05 4.858630290965145204e-01 -2.045835547650713595e-03 1.320586107125356658e-04 -4.212529448210064508e-05 2.322145658983971067e-07 3.4 0.00020964600068 1.6e-09
-3.723919862108653116e-05 2.208352372925397766e+00 -3.851791421946773337e-03 1.495793931109651114e-04 2.857104134352572144e-05 6.295387597916503689e-08 3.4 0.00020964600068 1.6e-09
-3.958494936621847094e-05 3.401900048851315361e+00 3.972952324036393285e-03 2.097407326209069006e-04 -1.185410142459256457e-06 7.302274052006035058e-08 3.4 0.00020964600068 1.6e-09
-3.737306478283588434e-05 1.935758749635922094e+00 7.453825473286516609e-03 1.372440493593310375e-04 -3.326013791877842493e-05 -4.407332162612915682e-08 3.4 0.00020964600068 1.6e-09
2.037895026687744127e-06 6.177672027532450372e-01 -8.353383795053501149e-03 1.177766886014267121e-04 5.275432901013559969e-05 -7.469084577410308738e-07 3.4 0.00020964600068 1.6e-09
-6.265238953690758161e-05 3.085405231603747911e+00 -1.832169735112066516e-03 1.931697434976176186e-04 1.296792364962112216e-05 2.110456553256643310e-07 3.4 0.00020964600068 1.6e-09
3.650028234657094793e-05 3.100309408121840526e+00 1.706672681871455877e-02 1.939427220913532174e-04 -1.264086511887354281e-05 1.271115917794104216e-07 3.4 0.00020964600068 1.6e-09
-2.914653604860951459e-06 6.385746901622249005e-01 7.465324188246247328e-03 1.163217062277682550e-04 -5.331901283798520059e-05 -1.031462318898516765e-06 3.4 0.00020964600068 1.6e-09
4.873258432260490987e-05 1.901995041980591328e+00 -1.073652159949500459e-02 1.357807631208853352e-04 3.385469242769947916e-05 3.384710030519902187e-07 3.4 0.00020964600068 1.6e-09
2.919050215856144718e-05 3.401194301621829119e+00 2.495160979908200849e-02 2.097021266465226206e-04 1.473050374477914735e-06 2.966504287198144387e-07 3.4 0.00020964600068 1.6e-09
9.693840521247332957e-06 2.241145473108019814e+00 3.674066355539636758e-02 1.511139505908466805e-04 -2.802400554796433813e-05 -1.880914035514097064e-07 3.4 0.00020964600068 1.6e-09
6.418137865891134267e-05 4.738153117683435722e-01 -1.274375464362003871e-02 1.338824020971626848e-04 4.002093511864129340e-05 -1.603203602943937222e-06 3.4 0.00020964600068 1.6e-09
4.332332393203673740e-05 2.935948271691341649e+00 1.985442554509737889e-02 1.854359920763571160e-04 1.630365095738238470e-05 5.586249061207985095e-07 3.4 0.00020964600068 1.6e-09
8.627950819836851084e-05 3.252576216767145478e+00 5.789663268991973588e-02 2.018581634963459285e-04 -9.339072382464625583e-06 1.428626025395061601e-07 3.4 0.00020964600068 1.6e-09
2.406121815366450435e-05 9.422803417295979589e-01 2.374315217494703256e-02 1.080784512640839797e-04 -5.227706656624070696e-05 -1.734880364745253923e-06 3.4 0.00020964600068 1.6e-09
4.497160970610296799e-05 1.506267777013281517e+00 -5.040233156072937426e-03 1.201232211548505514e-04 4.137472228084679320e-05 8.642771543074872073e-07 3.4 0.00020964600068 1.6e-09
-3.441906224447425410e-05 3.384893401700466153e+00 6.151780016367707632e-02 2.088079455801378800e-04 4.877807988002069177e-06 4.404869579818874433e-07 3.4 0.00020964600068 1.6e-09
7.464374062468017920e-05 2.615175650661274886e+00 7.102838198945940484e-02 1.692054879415734480e-04 -2.204403024540011857e-05 -3.757740320787716263e-07 3.4 0.00020964600068 1.6e-09
3.147172385679649460e-05 4.033388284782150057e-01 -1.054660156283739221e-02 1.477302288371892662e-04 2.749613290287442787e-06 -2.417005591275801084e-06 3.4 0.00020964600068 1.6e-09
-3.915488995348128201e-05 2.656750597065104635e+00 3.569990332200120853e-02 1.712742437449201491e-04 2.138117925339595103e-05 8.234619774801805043e-07 3.4 0.00020964600068 1.6e-09
-9.010860662000470160e-05 3.379298814539567708e+00 8.494976117594474352e-02 2.085087221527217260e-04 -5.297769971542809985e-06 1.367099221600088842e-07 3.4 0.00020964600068 1.6e-09
-2.624637401953112508e-05 1.455878547814383195e+00 4.400729707858596490e-02 1.183972579026410952e-04 -4.234852337119369579e-05 -1.479798348443619893e-06 3.4 0.00020964600068 1.6e-09
-2.763401582449545143e-05 9.870281259006143948e-01 -1.052031979643734683e-02 1.082131196516189779e-04 5.150070719085920882e-05 9.782182802436350925e-07 3.4 0.00020964600068 1.6e-09
7.384480368998867122e-05 3.264709445042071945e+00 6.785998416861391269e-02 2.024976797750999754e-04 8.892184283978345097e-06 5.458222797885145727e-07 3.4 0.00020964600068 1.6e-09
8.790618732379499320e-05 2.904463295034225734e+00 8.433469508141275273e-02 1.838255368754659414e-04 -1.684430626119910312e-05 -3.007631220672612953e-07 3.4 0.00020964600068 1.6e-09
6.325225827458422494e-05 4.592856173929051322e-01 -3.403359536160462280e-03 1.363929138524355559e-04 -3.653605918585526311e-05 -3.079136751351608349e-06 3.4 0.00020964600068 1.6e-09
5.805480726963222138e-05 2.287507924550923555e+00 2.713188193337939813e-02 1.533041440908784921e-04 2.722757729854035410e-05 1.024493273694030579e-06 3.4 0.00020964600068 1.6e-09
-5.593575559204264780e-05 3.397722851160137836e+00 9.070620621329605893e-02 2.095177489434694638e-04 -1.908062880619780379e-06 2.505659335320645038e-07 3.4 0.00020964600068 1.6e-09
-6.562385849477195352e-05 1.850263660077097416e+00 6.155063756125664365e-02 1.335689761401957255e-04 -3.473985755270865425e-05 -1.180622810347853901e-06 3.4 0.00020964600068 1.6e-09
4.907557083324087864e-05 6.709482858927044990e-01 -1.774552189633325089e-02 1.143884132157405313e-04 5.384431443174013399e-05 5.556700766261218939e-07 3.4 0.00020964600068 1.6e-09
-7.289216445018769936e-05 3.117821076859351503e+00 7.164004932859602270e-02 1.948562218650834671e-04 1.213490267351483289e-05 7.452443068647062610e-07 3.4 0.00020964600068 1.6e-09
2.613395296960769443e-05 3.055492975354314744e+00 1.021621133650977564e-01 1.916247634573878787e-04 -1.350315692348366711e-05 -2.091631652594939908e-07 3.4 0.00020964600068 1.6e-09
-4.491290291617388219e-05 5.860329804768211748e-01 6.212269059482511228e-03 1.203961015970909465e-04 -5.129081402428408077e-05 -3.582999587280077082e-06 3.4 0.00020964600068 1.6e-09
-6.138785359097376952e-05 1.991911877971766387e+00 2.679631832789950568e-02 1.397231989682476568e-04 3.219407176748102025e-05 1.436386411745692513e-06 3.4 0.00020964600068 1.6e-09
5.224954119827299854e-05 3.395585866377767825e+00 1.144401584722970072e-01 2.094139182274565357e-04 6.265921712131322715e-07 3.755352094299779829e-07 3.4 0.00020964600068 1.6e-09
2.290119780784682669e-05 2.138212500611905931e+00 8.764391437665849938e-02 1.463355027513008641e-04 -2.964399547149558335e-05 -1.206691788933516376e-06 3.4 0.00020964600068 1.6e-09
-5.121411557526478681e-05 5.128340056103372069e-01 -2.111053280144365926e-02 1.282333022491964592e-04 4.584164570748057080e-05 1.772528664714820397e-07 3.4 0.00020964600068 1.6e-09
7.442118557009527160e-06 2.987240264145369473e+00 9.345270269337770108e-02 1.880844550309539805e-04 1.510458724970825930e-05 1.028192578950974615e-06 3.4 0.00020964600068 1.6e-09
-3.923943549568375340e-05 3.197790282125550387e+00 1.363601556288476513e-01 1.990047000312954845e-04 -1.046273513289140198e-05 -2.183189150327373407e-07 3.4 0.00020964600068 1.6e-09
3.310444369912206720e-05 8.192011667289536003e-01 2.161245191487115580e-02 1.091618838598433679e-04 -5.380258056551987769e-05 -3.698905967140391907e-06 3.4 0.00020964600068 1.6e-09
3.536065324557198845e-05 1.652329395527381894e+00 3.057341958662296300e-02 1.255060082352012587e-04 3.849096591858755187e-05 2.091536552207185780e-06 3.4 0.00020964600068 1.6e-09
-2.432077209984116539e-05 3.395167659158773610e+00 1.466755695014426153e-01 2.093589673183948556e-04 3.676453169296344353e-06 4.744871721269352135e-07 3.4 0.00020964600068 1.6e-09
7.072525113939057216e-05 2.493825682932340193e+00 1.192552009582135003e-01 1.632240268898789762e-04 -2.392267534156368339e-05 -1.221430139026411573e-06 3.4 0.00020964600068 1.6e-09
-3.445960414234251339e-05 4.128981029008111925e-01 -2.130336262837343245e-02 1.454644906676293994e-04 1.717502189094392620e-05 -7.378391222920717695e-07 3.4 0.00020964600068 1.6e-09
-3.621005166094041870e-05 2.761387025162965081e+00 1.084186462528007183e-01 1.765258190706199982e-04 1.957943922522071179e-05 1.321421128075708810e-06 3.4 0.00020964600068 1.6e-09
3.880375406083789433e-05 3.351248596920978429e+00 1.630136177693337629e-01 2.070238326832128271e-04 -6.523060233498174293e-06 -1.995273507986274326e-07 3.4 0.00020964600068 1.6e-09
3.283591035690621178e-05 1.300902902393867855e+00 4.830527962651624818e-02 1.136784340723705818e-04 -4.537417954510906211e-05 -2.961801327358630793e-06 3.4 0.00020964600068 1.6e-09
-2.908685241818851068e-05 1.134033109568612696e+00 1.530798655798841154e-02 1.099159990015784356e-04 4.869357704868054325e-05 2.762563137948842952e-06 3.4 0.00020964600068 1.6e-09
-1.956064967143155634e-06 3.308061982781886456e+00 1.518155217834801229e-01 2.047617463469511199e-04 7.734853420842015400e-06 5.859210933396156791e-07 3.4 0.00020964600068 1.6e-09
2.545340645262491572e-05 2.838611548600945778e+00 1.349053739538060293e-01 1.804531107675491739e-04 -1.810101693057118418e-05 -1.010144972988088022e-06 3.4 0.00020964600068 1.6e-09
2.753223017178189260e-05 4.327300837633847319e-01 -1.698826841411264776e-02 1.413324274011140474e-04 -2.804889230335322185e-05 -2.400900315813790864e-06 3.4 0.00020964600068 1.6e-09
3.817335440476787736e-06 2.386345830338679086e+00 9.273725065015822611e-02 1.580173405832917006e-04 2.559489640283530050e-05 1.589906747374163920e-06 3.4 0.00020964600068 1.6e-09
8.997166477367744039e-05 3.395500463641322852e+00 1.614376400696796443e-01 2.093897889488566949e-04 -2.759127906906236089e-06 -8.034196772604652485e-08 3.4 0.00020964600068 1.6e-09
-5.145716095587098534e-05 1.756421142440839578e+00 6.797463459470934333e-02 1.296551094692989731e-04 -3.644765035939605572e-05 -2.226089367460923808e-06 3.4 0.00020964600068 1.6e-09
2.924657598736279680e-05 7.374910666396261583e-01 -2.987956622357258989e-03 1.113981079199772824e-04 5.420016272084495959e-05 3.122749931149163079e-06 3.4 0.00020964600068 1.6e-09
6.736361104174324395e-05 3.152580395402113211e+00 1.443928202088958501e-01 1.966622007694194629e-04 1.127461238070038955e-05 7.291426332458894280e-07 3.4 0.00020964600068 1.6e-09
-7.765741048892657388e-05 3.013936906309476527e+00 1.404893130172715221e-01 1.894759223003624773e-04 -1.433119144104573711e-05 -8.342212549363576646e-07 3.4 0.00020964600068 1.6e-09
-4.734382491632671834e-05 5.434909278143316147e-01 -1.087416853724318747e-02 1.246322350698956865e-04 -4.857687775798006665e-05 -3.135619075071707211e-06 3.4 0.00020964600068 1.6e-09
1.813756040764303676e-05 2.072699911101660408e+00 8.302444967120281571e-02 1.433525202285557826e-04 3.068930156407173902e-05 1.943711895203883554e-06 3.4 0.00020964600068 1.6e-09
4.623836678914629685e-05 3.390139135062574915e+00 1.670696750016717191e-01 2.091307713195192397e-04 -1.149112014632512031e-07 1.442774303976084218e-09 3.4 0.00020964600068 1.6e-09
-1.588763662704918564e-05 2.047296422204459621e+00 8.275199654606098243e-02 1.422040236338024846e-04 -3.113249125745418968e-05 -1.968496525719354455e-06 3.4 0.00020964600068 1.6e-09
3.575354547355604162e-05 5.556961817717146479e-01 -1.077283440321522533e-02 1.232820988622375727e-04 4.957024700162618509e-05 3.467501060846456410e-06 3.4 0.00020964600068 1.6e-09
8.803019014640520873e-05 3.026671606823840843e+00 1.500751899534013833e-01 1.901312260961281610e-04 1.408047276391258112e-05 8.668077513393029347e-07 3.4 0.00020964600068 1.6e-09
7.346977170934070099e-05 3.144780675611404952e+00 1.526161567028991861e-01 1.962533895009696918e-04 -1.149299211818635774e-05 -7.898707139253718585e-07 3.4 0.00020964600068 1.6e-09
2.985557296933597282e-05 7.212775441455516745e-01 -4.199448442802115877e-03 1.119937493117530635e-04 -5.421176691332848325e-05 -3.274864571211700740e-06 3.4 0.00020964600068 1.6e-09
6.506334957051056959e-05 1.778826312933690090e+00 7.982967034451027288e-02 1.305750294194069224e-04 3.599835102859097718e-05 2.410773969259970272e-06 3.4 0.00020964600068 1.6e-09
-2.889967709955981306e-05 3.395807900160620285e+00 1.769705600538900858e-01 2.094069804520037447e-04 2.567606140466888400e-06 2.427941128342235652e-08 3.4 0.00020964600068 1.6e-09
-3.473044937135496104e-05 2.366087653724052053e+00 9.611529117749079143e-02 1.570424311771491930e-04 -2.591353513820345513e-05 -1.780054355692600871e-06 3.4 0.00020964600068 1.6e-09
-1.236056428255095650e-05 4.373128386701375381e-01 -1.612026577403778346e-02 1.403312606137607375e-04 3.017709650656476611e-05 3.705649126292283805e-06 3.4 0.00020964600068 1.6e-09
-6.628488430628964379e-05 2.854079358317322512e+00 1.494078446026565477e-01 1.812337022249489163e-04 1.787886099774864320e-05 9.602673364504030263e-07 3.4 0.00020964600068 1.6e-09
-6.169546678906701943e-05 3.308814838144453319e+00 1.554525730269583073e-01 2.047952689603691335e-04 -7.850311839783902202e-06 -7.279928901751152713e-07 3.4 0.00020964600068 1.6e-09
-3.827955198685942283e-05 1.124085618946681020e+00 7.892070446118018556e-03 1.097222396790007988e-04 -4.894553077675619192e-05 -2.717950762136644169e-06 3.4 0.00020964600068 1.6e-09
1.305211428121062360e-05 1.311427682948276940e+00 5.696293282346116815e-02 1.139765068884654269e-04 4.512647793741038637e-05 2.918195452732598252e-06 3.4 0.00020964600068 1.6e-09
5.287475838470003935e-05 3.352899465378470722e+00 1.566329140140820253e-01 2.071122667367838294e-04 6.430998632850999644e-06 3.446998983350251253e-08 3.4 0.00020964600068 1.6e-09
8.091248388697244308e-05 2.753292486175060727e+00 9.072476831606481051e-02 1.761177197889766803e-04 -1.972658187152883161e-05 -1.347434169541615073e-06 3.4 0.00020964600068 1.6e-09
-5.167771373942952435e-05 4.115890573575726741e-01 -2.029620742404460859e-02 1.457957593468284675e-04 -1.563556806708387337e-05 2.303673716808019471e-06 3.4 0.00020964600068 1.6e-09
-5.335831498269680561e-05 2.505307685804628370e+00 1.105858179484803805e-01 1.637833617533434000e-04 2.377882030186379735e-05 9.423802856773388167e-07 3.4 0.00020964600068 1.6e-09
1.015064918196844523e-04 3.398194117604282916e+00 1.208299792133362971e-01 2.095152144312113285e-04 -3.754385004758147242e-06 -5.368401359475064022e-07 3.4 0.00020964600068 1.6e-09
-1.655965652022583663e-05 1.647270733654181196e+00 1.461987274457962963e-02 1.253011228299477902e-04 -3.864508619737389830e-05 -1.703949294440113014e-06 3.4 0.00020964600068 1.6e-09
3.852860316948448658e-05 8.232818006540032485e-01 2.183347957075583087e-02 1.091158912667234028e-04 5.373771073741697650e-05 3.200206386159552585e-06 3.4 0.00020964600068 1.6e-09
6.744319382370046842e-05 3.198638710562731191e+00 1.120115979527447625e-01 1.990532015380525835e-04 1.039392185584297047e-05 9.558039598970504914e-08 3.4 0.00020964600068 1.6e-09
-5.675508569958158096e-05 2.979583385067114065e+00 6.949555048928554579e-02 1.876945648967683013e-04 -1.522880742816797346e-05 -8.909383091154715179e-07 3.4 0.00020964600068 1.6e-09
-4.784759183049327487e-05 5.076085981277818071e-01 -1.893345661463871621e-02 1.289927311768298852e-04 -4.504047213715815480e-05 5.117021951110731552e-07 3.4 0.00020964600068 1.6e-09
-5.496508331506762003e-05 2.151441554591179806e+00 7.467608943055475956e-02 1.469492826354059159e-04 2.941971946690210516e-05 9.816801638371137635e-07 3.4 0.00020964600068 1.6e-09
-9.400042023470666004e-05 3.394201018994492891e+00 9.445348547500007075e-02 2.093428996008073152e-04 -7.679779694554704902e-07 -3.378461821136994477e-07 3.4 0.00020964600068 1.6e-09
-4.582579386149065965e-05 1.973032442907257877e+00 1.978140055829348196e-02 1.388924721801219583e-04 -3.251967096707164876e-05 -1.196696903808923245e-06 3.4 0.00020964600068 1.6e-09
-3.006827164637144388e-05 5.960445351743089981e-01 5.090586673020756556e-03 1.195344807327067326e-04 5.177302179569095108e-05 3.178125446806437505e-06 3.4 0.00020964600068 1.6e-09
-2.461965635156945824e-05 3.062740478486137619e+00 9.281060048423143971e-02 1.920034110518870248e-04 1.330483978253493918e-05 2.109435372186242337e-07 3.4 0.00020964600068 1.6e-09
6.086388390012342602e-05 3.106044904036507237e+00 6.693106122585275319e-02 1.942478309214659769e-04 -1.235971398004827400e-05 -6.675357096734958075e-07 3.4 0.00020964600068 1.6e-09
4.500558730959022981e-05 6.541864850668471787e-01 -1.515329746758934878e-02 1.153636031279472838e-04 -5.356393286230023309e-05 -5.545653905532046046e-07 3.4 0.00020964600068 1.6e-09
1.613971448727368943e-05 1.875714398663914650e+00 6.057643690181890861e-02 1.346620776554961481e-04 3.424123145001875036e-05 1.184712815521720063e-06 3.4 0.00020964600068 1.6e-09
-5.590260033804031459e-06 3.394446238343333366e+00 9.251357742269092355e-02 2.093507607891755473e-04 1.641963564830715365e-06 -2.221843357583491772e-07 3.4 0.00020964600068 1.6e-09
-2.384867409840756250e-05 2.251584634726433443e+00 3.004668088257808622e-02 1.516131337710655545e-04 -2.778922832046257409e-05 -1.048162785790676432e-06 3.4 0.00020964600068 1.6e-09
3.669260612473469328e-05 4.703932615484606727e-01 -3.123927614892421135e-03 1.344728006707668930e-04 3.917751645410262260e-05 3.407360998024022231e-06 3.4 0.00020964600068 1.6e-09
-8.668152864876052868e-05 2.925868794859675326e+00 9.017200261833843711e-02 1.849218707953539562e-04 1.643656171651579302e-05 3.127109837161661630e-07 3.4 0.00020964600068 1.6e-09
5.431063316877117074e-05 3.252591223721395863e+00 7.226253767069747147e-02 2.018620774342083776e-04 -9.242448872612938509e-06 -5.855295173676099410e-07 3.4 0.00020964600068 1.6e-09
-5.217551193665502892e-06 9.488551498069772716e-01 -1.139784305662482067e-02 1.080929371850920448e-04 -5.217742021032356723e-05 -1.029603397083284087e-06 3.4 0.00020964600068 1.6e-09
-5.872081600947199579e-05 1.498184742331762465e+00 4.945442249431959703e-02 1.198382707465266118e-04 4.149837514386021866e-05 1.451154421610105885e-06 3.4 0.00020964600068 1.6e-09
-8.834919774187408080e-05 3.383834699323299056e+00 8.487272436344350801e-02 2.087509471248891288e-04 4.961001031553157038e-06 -2.043189142379142937e-07 3.4 0.00020964600068 1.6e-09
-7.453300458294886087e-05 2.622950548855538244e+00 2.982052649270281602e-02 1.695923459417131947e-04 -2.191862408186716701e-05 -8.594732362577206717e-07 3.4 0.00020964600068 1.6e-09
-5.925599640749167979e-05 4.031367403938881377e-01 -8.890848715251236517e-03 1.477560793334720558e-04 1.984006618952149792e-06 3.429518301449135989e-06 3.4 0.00020964600068 1.6e-09
6.263500330690229077e-05 2.650922291687316523e+00 6.580944979441781528e-02 1.709791363535076176e-04 2.151175514206068624e-05 2.152514106370345318e-07 3.4 0.00020964600068 1.6e-09
2.428034408914568333e-05 3.385799099004747070e+00 4.669382301331549689e-02 2.088477905873992993e-04 -5.174855480475842430e-06 -4.723444042606558018e-07 3.4 0.00020964600068 1.6e-09
-4.308915880179768718e-06 1.476091236440799648e+00 -1.338857682489085453e-02 1.190654338508322394e-04 -4.202616745921060191e-05 -6.104860445407798262e-07 3.4 0.00020964600068 1.6e-09
3.357023326458349687e-05 9.699055613285676447e-01 2.263873941824575547e-02 1.081298046380864874e-04 5.180928138005363439e-05 1.261334687447536251e-06 3.4 0.00020964600068 1.6e-09
-9.812817338998474953e-05 3.262708646945036151e+00 3.709427180248137113e-02 2.023875669897882350e-04 9.098681938974002484e-06 -2.206334749221998024e-07 3.4 0.00020964600068 1.6e-09
4.134084727017676856e-06 2.923201554155139714e+00 1.681566197005829625e-03 1.847800985157257991e-04 -1.657592455057174162e-05 -4.235753431041738091e-07 3.4 0.00020964600068 1.6e-09
-2.848987338011666626e-05 4.663245841887569965e-01 -9.884767560382631824e-03 1.351438543545017534e-04 -3.836414329551112514e-05 2.101398449395047374e-06 3.4 0.00020964600068 1.6e-09
-2.628671849579399439e-05 2.264574722386733630e+00 2.220820505482965293e-02 1.522131279381500383e-04 2.766317406134590574e-05 1.301863790463455172e-08 3.4 0.00020964600068 1.6e-09
-8.557873204338680491e-05 3.403745492904400649e+00 7.206497266530968379e-03 2.098328295592210863e-04 -1.642580833174729754e-06 -2.292731870468824872e-07 3.4 0.00020964600068 1.6e-09
-5.280409038354384786e-05 1.886312790943101225e+00 -1.404927622256046602e-02 1.350979931812622595e-04 -3.416870021404373194e-05 -1.060265658447940116e-07 3.4 0.00020964600068 1.6e-09
-2.819070877338605103e-05 6.485197590743571050e-01 3.808674971918264360e-03 1.156819642505094549e-04 5.354899955073781604e-05 4.910535079887499860e-07 3.4 0.00020964600068 1.6e-09
6.769608012154161396e-05 3.106606123331514979e+00 6.525615961668511551e-03 1.942710649145548349e-04 1.247808339252766162e-05 -7.668723690394478610e-08 3.4 0.00020964600068 1.6e-09
4.846081945717969127e-05 3.077339788509847462e+00 -3.135139297790359540e-03 1.927524739978974375e-04 -1.313289463812080162e-05 -9.605245222471044649e-08 3.4 0.00020964600068 1.6e-09
2.700829583498849779e-05 6.074556445795530335e-01 -4.094614134114061763e-03 1.185752010023830277e-04 -5.239175805139607595e-05 4.794421350213414974e-07 3.4 0.00020964600068 1.6e-09
-1.480776305825014699e-05 1.953052799798547179e+00 3.497736656004764820e-03 1.380081902130565795e-04 3.292080697233041935e-05 1.150293038766181979e-07 3.4 0.00020964600068 1.6e-09
-3.606864154477134850e-05 3.398838295578175295e+00 9.082423790447383821e-03 2.095835476019713658e-04 9.966399197239586167e-07 1.091017296689521311e-08 3.4 0.00020964600068 1.6e-09
-4.520683459625030531e-05 2.181670854008923577e+00 5.459159550700441732e-03 1.483430000054207932e-04 -2.898705914103699645e-05 -9.845354909369684690e-08 3.4 0.00020964600068 1.6e-09
-3.072138161724115031e-05 4.957179646747216228e-01 -4.641383244864996996e-03 1.305901493955091827e-04 4.370535281888978838e-05 -1.718268068188244522e-07 3.4 0.00020964600068 1.6e-09
1.424986843303831626e-05 2.967202044604910327e+00 1.329511898228280878e-02 1.870515677599816158e-04 1.559047691739816316e-05 1.946241215032681181e-07 3.4 0.00020964600068 1.6e-09
1.559724341795809229e-06 3.219248748901432755e+00 2.344092788964635687e-02 2.001239938507852738e-04 -1.004316926186301140e-05 -5.046869287921374847e-09 3.4 0.00020964600068 1.6e-09
-2.152075706176438354e-05 8.608071531813565880e-01 5.533496276717281628e-03 1.085485245593203021e-04 -5.347529474654024996e-05 -6.620243736043956768e-07 3.4 0.00020964600068 1.6e-09
6.929843260950590276e-06 1.600358660578935721e+00 3.827263411969298104e-03 1.235338551179233273e-04 3.953287452153893229e-05 4.858840851203090152e-07 3.4 0.00020964600068 1.6e-09
-5.433187564530889883e-05 3.392904879627555381e+00 3.375412639844806856e-02 2.092391886578864120e-04 4.096746174818377067e-06 1.505558208598114423e-07 3.4 0.00020964600068 1.6e-09
-5.851006522796650195e-05 2.534602594940324582e+00 3.097699680929082156e-02 1.652284123232415603e-04 -2.332740731795154900e-05 -2.592412960136842145e-07 3.4 0.00020964600068 1.6e-09
-2.917967706593801999e-05 4.081149514393416777e-01 -6.492918494447172742e-03 1.466104671972399140e-04 1.279097099621985020e-05 -4.716076833664750366e-07 3.4 0.00020964600068 1.6e-09
-3.481010347852884666e-05 2.730889683995857631e+00 2.381211037893590093e-02 1.749915362645842174e-04 2.015681141303737498e-05 3.682904792888209385e-07 3.4 0.00020964600068 1.6e-09
7.706336348936434425e-05 3.362403544924206678e+00 4.209486842672852808e-02 2.076150422298984758e-04 -6.164177566217821653e-06 -3.460976144583721219e-09 3.4 0.00020964600068 1.6e-09
1.203029879802957407e-05 1.345173555111685459e+00 1.592793153809551887e-02 1.149336679661998138e-04 -4.459281079326333477e-05 -7.678172442042446947e-07 3.4 0.00020964600068 1.6e-09
2.757615963435966738e-05 1.090680197001485663e+00 -1.976809742623804843e-03 1.092289896587077724e-04 4.960346120386508270e-05 4.819536637424734506e-07 3.4 0.00020964600068 1.6e-09
6.667893782837274103e-05 3.299565076398693897e+00 3.014553489446235995e-02 2.043186394128904105e-04 8.075577466455309452e-06 1.965891775109460178e-07 3.4 0.00020964600068 1.6e-09
-2.764520653058251620e-05 2.860931338699857385e+00 3.359101029109133607e-02 1.815938292846919905e-04 -1.775921444480469446e-05 -1.604143349677017277e-07 3.4 0.00020964600068 1.6e-09
1.693214422326068378e-05 4.387291421960121118e-01 -2.837288739983954197e-03 1.401634291472753395e-04 -3.060881041762325691e-05 -9.952677024484810424e-07 3.4 0.00020964600068 1.6e-09
-1.066760351607911689e-05 2.361028118733138115e+00 5.891270774689372214e-03 1.568004228650996966e-04 2.609677619948939310e-05 3.600069177655235943e-07 3.4 0.00020964600068 1.6e-09
-8.123630961047479673e-05 3.401646076410590247e+00 3.124735991807895200e-02 2.097158253125680635e-04 -2.496932125468123066e-06 1.305929639506675424e-07 3.4 0.00020964600068 1.6e-09
2.031823186001692168e-06 1.787707731993723570e+00 2.413328947440203376e-02 1.309379113059571254e-04 -3.597527922971098849e-05 -4.276407483095544871e-07 3.4 0.00020964600068 1.6e-09
-4.729117413864587072e-05 7.148432863102469614e-01 -1.204192063365997628e-02 1.122542300583345243e-04 5.428287009342915666e-05 -2.998693357838878794e-07 3.4 0.00020964600068 1.6e-09
1.043741674199886939e-05 3.146677870689172263e+00 1.683401072941467444e-02 1.963521100098968692e-04 1.158300846871405440e-05 3.513915983745982547e-07 3.4 0.00020964600068 1.6e-09
-9.404804837649678305e-06 3.035125468929462222e+00 3.915862375937027157e-02 1.905667303646459642e-04 -1.404184439899650830e-05 4.218531863599437644e-08 3.4 0.00020964600068 1.6e-09
1.292410986656996726e-05 5.585475563166040214e-01 5.781556321374297161e-03 1.229964536717956052e-04 -4.985471952134491069e-05 -1.871147924281533803e-06 3.4 0.00020964600068 1.6e-09
4.127059427558196726e-05 2.043232547920493580e+00 -4.134543752141036158e-03 1.420152987376167310e-04 3.133141922524042115e-05 5.718834401330657470e-07 3.4 0.00020964600068 1.6e-09
-6.330329665056348904e-05 3.398776482582169578e+00 4.386239165257538319e-02 2.095819546653610575e-04 2.095697978873685980e-07 3.305343337088364288e-07 3.4 0.00020964600068 1.6e-09
-5.904200636905101296e-05 2.091226435404959449e+00 4.791408165552892007e-02 1.441854155881807742e-04 -3.049819274174457701e-05 -4.435920508289080191e-07 3.4 0.00020964600068 1.6e-09
-5.676214043979173666e-05 5.343796837041019376e-01 -1.720280002143649567e-02 1.255818468508357018e-04 4.806600745910393548e-05 -1.162140426311836833e-06 3.4 0.00020964600068 1.6e-09
6.624883516300034115e-05 3.013280379846445811e+00 3.248631219464603870e-02 1.894310688243965360e-04 1.458032154992387335e-05 6.670470959291629340e-07 3.4 0.00020964600068 1.6e-09
-1.149156161528483812e-06 3.175958060045431353e+00 7.405938970229986040e-02 1.978693404166208486e-04 -1.100226472388181014e-05 9.149400163160506152e-08 3.4 0.00020964600068 1.6e-09
8.373772263265583002e-06 7.680191987160335243e-01 2.019099322951226419e-02 1.103687887732307293e-04 -5.422080734147528163e-05 -2.592025736392391925e-06 3.4 0.00020964600068 1.6e-09
3.132012972766913669e-05 1.716841459446816653e+00 9.627130807135076242e-04 1.280491708764845726e-04 3.730390960410100284e-05 1.125124348724791325e-06 3.4 0.00020964600068 1.6e-09
-1.958479205369215208e-05 3.400077103263977829e+00 8.237533466365892787e-02 2.096245719528075141e-04 3.124763127741241388e-06 4.939605376611906892e-07 3.4 0.00020964600068 1.6e-09
-4.505866848636948474e-05 2.433464228589051981e+00 8.508302650043113313e-02 1.602884756009011311e-04 -2.491987183737519860e-05 -6.324931434902223171e-07 3.4 0.00020964600068 1.6e-09
-5.556841383510930884e-06 4.226570493323097422e-01 -1.720880579731734472e-02 1.433352367228065815e-04 2.372710849529355135e-05 -2.077854553641084337e-06 3.4 0.00020964600068 1.6e-09
1.449925295538967153e-05 2.810673276779382057e+00 5.945693807964498590e-02 1.790244513411809132e-04 1.874533001257588493e-05 1.024063047601034636e-06 3.4 0.00020964600068 1.6e-09
3.011412578605064617e-06 3.333428298381685195e+00 1.158344726150922488e-01 2.060875846030568617e-04 -7.195950525050806946e-06 6.488348279302250101e-08 3.4 0.00020964600068 1.6e-09
-1.718080344972879394e-05 1.212450265565927943e+00 4.514899853577324096e-02 1.114764678682585549e-04 -4.716660284441826038e-05 -2.407173264652577909e-06 3.4 0.00020964600068 1.6e-09
-2.160561189316929237e-05 1.220622935559846578e+00 -8.712414981630192201e-04 1.116803900784413511e-04 4.703507098061722344e-05 1.692391047566661139e-06 3.4 0.00020964600068 1.6e-09
-8.380965671846107542e-05 3.332423220805368569e+00 1.067063057616852162e-01 2.060395672640460496e-04 7.077303843560231458e-06 6.175443722894496210e-07 3.4 0.00020964600068 1.6e-09
-1.731525894503194721e-05 2.795530327138753712e+00 1.123280010318886135e-01 1.782619169505422763e-04 -1.893825708103771252e-05 -6.260456299602749498e-07 3.4 0.00020964600068 1.6e-09
-6.397119402432452156e-05 4.204155708271449798e-01 -1.141520345034456943e-02 1.439018686004238357e-04 -2.195198300558829247e-05 -3.283097442659696148e-06 3.4 0.00020964600068 1.6e-09
6.391768079543692959e-06 2.449148007984885744e+00 5.825681837157394016e-02 1.610517006539527712e-04 2.464849191098689087e-05 1.300270950764820288e-06 3.4 0.00020964600068 1.6e-09
-8.238908571626504568e-05 3.396401428126497812e+00 1.283753252997760219e-01 2.094305878901727195e-04 -3.294063964475165238e-06 1.336761912657282017e-07 3.4 0.00020964600068 1.6e-09
4.961164497107770180e-05 1.695893074059514838e+00 6.741984928565844526e-02 1.272136813706323233e-04 -3.763161925999712159e-05 -1.852929561930965076e-06 3.4 0.00020964600068 1.6e-09
4.051166493523537094e-05 7.828885315570088821e-01 -1.228315254397333717e-02 1.099991272203988224e-04 5.412239300518059877e-05 1.767103813579146445e-06 3.4 0.00020964600068 1.6e-09
-7.668700105303749202e-06 3.178377208426800937e+00 1.081737213704504486e-01 1.980014901120923532e-04 1.077480414094984828e-05 7.754361093511451657e-07 3.4 0.00020964600068 1.6e-09
-5.731095347355517412e-05 2.993026000923821872e+00 1.252612593360486748e-01 1.883929523874293996e-04 -1.485251069664380215e-05 -5.084415606602910473e-07 3.4 0.00020964600068 1.6e-09
-8.650900245549093749e-06 5.224520578142323179e-01 -3.196753845731578614e-03 1.270949358987593291e-04 -4.664054775403298208e-05 -3.841655217829631150e-06 3.4 0.00020964600068 1.6e-09
-1.717172842728448973e-05 2.119265757533925765e+00 5.332786068356272502e-02 1.454703693964832384e-04 2.995047513285984412e-05 1.667148290814453241e-06 3.4 0.00020964600068 1.6e-09
3.666091382581844010e-05 3.392686671713446955e+00 1.424566649748232605e-01 2.092631791361274866e-04 -5.057831369564716294e-07 2.325124939589173699e-07 3.4 0.00020964600068 1.6e-09
4.528766042136039599e-05 2.005261088272900061e+00 8.779848634716232170e-02 1.403186245755373468e-04 -3.188987489563120843e-05 -1.683037539965820141e-06 3.4 0.00020964600068 1.6e-09
3.585243109791199490e-05 5.771209569954716123e-01 -1.794564066741282868e-02 1.211751030235182420e-04 5.093898143437950452e-05 1.736392018989757007e-06 3.4 0.00020964600068 1.6e-09
-1.540378480113178397e-07 3.047887261904798528e+00 1.217001366267163182e-01 1.912288458408405579e-04 1.364524351070566473e-05 9.832333481815335790e-07 3.4 0.00020964600068 1.6e-09
-4.357061706514701741e-05 3.125266189039798803e+00 1.481561348795606692e-01 1.952405903178070141e-04 -1.193569695259893010e-05 -4.916073804896961816e-07 3.4 0.00020964600068 1.6e-09
-4.465236097083496113e-05 6.871930747357161140e-01 6.644399571001462744e-03 1.135302435101070225e-04 -5.393862032915494359e-05 -4.013408832297036920e-06 3.4 0.00020964600068 1.6e-09
1.321793979653303704e-05 1.828484470312104371e+00 5.608631064102306829e-02 1.326438912585696831e-04 3.511465718680119720e-05 2.216077281198666402e-06 3.4 0.00020964600068 1.6e-09
8.564363241905318118e-05 3.396505961618796920e+00 1.670090258329662014e-01 2.094486468815225956e-04 2.109279768278475797e-06 2.935496236113885273e-07 3.4 0.00020964600068 1.6e-09
-2.663838112353063820e-05 2.314650317072869612e+00 1.117827968834407548e-01 1.545864077373487809e-04 -2.672675070363081092e-05 -1.636772031368765343e-06 3.4 0.00020964600068 1.6e-09
6.614253287881270856e-05 4.503585711185874030e-01 -2.091531903328162911e-02 1.378732670282340508e-04 3.442989008992218298e-05 1.596888689160694707e-06 3.4 0.00020964600068 1.6e-09
6.772861489652864562e-06 2.887364735024611218e+00 1.368905344263234847e-01 1.829379857711894899e-04 1.721339703919654655e-05 1.202166737496675179e-06 3.4 0.00020964600068 1.6e-09
9.945165102340051966e-05 3.285720261229672090e+00 1.710807941042823688e-01 2.035866884517551433e-04 -8.440848903718679272e-06 -4.821007612210748747e-07 3.4 0.00020964600068 1.6e-09
-4.786696887326774645e-05 1.051025801275410121e+00 2.552600278709251866e-02 1.086988495904351757e-04 -5.027506810538973829e-05 -3.478158696360598965e-06 3.4 0.00020964600068 1.6e-09
1.035072796950512215e-05 1.388434251147172338e+00 4.444139618167129713e-02 1.162344777562115440e-04 4.360742899892380527e-05 2.892320904440640778e-06 3.4 0.00020964600068 1.6e-09
-3.655676547597809582e-05 3.365276053291765823e+00 1.729813749144458734e-01 2.077663367608573620e-04 5.821739560266468971e-06 3.546229089444835011e-07 3.4 0.00020964600068 1.6e-09
1.979082259438120708e-05 2.701602046885369202e+00 1.266633512729113953e-01 1.735177098183646616e-04 -2.055511767542593114e-05 -1.370131972079081703e-06 3.4 0.00020964600068 1.6e-09
-9.317581093970968558e-06 4.059592072359101689e-01 -2.153453174242614399e-02 1.470938145718218284e-04 -8.881114778919907860e-06 7.954296037689263042e-08 3.4 0.00020964600068 1.6e-09
-7.736530650771584387e-05 2.562563035132902733e+00 1.194776131386102169e-01 1.665980113080524285e-04 2.283198960923139584e-05 1.373687392814133847e-06 3.4 0.00020964600068 1.6e-09
3.610315980303528926e-05 3.390340673001033700e+00 1.632573764051558074e-01 2.090964797252161810e-04 -4.321845049097544424e-06 -3.542234801684175485e-07 3.4 0.00020964600068 1.6e-09
4.750307166253486997e-05 1.577614259471072256e+00 4.513949623220155083e-02 1.226718411030819366e-04 -3.993081092347382992e-05 -2.443558971442565528e-06 3.4 0.00020964600068 1.6e-09
3.077964682909249640e-05 8.809228063394418662e-01 1.504091082142552070e-02 1.083696419759481961e-04 5.305432499822643460e-05 3.437399537287111370e-06 3.4 0.00020964600068 1.6e-09
6.441561478573651898e-06 3.221054136441256155e+00 1.494374259321182563e-01 2.002204509392662649e-04 9.826870713067038264e-06 4.565370594882146594e-07 3.4 0.00020964600068 1.6e-09
-8.922409836339315308e-05 2.949986820764427087e+00 1.213266834681357709e-01 1.861692837810372426e-04 -1.580132038547830633e-05 -1.024518507690180871e-06 3.4 0.00020964600068 1.6e-09
-4.122064537689445828e-05 4.876821635910197905e-01 -1.798466291100955794e-02 1.318204913933100435e-04 -4.215653465792612819e-05 -1.470837796201841022e-06 3.4 0.00020964600068 1.6e-09
6.898548299857636015e-05 2.201978925879118698e+00 9.352629821184954562e-02 1.492923194972387848e-04 2.852921739932579308e-05 1.582189864541954488e-06 3.4 0.00020964600068 1.6e-09
1.922804165387945543e-05 3.392269276926156429e+00 1.497787921904857600e-01 2.092382807548806253e-04 -1.213199005688525741e-06 -2.089378215883663968e-07 3.4 0.00020964600068 1.6e-09
4.065597308356120752e-05 1.923385475886162599e+00 5.581651796464753845e-02 1.367151464524601933e-04 -3.336338942021050032e-05 -1.901349426763963206e-06 3.4 0.00020964600068 1.6e-09
5.701762075260754636e-05 6.251136919218818200e-01 -3.417149733931070725e-04 1.172893683686157160e-04 5.275593046290300042e-05 3.735054702373767940e-06 3.4 0.00020964600068 1.6e-09
3.684272864040424921e-05 3.082244536617887665e+00 1.389894313294139372e-01 1.930146023147117024e-04 1.280461381808979578e-05 5.721912052885700109e-07 3.4 0.00020964600068 1.6e-09
7.260966215943369785e-06 3.081761484768813286e+00 1.226378211160971399e-01 1.929891762207224404e-04 -1.282486239744141395e-05 -8.649213336980279503e-07 3.4 0.00020964600068 1.6e-09
-3.364000662200009094e-05 6.229228548920853203e-01 -1.364308760109285076e-02 1.174476254027612783e-04 -5.275003006499433917e-05 -2.114515331850950966e-06 3.4 0.00020964600068 1.6e-09
-5.640060731284408642e-06 1.925839507307602672e+00 8.376165991466200111e-02 1.368244983492051267e-04 3.328024203867141983e-05 1.889362035316233500e-06 3.4 0.00020964600068 1.6e-09
-2.781226589856176522e-05 3.392094736714777792e+00 1.514290226393955607e-01 2.092293052451927411e-04 1.197638988786765446e-06 -1.454601165154748479e-07 3.4 0.00020964600068 1.6e-09
4.691427279258155196e-05 2.199298716866605830e+00 6.598993919846890543e-02 1.491649850594950705e-04 -2.860588815293493994e-05 -1.691525854439415072e-06 3.4 0.00020964600068 1.6e-09
1.564545114039154073e-06 4.890546751763956701e-01 -7.717251793615096007e-03 1.315550466139713600e-04 4.249174789840772523e-05 4.187101120991478262e-06 3.4 0.00020964600068 1.6e-09
6.704553029210939743e-05 2.952665522471899617e+00 1.388794815368388225e-01 1.863019282465551592e-04 1.580717763529471443e-05 6.589991588070799660e-07 3.4 0.00020964600068 1.6e-09
6.030942497011376789e-05 3.226801255107568878e+00 1.273136611058846568e-01 2.005160358237615217e-04 -9.786005882339131600e-06 -8.013823315589435210e-07 3.4 0.00020964600068 1.6e-09
2.313277858995200318e-05 8.869180935820670797e-01 -8.166744389438701859e-03 1.082955396936186585e-04 -5.309760590120505289e-05 -2.206149357263524803e-06 3.4 0.00020964600068 1.6e-09
-4.125434476959989496e-05 1.569261301287740107e+00 7.217418294854435756e-02 1.223701722378260073e-04 4.004996821242212451e-05 2.279848947908052739e-06 3.4 0.00020964600068 1.6e-09
6.934974548432058556e-05 3.389946918548905508e+00 1.446130397222677999e-01 2.090762297433812630e-04 4.389656696749948697e-06 -1.429497368503021650e-07 3.4 0.00020964600068 1.6e-09
-5.511241303020105456e-05 2.568774691953668032e+00 6.766094592173960143e-02 1.669062465130711635e-04 -2.276320664577919522e-05 -1.400431199235503279e-06 3.4 0.00020964600068 1.6e-09
4.413320893609516985e-05 4.056249933510508443e-01 -1.432724013899150384e-02 1.471376221979428913e-04 8.770351445702234222e-06 4.119166342155085351e-06 3.4 0.00020964600068 1.6e-09
-8.107866721182539283e-05 2.699766637020142301e+00 1.148844389125877746e-01 1.734195642364120291e-04 2.068533989032876190e-05 6.138397351115840849e-07 3.4 0.00020964600068 1.6e-09
-1.390452531304499720e-05 3.375033221269054806e+00 1.036586280219559120e-01 2.082760099283048920e-04 -5.707699657747329046e-06 -6.715739326841810631e-07 3.4 0.00020964600068 1.6e-09
-4.299802641139022300e-06 1.407696201739732533e+00 -4.018130754892755910e-03 1.168186639612852089e-04 -4.336960840219603855e-05 -1.509935424232205086e-06 3.4 0.00020964600068 1.6e-09
-3.078505814000911451e-05 1.032832882531624641e+00 3.781797112244571213e-02 1.085226443887143196e-04 5.062596191191697827e-05 2.480123740655794418e-06 3.4 0.00020964600068 1.6e-09
-4.967236630883964681e-05 3.282534849988934411e+00 9.567548751485659142e-02 2.034229210762849367e-04 8.584168783845462400e-06 -1.501849043969400609e-07 3.4 0.00020964600068 1.6e-09
3.517937785928056365e-05 2.894982341572196916e+00 4.050780184672918283e-02 1.833303392873144927e-04 -1.713345386748515336e-05 -8.820838280984010721e-07 3.4 0.00020964600068 1.6e-09
4.844277956812183570e-05 4.523320943196085242e-01 -1.728257520105278694e-02 1.375645299189235879e-04 -3.482805711823869303e-05 2.373756035962847245e-06 3.4 0.00020964600068 1.6e-09
-4.310863302988382332e-05 2.309362026446601934e+00 6.541482694022790478e-02 1.543331176936889836e-04 2.691237177429825589e-05 4.709849473626285142e-07 3.4 0.00020964600068 1.6e-09
9.233784669402680077e-05 3.402394616318175746e+00 5.793840475111391997e-02 2.097584318505530863e-04 -2.046730782865376599e-06 -4.307504361354751999e-07 3.4 0.00020964600068 1.6e-09
-1.374906519433745703e-05 1.840431310238789475e+00 -5.261321566673833952e-03 1.331421255817492573e-04 -3.500225614879042576e-05 -7.717172238020145913e-07 3.4 0.00020964600068 1.6e-09
-4.236470829193438405e-05 6.787518076885623586e-01 1.210690576449814301e-02 1.139623782869910915e-04 5.393984217620952749e-05 2.231271501560968732e-06 3.4 0.00020964600068 1.6e-09
-7.871241357594344502e-05 3.123722364074417612e+00 5.649533142690439658e-02 1.951615645871176822e-04 1.205182849825035350e-05 -5.403534122167102365e-08 3.4 0.00020964600068 1.6e-09
8.219449511585703795e-05 3.053797188978611299e+00 2.564649184669798646e-02 1.915354612966636296e-04 -1.359762026861134210e-05 -5.025388730600016304e-07 3.4 0.00020964600068 1.6e-09
4.210206148775189273e-05 5.805009899743507340e-01 -1.395407552664548571e-02 1.208769601644291245e-04 -5.113626988550575513e-05 7.291361492289301188e-07 3.4 0.00020964600068 1.6e-09
-4.984699754323166932e-05 2.000085736365437850e+00 3.958602073044686226e-02 1.400919598448918386e-04 3.204691182727764849e-05 5.258008587718545898e-07 3.4 0.00020964600068 1.6e-09
-2.460033384871663110e-05 3.395010612645714687e+00 4.588222457859041092e-02 2.093869953841922160e-04 5.398584079897594910e-07 -2.220734219150818252e-07 3.4 0.00020964600068 1.6e-09
2.300723004332726426e-05 2.123547946877993642e+00 5.523973795816485358e-03 1.456671730756467910e-04 -2.993313941465524839e-05 -5.672471201155408880e-07 3.4 0.00020964600068 1.6e-09
4.603139287135625649e-05 5.199672759351744444e-01 7.481477873922321494e-04 1.273791160286563023e-04 4.657300772501235764e-05 1.950826384706386109e-06 3.4 0.00020964600068 1.6e-09
-2.916418900332012280e-05 2.994418760123525924e+00 5.023374590095084496e-02 1.884623156892695380e-04 1.492106092561623827e-05 1.202561619066810240e-07 3.4 0.00020964600068 1.6e-09
-8.206682900141557945e-05 3.184863516468048772e+00 3.620363628279399393e-02 1.983379251127939690e-04 -1.072307577354912297e-05 -3.563947870332571913e-07 3.4 0.00020964600068 1.6e-09
-6.149857994598303485e-06 7.894616056795847880e-01 -8.702628155588979647e-03 1.098210320117980969e-04 -5.414227827342484912e-05 -3.735185732311630575e-07 3.4 0.00020964600068 1.6e-09
-3.068709956181214289e-06 1.687746506029276006e+00 3.239306249085313616e-02 1.269017095779612862e-04 3.782290636274527804e-05 7.972202975242037100e-07 3.4 0.00020964600068 1.6e-09
-3.287407449115375507e-05 3.396092659474642339e+00 5.436763087509126346e-02 2.094168394242421950e-04 3.339163377174001497e-06 -1.114024289593113976e-07 3.4 0.00020964600068 1.6e-09
-8.050259785065898939e-05 2.450949897345654271e+00 2.010280147073798679e-02 1.611431022354243756e-04 -2.463663880176025715e-05 -5.710604645696924122e-07 3.4 0.00020964600068 1.6e-09
1.062958497904145346e-06 4.195846110073406798e-01 -4.839499170916285176e-03 1.440364918984349903e-04 2.203914972260095906e-05 2.057987479458083075e-06 3.4 0.00020964600068 1.6e-09
4.734105391506909799e-05 2.797629922418719772e+00 4.969629193174435189e-02 1.783652077766262984e-04 1.898313242809357415e-05 2.064323616581507586e-07 3.4 0.00020964600068 1.6e-09
6.053233002053967334e-05 3.338612878801827666e+00 4.120270391536384053e-02 2.063621658228536855e-04 -7.037204910212559067e-06 -3.123986295479805218e-07 3.4 0.00020964600068 1.6e-09
5.340875142222770481e-05 1.230446694246380090e+00 -4.996739952069384309e-03 1.118946341279156197e-04 -4.689980414619167835e-05 -5.954351173840394033e-07 3.4 0.00020964600068 1.6e-09
1.303090682624836194e-05 1.202670299733661352e+00 1.974747573849282983e-02 1.112739251428806824e-04 4.741342167976945945e-05 8.387940947051323600e-07 3.4 0.00020964600068 1.6e-09
6.794278989153020292e-05 3.331205532516617218e+00 3.634346901723413403e-02 2.059747566575011039e-04 7.233179586343087210e-06 -1.129004878210831448e-07 3.4 0.00020964600068 1.6e-09
-8.786512683963364472e-05 2.810294478399664619e+00 1.069959642342688255e-02 1.790099477805709243e-04 -1.874557338997588155e-05 -3.666542690249125544e-07 3.4 0.00020964600068 1.6e-09
-6.740554243765524097e-05 4.224292848151403046e-01 -6.242965045028688736e-03 1.434552097121296753e-04 -2.350292683598083021e-05 1.571744823369027469e-06 3.4 0.00020964600068 1.6e-09
1.394787379941555546e-05 2.436255322128225487e+00 1.808480675109664509e-02 1.604213518847907838e-04 2.493280346983591580e-05 4.183101009677933993e-08 3.4 0.00020964600068 1.6e-09
1.885488909535158096e-05 3.403865139246783578e+00 9.832158136399097442e-03 2.098222790531813306e-04 -3.118828025755303956e-06 -1.555068810633907903e-07 3.4 0.00020964600068 1.6e-09
-5.522686041955305941e-05 1.722196002379807966e+00 -7.033878827568852340e-03 1.282566184214867493e-04 -3.724400570816024708e-05 -1.272750451832440746e-07 3.4 0.00020964600068 1.6e-09
6.050505517651567737e-06 7.638454268003420644e-01 1.477082834007239359e-03 1.105009930051854600e-04 5.430622050009889751e-05 9.657104359158495826e-08 3.4 0.00020964600068 1.6e-09
-6.250573757276386337e-06 3.174633547594943650e+00 3.271448282582570342e-04 1.978019196642952378e-04 1.103240653921520199e-05 -3.498265108341384016e-08 3.4 0.00020964600068 1.6e-09
-6.191583824542491483e-06 3.014037523813559716e+00 -2.871067765767621772e-03 1.894711900921212727e-04 -1.457067784207639642e-05 -2.178001773432928367e-08 3.4 0.00020964600068 1.6e-09
-5.333274195005160555e-05 5.349047710704804004e-01 -1.171470180925620816e-03 1.255621474799785485e-04 -4.809837913732498214e-05 2.762323752369665381e-07 3.4 0.00020964600068 1.6e-09
1.872608276262889326e-05 2.091438088200611389e+00 -6.723870057603846886e-03 1.441935519530882490e-04 3.051888348879003564e-05 3.220332111894349021e-08 3.4 0.00020964600068 1.6e-09
5.485242033679721836e-05 3.400526735672202427e+00 1.159328977134521134e-03 2.096729801159542112e-04 -1.968363353522036588e-07 9.216737720305724814e-08 3.4 0.00020964600068 1.6e-09
2.076500194178739037e-05 2.047247410208738572e+00 7.715489096902080832e-03 1.421912439422590602e-04 -3.128798503793391137e-05 2.775529593466937765e-10 3.4 0.00020964600068 1.6e-09
1.011118873451764710e-05 5.561807766257650387e-01 -8.013555707242634579e-03 1.232039132124177470e-04 4.979764039705417009e-05 -8.949582267405758200e-07 3.4 0.00020964600068 1.6e-09
-8.974670353837338303e-05 3.034915607426142081e+00 -1.143710541134896697e-04 1.905515888826146134e-04 1.410886283745057103e-05 2.373278818106079211e-07 3.4 0.00020964600068 1.6e-09
2.205245100152393965e-05 3.153582816310363413e+00 2.023666798318328117e-02 1.967073911393509011e-04 -1.149454022609391291e-05 1.286845490860785279e-07 3.4 0.00020964600068 1.6e-09
4.800247271848861292e-05 7.241150981657920038e-01 9.513918089335413747e-03 1.118613732895101749e-04 -5.434393270848596435e-05 -1.000954307901801865e-06 3.4 0.00020964600068 1.6e-09
-2.044735071945541971e-07 1.775194397475100994e+00 -8.038510796588738128e-03 1.304238077594601850e-04 3.620481719752400657e-05 4.040275437268043824e-07 3.4 0.00020964600068 1.6e-09
-7.453426820087130341e-05 3.401200039024200095e+00 3.015787739984965299e-02 2.096912326803383980e-04 2.609106639041675482e-06 2.942905379919443622e-07 3.4 0.00020964600068 1.6e-09
-5.062405341740731978e-05 2.372802175504665545e+00 4.009506064112403068e-02 1.573651084671550391e-04 -2.590236032766883600e-05 -2.075569952252782512e-07 3.4 0.00020964600068 1.6e-09
4.312763876656306307e-05 4.355807297833208525e-01 -1.068962439628362918e-02 1.407047454616633321e-04 2.967737116439183811e-05 -1.596866266513910704e-06 3.4 0.00020964600068 1.6e-09
-8.725606526530805672e-05 2.854428183037659217e+00 2.364767141833515676e-02 1.812548412915888528e-04 1.794711172720411414e-05 5.627984761085336280e-07 3.4 0.00020964600068 1.6e-09
1.388616386590444974e-05 3.310443701582492793e+00 5.964318766490310508e-02 2.048837335439228661e-04 -7.883118326102334867e-06 1.137319521962734159e-07 3.4 0.00020964600068 1.6e-09
-4.953412883446566906e-06 1.121004223210066097e+00 2.650574044564574933e-02 1.096778668119760384e-04 -4.902768522618655928e-05 -1.426687431599255135e-06 3.4 0.00020964600068 1.6e-09
-4.917508413603729865e-05 1.313466771529569366e+00 -5.120571172676531037e-03 1.140429417622727294e-04 4.520248160720034651e-05 8.105556691978491478e-07 3.4 0.00020964600068 1.6e-09
1.462225712546418672e-06 3.354082136894004584e+00 5.567112204432118905e-02 2.071794419936411123e-04 6.370736461536570666e-06 3.996312790997330141e-07 3.4 0.00020964600068 1.6e-09
-4.850917576895879456e-05 2.743953138047213081e+00 6.502805929605279256e-02 1.756534397589581509e-04 -1.988621832708444448e-05 -3.029094222293274719e-07 3.4 0.00020964600068 1.6e-09
6.045349450068815812e-05 4.102715381395127814e-01 -6.936699879817884509e-03 1.461480759480668704e-04 -1.456554335690073300e-05 -2.272324623590276399e-06 3.4 0.00020964600068 1.6e-09
-5.298562557833321677e-05 2.517513520775857216e+00 2.503849284143466747e-02 1.643863557673148131e-04 2.361263003649282917e-05 7.254472851163861112e-07 3.4 0.00020964600068 1.6e-09
7.912711181920359859e-05 3.395677682194582658e+00 7.000566228549520709e-02 2.093849686761131040e-04 -3.915291095353185644e-06 1.582292534986266949e-07 3.4 0.00020964600068 1.6e-09
4.729329785367225082e-05 1.625386355684086404e+00 4.200615069138739777e-02 1.244697631748369288e-04 -3.904812546395600658e-05 -1.076715194936795205e-06 3.4 0.00020964600068 1.6e-09
8.168940193802197214e-06 8.396825821985223204e-01 -1.330669044338488038e-02 1.088470955644573856e-04 5.367551357945316590e-05 5.399830496351223944e-07 3.4 0.00020964600068 1.6e-09
6.228260905402941642e-05 3.207472800181182304e+00 5.119858494507016633e-02 1.995143621536345831e-04 1.020976143087334107e-05 5.191402788857694889e-07 3.4 0.00020964600068 1.6e-09
-1.772757199154629225e-05 2.970007465258553303e+00 7.249897756428605455e-02 1.872015256522065890e-04 -1.544454182614335609e-05 -1.646106214479768718e-07 3.4 0.00020964600068 1.6e-09
4.298741330100628005e-05 5.005555421657928994e-01 1.015609834636871118e-03 1.299640421051875458e-04 -4.413644782821247320e-05 -2.854335525669407538e-06 3.4 0.00020964600068 1.6e-09
6.666848049045969555e-05 2.170877600049288425e+00 1.552092579999128641e-02 1.478451227171128843e-04 2.913831333778466482e-05 9.376812004296964541e-07 3.4 0.00020964600068 1.6e-09
-1.005699568314227744e-04 3.396879143780144883e+00 7.814267322059545440e-02 2.094811856695947931e-04 -9.145907193927232263e-07 3.049865870345370676e-07 3.4 0.00020964600068 1.6e-09
-6.908441189937966696e-05 1.960618850596980156e+00 6.130246935324860924e-02 1.383415569282832715e-04 -3.274164268016473253e-05 -9.308770946614379451e-07 3.4 0.00020964600068 1.6e-09
3.477955503418898576e-05 6.023065962442657462e-01 -1.902468058403668227e-02 1.189894094884290409e-04 5.213353829632382647e-05 -5.291470802673445812e-08 3.4 0.00020964600068 1.6e-09
-1.380908560713569515e-05 3.071281737316292393e+00 6.085861219012837775e-02 1.924402534243888356e-04 1.320048248910759899e-05 7.661510005156252609e-07 3.4 0.00020964600068 1.6e-09
5.391547894074113958e-06 3.106955830375333072e+00 9.779706868206364256e-02 1.942899792016231021e-04 -1.241219798616795270e-05 -1.006676545309688241e-07 3.4 0.00020964600068 1.6e-09
4.426472878432224619e-05 6.536637289461928457e-01 1.231836026871722944e-02 1.153724838672385596e-04 -5.351250514040550952e-05 -3.406844758586796136e-06 3.4 0.00020964600068 1.6e-09
6.654030992024916925e-05 1.878949713605547078e+00 1.839316503060903912e-02 1.347894865689565260e-04 3.424231991147323631e-05 1.430185850872794612e-06 3.4 0.00020964600068 1.6e-09
1.375445456287813293e-05 3.398896269527148295e+00 1.092711376875145357e-01 2.095792392836454902e-04 1.664276101084677158e-06 4.406742675190318345e-07 3.4 0.00020964600068 1.6e-09
-6.985265152744888891e-05 2.262812187271063813e+00 9.243418465741751189e-02 1.521337497222313608e-04 -2.760735484573591296e-05 -1.033995695127426917e-06 3.4 0.00020964600068 1.6e-09
-1.643132408444266136e-05 4.660677514684873346e-01 -2.114754760597825634e-02 1.351294722084145144e-04 3.838782633479510169e-05 -6.320332033893811526e-07 3.4 0.00020964600068 1.6e-09
-8.405293329556888060e-05 2.921193953772078800e+00 8.657768301229265551e-02 1.846746033160421316e-04 1.657963209362629266e-05 1.090399488000864839e-06 3.4 0.00020964600068 1.6e-09
-6.794326836762901915e-05 3.262699711245357292e+00 1.370829815785974126e-01 2.023852153662621990e-04 -9.043809250414592150e-06 -1.202827687391081893e-07 3.4 0.00020964600068 1.6e-09
3.445448974271441263e-05 9.770582507666784045e-01 3.307896992825499344e-02 1.081379679633566698e-04 -5.160865079018298518e-05 -3.314401429379204767e-06 3.4 0.00020964600068 1.6e-09
2.759583778027964492e-05 1.468326708931900981e+00 1.913518430760110384e-02 1.188176069183890105e-04 4.208555747298463236e-05 2.129521932010891196e-06 3.4 0.00020964600068 1.6e-09
-5.453548452333702569e-05 3.378509446441401387e+00 1.395123917818082704e-01 2.084673594144857982e-04 5.185641003545134878e-06 5.533242353816628726e-07 3.4 0.00020964600068 1.6e-09
3.323651124831137726e-06 2.645151852730019737e+00 1.241511523166954067e-01 1.706951948674298686e-04 -2.150318300148805516e-05 -1.018509266167474101e-06 3.4 0.00020964600068 1.6e-09
-6.846503739878430806e-05 4.033912689284649966e-01 -1.884455977522195638e-02 1.476979993719387113e-04 -1.382814419267572647e-06 -2.002473928053463626e-06 3.4 0.00020964600068 1.6e-09
-7.646170573732833037e-06 2.623810732416140823e+00 9.277603028359925064e-02 1.696320136590492248e-04 2.186640848225294314e-05 1.388025117654218011e-06 3.4 0.00020964600068 1.6e-09
-3.205726712703032248e-05 3.382865951944725502e+00 1.561853475467905039e-01 2.086976011322772950e-04 -4.945243697076074683e-06 -7.330180581784118516e-08 3.4 0.00020964600068 1.6e-09
1.605678099356212931e-06 1.501395980928119878e+00 6.003067255202675090e-02 1.199419497915241389e-04 -4.139159095446784620e-05 -2.518826033865608611e-06 3.4 0.00020964600068 1.6e-09
-3.867406891819641563e-05 9.465380186227756454e-01 1.893611542722961529e-03 1.081064943970823670e-04 5.213333389370167220e-05 2.647296699566641363e-06 3.4 0.00020964600068 1.6e-09
7.948676419067573671e-06 3.247280494627825309e+00 1.392227472390969167e-01 2.015872288649100215e-04 9.231361601627347517e-06 6.851695150429198753e-07 3.4 0.00020964600068 1.6e-09
-2.413491035169419761e-06 2.920473247048366972e+00 1.356767688764044244e-01 1.846489796568821307e-04 -1.643502964356497462e-05 -8.288389677544689889e-07 3.4 0.00020964600068 1.6e-09
1.594036198315068858e-05 4.696251611413055915e-01 -1.247735451996476869e-02 1.346432535375895688e-04 -3.880362094874419295e-05 -3.209749102121881666e-06 3.4 0.00020964600068 1.6e-09
2.217843161326863769e-05 2.254504486970302146e+00 7.951777277717589354e-02 1.517480880488469928e-04 2.769158616227650259e-05 1.700681695296472398e-06 3.4 0.00020964600068 1.6e-09
-2.725911363199821777e-05 3.393445478414770289e+00 1.588393983391179209e-01 2.092954865459616901e-04 -1.649150240785193974e-06 3.635602477741336956e-08 3.4 0.00020964600068 1.6e-09
-3.922575007273118499e-05 1.876858677159086275e+00 7.800616628810175257e-02 1.347049937806468886e-04 -3.418430610660956614e-05 -2.046621587800758351e-06 3.4 0.00020964600068 1.6e-09
1.315296560481198554e-05 6.536621773659573309e-01 -9.852625614458265790e-03 1.153938010561318119e-04 5.349964695122379113e-05 2.873682780491839330e-06 3.4 0.00020964600068 1.6e-09
-6.346944124987509688e-06 3.102561265940249058e+00 1.406922016080430771e-01 1.940664200681422257e-04 1.236258644511654991e-05 8.439499516766127945e-07 3.4 0.00020964600068 1.6e-09
-2.877584895893655140e-05 3.062389861106572297e+00 1.472728450657578569e-01 1.919842679520034371e-04 -1.324639060230188289e-05 -7.366611022258900359e-07 3.4 0.00020964600068 1.6e-09
5.110959481811447634e-05 5.986595233993220466e-01 -5.699292053042297017e-03 1.193144298467069785e-04 -5.185595965321581767e-05 -3.599148135652435806e-06 3.4 0.00020964600068 1.6e-09
6.678228417465010506e-05 1.968365710634777166e+00 7.663385139821335401e-02 1.386861968319816015e-04 3.251761985563406587e-05 2.126653535069793834e-06 3.4 0.00020964600068 1.6e-09
-6.249504914093019340e-06 3.391689545269236383e+00 1.724162887753705464e-01 2.092087268112043812e-04 8.230420245122634772e-07 9.116204863349538015e-08 3.4 0.00020964600068 1.6e-09
2.643080418970315096e-05 2.157616709728167770e+00 9.484725746480358877e-02 1.472311409998622853e-04 -2.926536313770749422e-05 -1.901128427849704055e-06 3.4 0.00020964600068 1.6e-09
1.512194455479686197e-05 5.050415187167496267e-01 -1.517765103739185037e-02 1.292815750958689006e-04 4.481114441107337225e-05 3.197127823898046439e-06 3.4 0.00020964600068 1.6e-09
5.950335025841050772e-05 2.973866459962337672e+00 1.511742701375440867e-01 1.873951697627413305e-04 1.531943345903942065e-05 9.939719276963854392e-07 3.4 0.00020964600068 1.6e-09
-7.615579826965685687e-05 3.205459826998004136e+00 1.629139645453553109e-01 1.994041784107771496e-04 -1.022187687059522241e-05 -7.199472798924745320e-07 3.4 0.00020964600068 1.6e-09
-4.835923517896092982e-05 8.406807752643045140e-01 4.132289179730864667e-03 1.088106292452196879e-04 -5.360959263886405044e-05 -3.455467132056358168e-06 3.4 0.00020964600068 1.6e-09
-3.456763396584909917e-05 1.625306330012293632e+00 7.096791907126070997e-02 1.244651670548947470e-04 3.894314295575431329e-05 2.676158874936375013e-06 3.4 0.00020964600068 1.6e-09
9.407321135482477406e-05 3.392368357500092912e+00 1.800091609400939485e-01 2.092081808177533551e-04 3.914432406181975902e-06 1.109334470983473924e-07 3.4 0.00020964600068 1.6e-09
-5.410813623539476882e-06 2.519636278541366181e+00 1.076743781391783505e-01 1.644874573983808887e-04 -2.350096972744025294e-05 -1.659223268607426226e-06 3.4 0.00020964600068 1.6e-09
-2.010466372714767787e-05 4.099614322519143372e-01 -1.965095779026910724e-02 1.461216968440844218e-04 1.444992129105738624e-05 2.824845279232497488e-06 3.4 0.00020964600068 1.6e-09
-2.721778710771731539e-05 2.739661646195857614e+00 1.407899211107292436e-01 1.754271444837044325e-04 1.995288825531561577e-05 1.084208390129830538e-06 3.4 0.00020964600068 1.6e-09
-5.962842400530954693e-05 3.360389362893257292e+00 1.570966075549720120e-01 2.075038112781757101e-04 -6.208787237461831090e-06 -6.199599475043654181e-07 3.4 0.00020964600068 1.6e-09
-2.974194501203969283e-05 1.340838511776558661e+00 1.954375404572038233e-02 1.147959943266506128e-04 -4.464168364571942968e-05 -2.543629833903425645e-06 3.4 0.00020964600068 1.6e-09
-3.530988100900465839e-05 1.096175944392463464e+00 3.927984114485083555e-02 1.092975288764024781e-04 4.938007926182700583e-05 3.206423905513365618e-06 3.4 0.00020964600068 1.6e-09
4.035329591583610375e-05 3.298719221202837115e+00 1.487222491762770216e-01 2.042707417726758834e-04 8.059877527805766364e-06 1.501736547757355048e-07 3.4 0.00020964600068 1.6e-09
5.184732987036265385e-05 2.861715462965161105e+00 9.597280517342143824e-02 1.816293846832650518e-04 -1.771610041760176250e-05 -1.188386242510168357e-06 3.4 0.00020964600068 1.6e-09
5.550915432010411970e-05 4.395580078444651373e-01 -2.085654659422923884e-02 1.399641838754827282e-04 -3.075091467758302589e-05 8.848415704021604487e-07 3.4 0.00020964600068 1.6e-09
1.750700466348952144e-05 2.355996489764037527e+00 9.961182006880914264e-02 1.565596888901318049e-04 2.610247134068127979e-05 1.119385456107951385e-06 3.4 0.00020964600068 1.6e-09
4.779265345769539021e-05 3.398620712723380066e+00 1.235847907906899024e-01 2.095563928831547856e-04 -2.468805222441477458e-06 -4.166586272285726043e-07 3.4 0.00020964600068 1.6e-09
1.140051330350936668e-05 1.789629406868794348e+00 2.609349324824255384e-02 1.310177133260686600e-04 -3.590131206759870523e-05 -1.666357355105132711e-06 3.4 0.00020964600068 1.6e-09
-2.845004670376363921e-06 7.141445198574596365e-01 1.192576071045410580e-02 1.123079513739141857e-04 5.412478556446104119e-05 3.434377225182258162e-06 3.4 0.00020964600068 1.6e-09
9.594526818494852275e-05 3.141240572110290064e+00 1.161168446379672869e-01 1.960735884310800710e-04 1.157316239804467736e-05 2.431608593119322251e-07 3.4 0.00020964600068 1.6e-09
-8.813382452976765502e-05 3.028887562439676717e+00 8.338033935726457679e-02 1.902491677178523295e-04 -1.405741141736477018e-05 -8.485287883293539776e-07 3.4 0.00020964600068 1.6e-09
-1.600776715608206917e-05 5.557296256201784690e-01 -1.771988964109696280e-02 1.233116882706620880e-04 -4.956477458343758061e-05 -4.693170753054609394e-07 3.4 0.00020964600068 1.6e-09
-5.390295339065141929e-06 2.046659604746458250e+00 7.560811820943891259e-02 1.421793064469595595e-04 3.116910682067339971e-05 1.261037348408374102e-06 3.4 0.00020964600068 1.6e-09
-6.459176662538988420e-06 3.391399673628638034e+00 1.106091865451513112e-01 2.091989818897446534e-04 1.074842210389272180e-07 -2.686165896846601133e-07 3.4 0.00020964600068 1.6e-09
2.642050338068342399e-05 2.070399558940062334e+00 3.390737493496920330e-02 1.432490278484726837e-04 -3.079465810757552573e-05 -1.336930829898956475e-06 3.4 0.00020964600068 1.6e-09
9.249765117136679279e-06 5.446967519790121282e-01 3.031441711427226436e-04 1.244763825162603578e-04 4.873335644601588755e-05 3.575127179481523298e-06 3.4 0.00020964600068 1.6e-09
-7.220735628463027919e-05 3.017328949435006180e+00 1.074494307375507690e-01 1.896495664743236796e-04 1.433527341241601632e-05 3.536318126671219641e-07 3.4 0.00020964600068 1.6e-09
-2.951167944189637699e-05 3.154935739201543576e+00 8.614382088428741702e-02 1.967837007454178988e-04 -1.130456047471809476e-05 -7.109946020361576731e-07 3.4 0.00020964600068 1.6e-09
-4.734091449080412483e-05 7.356097788535451709e-01 -1.397247724252567887e-02 1.114591756272016699e-04 -5.427460365409992140e-05 -1.181511091688850110e-06 3.4 0.00020964600068 1.6e-09
-1.732286215207583710e-05 1.758096364135447232e+00 6.601494661579501710e-02 1.297285940686738808e-04 3.643545067731606280e-05 1.540427949272290131e-06 3.4 0.00020964600068 1.6e-09
-4.580433539848719241e-05 3.396258472137406947e+00 1.108607069682642499e-01 2.094321472110870534e-04 2.727202998973403048e-06 -2.064743035564366032e-07 3.4 0.00020964600068 1.6e-09
-6.699166498962079224e-05 2.381114895630593864e+00 4.213739305775207611e-02 1.577681986577477748e-04 -2.571947961477638017e-05 -1.183190781096741615e-06 3.4 0.00020964600068 1.6e-09
-3.129921171766808215e-05 4.338761762883496242e-01 -6.785810291298460806e-03 1.410416329837215702e-04 2.885746879797809991e-05 3.960652041621766260e-06 3.4 0.00020964600068 1.6e-09
-2.082059137041324451e-05 2.846237307150992102e+00 1.005810577819780671e-01 1.808363662935115826e-04 1.807061045269788024e-05 3.921316091164038384e-07 3.4 0.00020964600068 1.6e-09
8.503804915531932229e-05 3.314351883885111150e+00 8.259985773631418893e-02 2.050875314096047800e-04 -7.754633210559345221e-06 -6.355929848048444206e-07 3.4 0.00020964600068 1.6e-09
-1.161447524191902377e-05 1.136758496109965044e+00 -1.076412064310467223e-02 1.099466615384582166e-04 -4.874533964841272238e-05 -1.200991940394555788e-06 3.4 0.00020964600068 1.6e-09
-2.683175098851963268e-05 1.297478289518867456e+00 4.629455386995823263e-02 1.135948800491168970e-04 4.548582788286155117e-05 1.740230368542058229e-06 3.4 0.00020964600068 1.6e-09
-7.154161033786436675e-05 3.352991783907785184e+00 8.429921238736934330e-02 2.071172139646903555e-04 6.544320881930708797e-06 -2.270982031402756523e-07 3.4 0.00020964600068 1.6e-09
1.072239415662637452e-05 2.762348173200209089e+00 2.792594221936892107e-02 1.765760016633998982e-04 -1.962084220170153844e-05 -8.385279596558029639e-07 3.4 0.00020964600068 1.6e-09
-2.494605253044047182e-05 4.125331939628398281e-01 -1.205525897146461287e-02 1.455861193516995152e-04 -1.672479725479178431e-05 3.327294583977725723e-06 3.4 0.00020964600068 1.6e-09
6.321835344039216428e-05 2.498768765642037426e+00 5.911111306057929143e-02 1.634623822967703186e-04 2.394757077132392490e-05 2.031668951975276846e-07 3.4 0.00020964600068 1.6e-09
-2.431745006213964017e-05 3.402966535346756416e+00 3.938264784399182067e-02 2.097663974515986073e-04 -3.656369614772644760e-06 -4.532503466106955579e-07 3.4 0.00020964600068 1.6e-09
-1.683447546285430437e-05 1.661631749961828941e+00 -1.540530470796797752e-02 1.258532672725653156e-04 -3.841730434381597221e-05 -5.151282493219718697e-07 3.4 0.00020964600068 1.6e-09
-3.351499788547433674e-05 8.114475083182286497e-01 1.690888216897469890e-02 1.093185649685461615e-04 5.397721347811113967e-05 1.397224934430872920e-06 3.4 0.00020964600068 1.6e-09
7.796552488562815580e-05 3.197761143517651838e+00 3.239482714966188115e-02 1.990043351425911634e-04 1.053050489560029636e-05 -1.975569944115000720e-07 3.4 0.00020964600068 1.6e-09
-3.511109871669495071e-05 2.991955535356380924e+00 7.691690388413835542e-04 1.883281022479732210e-04 -1.506854127991818726e-05 -3.737272489782916824e-07 3.4 0.00020964600068 1.6e-09
5.443770402963398961e-05 5.147934008070523815e-01 -1.074598625966348767e-02 1.280091041037762726e-04 -4.605555568039480389e-05 1.627162037778529685e-06 3.4 0.00020964600068 1.6e-09
7.964874596660963030e-06 2.135823796194105118e+00 2.139971636830484067e-02 1.462244136979643687e-04 2.975825537790214301e-05 9.156849808810300344e-08 3.4 0.00020964600068 1.6e-09
5.897430173210909402e-05 3.399812220137069296e+00 1.173824584407403421e-02 2.096352063132934430e-04 -5.907114713365464286e-07 -1.958725601945964908e-07 3.4 0.00020964600068 1.6e-09
-4.401354805265890598e-06 2.001140377423248129e+00 -9.486023475957618481e-03 1.401292423310402844e-04 -3.208418717569420106e-05 -1.687514357527637288e-07 3.4 0.00020964600068 1.6e-09
-8.362191284827176269e-06 5.803778903413094881e-01 1.849085124366236805e-03 1.208746855241059684e-04 5.120194456770287613e-05 6.936127818080573663e-07 3.4 0.00020964600068 1.6e-09
-4.085756398619713205e-05 3.054668053165296104e+00 1.526762603541743576e-02 1.915791904908540645e-04 1.360841639608240338e-05 -5.674714164180640364e-09 3.4 0.00020964600068 1.6e-09
1.277183382227946870e-05 3.126768649300902148e+00 7.500476912310177768e-03 1.953182871878980176e-04 -1.202183286695485541e-05 -1.316584884384102478e-07 3.4 0.00020964600068 1.6e-09
-3.511984517389448021e-06 6.808598792045572612e-01 -4.187098162334804662e-03 1.138452664253850955e-04 -5.403589500346456308e-05 1.081163811332918103e-07 3.4 0.00020964600068 1.6e-09
-2.136218881953015411e-05 1.836470929223586346e+00 1.043255822388567539e-02 1.329865168113235851e-04 3.503724237827606321e-05 3.063898063300666806e-07 3.4 0.00020964600068 1.6e-09
7.015292194318831166e-05 3.398792529660151551e+00 2.309605967488516029e-02 2.095736322029827887e-04 2.021679137606487529e-06 4.412010253943979816e-09 3.4 0.00020964600068 1.6e-09
4.783091983747729927e-05 2.301476342665001340e+00 1.242308197498279837e-02 1.539645272406013079e-04 -2.703105609644375996e-05 -2.401056195949620704e-07 3.4 0.00020964600068 1.6e-09
6.181653014390602106e-05 4.544985353847173504e-01 -4.652339123384358413e-03 1.371797350833337437e-04 3.564906011580785006e-05 3.326682317208815401e-07 3.4 0.00020964600068 1.6e-09
3.372145353400372609e-05 2.899061170867547776e+00 2.596949755073418853e-02 1.835437468532436791e-04 1.703102330415487057e-05 2.320286838470159347e-07 3.4 0.00020964600068 1.6e-09
-2.180352291296355484e-05 3.277401466970907506e+00 3.277772063622526322e-02 2.031572766142076202e-04 -8.695206142893556052e-06 -9.053849034268635998e-08 3.4 0.00020964600068 1.6e-09
5.250026901521016181e-05 1.015627824611427865e+00 4.675436115005579540e-03 1.083739427673616966e-04 -5.104195449123063647e-05 -6.851595878122091592e-07 3.4 0.00020964600068 1.6e-09
-3.423540440036064453e-05 1.424872469287595811e+00 9.214025591117176728e-03 1.173919198069076840e-04 4.298083623700597693e-05 6.049457019363468508e-07 3.4 0.00020964600068 1.6e-09
-7.932356656600599682e-06 3.373666642983940811e+00 3.701463540612533881e-02 2.082138651985354356e-04 5.513449840390056948e-06 8.216209433207637016e-08 3.4 0.00020964600068 1.6e-09
-7.202232347926314693e-05 2.672234732134122215e+00 2.749559484278150251e-02 1.720521320128860407e-04 -2.110673321229779948e-05 -2.956810662110058734e-07 3.4 0.00020964600068 1.6e-09
-6.538018249490800727e-05 4.036218226234123407e-01 -5.414234383617536582e-03 1.476849567325645143e-04 -4.611143824330903940e-06 1.094481527441486567e-07 3.4 0.00020964600068 1.6e-09
-3.328776611652047837e-05 2.600077356118995819e+00 2.012624868689651472e-02 1.684550233067326009e-04 2.231946327899333112e-05 2.625242745964495161e-07 3.4 0.00020964600068 1.6e-09
-9.759175965642407702e-05 3.389988270906115098e+00 3.036405785604267757e-02 2.090762750114488235e-04 -4.685748782520555972e-06 -4.024322534659645284e-08 3.4 0.00020964600068 1.6e-09
-1.586427035957957513e-05 1.532499999672143343e+00 9.947160387894161265e-03 1.210392772106974623e-04 -4.089176223971989531e-05 -4.735272453639685133e-07 3.4 0.00020964600068 1.6e-09
2.635376309642738652e-05 9.192590768274171431e-01 -2.649576498075429266e-03 1.081403229860634907e-04 5.264002117329583434e-05 2.241666238772585309e-07 3.4 0.00020964600068 1.6e-09
-5.473696833783424636e-05 3.242239573962431898e+00 1.550735968706756090e-02 2.013231335132874993e-04 9.503411683188448379e-06 1.271904820559451142e-07 3.4 0.00020964600068 1.6e-09
8.451434463655753025e-05 2.939312486816640480e+00 1.942590875585384000e-02 1.856143257058153070e-04 -1.618228012346900559e-05 -6.658853400488180020e-08 3.4 0.00020964600068 1.6e-09
5.514341797808980605e-05 4.770193024312837649e-01 -7.534673341712506359e-04 1.334354537671003909e-04 -4.053067227479559915e-05 -6.312338350448929678e-07 3.4 0.00020964600068 1.6e-09
6.089713173643894012e-05 2.232889896188209100e+00 -2.949969927737726254e-03 1.507288523937796217e-04 2.815425090774156618e-05 2.360396772166147872e-07 3.4 0.00020964600068 1.6e-09
5.560848023882295193e-05 3.401161312013030624e+00 1.808570526678200674e-02 2.097009485059647173e-04 -1.412046169719714017e-06 1.526316015974366320e-07 3.4 0.00020964600068 1.6e-09
5.908080477073279822e-05 1.909758710871708676e+00 2.024645270322598251e-02 1.361130580342233851e-04 -3.372618045454047939e-05 -2.190472903711190775e-07 3.4 0.00020964600068 1.6e-09
1.075737078625364510e-05 6.334117380648803808e-01 -1.206265242991358400e-02 1.166678261671083442e-04 5.318088746232109475e-05 -7.439138123155696483e-07 3.4 0.00020964600068 1.6e-09
5.288006949248810729e-05 3.096123032169657119e+00 8.069681919963846845e-03 1.937269681761532843e-04 1.270644410631998334e-05 3.441447532256494113e-07 3.4 0.00020964600068 1.6e-09
-4.042199577852343838e-05 3.087517653499397774e+00 3.374818897702622222e-02 1.932804036210809405e-04 -1.289879430439253090e-05 1.146790052990027187e-07 3.4 0.00020964600068 1.6e-09
3.082612158278917814e-05 6.215753170133608840e-01 9.247337754445653091e-03 1.175055814209587356e-04 -5.283310116232370346e-05 -1.693588747827610397e-06 3.4 0.00020964600068 1.6e-09
-3.923199120985778135e-05 1.929777125249424241e+00 -8.179743267544895696e-03 1.369850297341769301e-04 3.335458528683483921e-05 5.424226559182119897e-07 3.4 0.00020964600068 1.6e-09
-5.350680162212591659e-05 3.400584004182475084e+00 4.070804796241932200e-02 2.096717566984189637e-04 1.225931281166066799e-06 3.619927418301274049e-07 3.4 0.00020964600068 1.6e-09
6.289687118554610921e-05 2.211291971887495045e+00 4.990645564339633161e-02 1.497161875599626658e-04 -2.850735641272575887e-05 -3.506860104435493894e-07 3.4 0.00020964600068 1.6e-09
6.610078083049778777e-05 4.843325684004399223e-01 -1.594964280657196198e-02 1.322374998798053021e-04 4.189695121165896605e-05 -1.613346592931226014e-06 3.4 0.00020964600068 1.6e-09
2.969109202277101287e-05 2.952320896065054434e+00 3.107956905776144974e-02 1.862789047827349614e-04 1.595313968554733708e-05 6.971963664057578149e-07 3.4 0.00020964600068 1.6e-09
5.065375337709920791e-07 3.238289190430840847e+00 7.558362811654523172e-02 2.011126840282711267e-04 -9.657561864875136040e-06 1.250514658891016246e-07 3.4 0.00020964600068 1.6e-09
-3.187369646062549714e-05 9.059023261225356283e-01 2.664877771795964856e-02 1.081707708503664242e-04 -5.280933742404295942e-05 -2.270627997739356145e-06 3.4 0.00020964600068 1.6e-09
-5.637589342930440317e-05 1.548019019531722495e+00 -2.069731942596165185e-03 1.215998945006795671e-04 4.056461339979069801e-05 1.130967304617447032e-06 3.4 0.00020964600068 1.6e-09
-6.712506246015659966e-05 3.389387190491661705e+00 8.000192931189470391e-02 2.090465141727979297e-04 4.545957678252275395e-06 5.114605192861799597e-07 3.4 0.00020964600068 1.6e-09
-3.604804281637058428e-05 2.583474171848124890e+00 8.694340628094904266e-02 1.676340657454582325e-04 -2.254030266774462120e-05 -5.281044536060817504e-07 3.4 0.00020964600068 1.6e-09
-4.176710605828272947e-05 4.045545891889490431e-01 -1.371084747821279398e-02 1.474235319720852938e-04 6.713541745763405694e-06 -2.611931361139447117e-06 3.4 0.00020964600068 1.6e-09
-4.198595712675949349e-05 2.686297440321796515e+00 5.052687647283075900e-02 1.727504671796268232e-04 2.088853691082268016e-05 1.011277259195240826e-06 3.4 0.00020964600068 1.6e-09
6.610953798105618790e-05 3.373136767089799370e+00 1.079408536762451465e-01 2.081810786165389968e-04 -5.631585240905627546e-06 1.144476185272757970e-07 3.4 0.00020964600068 1.6e-09
7.663759237532714739e-06 1.415496559071024230e+00 5.092375723765045492e-02 1.170780180523566671e-04 -4.312922845058306275e-05 -1.918274447184252611e-06 3.4 0.00020964600068 1.6e-09
-3.573784342013076729e-05 1.024159756769560614e+00 -8.112603164189930230e-03 1.084617468991581126e-04 5.083059060992127975e-05 1.446118475561561888e-06 3.4 0.00020964600068 1.6e-09
-5.630915390743375978e-05 3.276549109187576025e+00 9.158365595091726152e-02 2.031151974448119609e-04 8.593038629394901987e-06 6.308687170944132454e-07 3.4 0.00020964600068 1.6e-09
-7.740779451148282185e-06 2.887584342809604188e+00 1.048721491035036202e-01 1.829597269121626324e-04 -1.716541968852282205e-05 -4.622980880808867261e-07 3.4 0.00020964600068 1.6e-09
-3.891200903220973640e-05 4.516145440183679804e-01 -6.472567217033311712e-03 1.377569538741074413e-04 -3.444772440939681169e-05 -3.462668000746277393e-06 3.4 0.00020964600068 1.6e-09
-5.842715417824582828e-05 2.313628126070644164e+00 4.376898181854129571e-02 1.545412722426442367e-04 2.679896588211878292e-05 1.268504756556172107e-06 3.4 0.00020964600068 1.6e-09
4.706766229363734688e-05 3.396844696841095246e+00 1.161920117915499484e-01 2.094689348181315758e-04 -2.141704421296901158e-06 2.130530556383277709e-07 3.4 0.00020964600068 1.6e-09
-5.406045678864853982e-05 1.824732600345291944e+00 7.025074897836877663e-02 1.324901066335176629e-04 -3.518998759823728473e-05 -1.541165274681787604e-06 3.4 0.00020964600068 1.6e-09
-4.680369193004738960e-05 6.880759260385143072e-01 -1.648044473221781797e-02 1.134904029648030181e-04 5.404633520191951576e-05 1.262897479291795094e-06 3.4 0.00020964600068 1.6e-09
5.626750150389529819e-05 3.127138339548778845e+00 9.604558403761095930e-02 1.953408497787344775e-04 1.188673334227898648e-05 8.172511719739189081e-07 3.4 0.00020964600068 1.6e-09
-4.912874351359898360e-05 3.043145117296458757e+00 1.215210370950821073e-01 1.909864716187485614e-04 -1.373527869491263356e-05 -3.779967014186375842e-07 3.4 0.00020964600068 1.6e-09
2.595739321251304554e-05 5.731931472956781626e-01 2.446670909505744337e-03 1.215708071069249033e-04 -5.060296515729630946e-05 -3.884915697967732962e-06 3.4 0.00020964600068 1.6e-09
-4.943878660715485653e-05 2.015493279664164028e+00 4.323383919736793757e-02 1.407747350990267115e-04 3.175026899981195372e-05 1.691463527842440509e-06 3.4 0.00020964600068 1.6e-09
8.339938674970714873e-06 3.393588045259096297e+00 1.374383174664832730e-01 2.093100530036751388e-04 4.079871756947739164e-07 3.119470819131837158e-07 3.4 0.00020964600068 1.6e-09
4.575476262409086735e-05 2.110951625417555988e+00 9.368598175766391922e-02 1.450870106663855962e-04 -3.007723908748400967e-05 -1.504906015289775150e-06 3.4 0.00020964600068 1.6e-09
-2.365714604309780890e-05 5.247479954490568144e-01 -2.032066842533986062e-02 1.267404646918854718e-04 4.709608518049979056e-05 1.125253304300466371e-06 3.4 0.00020964600068 1.6e-09
-1.504567045789538803e-05 2.999226558275647214e+00 1.152442124858304162e-01 1.887056927294845639e-04 1.479439190502500604e-05 1.059307552719773488e-06 3.4 0.00020964600068 1.6e-09
2.520041342161305411e-06 3.181816305039422588e+00 1.504885531167187707e-01 1.981745224997615463e-04 -1.076973985769872811e-05 -3.862147052260246900e-07 3.4 0.00020964600068 1.6e-09
1.435631642586928435e-05 7.884857159909887114e-01 1.563836414458729535e-02 1.098276913717955382e-04 -5.403364772454248181e-05 -3.915572564167626383e-06 3.4 0.00020964600068 1.6e-09
-4.324029273924330686e-05 1.690900628433511965e+00 4.574066905650039233e-02 1.270140181536519764e-04 3.773072052249601654e-05 2.321434094641567031e-06 3.4 0.00020964600068 1.6e-09
1.562610671812332736e-05 3.395865437342008075e+00 1.643638665723133607e-01 2.093994916768711519e-04 3.342237190387426484e-06 3.833181397523411683e-07 3.4 0.00020964600068 1.6e-09
