4.699110021470343619e-05 2.578308102815933367e+00 -4.129208405308957229e-05 1.672085078430371702e-04 -2.552494721587575757e-05 -7.916488527300046596e-10 3.74 0.0002275792874 1.6e-09
-1.010244461020639130e-05 3.996307223736921266e-01 -1.906025231999871564e-03 1.474990429847261759e-04 1.778716665602527111e-05 6.037321467714728400e-08 3.74 0.0002275792874 1.6e-09
-3.541041966766181575e-06 2.865243088760109913e+00 2.267250546678854697e-03 1.816356141458565980e-04 2.141169169893269812e-05 4.475403245715395377e-08 3.74 0.0002275792874 1.6e-09
6.611408009303628602e-05 3.747913428572716477e+00 5.099822418716714462e-03 2.279842835476367908e-04 -2.352115246524309511e-06 1.082936325120269551e-08 3.74 0.0002275792874 1.6e-09
6.751398072531885589e-05 2.315186299103601186e+00 3.875369426536244295e-03 1.543532695668138621e-04 -2.968048214826667888e-05 -4.597322890736209205e-08 3.74 0.0002275792874 1.6e-09
5.027651893148709375e-05 4.570794686836902598e-01 -4.473090398505321502e-03 1.353931555361623826e-04 4.197243998194163120e-05 -3.054747420995361564e-07 3.74 0.0002275792874 1.6e-09
2.465560782231578796e-05 3.074633424407554827e+00 1.124547534828387527e-02 1.923828874701935814e-04 1.852573441060848859e-05 1.941364457902168475e-07 3.74 0.0002275792874 1.6e-09
-5.349342082846884449e-06 3.749148843505851758e+00 2.389936694837639652e-02 2.280243766145937431e-04 -4.112961879493480275e-06 4.872170120821272078e-08 3.74 0.0002275792874 1.6e-09
4.728126780825463426e-05 2.112312761321821775e+00 1.754821748025599260e-02 1.447956092430863174e-04 -3.304735593213889601e-05 -2.428127376312967963e-07 3.74 0.0002275792874 1.6e-09
4.423395001000185337e-05 5.379806024707107781e-01 -9.005017541133459799e-03 1.238330880876239515e-04 5.253767186330112046e-05 -5.192632106579917137e-07 3.74 0.0002275792874 1.6e-09
-7.693593460450765767e-05 3.205747168866936114e+00 1.708541933170393268e-02 1.991960310519192367e-04 1.665725296854195055e-05 3.347184023129303888e-07 3.74 0.0002275792874 1.6e-09
-1.023493245787677856e-04 3.735364863556138726e+00 4.061482805718529682e-02 2.272708343951055916e-04 -5.390955880660643106e-06 1.079571476302150607e-07 3.74 0.0002275792874 1.6e-09
-4.916739019577588270e-05 1.945895850430892304e+00 3.081023768231804655e-02 1.372889840536346980e-04 -3.583287600023963724e-05 -4.600914964221398991e-07 3.74 0.0002275792874 1.6e-09
6.017292014491451915e-06 6.287743325899557423e-01 -1.405806820991191246e-02 1.157768203591726396e-04 5.636848472989574828e-05 -5.831322813455248268e-07 3.74 0.0002275792874 1.6e-09
-4.492766970874161373e-05 3.293330999290047245e+00 1.971539385545397621e-02 2.037878906193181549e-04 1.523540130872938001e-05 4.396476787657551501e-07 3.74 0.0002275792874 1.6e-09
-2.645919569012041093e-05 3.703977748471217524e+00 5.215936256169496910e-02 2.255878050244082122e-04 -6.526862366496647810e-06 1.634378512166641189e-07 3.74 0.0002275792874 1.6e-09
-6.174039796392597520e-05 1.775007094099640526e+00 3.972104070340246734e-02 1.300004255864291780e-04 -3.871671532619955984e-05 -6.781753873107889851e-07 3.74 0.0002275792874 1.6e-09
-3.723318583516358317e-05 7.440560874529845714e-01 -1.840842569557787217e-02 1.101836814784720947e-04 5.694296469709201686e-05 -4.399158553614607059e-07 3.74 0.0002275792874 1.6e-09
-5.365924725127255222e-05 3.365711892667899718e+00 2.201262348470265501e-02 2.076112700334077589e-04 1.382661818230248985e-05 5.038287788394145675e-07 3.74 0.0002275792874 1.6e-09
1.011703611845986229e-04 3.648919595482609246e+00 5.969635853334651077e-02 2.226526872097928371e-04 -7.832132738056141245e-06 1.906096220788691860e-07 3.74 0.0002275792874 1.6e-09
4.520879473594916728e-05 1.558743069512740664e+00 4.255976079565814557e-02 1.215816157651384639e-04 -4.251249470290998657e-05 -9.441183554694677741e-07 3.74 0.0002275792874 1.6e-09
4.197814692973683389e-05 9.179209853952059461e-01 -2.019975689642351108e-02 1.074823718112853719e-04 5.472690240856682145e-05 -4.353454859253285939e-08 3.74 0.0002275792874 1.6e-09
2.421303232768263840e-05 3.441910716838165740e+00 2.864346999953017864e-02 2.116564632133847578e-04 1.213056310911779207e-05 5.286373124900432265e-07 3.74 0.0002275792874 1.6e-09
-9.332849850941686359e-05 3.565345554460408461e+00 6.635759612507020899e-02 2.182113226384265023e-04 -9.512103542308827670e-06 1.601823690788489072e-07 3.74 0.0002275792874 1.6e-09
-3.668738020008235765e-05 1.278950767145232259e+00 3.835085949230584296e-02 1.126819006737142542e-04 -4.776087133260574816e-05 -1.354591179780516082e-06 3.74 0.0002275792874 1.6e-09
2.249135522988553106e-05 1.177458182132295139e+00 -1.608399645951534562e-02 1.102942523223266862e-04 4.975566171272885528e-05 5.174762583303208039e-07 3.74 0.0002275792874 1.6e-09
-3.046088382970787615e-05 3.530391481720598357e+00 4.599824399448558532e-02 2.163590426206929516e-04 1.014064483923425170e-05 5.327417331245113860e-07 3.74 0.0002275792874 1.6e-09
6.622268495243800669e-05 3.463436745901146807e+00 7.816988332253461957e-02 2.128044213838268975e-04 -1.156173037882998012e-05 4.456997905480763544e-08 3.74 0.0002275792874 1.6e-09
1.114312435848446276e-05 9.846124211942715032e-01 2.886307922444117033e-02 1.076153545869914884e-04 -5.346426081190148289e-05 -2.022661277571435275e-06 3.74 0.0002275792874 1.6e-09
5.219813285552403080e-05 1.483964415950309368e+00 -3.922107360214978702e-03 1.189762953901350620e-04 4.380374617623202286e-05 1.031286127020233868e-06 3.74 0.0002275792874 1.6e-09
-8.391119335249191198e-05 3.619027534376624722e+00 7.466580834366030872e-02 2.210727528363164531e-04 8.161189999058267113e-06 5.384781988350060485e-07 3.74 0.0002275792874 1.6e-09
6.273606693028115891e-05 3.361780434710965881e+00 9.777783247166364766e-02 2.074210582611526891e-04 -1.361453481759023398e-05 -1.456400235836748429e-07 3.74 0.0002275792874 1.6e-09
6.790841151053870600e-06 7.559123742720164074e-01 1.817747825727215535e-02 1.098885373752557325e-04 -5.666293489351120587e-05 -2.913466294648118753e-06 3.74 0.0002275792874 1.6e-09
9.185341274813694124e-06 1.760116671584430303e+00 1.328971889997699642e-02 1.294261882118395365e-04 3.884163392728550519e-05 1.392489503100580445e-06 3.74 0.0002275792874 1.6e-09
8.525598786488983432e-05 3.685747392507992437e+00 1.063399355166540633e-01 2.246296072494203514e-04 6.436827109957957751e-06 5.425211040042197044e-07 3.74 0.0002275792874 1.6e-09
-4.113662236911653678e-05 3.258726533738790287e+00 1.191487385259785148e-01 2.019903609441758429e-04 -1.550953928933896143e-05 -3.668204302399026236e-07 3.74 0.0002275792874 1.6e-09
-1.987006866772205290e-05 6.025151105652324368e-01 8.102561307859886333e-03 1.178225206384429189e-04 -5.534747953522017763e-05 -3.788884845755259286e-06 3.74 0.0002275792874 1.6e-09
2.939389017650148231e-05 1.991460759652722956e+00 3.159415574601268095e-02 1.393404135188895990e-04 3.490664901862604736e-05 1.604883304065543492e-06 3.74 0.0002275792874 1.6e-09
1.091977842010660412e-04 3.724194669350216369e+00 1.334487311596714854e-01 2.266910804403849322e-04 4.868891735634721881e-06 5.255160019008463359e-07 3.74 0.0002275792874 1.6e-09
1.778460678132873251e-05 3.131417222346272844e+00 1.348017766603160084e-01 1.953387836600086087e-04 -1.751979621365259916e-05 -5.982095534193376111e-07 3.74 0.0002275792874 1.6e-09
-1.776026191662899263e-05 4.933754709970613606e-01 -1.958969919959092053e-03 1.296886622617549935e-04 -4.760327763916862508e-05 -4.318654316270940986e-06 3.74 0.0002275792874 1.6e-09
-4.189717193168633136e-07 2.215908117726894222e+00 5.000736140285672732e-02 1.496466554062183619e-04 3.117773878631470701e-05 1.664560825357323389e-06 3.74 0.0002275792874 1.6e-09
3.319805764996455099e-05 3.737648851832628072e+00 1.520693549428005220e-01 2.274303635250455517e-04 3.097896894747332486e-06 4.605446783884382938e-07 3.74 0.0002275792874 1.6e-09
-5.619208804087165795e-05 2.943010064893901934e+00 1.388836770568079582e-01 1.856142776029101843e-04 -2.019124400802063403e-05 -8.546631809849606152e-07 3.74 0.0002275792874 1.6e-09
-2.792743702215659383e-05 4.162811925105247557e-01 -1.213152774893414866e-02 1.436534095632341183e-04 -2.788963429390141284e-05 -3.890040296190941217e-06 3.74 0.0002275792874 1.6e-09
9.834911431968256196e-06 2.477141095194848486e+00 7.135983003498706789e-02 1.622221280671547877e-04 2.697891015516583533e-05 1.576027195282271719e-06 3.74 0.0002275792874 1.6e-09
9.427365978614456611e-05 3.734456241882847305e+00 1.630314894817107008e-01 2.272814818508487396e-04 8.183944240941131612e-07 3.192838019813437935e-07 3.74 0.0002275792874 1.6e-09
1.848034290957603198e-05 2.671620873255515782e+00 1.291419193494425799e-01 1.718611449896164094e-04 -2.403643189353350150e-05 -1.175989993194218155e-06 3.74 0.0002275792874 1.6e-09
-1.610430249026187003e-05 3.925417458102294366e-01 -1.976529465829145182e-02 1.492951776329287108e-04 6.334168240714654663e-06 -1.789844321291942977e-06 3.74 0.0002275792874 1.6e-09
7.154798203023066431e-05 2.772606377792118604e+00 1.005387760147644638e-01 1.769402378618086967e-04 2.259903504724677006e-05 1.430896091034096083e-06 3.74 0.0002275792874 1.6e-09
1.011806928907780552e-04 3.737255035636263489e+00 1.758702188099468544e-01 2.274239152884108262e-04 -1.660754770161088180e-06 1.186143073109294444e-07 3.74 0.0002275792874 1.6e-09
-2.157974457231187811e-05 2.386096883865861162e+00 1.149708583539893747e-01 1.577801949467200866e-04 -2.839267203824872833e-05 -1.582381494539056299e-06 3.74 0.0002275792874 1.6e-09
-5.175040964845795463e-05 4.360420543079418509e-01 -2.120400000001575538e-02 1.393407831415562200e-04 3.625465159496274854e-05 8.837994244723387524e-07 3.74 0.0002275792874 1.6e-09
-5.178217091395226172e-05 3.016281520239044056e+00 1.309975970662035916e-01 1.893700226670658811e-04 1.924100366522394804e-05 1.305652763218475750e-06 3.74 0.0002275792874 1.6e-09
-4.376482169115168734e-05 3.744352150072862706e+00 1.909255157976191275e-01 2.277743255112033103e-04 -3.630551049197306804e-06 -7.536896622234282722e-08 3.74 0.0002275792874 1.6e-09
-2.900781667343779759e-05 2.166933552594625390e+00 1.037541307230391979e-01 1.473325368487501518e-04 -3.200744249474775957e-05 -1.985509851628164013e-06 3.74 0.0002275792874 1.6e-09
-6.999325511246021517e-06 5.122198667863606669e-01 -1.732782141383336361e-02 1.269387339414573563e-04 5.023858536945370406e-05 2.620504529332271925e-06 3.74 0.0002275792874 1.6e-09
-6.357071684842037517e-05 3.167629377070507957e+00 1.546059317120003218e-01 1.972045863146912196e-04 1.714520697682134887e-05 1.205098699016930233e-06 3.74 0.0002275792874 1.6e-09
1.087899016248078052e-04 3.739117423217998226e+00 2.015862328585147911e-01 2.274719616933860902e-04 -4.985772084850205654e-06 -2.365420644356942088e-07 3.74 0.0002275792874 1.6e-09
-3.722524397846218593e-05 2.005109563577729848e+00 9.329598184613471790e-02 1.399128562916077817e-04 -3.474111629039472471e-05 -2.308218183655177210e-06 3.74 0.0002275792874 1.6e-09
-2.305680922276005012e-05 5.934545451784700720e-01 -1.075917741317274946e-02 1.184053243983860854e-04 5.537308262593803319e-05 3.541899456647774015e-06 3.74 0.0002275792874 1.6e-09
5.021363790516839395e-05 3.259499592650894062e+00 1.706729873793718100e-01 2.020061045157254642e-04 1.573385269927060826e-05 1.107196928364915176e-06 3.74 0.0002275792874 1.6e-09
-1.807771538542049506e-05 3.717499681442045123e+00 2.057889331148249346e-01 2.263073253452595494e-04 -6.022028348620573635e-06 -3.746887733981480732e-07 3.74 0.0002275792874 1.6e-09
-1.659113500599630905e-06 1.856391527486585424e+00 8.084166185120744696e-02 1.334028351910715969e-04 -3.724562507516122770e-05 -2.559299639303454068e-06 3.74 0.0002275792874 1.6e-09
-1.627860663372691363e-05 6.866740784653106999e-01 -2.104540912334185859e-03 1.124554829245679632e-04 5.691388384436904643e-05 3.963180762701123800e-06 3.74 0.0002275792874 1.6e-09
-5.300620401393934178e-06 3.327431953145543631e+00 1.796999725405271642e-01 2.055856621926986422e-04 1.447732551956365659e-05 9.840572242262906492e-07 3.74 0.0002275792874 1.6e-09
7.834287894407168933e-05 3.673873646415694250e+00 2.021467566040431318e-01 2.239795270554855908e-04 -7.144593767569679745e-06 -5.043349112650646580e-07 3.74 0.0002275792874 1.6e-09
-2.910148585685587121e-05 1.672024447427606475e+00 6.371728721385536143e-02 1.258606221728893713e-04 -4.039463876089453994e-05 -2.768887776023083335e-06 3.74 0.0002275792874 1.6e-09
1.971722672676838302e-05 8.245219094840516849e-01 1.019868949923645463e-02 1.082966876779935369e-04 5.601495102028359728e-05 3.936197121615199753e-06 3.74 0.0002275792874 1.6e-09
7.260441987356577756e-05 3.396268509744403197e+00 1.809039466750412273e-01 2.092369611341575193e-04 1.295648832906054239e-05 8.056021648564994692e-07 3.74 0.0002275792874 1.6e-09
2.363514058925263503e-05 3.599907893413488935e+00 1.880369149797261885e-01 2.200476392069589181e-04 -8.651497578253979006e-06 -6.347885389866813360e-07 3.74 0.0002275792874 1.6e-09
7.065243713041122805e-07 1.412953517355215904e+00 4.002911762333391521e-02 1.166009484954534452e-04 -4.510360601023972983e-05 -2.924088586128361470e-06 3.74 0.0002275792874 1.6e-09
-3.915685397308724786e-05 1.050964111127332457e+00 2.893353837403653261e-02 1.082052118639746316e-04 5.210600364778384926e-05 3.471895699698988445e-06 3.74 0.0002275792874 1.6e-09
8.791542782802673657e-05 3.481856349744612444e+00 1.748121831236753576e-01 2.137845207203942243e-04 1.101447071372128341e-05 5.564807794514210584e-07 3.74 0.0002275792874 1.6e-09
-1.817685708678294469e-06 3.499450692867842605e+00 1.628833173519629030e-01 2.147178787123891586e-04 -1.065151862525279329e-05 -7.692013727838374929e-07 3.74 0.0002275792874 1.6e-09
-4.190098249151794042e-05 1.100126981347487209e+00 1.299236361539104177e-02 1.088766242764851262e-04 -5.120786994422048776e-05 -2.862949011263363887e-06 3.74 0.0002275792874 1.6e-09
-1.509544434567100993e-05 1.360245808566866277e+00 5.412674812923631840e-02 1.149976490793607452e-04 4.603128199245924343e-05 2.849858731897578718e-06 3.74 0.0002275792874 1.6e-09
-1.171263202038725075e-05 3.580280719679149737e+00 1.691336756404904218e-01 2.190119890985114763e-04 8.925562591470275308e-06 2.854803494682241776e-07 3.74 0.0002275792874 1.6e-09
-2.845496185076110292e-06 3.398357982938637889e+00 1.361811065198156867e-01 2.093579166824664469e-04 -1.278834115933491337e-05 -9.131432146489050008e-07 3.74 0.0002275792874 1.6e-09
1.316394742057464996e-05 8.353983416148292873e-01 -8.021340393300071397e-03 1.081640316341279647e-04 -5.590196395704705000e-05 -2.342271578067003723e-06 3.74 0.0002275792874 1.6e-09
-4.957826697462683232e-07 1.656888565710821437e+00 7.853673825857092339e-02 1.253031921022097935e-04 4.056711040563955930e-05 2.366883535676619912e-06 3.74 0.0002275792874 1.6e-09
5.411652686721150191e-06 3.662046940464926514e+00 1.684750799709286428e-01 2.233615219535670560e-04 7.123503621416628370e-06 7.191905795015001559e-08 3.74 0.0002275792874 1.6e-09
6.391797405096277655e-05 3.306112105992272454e+00 1.174525312444890390e-01 2.044787164176503180e-04 -1.468779182765868872e-05 -1.052541224128886988e-06 3.74 0.0002275792874 1.6e-09
-6.583236674626600853e-07 6.620084874304192901e-01 -1.928932249245327024e-02 1.138177615798657383e-04 -5.664661124983762360e-05 -1.432945491394219965e-06 3.74 0.0002275792874 1.6e-09
-4.579463162847212284e-05 1.891311154262590000e+00 9.551237775612916869e-02 1.349363697089186413e-04 3.654187659526051920e-05 2.008282216074610658e-06 3.74 0.0002275792874 1.6e-09
-9.771217551218784765e-05 3.711684306496719543e+00 1.669418201388647993e-01 2.260135588925140889e-04 5.636618200298224538e-06 -7.183134479699167698e-08 3.74 0.0002275792874 1.6e-09
1.237668731540775854e-05 3.202499773640772318e+00 1.034972566902249702e-01 1.990400029191382572e-04 -1.647240255837282007e-05 -1.155118901379257328e-06 3.74 0.0002275792874 1.6e-09
4.749638051353955549e-05 5.432309951167648698e-01 -2.343948397703303488e-02 1.233419057174141916e-04 -5.258714061551890645e-05 -2.688100556879040147e-07 3.74 0.0002275792874 1.6e-09
-1.180106247762666686e-05 2.099031445178464850e+00 1.030379625158989454e-01 1.442087392801452922e-04 3.306337654878624324e-05 1.641192211238989573e-06 3.74 0.0002275792874 1.6e-09
-1.555921802758299192e-05 3.733355518972244269e+00 1.571212806729353484e-01 2.271888503202215367e-04 4.074766505765570697e-06 -1.728156686906101988e-07 3.74 0.0002275792874 1.6e-09
9.323271160882616365e-05 3.050374434927769940e+00 8.685369652642195570e-02 1.911380543807141908e-04 -1.870943324616732847e-05 -1.199076926362893512e-06 3.74 0.0002275792874 1.6e-09
4.101668456579616825e-05 4.500870443554225719e-01 -2.209518984284666171e-02 1.367622216615665054e-04 -3.973086296007707544e-05 1.300127595709085261e-06 3.74 0.0002275792874 1.6e-09
-5.309791751205214364e-05 2.337160036902031557e+00 1.001195906092819665e-01 1.554254988603462578e-04 2.916645059644818643e-05 1.156077754040945379e-06 3.74 0.0002275792874 1.6e-09
9.865165710033761725e-05 3.735013705012590002e+00 1.316967027878818697e-01 2.273047696637259046e-04 2.022002775877830941e-06 -2.654254000868818680e-07 3.74 0.0002275792874 1.6e-09
-1.411363698253583512e-05 2.811329202508168201e+00 6.004831152373504843e-02 1.789046916368452014e-04 -2.205401485689075826e-05 -1.148571330565778067e-06 3.74 0.0002275792874 1.6e-09
-6.736952777012588593e-05 3.950703223682943133e-01 -1.522384621123881558e-02 1.486971849601255468e-04 -1.085795403798590493e-05 3.257231313176051036e-06 3.74 0.0002275792874 1.6e-09
-2.235029668376433548e-06 2.632298733367279375e+00 9.197496113211572899e-02 1.698973640659669790e-04 2.465682227027022011e-05 6.226805312588744264e-07 3.74 0.0002275792874 1.6e-09
2.399877851957301630e-05 3.736474286140378354e+00 9.602529841144014089e-02 2.273912466294849199e-04 -4.910562466930478026e-07 -3.768606375261941605e-07 3.74 0.0002275792874 1.6e-09
-1.813200545038339874e-05 2.516889511912486554e+00 2.613797416857229980e-02 1.641754565680777979e-04 -2.641432551082647555e-05 -9.954008004733482390e-07 3.74 0.0002275792874 1.6e-09
-3.403094722827383595e-05 4.087398507351510113e-01 -4.883736287132991495e-03 1.452867941074545487e-04 2.427900753830907046e-05 4.387467440576340246e-06 3.74 0.0002275792874 1.6e-09
6.136346659511859609e-05 2.915851811742085964e+00 8.981996920321283495e-02 1.842164324485843878e-04 2.069254038230707553e-05 2.944542289697397291e-07 3.74 0.0002275792874 1.6e-09
1.368784767010397665e-05 3.749278285681930889e+00 7.474227398851833459e-02 2.280504360347894248e-04 -2.752421441361741790e-06 -4.706177899724870912e-07 3.74 0.0002275792874 1.6e-09
6.014348997609667978e-05 2.270656166260912823e+00 4.598387479112072719e-03 1.522219061533325638e-04 -3.041065919860162767e-05 -8.803575660569674008e-07 3.74 0.0002275792874 1.6e-09
-3.244319287988295115e-05 4.721840472030797153e-01 3.771255541086272409e-03 1.327998587571689322e-04 4.481417735166192914e-05 4.142434201774823609e-06 3.74 0.0002275792874 1.6e-09
-5.328369672371883656e-05 3.104838790863579945e+00 8.770878514943424020e-02 1.939423745142656089e-04 1.812849667076797612e-05 1.629016836983904441e-07 3.74 0.0002275792874 1.6e-09
-1.369795376540261495e-05 3.751319453181520380e+00 6.605418925189460166e-02 2.281336210227672746e-04 -4.335355672406904630e-06 -4.923319250398558749e-07 3.74 0.0002275792874 1.6e-09
-2.944667494660515593e-05 2.089904777066029506e+00 -2.606877281298427759e-03 1.437578111479266042e-04 -3.344602238397738033e-05 -8.196365367009421377e-07 3.74 0.0002275792874 1.6e-09
3.039835370387975263e-05 5.492058773233120528e-01 8.449371143301544901e-03 1.225951113765380118e-04 5.323065074589109608e-05 3.306768007227333406e-06 3.74 0.0002275792874 1.6e-09
-5.344434461442795526e-05 3.218362025260030901e+00 7.891170730609509132e-02 1.998528846051759046e-04 1.647772153999825978e-05 1.086671651946758248e-07 3.74 0.0002275792874 1.6e-09
-7.306644987519770381e-05 3.735035381015956446e+00 5.786226368324186992e-02 2.272501688935074367e-04 -5.499589286705647192e-06 -4.479567674062218285e-07 3.74 0.0002275792874 1.6e-09
5.744534048019854267e-05 1.933106020829714833e+00 -3.958027911734739168e-03 1.367207146379334709e-04 -3.607487092722516176e-05 -7.361859773743997805e-07 3.74 0.0002275792874 1.6e-09
-1.405113442435378403e-05 6.372282109453297760e-01 9.879435800026318409e-03 1.152325956720702196e-04 5.646860859709948975e-05 2.289345844577148459e-06 3.74 0.0002275792874 1.6e-09
-6.833431611946567366e-05 3.297944974117277273e+00 6.228753278674467597e-02 2.040330614479984395e-04 1.511756692894208465e-05 6.910019156736292542e-08 3.74 0.0002275792874 1.6e-09
-1.550485354800428179e-06 3.697513146750464053e+00 4.497748787186885838e-02 2.252440484164403857e-04 -6.646259885902046325e-06 -3.578516149819195260e-07 3.74 0.0002275792874 1.6e-09
6.614543773493845001e-07 1.752439431623487920e+00 -4.192898847231955189e-03 1.290780500463383027e-04 -3.911062493022124246e-05 -5.873783995032910676e-07 3.74 0.0002275792874 1.6e-09
2.309875877132530329e-05 7.618651811239998128e-01 9.313585237975843117e-03 1.096738849874215804e-04 5.677993302554830792e-05 1.248961674096543458e-06 3.74 0.0002275792874 1.6e-09
9.055065263533376111e-05 3.372237248539062815e+00 3.839498770704120878e-02 2.079631808444061558e-04 1.360086501356661307e-05 1.177637132911390207e-08 3.74 0.0002275792874 1.6e-09
5.100678835805756565e-05 3.633362976026174529e+00 2.527446573474011193e-02 2.218283014404036487e-04 -8.080025900608139237e-06 -2.397532444757873810e-07 3.74 0.0002275792874 1.6e-09
5.440447609667611726e-06 1.510572802645034685e+00 -5.446406740292884276e-03 1.198718771504648833e-04 -4.339228447246818560e-05 -3.312447354758451805e-07 3.74 0.0002275792874 1.6e-09
2.732305360051544030e-05 9.613029143892214412e-01 7.879305343282461127e-03 1.075155351682631965e-04 5.395465834858194083e-05 4.270735376776293666e-07 3.74 0.0002275792874 1.6e-09
-9.753248631437304956e-05 3.457363366868964949e+00 1.274773951345753442e-02 2.124793478861291207e-04 1.176300691141165806e-05 -6.670254670920691517e-08 3.74 0.0002275792874 1.6e-09
4.030219856964859974e-05 3.544164406642454246e+00 2.062121942221399086e-03 2.170882368500644830e-04 -9.922783523482888129e-06 -1.258343546036078021e-07 3.74 0.0002275792874 1.6e-09
-1.268468868545269274e-05 1.213818307407878327e+00 -7.413212941287026375e-03 1.110788231736506453e-04 -4.907234158176102543e-05 5.275656010233531045e-08 3.74 0.0002275792874 1.6e-09
-5.576809961866568472e-05 1.242541170896717340e+00 7.064564951508407395e-03 1.117664332102212901e-04 4.849415203373472970e-05 6.181194586985411611e-08 3.74 0.0002275792874 1.6e-09
7.624334436759175619e-05 3.552732980895055626e+00 -1.076698041184956552e-03 2.175445226831870587e-04 9.718812469359647054e-06 -1.156211834162018699e-07 3.74 0.0002275792874 1.6e-09
1.664205768015558141e-06 3.447182707569603544e+00 -1.124804269153867851e-02 2.119401296086159746e-04 -1.196226397634470640e-05 -6.760533059903925788e-08 3.74 0.0002275792874 1.6e-09
-8.789564750456225410e-06 9.357724995629330689e-01 -7.495944453311908021e-03 1.074701115996375979e-04 -5.442059052617316496e-05 4.033192975328680353e-07 3.74 0.0002275792874 1.6e-09
2.864718896889293761e-05 1.538326110445525696e+00 7.452760599928843696e-03 1.208721775874971750e-04 4.283571730841522678e-05 6.105152441456966512e-08 3.74 0.0002275792874 1.6e-09
-2.678130757674329013e-05 3.637307000661967660e+00 2.464356316539733673e-03 2.220430200837528591e-04 7.865198302123819780e-06 -8.749921936204761875e-08 3.74 0.0002275792874 1.6e-09
-9.466265618736386799e-05 3.353032938395632989e+00 -6.364806764086098842e-03 2.069542279058094294e-04 -1.388683601762037145e-05 -7.150375870156926461e-08 3.74 0.0002275792874 1.6e-09
-3.415163255181815434e-05 7.316812473621066015e-01 -5.034026576721102771e-03 1.106625300657809870e-04 -5.690837398054687975e-05 4.073592787409333796e-07 3.74 0.0002275792874 1.6e-09
2.751735894997764904e-05 1.791906631263454397e+00 7.221776423045426010e-03 1.307337787405354456e-04 3.832727289374976691e-05 1.824600818882055876e-07 3.74 0.0002275792874 1.6e-09
-2.640324615130743751e-06 3.695473456968526360e+00 1.404621362601652171e-02 2.251482242624010146e-04 6.266041836248707880e-06 6.919089052773269049e-10 3.74 0.0002275792874 1.6e-09
-9.319778926283253521e-05 3.250104386064346595e+00 9.286324238720901000e-03 2.015364124091505475e-04 -1.572509468944101714e-05 -9.270214000412461056e-08 3.74 0.0002275792874 1.6e-09
1.638576883142369944e-05 5.880572185207326719e-01 -1.956420140898296883e-03 1.189989075626725850e-04 -5.501204102261105660e-05 -4.285982297417587901e-08 3.74 0.0002275792874 1.6e-09
-2.663198913288731455e-05 2.015777944329329774e+00 4.007026769151876208e-03 1.404316122409976974e-04 3.453055219117032149e-05 2.816309903066116391e-07 3.74 0.0002275792874 1.6e-09
-7.521664526461099604e-05 3.728091916459376431e+00 2.323351607050414339e-02 2.269031553596400621e-04 4.697035116046573256e-06 1.101096072415805746e-07 3.74 0.0002275792874 1.6e-09
-8.936147947074664865e-05 3.112524557420031979e+00 2.507132961379577099e-02 1.943604052539340914e-04 -1.783295319758687581e-05 -9.539526944312214766e-08 3.74 0.0002275792874 1.6e-09
5.199974446853103323e-05 4.797004389788937506e-01 -2.585754651717610654e-04 1.317505598704262555e-04 -4.580734750146060763e-05 -8.316618282868957081e-07 3.74 0.0002275792874 1.6e-09
6.576788196473829797e-05 2.250688158210894407e+00 -2.630739140390882073e-03 1.512943830467974112e-04 3.064346208411603830e-05 2.984761078640820493e-07 3.74 0.0002275792874 1.6e-09
4.168480882234102167e-05 3.739880020507581726e+00 2.389423705589820146e-02 2.275555251854469423e-04 2.800060649998213048e-06 1.988845055836860909e-07 3.74 0.0002275792874 1.6e-09
-2.731741519693485336e-05 2.907424841868390342e+00 3.290803931678797090e-02 1.837953246414146600e-04 -2.075024160209908158e-05 -7.016957025640846781e-08 3.74 0.0002275792874 1.6e-09
5.319382218364050957e-05 4.072723867047400859e-01 -1.491776542668288123e-03 1.457336334351891165e-04 -2.310326000043850907e-05 -1.639458817256997566e-06 3.74 0.0002275792874 1.6e-09
4.741956656276348882e-05 2.526308933633924614e+00 -5.766165330533467095e-03 1.646384767998704105e-04 2.629801427333081299e-05 2.889245207096875150e-07 3.74 0.0002275792874 1.6e-09
-6.139143901131952107e-05 3.739709454363970842e+00 2.224383704119758942e-02 2.275633181125664159e-04 4.425148823350645132e-07 2.251638319257495846e-07 3.74 0.0002275792874 1.6e-09
2.390569476895365423e-05 2.629490989608708418e+00 3.319881298533150504e-02 1.697545569550373617e-04 -2.475395647195832867e-05 -8.213483020335549066e-08 3.74 0.0002275792874 1.6e-09
3.239827985909017702e-05 3.947491643631246272e-01 -5.984986075674032444e-03 1.487340214578994249e-04 1.186172355481555717e-05 -1.869121372125634519e-06 3.74 0.0002275792874 1.6e-09
-6.658859298014181628e-05 2.818261053055128862e+00 6.666111998842351449e-03 1.792489550852569642e-04 2.205432209956493172e-05 3.980342517872996410e-07 3.74 0.0002275792874 1.6e-09
1.877802544017766981e-05 3.744769697978902911e+00 3.840711959288747868e-02 2.278216717703823897e-04 -1.987091546994179972e-06 2.009814514453996357e-07 3.74 0.0002275792874 1.6e-09
-4.123598890132300571e-05 2.353264622559226638e+00 3.967658764419812467e-02 1.561895347520179673e-04 -2.903139378188641213e-05 -2.903898410168282688e-07 3.74 0.0002275792874 1.6e-09
-6.823094609508228428e-05 4.454722058308203114e-01 -1.182904734332510324e-02 1.375112771801238970e-04 3.912660918085879037e-05 -1.398771006777916879e-06 3.74 0.0002275792874 1.6e-09
-7.792833702158120533e-05 3.046199107803777562e+00 2.661676082325651824e-02 1.909136684445273432e-04 1.890919439321211022e-05 5.666222826763025979e-07 3.74 0.0002275792874 1.6e-09
-4.858727769391082225e-05 3.748321057373972032e+00 6.596920359126258460e-02 2.279842195578085434e-04 -3.875282803297037051e-06 1.832565352680254362e-07 3.74 0.0002275792874 1.6e-09
-2.301179672787885528e-05 2.139128791135368246e+00 5.275266645514417596e-02 1.460390775190866788e-04 -3.256624814137921585e-05 -6.442919219364585973e-07 3.74 0.0002275792874 1.6e-09
2.445603765593620438e-05 5.250436684712074253e-01 -1.688996716864114150e-02 1.253393979644573143e-04 5.147588163290869764e-05 -7.848691239610018736e-07 3.74 0.0002275792874 1.6e-09
8.539623863081352139e-05 3.189235308083681275e+00 4.353079074758650635e-02 1.983340094752484282e-04 1.688881639923965936e-05 7.020051588126473098e-07 3.74 0.0002275792874 1.6e-09
-9.660039324663439672e-05 3.738570419859437166e+00 8.970735579590197184e-02 2.274430859323695346e-04 -5.205064904212507965e-06 1.745235552027817344e-07 3.74 0.0002275792874 1.6e-09
5.202545788559740281e-05 1.972961430301251262e+00 6.345812849613619022e-02 1.384814952483018184e-04 -3.536087798896064876e-05 -1.002956550917334254e-06 3.74 0.0002275792874 1.6e-09
-3.557327066113234103e-05 6.118613827171079933e-01 -2.025494295108323101e-02 1.169645179155956915e-04 5.598355542190751831e-05 -2.148337980355931037e-07 3.74 0.0002275792874 1.6e-09
-2.773361426072942619e-05 3.279899322257763927e+00 5.734745096984013302e-02 2.030792899105628396e-04 1.547172246006085273e-05 7.920155889692944280e-07 3.74 0.0002275792874 1.6e-09
5.538944007542031308e-07 3.712076170528387120e+00 1.074321509098823124e-01 2.260189615484247891e-04 -6.305169235102238250e-06 1.534401713173847420e-07 3.74 0.0002275792874 1.6e-09
-1.687370101743857555e-05 1.812978298248376419e+00 6.859909041906075977e-02 1.315729228333676042e-04 -3.804197255321512352e-05 -1.355723964691400913e-06 3.74 0.0002275792874 1.6e-09
-1.813837351131465919e-05 7.159473186102407460e-01 -2.126854649720529358e-02 1.111840003920020484e-04 5.704095942587081801e-05 3.765579715016046826e-07 3.74 0.0002275792874 1.6e-09
5.812625939386590300e-05 3.349965896033835655e+00 7.040234781955385934e-02 2.067768212542203774e-04 1.413142503696377241e-05 8.346269697005677355e-07 3.74 0.0002275792874 1.6e-09
-4.144737466439883498e-05 3.662781636942492369e+00 1.202105587063775072e-01 2.233898180082080436e-04 -7.505041510806810900e-06 9.940862610341444464e-08 3.74 0.0002275792874 1.6e-09
3.473807371766046692e-05 1.613756284453180756e+00 6.644945137396084112e-02 1.236193448340308198e-04 -4.147811782299536348e-05 -1.760293795207673365e-06 3.74 0.0002275792874 1.6e-09
-2.773530399006807402e-05 8.707052282901579510e-01 -1.824997113062872336e-02 1.077245167294409612e-04 5.549705172995879793e-05 1.011895916466375504e-06 3.74 0.0002275792874 1.6e-09
5.221075286369449898e-05 3.421575594424872691e+00 8.518444289010637660e-02 2.105771543890208142e-04 1.253319566623096627e-05 8.228065905603479350e-07 3.74 0.0002275792874 1.6e-09
-1.091442151084775770e-04 3.583768611832986561e+00 1.290838277264899636e-01 2.191897508471910136e-04 -9.091838071678181655e-06 -9.211084441940557786e-09 3.74 0.0002275792874 1.6e-09
-6.601153977114438201e-07 1.345459686643103892e+00 5.534061474240845740e-02 1.145324140124532339e-04 -4.641279428948610084e-05 -2.301464391570259859e-06 3.74 0.0002275792874 1.6e-09
-8.904517613258490190e-06 1.113137065798347258e+00 -7.785359153273416905e-03 1.090858094298508940e-04 5.101076909901640811e-05 1.578563407031879083e-06 3.74 0.0002275792874 1.6e-09
-4.691046086605412389e-05 3.507268192402248630e+00 1.049671460281629831e-01 2.151314772769336568e-04 1.057413788527681059e-05 7.588861564447852792e-07 3.74 0.0002275792874 1.6e-09
2.446924726279225108e-05 3.481696890033933567e+00 1.366605167343982186e-01 2.137740928204719744e-04 -1.111256931307340735e-05 -1.889431024875422376e-07 3.74 0.0002275792874 1.6e-09
-3.041826732668734951e-05 1.042025617281013616e+00 3.710528152485785547e-02 1.080956319689271687e-04 -5.230804274544273902e-05 -3.013171696548275148e-06 3.74 0.0002275792874 1.6e-09
-5.588711846292949081e-05 1.421755844490945497e+00 1.222550673074633207e-02 1.169071180414261725e-04 4.494649779956273316e-05 1.945299261417454260e-06 3.74 0.0002275792874 1.6e-09
6.339248605958445982e-05 3.599422047242996303e+00 1.312206604412580746e-01 2.200302604178762205e-04 8.522016107181702100e-06 6.672016389217738159e-07 3.74 0.0002275792874 1.6e-09
5.882612542581262154e-06 3.378502974408991388e+00 1.463135749072189684e-01 2.083069304381750817e-04 -1.320926175246482464e-05 -4.288529268744595085e-07 3.74 0.0002275792874 1.6e-09
-3.705383972476971889e-05 7.942164795645497710e-01 1.850679205026728447e-02 1.089087001880306379e-04 -5.628590256660324361e-05 -3.721528235797528851e-06 3.74 0.0002275792874 1.6e-09
-2.265248341439867949e-05 1.710368874961668340e+00 3.751513723829302815e-02 1.274134780710033251e-04 3.966791982325128306e-05 2.134392734833590913e-06 3.74 0.0002275792874 1.6e-09
-9.208665553583920613e-05 3.672874322964564620e+00 1.593575715146530736e-01 2.239412930627557741e-04 6.757674179767650018e-06 5.718099498839459648e-07 3.74 0.0002275792874 1.6e-09
-7.665278711983737787e-05 3.278596629637680948e+00 1.567289506681566191e-01 2.030342558532681452e-04 -1.511805682016450968e-05 -6.909895283653402959e-07 3.74 0.0002275792874 1.6e-09
-3.586997739950940255e-05 6.292313476172983755e-01 3.574050473835260582e-03 1.158614082647748322e-04 -5.601672668782642307e-05 -4.147911683112462100e-06 3.74 0.0002275792874 1.6e-09
-3.148448407834067740e-05 1.946211176012413890e+00 6.242134698285654176e-02 1.373336167798876151e-04 3.562444653234284975e-05 2.200876942195327885e-06 3.74 0.0002275792874 1.6e-09
4.589659252431561875e-06 3.716874507821790630e+00 1.829604003791715505e-01 2.262958034432840720e-04 5.204906056671600432e-06 4.714727257072364170e-07 3.74 0.0002275792874 1.6e-09
-8.089971162713451111e-05 3.161770507141234532e+00 1.627547632183019011e-01 1.969178146210385518e-04 -1.702700534764009413e-05 -9.515352113320831328e-07 3.74 0.0002275792874 1.6e-09
-2.149606514087965819e-05 5.147164889247640707e-01 -8.286241396801934805e-03 1.267643798182089155e-04 -5.008549049610910755e-05 -4.046357683685661990e-06 3.74 0.0002275792874 1.6e-09
5.432982247405809915e-05 2.163743568954801688e+00 8.484172167818615495e-02 1.472028113453934081e-04 3.198239506549100210e-05 2.130394049322912548e-06 3.74 0.0002275792874 1.6e-09
-6.841746034632248245e-05 3.734434694782437170e+00 1.972936685931985235e-01 2.272523449036471181e-04 3.539033695745148711e-06 3.453744689092341068e-07 3.74 0.0002275792874 1.6e-09
-6.746968709385318171e-05 2.991568362460081509e+00 1.586033233864360126e-01 1.881068950918462959e-04 -1.947623147660641145e-05 -1.215957316526334463e-06 3.74 0.0002275792874 1.6e-09
5.436248357314243159e-05 4.300719162670579854e-01 -1.755424745042676038e-02 1.406744366519118686e-04 -3.374583141202460433e-05 -2.944439654332439451e-06 3.74 0.0002275792874 1.6e-09
-7.826395761067340810e-05 2.412562075502727499e+00 1.053608966047529238e-01 1.590683926164985595e-04 2.794436048058699241e-05 1.884341700156939929e-06 3.74 0.0002275792874 1.6e-09
-1.121270403935941827e-05 3.732846096615158871e+00 1.993315983672095115e-01 2.271920985447980568e-04 1.378056949316011254e-06 1.652817117926991928e-07 3.74 0.0002275792874 1.6e-09
5.627768609954716760e-05 2.735843251788119268e+00 1.395236847204361919e-01 1.750864628804711459e-04 -2.307777093960416411e-05 -1.496937518346782229e-06 3.74 0.0002275792874 1.6e-09
6.961140118512112931e-05 3.917020351060905847e-01 -2.191685143911337175e-02 1.495268232291160654e-04 -1.686455709503179949e-06 -3.022908055265612585e-07 3.74 0.0002275792874 1.6e-09
-5.708710402072801626e-05 2.707148305993163362e+00 1.279256366414177060e-01 1.736422684438832268e-04 2.350602498336682415e-05 1.532911571934380587e-06 3.74 0.0002275792874 1.6e-09
2.029665298235716744e-05 3.733862300560859104e+00 1.953261660588767601e-01 2.272473093284853264e-04 -1.127209322585281683e-06 -6.673845410578630634e-08 3.74 0.0002275792874 1.6e-09
-3.813529501502681198e-05 2.443577929320462694e+00 1.118960581760649053e-01 1.605784474723541259e-04 -2.746455664216408772e-05 -1.785125756638875985e-06 3.74 0.0002275792874 1.6e-09
-4.069364714933921482e-05 4.225083828004851938e-01 -1.876214834833777462e-02 1.421649758594808587e-04 3.126913653901094775e-05 2.626916611914718512e-06 3.74 0.0002275792874 1.6e-09
-5.246998999496513798e-05 2.970603264928548093e+00 1.517138243994094471e-01 1.870212797092796610e-04 1.985242575314344292e-05 1.238390527101562976e-06 3.74 0.0002275792874 1.6e-09
-4.172423479093172145e-05 3.743787220409471761e+00 1.946603172059129805e-01 2.277499619206441487e-04 -3.243133536626455423e-06 -2.880986220225356521e-07 3.74 0.0002275792874 1.6e-09
-2.207514617027892220e-05 2.210595905740444067e+00 8.914871555380517176e-02 1.493806819657454948e-04 -3.128968284904842865e-05 -2.043294287905429637e-06 3.74 0.0002275792874 1.6e-09
-3.772765492388808410e-05 4.945263768237327939e-01 -1.076580773345980728e-02 1.293629252159943937e-04 4.815392175927724798e-05 4.189867527874675814e-06 3.74 0.0002275792874 1.6e-09
5.790259118075486474e-05 3.139594405766319873e+00 1.688195192351003016e-01 1.957463914287566281e-04 1.754022311451826642e-05 1.037809828969508523e-06 3.74 0.0002275792874 1.6e-09
-4.262961065606729231e-05 3.743115641233770052e+00 1.939230579333909299e-01 2.276891562404449471e-04 -4.688359949815753035e-06 -4.535724492343813693e-07 3.74 0.0002275792874 1.6e-09
-3.967435865612958920e-05 2.042540683251957478e+00 7.230186776929586889e-02 1.415989376256488028e-04 -3.414353294678235606e-05 -2.224821228984064026e-06 3.74 0.0002275792874 1.6e-09
-5.283375676585335215e-05 5.735376702519056069e-01 -1.810059277267288052e-03 1.201501401028868860e-04 5.451450470930372869e-05 4.707373847807866697e-06 3.74 0.0002275792874 1.6e-09
-1.615085196641516754e-05 3.240111337870219543e+00 1.767303754909903823e-01 2.009885798567836632e-04 1.606602090663648705e-05 8.832484293853563589e-07 3.74 0.0002275792874 1.6e-09
1.315031827164011636e-05 3.726105514457887846e+00 1.885673649833625731e-01 2.267680825919377323e-04 -5.757819734289576814e-06 -5.681631618712505773e-07 3.74 0.0002275792874 1.6e-09
4.782314074148195145e-06 1.896613729869450538e+00 5.731067645728592924e-02 1.351283853842795402e-04 -3.661231538260961661e-05 -2.320743377633089983e-06 3.74 0.0002275792874 1.6e-09
-1.069497369513264966e-05 6.605993396727460887e-01 7.243885923581357481e-03 1.138067586326480083e-04 5.667944178358377285e-05 4.645355878200944019e-06 3.74 0.0002275792874 1.6e-09
4.574210870150941964e-05 3.310724334576795158e+00 1.755184317699826080e-01 2.047037206666914516e-04 1.481633119134312213e-05 7.291482617765189161e-07 3.74 0.0002275792874 1.6e-09
6.521049515217325842e-06 3.687846871975557050e+00 1.759131932050439218e-01 2.247248192807557439e-04 -6.834931701766455651e-06 -6.480960735360556355e-07 3.74 0.0002275792874 1.6e-09
-1.593699555289685289e-05 1.722377872016827016e+00 4.074661934145677733e-02 1.278559159474963855e-04 -3.956909992877334539e-05 -2.338321331360788285e-06 3.74 0.0002275792874 1.6e-09
-1.371125722594126924e-05 7.852302208687493845e-01 1.777291373849389233e-02 1.090656377199692936e-04 5.643825441912064930e-05 4.115161775888694201e-06 3.74 0.0002275792874 1.6e-09
5.917436036076424548e-06 3.378999654127373020e+00 1.642946615033011315e-01 2.083212012972020515e-04 1.336416156317380216e-05 5.381099929072646294e-07 3.74 0.0002275792874 1.6e-09
5.499711444268477566e-05 3.619803011424655104e+00 1.528333542485229846e-01 2.211057176160031112e-04 -8.272682157990757473e-06 -7.030688629238429633e-07 3.74 0.0002275792874 1.6e-09
1.798200084616166709e-05 1.475617527315113087e+00 2.055137052076973919e-02 1.186643690746223731e-04 -4.398301658209317016e-05 -2.237710865994886471e-06 3.74 0.0002275792874 1.6e-09
-5.045568352811597487e-05 9.933787321212436128e-01 3.198567234863604336e-02 1.076774162008356018e-04 5.321669266031183853e-05 3.209136558111823764e-06 3.74 0.0002275792874 1.6e-09
-2.806033845176113652e-05 3.463217813110060828e+00 1.438504628435707255e-01 2.127945225673008285e-04 1.147611630818085804e-05 2.901153441358726655e-07 3.74 0.0002275792874 1.6e-09
4.645617309750937272e-05 3.523061416587429218e+00 1.184991216623655919e-01 2.159706773169217946e-04 -1.021518076079401093e-05 -7.401492259777990200e-07 3.74 0.0002275792874 1.6e-09
2.412923062896228689e-05 1.163804936061627160e+00 -1.051542600366989558e-03 1.100109283897318299e-04 -5.000936393288729344e-05 -1.855436763167322366e-06 3.74 0.0002275792874 1.6e-09
4.284972115562978305e-05 1.293800783370603558e+00 5.002975957863656231e-02 1.131036585027136792e-04 4.735593491895613235e-05 2.307343793613743406e-06 3.74 0.0002275792874 1.6e-09
-6.826630777601593611e-05 3.563313200461661001e+00 1.245741333195111433e-01 2.181094382910827570e-04 9.367687653203124541e-06 3.455045097656319046e-08 3.74 0.0002275792874 1.6e-09
-5.560975382635128481e-05 3.422681055699886343e+00 8.414324757357413698e-02 2.106455130967893673e-04 -1.234775690716343525e-05 -7.825576151561850586e-07 3.74 0.0002275792874 1.6e-09
-3.261864583456189429e-05 8.851599386495067057e-01 -1.647412461492944041e-02 1.076481129695959547e-04 -5.521115008565725789e-05 -1.046992980365331918e-06 3.74 0.0002275792874 1.6e-09
5.817315459544652480e-05 1.596505680624647816e+00 6.632736365878098839e-02 1.230023651486092514e-04 4.169646030675133546e-05 1.715424748384586531e-06 3.74 0.0002275792874 1.6e-09
-5.712124402642279798e-05 3.650239375698506539e+00 1.148690371707527247e-01 2.227312931509921887e-04 7.514235829188316854e-06 -1.417085367309885595e-07 3.74 0.0002275792874 1.6e-09
6.436361528785181692e-05 3.332071260591847661e+00 6.269228840908308564e-02 2.058461646361533777e-04 -1.426865692195943610e-05 -8.337250976980483658e-07 3.74 0.0002275792874 1.6e-09
-2.709244525540834648e-06 6.979121526390037467e-01 -2.268292760568886221e-02 1.120108443138518586e-04 -5.689053021137706752e-05 -4.823762585770128864e-08 3.74 0.0002275792874 1.6e-09
4.501649566539581669e-05 1.837913688043094407e+00 7.537237782902908578e-02 1.326553510119756125e-04 3.749610851285283214e-05 1.346793073257257599e-06 3.74 0.0002275792874 1.6e-09
-5.558759360025062013e-05 3.704996362834720891e+00 1.087808597422795509e-01 2.256544886721666881e-04 6.000737058731881737e-06 -2.279976308094819740e-07 3.74 0.0002275792874 1.6e-09
9.317314356954409487e-05 3.233659702871775288e+00 5.109325614741330734e-02 2.006695765686315421e-04 -1.602667344816585037e-05 -8.578209762100924750e-07 3.74 0.0002275792874 1.6e-09
-5.151711043432160111e-07 5.703424412618680606e-01 -2.245996705809494981e-02 1.205749239020711418e-04 -5.418660833595578688e-05 9.074367060809568087e-07 3.74 0.0002275792874 1.6e-09
-1.068118948912234184e-05 2.046415983719604093e+00 7.523614040311329965e-02 1.418098848970629705e-04 3.398608046171991100e-05 1.026849988510186284e-06 3.74 0.0002275792874 1.6e-09
-1.126713414904514823e-04 3.731277909738136778e+00 9.768591126194822727e-02 2.270737063792613167e-04 4.489555024697546539e-06 -2.551450242680011786e-07 3.74 0.0002275792874 1.6e-09
-3.933314799325549256e-05 3.093414374103942599e+00 4.092662892444294542e-02 1.933667157458584607e-04 -1.811595687414855254e-05 -8.228240143471336442e-07 3.74 0.0002275792874 1.6e-09
-5.782309704157610113e-06 4.694692951105373102e-01 -1.790769767973854690e-02 1.333820869885085506e-04 -4.392753755915320492e-05 1.873561332200377572e-06 3.74 0.0002275792874 1.6e-09
5.753808709667650016e-06 2.278096728095133194e+00 6.457930433949463089e-02 1.525996520312030444e-04 3.015673263571392717e-05 6.342057013124677365e-07 3.74 0.0002275792874 1.6e-09
3.866072726927810419e-05 3.736932016866888251e+00 7.343327010281699985e-02 2.274024280364871976e-04 2.538100271374137973e-06 -2.596517506901562194e-07 3.74 0.0002275792874 1.6e-09
3.846804359669629258e-05 2.872766027043365256e+00 2.389020748454418613e-02 1.820279708612635859e-04 -2.121483375365793505e-05 -6.885703022389361505e-07 3.74 0.0002275792874 1.6e-09
-3.598089131386625111e-05 4.018129040862717938e-01 -1.020586259193853075e-02 1.470394393889885853e-04 -1.870982298905255104e-05 2.813609115211887594e-06 3.74 0.0002275792874 1.6e-09
-2.516569276123886391e-05 2.565672893908057972e+00 4.820101621409959847e-02 1.665857373524527144e-04 2.568120363308869686e-05 2.120693498902687779e-07 3.74 0.0002275792874 1.6e-09
4.752390025802737171e-05 3.737472788916201605e+00 3.917970579843689516e-02 2.274456227183591387e-04 7.533604027903474840e-08 -2.819187809900130029e-07 3.74 0.0002275792874 1.6e-09
6.355129506851724271e-07 2.583961034423950309e+00 -2.495022624426266288e-04 1.674920363191603951e-04 -2.541530948302108878e-05 -4.568298630759859768e-07 3.74 0.0002275792874 1.6e-09
6.906373050365329468e-06 3.991565690821847756e-01 -2.033863323221487673e-03 1.476172857419915437e-04 1.705583245099088964e-05 3.062484776274812797e-06 3.74 0.0002275792874 1.6e-09
2.138547363812387850e-05 2.859467313927321896e+00 4.110035646754087169e-02 1.813406372658112964e-04 2.149333586912330777e-05 9.607638470025612131e-10 3.74 0.0002275792874 1.6e-09
-1.886803322846857043e-06 3.748468581887684170e+00 2.167871365780109361e-02 2.280138365600620546e-04 -2.290641883698035753e-06 -3.089507098952006948e-07 3.74 0.0002275792874 1.6e-09
7.181149741317697989e-06 2.322664900080712691e+00 -1.311387229925218417e-02 1.547112371565999712e-04 -2.956113453928076835e-05 -3.126281444280446637e-07 3.74 0.0002275792874 1.6e-09
3.032207241122004788e-05 4.546708418410274621e-01 2.863514148522331750e-03 1.358170647811248995e-04 4.140416202574365059e-05 2.439607877762046738e-06 3.74 0.0002275792874 1.6e-09
-9.442138476684666226e-05 3.069436724073842715e+00 3.969142360378599688e-02 1.921111275094428551e-04 1.862435434442946637e-05 -1.237385871123749855e-08 3.74 0.0002275792874 1.6e-09
-9.527583958426582406e-05 3.751807029197470555e+00 2.180170608292832796e-02 2.281658195400866542e-04 -4.030071919150534756e-06 -2.834663428814912022e-07 3.74 0.0002275792874 1.6e-09
1.257572451346240886e-05 2.124895941965444734e+00 -1.076490783964615186e-02 1.453725799462788563e-04 -3.285544250439423428e-05 -2.994161065925200606e-07 3.74 0.0002275792874 1.6e-09
-5.586612222503010858e-05 5.320551801120843027e-01 3.526815077661570302e-03 1.245066825078858773e-04 5.210716422275251742e-05 1.548365147329504034e-06 3.74 0.0002275792874 1.6e-09
-6.063080241515371167e-05 3.198583612328253167e+00 3.428613291193609303e-02 1.988213626248000465e-04 1.677166456302723059e-05 3.472614381148682448e-08 3.74 0.0002275792874 1.6e-09
-9.130100964640525541e-05 3.737852068396722238e+00 2.384470254845610232e-02 2.274040784804364033e-04 -5.300519251619574917e-06 -2.048331933475951145e-07 3.74 0.0002275792874 1.6e-09
7.750463604422489297e-06 1.959396479687111281e+00 -3.253218200364142807e-03 1.378818962931946282e-04 -3.562284945014782770e-05 -3.057934754580888048e-07 3.74 0.0002275792874 1.6e-09
2.115337346065864738e-05 6.209858652903537113e-01 1.076896010145326349e-03 1.163319825251902167e-04 5.619860438785017123e-05 6.936967516433206677e-07 3.74 0.0002275792874 1.6e-09
1.984625646093372007e-05 3.286291948341388380e+00 2.301656219352967575e-02 2.034199927288823191e-04 1.533020380207341342e-05 8.158117874934842750e-08 3.74 0.0002275792874 1.6e-09
-3.104139242737792277e-05 3.704709777855968333e+00 2.164196909001889907e-02 2.256285873993511262e-04 -6.459313236492166251e-06 -9.580593302349372890e-08 3.74 0.0002275792874 1.6e-09
-4.807439195996794201e-05 1.782877361050462461e+00 3.869199527313888984e-03 1.303284612659114832e-04 -3.858802198122379765e-05 -2.814105747551427311e-07 3.74 0.0002275792874 1.6e-09
-4.262096670038640180e-06 7.390135425743615816e-01 -3.202184141110616528e-03 1.103668935227250004e-04 5.696328696572806611e-05 1.332187268086773518e-08 3.74 0.0002275792874 1.6e-09
-5.546610026593947932e-05 3.361810061670974292e+00 7.549703894685885763e-03 2.074078905578551632e-04 1.386789038739152721e-05 1.046930668429152531e-07 3.74 0.0002275792874 1.6e-09
-2.623815509952363286e-05 3.647640546399604666e+00 1.424264981584587829e-02 2.225869159881021673e-04 -7.809984413990113619e-06 1.987842135232753623e-08 3.74 0.0002275792874 1.6e-09
-1.529672871124659848e-05 1.557633683224533661e+00 8.227591243469160875e-03 1.215480774503791136e-04 -4.254179256110649095e-05 -2.207463143063296086e-07 3.74 0.0002275792874 1.6e-09
2.760512955527793432e-05 9.196860948625500409e-01 -7.880725457068716092e-03 1.074807800085011695e-04 5.470654706375555737e-05 -3.301555194257796239e-07 3.74 0.0002275792874 1.6e-09
-9.081875793893424086e-05 3.442622569569443236e+00 -6.444865959749588105e-03 2.116945186013401039e-04 1.212300560437766511e-05 1.032354038854874924e-07 3.74 0.0002275792874 1.6e-09
-1.088655229273539476e-04 3.564393144040788997e+00 5.232265557484697127e-03 2.181613892315036366e-04 -9.533586009244813744e-06 1.079770582922583820e-07 3.74 0.0002275792874 1.6e-09
-4.920862481096663073e-05 1.274338492409861967e+00 9.289637530011019342e-03 1.125627835952947546e-04 -4.788962464717265904e-05 -1.678486867749280323e-07 3.74 0.0002275792874 1.6e-09
1.046163928841543168e-06 1.182288126422218255e+00 -1.044185545918682734e-02 1.103892819131407433e-04 4.967932220268865936e-05 -2.527014733610426877e-07 3.74 0.0002275792874 1.6e-09
-1.727023692109247465e-06 3.533701235906849369e+00 -7.963117552407628780e-03 2.165331512043156242e-04 1.012666631819009449e-05 1.127556767459245003e-07 3.74 0.0002275792874 1.6e-09
4.319020181461970823e-05 3.466352197938349367e+00 5.053762246178800273e-03 2.129570578843434240e-04 -1.155850796636213269e-05 1.228606241611528523e-07 3.74 0.0002275792874 1.6e-09
5.313852915462767941e-05 9.860134802657185560e-01 8.704447348311369903e-03 1.076133438204040875e-04 -5.352081088868293111e-05 -2.875223493697190495e-07 3.74 0.0002275792874 1.6e-09
-1.552140033462175511e-05 1.481939139958970530e+00 -8.690359904938670804e-03 1.189000230386496183e-04 4.387145576396472282e-05 7.064103056615518746e-08 3.74 0.0002275792874 1.6e-09
-7.516612728428279599e-05 3.621050515927506375e+00 7.562690007798160072e-03 2.211787602829917167e-04 8.199575374972634435e-06 1.698378886236177430e-07 3.74 0.0002275792874 1.6e-09
-2.613212447593355484e-05 3.368183711792938073e+00 2.035173294965184759e-02 2.077571254383016558e-04 -1.355640215535007428e-05 5.744785659931809539e-08 3.74 0.0002275792874 1.6e-09
2.441735347040060696e-05 7.618219712166410806e-01 7.962725133575213748e-03 1.097026227583150645e-04 -5.673661458388149442e-05 -7.921291728684365705e-07 3.74 0.0002275792874 1.6e-09
3.396380923313775457e-05 1.751433254086780522e+00 -3.988199485767528196e-03 1.290715242247123299e-04 3.901611766577609637e-05 4.062264235653879277e-07 3.74 0.0002275792874 1.6e-09
4.644259279378703956e-05 3.685988431244485941e+00 3.100671747793685290e-02 2.246422555894063509e-04 6.509217722278819521e-06 2.602206216412214239e-07 3.74 0.0002275792874 1.6e-09
8.074235825813238241e-05 3.265422655541510455e+00 4.396903948298817866e-02 2.023409558921755442e-04 -1.545134787028735676e-05 -4.427285736927849848e-08 3.74 0.0002275792874 1.6e-09
-5.688183400661222491e-05 6.067959278966044145e-01 6.505050907836665286e-03 1.174884508634177916e-04 -5.558325969200144349e-05 -1.674942900485058949e-06 3.74 0.0002275792874 1.6e-09
-1.870798087598198525e-05 1.983320928575726061e+00 8.775032937080807149e-04 1.389797241329371921e-04 3.507212521079694343e-05 6.528165465908411712e-07 3.74 0.0002275792874 1.6e-09
-4.017614810340730118e-05 3.724490854975371690e+00 5.219788788166072890e-02 2.267077851972200517e-04 4.935805101217652747e-06 3.482756892465187995e-07 3.74 0.0002275792874 1.6e-09
7.059315032952677405e-05 3.136079561445927588e+00 6.555121890322573863e-02 1.955825123579512845e-04 -1.748981478733752250e-05 -1.498007450330742880e-07 3.74 0.0002275792874 1.6e-09
5.186864772712756832e-05 4.943903500887530389e-01 3.060395255692433848e-03 1.295442149284244419e-04 -4.785211762484079120e-05 -2.706371325588420761e-06 3.74 0.0002275792874 1.6e-09
-5.307244755928242335e-05 2.212828882988674195e+00 5.278097295571689343e-03 1.495024541450196652e-04 3.127155789800435725e-05 7.801958019801678651e-07 3.74 0.0002275792874 1.6e-09
9.686864421035065427e-05 3.739701995824458614e+00 6.591768078379117712e-02 2.275410680942762255e-04 3.123493380593011106e-06 3.974371300375103336e-07 3.74 0.0002275792874 1.6e-09
3.617545069054991494e-05 2.946354638682949556e+00 7.776278346713086376e-02 1.857862659004257686e-04 -2.020020688132217240e-05 -2.621854296434184915e-07 3.74 0.0002275792874 1.6e-09
5.463829405621228299e-05 4.161288460213596330e-01 -3.230358187987271597e-03 1.436939451244649319e-04 -2.799668965707985830e-05 -3.395769817927434847e-06 3.74 0.0002275792874 1.6e-09
-4.911793181290774241e-05 2.477365732623070915e+00 1.405459091343384294e-02 1.622312076166522086e-04 2.704104477229355975e-05 8.213907897906097816e-07 3.74 0.0002275792874 1.6e-09
8.447003486427433238e-05 3.738593627240240913e+00 7.559269464626525159e-02 2.275023741143355712e-04 8.424007332600265001e-07 3.712394361396048468e-07 3.74 0.0002275792874 1.6e-09
4.248389108524966179e-05 2.676931360970550955e+00 7.929147282874823843e-02 1.721260069811283338e-04 -2.403090480202748963e-05 -4.388541419403951707e-07 3.74 0.0002275792874 1.6e-09
-6.403378511366279117e-05 3.921652789451788301e-01 -1.139362013053523554e-02 1.494008940768207163e-04 5.995865092739849880e-06 -2.914283824417570271e-06 3.74 0.0002275792874 1.6e-09
-3.687814930355908069e-05 2.771628763683893659e+00 3.636745814206603783e-02 1.768896600498244282e-04 2.268137630056599950e-05 8.907194920656897160e-07 3.74 0.0002275792874 1.6e-09
-6.349000348860497065e-05 3.740986455305349789e+00 9.625064033309074785e-02 2.276238524825417644e-04 -1.623802384688743229e-06 2.774727541015927547e-07 3.74 0.0002275792874 1.6e-09
-4.013504472484038236e-05 2.391159121834096624e+00 8.089507719007962838e-02 1.580249450254883007e-04 -2.837891529297173005e-05 -7.858975957527125734e-07 3.74 0.0002275792874 1.6e-09
3.018455319206200392e-05 4.349408336202175152e-01 -1.796999512816295497e-02 1.395748901543880822e-04 3.591782180673608088e-05 -1.380900892761919944e-06 3.74 0.0002275792874 1.6e-09
2.123881571147810920e-05 3.015962686470502696e+00 6.521198549512799425e-02 1.893552345223536233e-04 1.929087026120948379e-05 9.826131770606706067e-07 3.74 0.0002275792874 1.6e-09
-1.230749061974599067e-05 3.746620314521102557e+00 1.247071743205441785e-01 2.278969002481904215e-04 -3.629102514223859928e-06 1.778704083811825229e-07 3.74 0.0002275792874 1.6e-09
-4.184197971000522162e-05 2.167517304272805312e+00 8.640910949898589211e-02 1.473615478325160193e-04 -3.204465711640652910e-05 -1.236796869758349797e-06 3.74 0.0002275792874 1.6e-09
-2.282046589419879147e-06 5.119274050224035255e-01 -2.090734671104470949e-02 1.269831416575645851e-04 5.022280008042370785e-05 3.014057614675009481e-08 3.74 0.0002275792874 1.6e-09
6.717185215040657835e-05 3.170117524412277898e+00 8.994897975920156108e-02 1.973364573231914647e-04 1.714359776377170048e-05 1.044248378050100982e-06 3.74 0.0002275792874 1.6e-09
-3.041562406327374024e-05 3.740203987345656067e+00 1.482498036137780972e-01 2.275314996175858561e-04 -5.010719945036334303e-06 8.843348285357866893e-08 3.74 0.0002275792874 1.6e-09
1.343603262369069359e-05 2.000399793657859249e+00 8.954726320262949846e-02 1.397036992375377449e-04 -3.485373043233652279e-05 -1.657407952600573940e-06 3.74 0.0002275792874 1.6e-09
3.796688031319515118e-05 5.955951578532572288e-01 -2.060085722150077625e-02 1.182372831715592938e-04 5.548201660930293080e-05 1.052297071474169820e-06 3.74 0.0002275792874 1.6e-09
3.654596788363480129e-05 3.264446882162866270e+00 1.100816974785335800e-01 2.022666096789396759e-04 1.569799923688036843e-05 1.069517636689496795e-06 3.74 0.0002275792874 1.6e-09
5.482039725683897650e-05 3.717460415067615820e+00 1.650184160465669458e-01 2.263059205789445046e-04 -6.091956999568463131e-06 -5.903673286373254437e-09 3.74 0.0002275792874 1.6e-09
-3.649035860484590283e-06 1.847402895957118485e+00 8.762429845254643412e-02 1.330221741601264531e-04 -3.741414490723050663e-05 -2.043387462805041541e-06 3.74 0.0002275792874 1.6e-09
-1.706955499520182966e-05 6.917805064005604354e-01 -1.721548770392310884e-02 1.122128951601255925e-04 5.701531391160525545e-05 1.837791006694450117e-06 3.74 0.0002275792874 1.6e-09
7.567251913491859566e-05 3.333805059177158192e+00 1.272085300718708012e-01 2.059219842900329657e-04 1.440574025522547001e-05 1.050867001804326829e-06 3.74 0.0002275792874 1.6e-09
7.299047502196797244e-05 3.672952081766328369e+00 1.753887952035900755e-01 2.239305068275017395e-04 -7.227708712170923314e-06 -1.221886510617796064e-07 3.74 0.0002275792874 1.6e-09
-2.867040955072098184e-05 1.661063832022165565e+00 7.868305312639879701e-02 1.254327898296900149e-04 -4.058863495339838385e-05 -2.448149923031961359e-06 3.74 0.0002275792874 1.6e-09
2.205347302213474730e-05 8.320815771039939968e-01 -9.303179184162756188e-03 1.081738660959370436e-04 5.601477490696189028e-05 2.423953927289035436e-06 3.74 0.0002275792874 1.6e-09
-2.133227075100214911e-05 3.402595636483157104e+00 1.421138158178959499e-01 2.095701957079079019e-04 1.288827946301100005e-05 9.717404272333795521e-07 3.74 0.0002275792874 1.6e-09
-7.037753717184608792e-05 3.598889376665288964e+00 1.786381012749908015e-01 2.199928098820960829e-04 -8.722192532765367661e-06 -2.757883516064089496e-07 3.74 0.0002275792874 1.6e-09
-4.021788108834921724e-05 1.404443264114081602e+00 6.067072201422316069e-02 1.163295179270624612e-04 -4.523930440622799920e-05 -2.926095853460901035e-06 3.74 0.0002275792874 1.6e-09
-2.895348528586848887e-05 1.057967591661410189e+00 6.378397846542678898e-03 1.082849696230510893e-04 5.204658630577961809e-05 2.714911687146903658e-06 3.74 0.0002275792874 1.6e-09
1.381247956773544016e-05 3.485985145655136730e+00 1.557761799854782692e-01 2.140020504216744602e-04 1.096335696667440667e-05 8.216539486978515227e-07 3.74 0.0002275792874 1.6e-09
-4.564475025080131623e-05 3.498502178398246620e+00 1.748319261991264639e-01 2.146663767469188396e-04 -1.069497339778348181e-05 -4.745501300159407558e-07 3.74 0.0002275792874 1.6e-09
-3.894247362617170977e-05 1.096799857794252375e+00 3.547410489674592687e-02 1.088210652046457129e-04 -5.121826511678065076e-05 -3.433455736264126663e-06 3.74 0.0002275792874 1.6e-09
-1.333294153245548282e-05 1.363980203934144875e+00 3.156667186235266598e-02 1.151106318609496581e-04 4.599367956919455552e-05 2.715795425151377209e-06 3.74 0.0002275792874 1.6e-09
-5.273088893604135886e-05 3.580725544932755966e+00 1.711911597278922004e-01 2.190359254444489308e-04 8.886382262041931924e-06 6.280799960366590916e-07 3.74 0.0002275792874 1.6e-09
-6.527238346977013296e-05 3.394800943334111309e+00 1.686245785629683913e-01 2.091705627390275004e-04 -1.282234469100019953e-05 -7.102685074773320806e-07 3.74 0.0002275792874 1.6e-09
-3.368470058644418893e-05 8.321346555350371821e-01 1.168830902061148043e-02 1.082175562861733187e-04 -5.585591707900671506e-05 -3.711560676510230030e-06 3.74 0.0002275792874 1.6e-09
7.073689723953953726e-06 1.662428850019447513e+00 6.075810551546109717e-02 1.255229243107210157e-04 4.046385482475825567e-05 2.603216885107713014e-06 3.74 0.0002275792874 1.6e-09
8.830926003485197926e-05 3.660620306157114534e+00 1.885556633485523381e-01 2.232872456581902064e-04 7.051419097593039187e-06 4.442290390906658867e-07 3.74 0.0002275792874 1.6e-09
6.788671316769294417e-06 3.297814340990386839e+00 1.643543148811647259e-01 2.040446240155885100e-04 -1.476041175397322045e-05 -9.551355393580700816e-07 3.74 0.0002275792874 1.6e-09
2.728255865885320788e-05 6.554824251922319878e-01 -5.070859885138809947e-03 1.142004001692125835e-04 -5.649873553142722163e-05 -3.537799005503062104e-06 3.74 0.0002275792874 1.6e-09
-2.009655731634030286e-05 1.903206850727865440e+00 8.676483448220001504e-02 1.354542816287235643e-04 3.631222747422629136e-05 2.457525486030317103e-06 3.74 0.0002275792874 1.6e-09
-5.046538120046764782e-05 3.710292467477073863e+00 2.025473633433355070e-01 2.259408499595001838e-04 5.522812512077258245e-06 2.863794993215793240e-07 3.74 0.0002275792874 1.6e-09
8.446160287227070390e-05 3.189865916184032812e+00 1.591991144642983524e-01 1.983811890617452871e-04 -1.660632939924046181e-05 -1.180933554238618871e-06 3.74 0.0002275792874 1.6e-09
-3.121349766663200604e-05 5.358224132151303554e-01 -1.583224407591517224e-02 1.241917751336914493e-04 -5.199270981909157908e-05 -2.829765348872022616e-06 3.74 0.0002275792874 1.6e-09
-3.590438823590775787e-05 2.115757322042171484e+00 1.067906358884127271e-01 1.449765262275172929e-04 3.275436253568673144e-05 2.230002730943452177e-06 3.74 0.0002275792874 1.6e-09
3.046556282123425954e-05 3.732180899457069323e+00 2.073691594903966373e-01 2.271266822308414478e-04 3.932413084956073467e-06 1.359005621676579625e-07 3.74 0.0002275792874 1.6e-09
1.634422984706176448e-05 3.035329548213214323e+00 1.470855513623551825e-01 1.903606642011202246e-04 -1.886826321977430154e-05 -1.380517319085198801e-06 3.74 0.0002275792874 1.6e-09
-5.048304721902874704e-05 4.451909579775945591e-01 -2.181223610731638368e-02 1.376828384902157101e-04 -3.844556674875085074e-05 -1.297876569440475258e-06 3.74 0.0002275792874 1.6e-09
4.720662191060085269e-06 2.353881817988251690e+00 1.202230084872981108e-01 1.562287759822036872e-04 2.885255387500380506e-05 1.840975046661041599e-06 3.74 0.0002275792874 1.6e-09
-1.373256877335785590e-05 3.733151733665980743e+00 1.973953474342428349e-01 2.272046556136545945e-04 1.889396609139255550e-06 -3.720678426757199806e-08 3.74 0.0002275792874 1.6e-09
-5.699437020927952257e-05 2.795674911031461818e+00 1.215529425300341942e-01 1.781097670971727547e-04 -2.222484815518700253e-05 -1.544230877192094429e-06 3.74 0.0002275792874 1.6e-09
-8.787743794901032137e-06 3.941167221084378447e-01 -2.159795075075737064e-02 1.489235285890456594e-04 -9.112325386306942249e-06 1.393841399410170237e-06 3.74 0.0002275792874 1.6e-09
-7.119523368596851010e-06 2.645221265989881942e+00 1.304296256742608351e-01 1.705423572865865820e-04 2.440349860191071173e-05 1.334204205053553846e-06 3.74 0.0002275792874 1.6e-09
3.793284546854368142e-05 3.732950959875465546e+00 1.760000035837907262e-01 2.272021560538422906e-04 -6.169623257637681298e-07 -2.467379107934992871e-07 3.74 0.0002275792874 1.6e-09
-3.919953438677539227e-05 2.500483166351482822e+00 8.570626945131284979e-02 1.633685326496040824e-04 -2.660173555053189877e-05 -1.647448986401613604e-06 3.74 0.0002275792874 1.6e-09
-2.490328159789976172e-05 4.115866991467429514e-01 -1.415861550842001035e-02 1.446168277225438523e-04 2.586507141094736333e-05 3.996853016967643280e-06 3.74 0.0002275792874 1.6e-09
3.931492772907979345e-05 2.925611024141905325e+00 1.427117409828750627e-01 1.847163036890396527e-04 2.048908701961723341e-05 9.315733458786407036e-07 3.74 0.0002275792874 1.6e-09
6.858904250491490158e-05 3.744904308635379486e+00 1.604132229125389553e-01 2.278154239616560380e-04 -2.865641659937505978e-06 -4.438427263781972179e-07 3.74 0.0002275792874 1.6e-09
6.390317665100311211e-05 2.254493443396780261e+00 5.687851432383610878e-02 1.514558358476048266e-04 -3.061185941422638426e-05 -1.718360007304217827e-06 3.74 0.0002275792874 1.6e-09
3.443017503288534206e-05 4.781295650680129627e-01 -3.757396441167541387e-03 1.318450335450059205e-04 4.572097578697532612e-05 4.987900962283055566e-06 3.74 0.0002275792874 1.6e-09
-4.589116035564197113e-05 3.112304638700107873e+00 1.506968785147745904e-01 1.943288550263120272e-04 1.796850613100216195e-05 6.922783792913952672e-07 3.74 0.0002275792874 1.6e-09
3.140013756685888248e-05 3.747936891240747137e+00 1.509904142352202494e-01 2.279506750755294782e-04 -4.417949622855474785e-06 -5.703058301165724233e-07 3.74 0.0002275792874 1.6e-09
-3.559224769970594843e-05 2.078362148283600330e+00 3.914923559768387906e-02 1.432287718504642580e-04 -3.359571809685090945e-05 -1.754652876381544783e-06 3.74 0.0002275792874 1.6e-09
6.084003964397428118e-05 5.552238424581289467e-01 5.273611281989195980e-03 1.219538163679633044e-04 5.350886213818941512e-05 4.913957184918684728e-06 3.74 0.0002275792874 1.6e-09
6.471529726568807784e-05 3.222403597033114853e+00 1.496859426190421394e-01 2.000621940314254311e-04 1.637911066664940148e-05 5.358363667742575826e-07 3.74 0.0002275792874 1.6e-09
2.642739276064117219e-05 3.733897101451241873e+00 1.398972927890328455e-01 2.271864939303128454e-04 -5.530988010681534977e-06 -6.276071865271241170e-07 3.74 0.0002275792874 1.6e-09
3.279360619640695081e-05 1.930662198918791095e+00 2.665207062107321362e-02 1.366094747823897739e-04 -3.609310958585694451e-05 -1.723142432643931219e-06 3.74 0.0002275792874 1.6e-09
5.355760558462193419e-05 6.390727185928796183e-01 1.238553135115192869e-02 1.151056669482500625e-04 5.639067295517733542e-05 4.333713627213190670e-06 3.74 0.0002275792874 1.6e-09
-1.514661750680788789e-06 3.297247797357981902e+00 1.391966572646343436e-01 2.039937547949879286e-04 1.510827103036790960e-05 4.001519730178698045e-07 3.74 0.0002275792874 1.6e-09
-7.149844147739764738e-05 3.698717730179613028e+00 1.229720948842727701e-01 2.253060199574352684e-04 -6.601453324069605683e-06 -6.345413315873318254e-07 3.74 0.0002275792874 1.6e-09
-1.166143031742420980e-05 1.760127945742747446e+00 1.506800539825064490e-02 1.293871988539749664e-04 -3.896345625919254963e-05 -1.606695684086947742e-06 3.74 0.0002275792874 1.6e-09
5.468041978506808711e-05 7.564737348390053739e-01 1.892814775725655541e-02 1.098318551697429748e-04 5.670763658502489838e-05 3.396872421440919027e-06 3.74 0.0002275792874 1.6e-09
2.049364767190079285e-06 3.366916820749929151e+00 1.186072861403837109e-01 2.076811506385412248e-04 1.366952259629785614e-05 2.443614670142021222e-07 3.74 0.0002275792874 1.6e-09
-1.987635233005975781e-05 3.634855743638090608e+00 9.701694679115042963e-02 2.219073357466500474e-04 -7.997478036067339575e-06 -6.027219659115065748e-07 3.74 0.0002275792874 1.6e-09
2.511070736671632372e-05 1.521743326458864676e+00 2.229709562287683286e-03 1.202637414812375311e-04 -4.317022956815544171e-05 -1.352039414957000661e-06 3.74 0.0002275792874 1.6e-09
2.547834679959148788e-05 9.518345446540927846e-01 2.646694459098321295e-02 1.075023972407447895e-04 5.403463265503735132e-05 2.272801079596272092e-06 3.74 0.0002275792874 1.6e-09
6.260612766605550559e-05 3.450610572755478778e+00 8.972808775620133570e-02 2.121244914758174584e-04 1.181472223511720227e-05 4.934358023691614779e-08 3.74 0.0002275792874 1.6e-09
5.133892203508390567e-05 3.542459522530403415e+00 6.182406563787665177e-02 2.169998384878416052e-04 -9.879987909758340480e-06 -5.463850109945416325e-07 3.74 0.0002275792874 1.6e-09
5.235678754651874693e-05 1.216212257747486092e+00 -1.071403614288541847e-02 1.111383290889557580e-04 -4.900666424185400971e-05 -8.305573845374158629e-07 3.74 0.0002275792874 1.6e-09
3.774449070331531214e-05 1.240373207279447332e+00 3.534355995407900686e-02 1.117229991865491452e-04 4.847255640675602977e-05 1.365837690292705197e-06 3.74 0.0002275792874 1.6e-09
8.840780798753944674e-05 3.549888687158931688e+00 6.481058774753692409e-02 2.173952439933423233e-04 9.718905986597012258e-06 -1.371137481415819593e-07 3.74 0.0002275792874 1.6e-09
-8.227492149426608443e-05 3.443573095562094011e+00 2.959140869877453783e-02 2.117513485271290178e-04 -1.197655571380544405e-05 -5.056121199032829193e-07 3.74 0.0002275792874 1.6e-09
-3.815366042164835690e-05 9.309522790455222463e-01 -1.872068614249950552e-02 1.074813411439806687e-04 -5.447363558783115036e-05 -2.201090278343546982e-08 3.74 0.0002275792874 1.6e-09
-9.779981245292453378e-06 1.543396922185614972e+00 4.276912777590103493e-02 1.210510083924607751e-04 4.272258548424083026e-05 8.821285762616434956e-07 3.74 0.0002275792874 1.6e-09
8.135947261985596230e-06 3.638648646492021577e+00 5.393546663011279663e-02 2.221135864535530571e-04 7.840478531198913709e-06 -2.358296499600356247e-07 3.74 0.0002275792874 1.6e-09
-2.681946065597864211e-05 3.352615603418333201e+00 1.399716996699309698e-02 2.069306824558670723e-04 -1.390682319642650677e-05 -4.972803870737281740e-07 3.74 0.0002275792874 1.6e-09
1.184284581825563063e-05 7.305485011406335216e-01 -1.977323561618132830e-02 1.106939780085022194e-04 -5.689526224214887766e-05 7.453212962228830045e-07 3.74 0.0002275792874 1.6e-09
-3.776148028453681825e-05 1.792490452041371585e+00 4.524533669035751826e-02 1.307510810407353430e-04 3.831943721625491006e-05 6.507581686102737491e-07 3.74 0.0002275792874 1.6e-09
-1.414291181391883774e-05 3.697141787135913571e+00 5.077725789363692760e-02 2.252347840201362398e-04 6.288236485948654342e-06 -2.432941107620450858e-07 3.74 0.0002275792874 1.6e-09
-7.278147210808968916e-05 3.255256592509103264e+00 1.142527329414226925e-02 2.018034492583285289e-04 -1.567214120670596726e-05 -4.834657706194873222e-07 3.74 0.0002275792874 1.6e-09
4.853607575079742361e-05 5.924865016336984258e-01 -1.635820451468059100e-02 1.186026161017386508e-04 -5.516324264670776690e-05 1.223499187445681559e-06 3.74 0.0002275792874 1.6e-09
6.543405369087344043e-05 2.006878952849352693e+00 4.070318633637644984e-02 1.400317404761062005e-04 3.466906341562461542e-05 4.806527668488230266e-07 3.74 0.0002275792874 1.6e-09
-4.516780381914847997e-05 3.727857565022713260e+00 4.547451546934608291e-02 2.268888417217846526e-04 4.774278846484429891e-06 -1.937526628409382468e-07 3.74 0.0002275792874 1.6e-09
3.669374198075126328e-05 3.121566496416386283e+00 1.232942501194799964e-02 1.948279159712037621e-04 -1.771749827553670292e-05 -4.253267578774512234e-07 3.74 0.0002275792874 1.6e-09
-5.672962022631034533e-05 4.847256787171176917e-01 -1.079949305322054978e-02 1.309739431279410274e-04 -4.651781832443531602e-05 1.426225082359598660e-06 3.74 0.0002275792874 1.6e-09
1.719864026859924439e-05 2.236843669991726458e+00 2.769621897881891642e-02 1.506414512908787681e-04 3.085337782990441182e-05 2.591172221328866992e-07 3.74 0.0002275792874 1.6e-09
5.307437754691289578e-06 3.737912063335048884e+00 2.970945878002721752e-02 2.274505095322324052e-04 2.898700926838225558e-06 -1.263650655884284725e-07 3.74 0.0002275792874 1.6e-09
6.917892686022376468e-05 2.915844511166695519e+00 7.821424151534944746e-03 1.842268091896621972e-04 -2.062366001595028193e-05 -2.879093154521869427e-07 3.74 0.0002275792874 1.6e-09
-4.860636660481404669e-05 4.090200713570225632e-01 -5.009047109370951510e-03 1.453312148216014880e-04 -2.414879814543007788e-05 1.378940487831569783e-06 3.74 0.0002275792874 1.6e-09
-7.473945898565406666e-05 2.515975013255137505e+00 1.112225623180089149e-02 1.641295159328793457e-04 2.645425088438805062e-05 1.670302375210633027e-08 3.74 0.0002275792874 1.6e-09
-1.026836224143866518e-05 3.738677937544907515e+00 6.012153247216201618e-03 2.275089000330233883e-04 5.146074049438882862e-07 -8.773241502635589765e-08 3.74 0.0002275792874 1.6e-09
-6.386725382162432611e-05 2.636691171666527556e+00 -3.912455903402674295e-03 1.701159990508234942e-04 -2.463546520654107201e-05 -9.079588380290578679e-08 3.74 0.0002275792874 1.6e-09
-1.169536288476830495e-05 3.940699390796943424e-01 -1.344325523411578783e-03 1.489111172518863663e-04 1.101867419056661658e-05 9.951484632174618891e-07 3.74 0.0002275792874 1.6e-09
4.534335673696229297e-05 2.812110444982497626e+00 6.721052298786851092e-03 1.789361559561468776e-04 2.215069334868919552e-05 -4.154873550516108134e-08 3.74 0.0002275792874 1.6e-09
-1.472039106736027235e-05 3.746573718438688694e+00 -2.574276192493194794e-04 2.279176488065739570e-04 -1.911558014330123039e-06 -7.867384885306198031e-08 3.74 0.0002275792874 1.6e-09
3.558500137131149701e-05 2.364039377329724800e+00 -6.822154844350836189e-03 1.567059376280798173e-04 -2.888672104342213424e-05 -2.665614977717159059e-08 3.74 0.0002275792874 1.6e-09
6.776255382994179303e-05 4.423871092921044523e-01 -1.384582489203922250e-03 1.381167363124237153e-04 3.834926848979117208e-05 4.321035464403343228e-07 3.74 0.0002275792874 1.6e-09
6.318164844032016019e-06 3.039317150587208971e+00 1.192315617637241046e-02 1.905579036043822622e-04 1.901975900894528956e-05 6.478304042911802625e-08 3.74 0.0002275792874 1.6e-09
-4.489375988922731910e-05 3.750616392797121001e+00 1.256893972207911124e-02 2.281072755912900399e-04 -3.792511507960451960e-06 -4.191449578640632213e-08 3.74 0.0002275792874 1.6e-09
-1.578573521506938286e-05 2.151036412941273568e+00 3.731960632449392648e-03 1.465896355854704055e-04 -3.240048972840011386e-05 -1.422282977544759500e-07 3.74 0.0002275792874 1.6e-09
9.555531345366400113e-06 5.200345779840560567e-01 -4.541048852910232678e-03 1.259665882290672144e-04 5.108057627867676140e-05 -6.358847940092553965e-08 3.74 0.0002275792874 1.6e-09
-4.555725152989739907e-05 3.182820315730503502e+00 1.499219167885582592e-02 1.979999217146968891e-04 1.699615870427219501e-05 1.950737283022523083e-07 3.74 0.0002275792874 1.6e-09
6.057939327244663528e-05 3.739595289885591534e+00 2.661643459080183238e-02 2.274993469736286871e-04 -5.154662606470897854e-06 2.844652108843503343e-08 3.74 0.0002275792874 1.6e-09
6.389897131843489428e-05 1.979660442049677727e+00 1.694804966534427942e-02 1.387810397716261355e-04 -3.527777929629461742e-05 -3.006780613625030729e-07 3.74 0.0002275792874 1.6e-09
5.764386753797639005e-05 6.087391609003379722e-01 -9.343950778565007775e-03 1.172248484049854942e-04 5.589281816504778212e-05 -4.072891647012548988e-07 3.74 0.0002275792874 1.6e-09
6.405121123128994687e-05 3.276891878359399435e+00 1.395324192377902020e-02 2.029244660320108306e-04 1.550673634713969939e-05 3.006180708478506928e-07 3.74 0.0002275792874 1.6e-09
1.043335412744551805e-04 3.711293168906787621e+00 3.589122230630113763e-02 2.259792482473918940e-04 -6.305925129084319634e-06 1.081486170256417369e-07 3.74 0.0002275792874 1.6e-09
3.343700922744183431e-05 1.810306097869135655e+00 2.725500430362444437e-02 1.314648040283825287e-04 -3.812647584828122299e-05 -4.531984667391087760e-07 3.74 0.0002275792874 1.6e-09
-2.040656850699117201e-05 7.187255099362481747e-01 -1.446989970395509348e-02 1.110849264157105928e-04 5.703801154439528022e-05 -5.314410481916706811e-07 3.74 0.0002275792874 1.6e-09
4.552738037924676333e-05 3.351792571403315435e+00 1.122189170949764239e-02 2.068753305795755686e-04 1.410201249047730903e-05 3.702344929725580848e-07 3.74 0.0002275792874 1.6e-09
2.641225198980511811e-05 3.660710419906068935e+00 4.070352775086925196e-02 2.232810117964490501e-04 -7.564389511587340812e-06 1.718914047319964731e-07 3.74 0.0002275792874 1.6e-09
1.506924220110602793e-05 1.602265610499173709e+00 3.255851050112355816e-02 1.231906908322700969e-04 -4.173830928355772095e-05 -6.255469338333234856e-07 3.74 0.0002275792874 1.6e-09
2.492957499868618846e-05 8.809737112025919359e-01 -1.830748040134457660e-02 1.076458720906137574e-04 5.534245917104412297e-05 -3.577698855356539610e-07 3.74 0.0002275792874 1.6e-09
-9.748548457169760653e-05 3.427630961147045685e+00 1.147441004329237402e-02 2.108972344218000973e-04 1.246765568090446287e-05 4.037965047627845357e-07 3.74 0.0002275792874 1.6e-09
3.968687652719258348e-05 3.582382177697679637e+00 4.401510607597617503e-02 2.191156992636069300e-04 -9.187705245640930777e-06 1.896633039026413845e-07 3.74 0.0002275792874 1.6e-09
7.446416602040245347e-06 1.331960808931463180e+00 3.179058930329538291e-02 1.141393438330929103e-04 -4.675681533067985369e-05 -8.966123184136972681e-07 3.74 0.0002275792874 1.6e-09
-1.070121100759387591e-05 1.125899226279181153e+00 -1.790385900276229847e-02 1.092975376300186504e-04 5.078906528354818449e-05 9.273615222957880370e-08 3.74 0.0002275792874 1.6e-09
6.308409406837093918e-05 3.514691292695335534e+00 2.231234792398614428e-02 2.155241807337237279e-04 1.050449893060190257e-05 4.210880886245420288e-07 3.74 0.0002275792874 1.6e-09
6.372254159147858459e-05 3.483171120960265821e+00 5.266200553695971759e-02 2.138502209494330328e-04 -1.118115758518578945e-05 1.266240608960930844e-07 3.74 0.0002275792874 1.6e-09
-4.147946195857059965e-05 1.034994371290379078e+00 2.600911145576605132e-02 1.080146837165633456e-04 -5.254389843754406230e-05 -1.402745629966317167e-06 3.74 0.0002275792874 1.6e-09
-3.476536343169955357e-08 1.428534757153349322e+00 -1.039411158872933019e-02 1.171246377626400880e-04 4.485989976629125729e-05 6.163254657476019475e-07 3.74 0.0002275792874 1.6e-09
-1.049088399992126086e-04 3.604764652980684048e+00 4.706031230640272955e-02 2.203132471219009349e-04 8.513717396840278186e-06 4.497175512015937784e-07 3.74 0.0002275792874 1.6e-09
-4.096375234492349610e-05 3.381480586579460379e+00 7.159592801359715430e-02 2.084627063608415873e-04 -1.323914434216532233e-05 -2.095789255777448475e-08 3.74 0.0002275792874 1.6e-09
3.791295893603973126e-05 7.921059614995058507e-01 1.835218875810378653e-02 1.089432838015533608e-04 -5.640928073984903296e-05 -2.217697474024987798e-06 3.74 0.0002275792874 1.6e-09
-5.348598320482076865e-05 1.712309377687756484e+00 2.671369816891962755e-03 1.274911159510125477e-04 3.968958637280802155e-05 1.032716598051234210e-06 3.74 0.0002275792874 1.6e-09
1.638430801237833641e-05 3.676054190137692856e+00 7.797158659060976493e-02 2.241119198315621921e-04 6.746037052806059021e-06 4.864818091273408126e-07 3.74 0.0002275792874 1.6e-09
2.085892216173679893e-05 3.279564671714314983e+00 9.539941077119216961e-02 2.030850589950464083e-04 -1.516665725123173808e-05 -2.111044720962082790e-07 3.74 0.0002275792874 1.6e-09
-2.603459565007588890e-05 6.266243410754130938e-01 1.050524776016559594e-02 1.160421054665862814e-04 -5.600904314017957823e-05 -3.187860430154116200e-06 3.74 0.0002275792874 1.6e-09
-1.345035731081345608e-05 1.950515252033548252e+00 1.751784088827945327e-02 1.375260784675013878e-04 3.560803284611418362e-05 1.305797714071259425e-06 3.74 0.0002275792874 1.6e-09
-9.610744399235124618e-05 3.719542039582778514e+00 1.060192117994488703e-01 2.264401853430519484e-04 5.174911928411819227e-06 5.078839257715212995e-07 3.74 0.0002275792874 1.6e-09
-3.635006553646083656e-05 3.158118378069908250e+00 1.153929460325442691e-01 1.967289799846219254e-04 -1.712984942463121024e-05 -4.137337496617803635e-07 3.74 0.0002275792874 1.6e-09
3.801102528791560015e-05 5.104951952664980031e-01 1.994876411471308009e-03 1.273204047655551870e-04 -4.966311430742286349e-05 -4.010535726832813142e-06 3.74 0.0002275792874 1.6e-09
1.528539130195502108e-05 2.174421701837324861e+00 3.272755068668906780e-02 1.477012898350819339e-04 3.187637292729533160e-05 1.431930845327621101e-06 3.74 0.0002275792874 1.6e-09
7.318079687502291870e-05 3.737574433242333960e+00 1.264682215748344218e-01 2.274223710986769805e-04 3.443355667640972856e-06 4.856911778235455026e-07 3.74 0.0002275792874 1.6e-09
4.357778047933917717e-05 2.982682120786552815e+00 1.250956127564546438e-01 1.876500465101386028e-04 -1.965891241035669390e-05 -6.364597419980065477e-07 3.74 0.0002275792874 1.6e-09
1.240578123469115621e-06 4.267639771900321177e-01 -7.677079105502642928e-03 1.413798061947349558e-04 -3.251353711264498130e-05 -4.152815336121665286e-06 3.74 0.0002275792874 1.6e-09
-5.558267206546676554e-05 2.428232191147202901e+00 5.085650830002393097e-02 1.598300386058910190e-04 2.776925787523997207e-05 1.417009337870627935e-06 3.74 0.0002275792874 1.6e-09
-3.978423822615124593e-05 3.736469468466594890e+00 1.396026723846616746e-01 2.273863839083365389e-04 1.260090013832143693e-06 3.883034929427758517e-07 3.74 0.0002275792874 1.6e-09
-7.444321214931586092e-05 2.724337375799290584e+00 1.213518075413248798e-01 1.745075332951598107e-04 -2.328785909750929339e-05 -9.214648445836363423e-07 3.74 0.0002275792874 1.6e-09
5.143113731748934550e-05 3.914882440104101580e-01 -1.674778274271639805e-02 1.495835400974861108e-04 -1.701857127539568909e-07 -2.764544396033165644e-06 3.74 0.0002275792874 1.6e-09
-5.962500949151969775e-05 2.721964497348999146e+00 7.817880707342646229e-02 1.743865297581744282e-04 2.334595057836170577e-05 1.344044589144265838e-06 3.74 0.0002275792874 1.6e-09
-9.638574640955688982e-05 3.736707951648169157e+00 1.552902219183766030e-01 2.273986315734748815e-04 -1.233647400960175086e-06 2.186759548173312447e-07 3.74 0.0002275792874 1.6e-09
-6.713252963753766473e-06 2.432782514886318026e+00 1.118683157114016280e-01 1.600504554484458446e-04 -2.766647638737667909e-05 -1.320629402528067910e-06 3.74 0.0002275792874 1.6e-09
-1.602152561711274930e-05 4.246813067301400957e-01 -2.116410604551249852e-02 1.416988991042194591e-04 3.218824278869370154e-05 -2.830830603995285539e-07 3.74 0.0002275792874 1.6e-09
6.890551868235671369e-05 2.981095134006710001e+00 1.101377923162467354e-01 1.875617774117099195e-04 1.972552434140081214e-05 1.279591158925846720e-06 3.74 0.0002275792874 1.6e-09
4.401345881151850895e-05 3.744174956307307234e+00 1.755117009074147472e-01 2.277700595705540250e-04 -3.346858432074352628e-06 4.031808284850623909e-08 3.74 0.0002275792874 1.6e-09
5.795139367034816589e-05 2.199443237428120312e+00 1.049762910532149318e-01 1.488562053806509618e-04 -3.147384183934056224e-05 -1.765533172260501515e-06 3.74 0.0002275792874 1.6e-09
7.130481905992390224e-06 4.983764416025995292e-01 -2.000522050198496465e-02 1.288205675117302669e-04 4.868423542534124646e-05 1.631117758445007159e-06 3.74 0.0002275792874 1.6e-09
-5.361042288147949131e-05 3.147608204467906567e+00 1.366363521660315106e-01 1.961637121536783800e-04 1.743682451247770927e-05 1.221586522021121301e-06 3.74 0.0002275792874 1.6e-09
4.325234357066104859e-05 3.741028215133449741e+00 1.915663754806318786e-01 2.275773792107777080e-04 -4.794323378261100325e-06 -1.137512639735269799e-07 3.74 0.0002275792874 1.6e-09
-5.274236923069741266e-05 2.028919489745528715e+00 9.811764844314246892e-02 1.409859286780053658e-04 -3.433745193454200179e-05 -2.146721884595456856e-06 3.74 0.0002275792874 1.6e-09
-1.066269032392621374e-05 5.799004498175364120e-01 -1.536568594166071514e-02 1.195746071658114744e-04 5.487347742934160674e-05 2.764924278011663821e-06 3.74 0.0002275792874 1.6e-09
6.912514395694838523e-05 3.247559538619477770e+00 1.562338228459028977e-01 2.013801903494580109e-04 1.593424044573982983e-05 1.157008560238398508e-06 3.74 0.0002275792874 1.6e-09
-2.806075091126117608e-05 3.721965474853524025e+00 2.009997908093226204e-01 2.265469038187085645e-04 -5.869101691373476042e-06 -2.513334556468400462e-07 3.74 0.0002275792874 1.6e-09
1.691639425567777582e-05 1.879794095784875330e+00 8.858881691980599604e-02 1.344045198084502669e-04 -3.684785416779297562e-05 -2.459714978989808661e-06 3.74 0.0002275792874 1.6e-09
-3.759751679855363065e-05 6.704985367269511443e-01 -8.184666148070464040e-03 1.132609826752863812e-04 5.686314320063616437e-05 3.416439709111449169e-06 3.74 0.0002275792874 1.6e-09
-5.678597753686176583e-05 3.318039422418895601e+00 1.697983201742771786e-01 2.050886502135318055e-04 1.467743154494298774e-05 1.065021859278415876e-06 3.74 0.0002275792874 1.6e-09
3.503142571166076481e-05 3.682210823504674657e+00 2.030682438755520292e-01 2.244235596354239560e-04 -6.960432031001371485e-06 -3.874483398883459752e-07 3.74 0.0002275792874 1.6e-09
2.202195013347538080e-05 1.703668860663219542e+00 7.396960050392764607e-02 1.271063884829062569e-04 -3.983891748594840126e-05 -2.742405042338926329e-06 3.74 0.0002275792874 1.6e-09
5.164328950256878188e-05 7.989195175001977400e-01 2.732427900462927259e-03 1.087605817142531380e-04 5.635227499227237353e-05 3.668118819491433961e-06 3.74 0.0002275792874 1.6e-09
-9.345965478447760221e-05 3.385460631629021222e+00 1.770414525663783212e-01 2.086616127838891829e-04 1.322126426032578105e-05 9.191418767672732406e-07 3.74 0.0002275792874 1.6e-09
-1.047426707958627252e-04 3.613458803474114411e+00 1.957364794474640290e-01 2.207672051587692005e-04 -8.380540610031326021e-06 -5.336027672297614380e-07 3.74 0.0002275792874 1.6e-09
-2.713251723779396422e-05 1.458341926544340694e+00 5.201375220542296673e-02 1.180808031844879342e-04 -4.423417383839156820e-05 -3.011822097743312614e-06 3.74 0.0002275792874 1.6e-09
3.642681350528029010e-05 1.008893062651671446e+00 2.023952291835197023e-02 1.077899666062904458e-04 5.292475459101773298e-05 3.482554133849462526e-06 3.74 0.0002275792874 1.6e-09
-7.718344008084886089e-06 3.467234346530297273e+00 1.777883375109273467e-01 2.130070293768724916e-04 1.134208177138778127e-05 6.995889999505348163e-07 3.74 0.0002275792874 1.6e-09
8.588131056360773512e-05 3.515832659827167639e+00 1.775718471080439120e-01 2.155859625638041253e-04 -1.031969315388633157e-05 -6.939769603978214196e-07 3.74 0.0002275792874 1.6e-09
5.001569724021647846e-05 1.149477421562366430e+00 2.442742336294431021e-02 1.097277111650176779e-04 -5.022081287082112711e-05 -3.163688833915683621e-06 3.74 0.0002275792874 1.6e-09
-2.869595552465498031e-05 1.309195220622797917e+00 4.569019933393009270e-02 1.135265553873251565e-04 4.701929706273369686e-05 3.021177286205211473e-06 3.74 0.0002275792874 1.6e-09
3.037800557116584940e-05 3.564281490962661003e+00 1.772858976103887096e-01 2.181622066555211352e-04 9.237393656369213748e-06 4.370008081991816786e-07 3.74 0.0002275792874 1.6e-09
-8.614485913902131232e-05 3.412398560474540155e+00 1.549907359681179098e-01 2.101027612632464122e-04 -1.245925285918434959e-05 -8.690330410645629293e-07 3.74 0.0002275792874 1.6e-09
-3.789300309203428978e-05 8.704059712773117852e-01 2.331493941789084131e-04 1.077682325681636770e-04 -5.537025534982005796e-05 -2.925215986520424384e-06 3.74 0.0002275792874 1.6e-09
9.013006212031902671e-06 1.615129336184400577e+00 7.310573381461595022e-02 1.237061768590844092e-04 4.129556041812502292e-05 2.592707857431912041e-06 3.74 0.0002275792874 1.6e-09
3.467442663673310369e-05 3.650231224977115829e+00 1.807286798991722676e-01 2.227325936157098182e-04 7.363664485441237389e-06 2.086329952320838987e-07 3.74 0.0002275792874 1.6e-09
-4.190321027631977542e-05 3.318127320540750880e+00 1.377772040161459044e-01 2.051141312491460203e-04 -1.441590742207510762e-05 -1.045670919451771446e-06 3.74 0.0002275792874 1.6e-09
-4.793750373466506984e-05 6.826720552554310650e-01 -1.457782598458636815e-02 1.127433456363111721e-04 -5.678133652023872858e-05 -2.220180056843106113e-06 3.74 0.0002275792874 1.6e-09
-1.322517403616994898e-05 1.860744653939563120e+00 9.467581609688285882e-02 1.336257955574443666e-04 3.703857798051789110e-05 2.261174120068539981e-06 3.74 0.0002275792874 1.6e-09
2.348559900555464709e-05 3.705204725296113999e+00 1.835421758395993364e-01 2.256666774854989795e-04 5.827157398224365184e-06 4.144956463541757172e-08 3.74 0.0002275792874 1.6e-09
-8.868878676723671636e-05 3.217325877347011698e+00 1.247224984242244344e-01 1.998161426319546539e-04 -1.620565263743025520e-05 -1.192182730578304997e-06 3.74 0.0002275792874 1.6e-09
3.065255290383195509e-06 5.576378930781381582e-01 -2.175945749030898380e-02 1.218255367489550628e-04 -5.349586168313890636e-05 -1.154999615517586615e-06 3.74 0.0002275792874 1.6e-09
-3.096503746516335607e-05 2.070291002579037531e+00 1.075549043115616443e-01 1.428918837384854108e-04 3.352679705379700461e-05 1.923624774439913307e-06 3.74 0.0002275792874 1.6e-09
9.569040034458884704e-05 3.731044619011783858e+00 1.787254164840179071e-01 2.270618021715721687e-04 4.298916756152623315e-06 -8.572289593554020970e-08 3.74 0.0002275792874 1.6e-09
9.174480632418323867e-05 3.075259698067431380e+00 1.090114513207669361e-01 1.924239500812426258e-04 -1.834194783240452892e-05 -1.289324777428632630e-06 3.74 0.0002275792874 1.6e-09
-6.397432175868347976e-05 4.614976624420800699e-01 -2.324781824987825346e-02 1.347271161672015222e-04 -4.231691099771429660e-05 4.048199541592914144e-07 3.74 0.0002275792874 1.6e-09
-1.402948340114212400e-06 2.300321256450510443e+00 1.106700494197654649e-01 1.536581379194938441e-04 2.973821517276807394e-05 1.466007951390134867e-06 3.74 0.0002275792874 1.6e-09
-5.038148192847536846e-05 3.734868213338102372e+00 1.590692034233743279e-01 2.272926367170130220e-04 2.357123479131013121e-06 -2.055840948420827213e-07 3.74 0.0002275792874 1.6e-09
5.669990851912026677e-05 2.850544887654676174e+00 8.311121254354487953e-02 1.808947948763058283e-04 -2.149032165551202568e-05 -1.310678579291699421e-06 3.74 0.0002275792874 1.6e-09
-1.909703267488452688e-05 3.991897188435169497e-01 -1.873557852691597886e-02 1.476665911296543053e-04 -1.594545696498576954e-05 2.624397870283427730e-06 3.74 0.0002275792874 1.6e-09
-1.700560940734440211e-05 2.587357471927242969e+00 1.070505592642817805e-01 1.676622717888517954e-04 2.529450971618510795e-05 9.088314710203408693e-07 3.74 0.0002275792874 1.6e-09
-6.922237171131866249e-05 3.734046505210734779e+00 1.257585134227691137e-01 2.272627757797693023e-04 -1.224466263120977906e-07 -3.459634780459304931e-07 3.74 0.0002275792874 1.6e-09
-7.536740334587540180e-05 2.556812436027017021e+00 4.717905861059244754e-02 1.661486091247880667e-04 -2.577651147175971256e-05 -1.227411504339987279e-06 3.74 0.0002275792874 1.6e-09
3.309258117537396056e-05 4.028961134537853428e-01 -8.902206644847792533e-03 1.466900266896284193e-04 2.000745588571597094e-05 4.423566515730207690e-06 3.74 0.0002275792874 1.6e-09
-7.597310135697984230e-05 2.880297148944585217e+00 1.072798124540959297e-01 1.824013372937912628e-04 2.116618988290452555e-05 5.010667997457899660e-07 3.74 0.0002275792874 1.6e-09
3.455177913375310854e-05 3.746451974911182869e+00 1.014181784064602937e-01 2.279037231007838976e-04 -2.479193455291904488e-06 -4.787727887147938926e-07 3.74 0.0002275792874 1.6e-09
-1.675894200278000074e-05 2.299157466936801342e+00 1.969732002231585483e-02 1.535858106110078161e-04 -2.991507150563940269e-05 -1.136316345094804933e-06 3.74 0.0002275792874 1.6e-09
2.441619290890730464e-06 4.625341492730427051e-01 1.249370256434511293e-03 1.344194503517714338e-04 4.294176294285501864e-05 4.669898261399475461e-06 3.74 0.0002275792874 1.6e-09
-9.118665257081086915e-05 3.084057762222445209e+00 1.076812269253115684e-01 1.928655627357431668e-04 1.840581383499607519e-05 3.045522718966416454e-07 3.74 0.0002275792874 1.6e-09
6.122423055542938460e-05 3.751545645286868069e+00 9.000548575482517077e-02 2.281481381665512371e-04 -4.154790363149367798e-06 -5.413149803161895977e-07 3.74 0.0002275792874 1.6e-09
2.800101627375073729e-05 2.111978180255280613e+00 7.099778719249650455e-03 1.447721793899333438e-04 -3.307164643979693081e-05 -1.082767433975961056e-06 3.74 0.0002275792874 1.6e-09
1.953885431529377539e-05 5.384559385785318009e-01 8.053431033888404020e-03 1.237647990844375654e-04 5.246588389242062708e-05 4.049909676290195098e-06 3.74 0.0002275792874 1.6e-09
2.368111969107317995e-05 3.205190583549883065e+00 1.011104714307992786e-01 1.991636883968443336e-04 1.667287231126599132e-05 2.067221743069516498e-07 3.74 0.0002275792874 1.6e-09
-2.054822107632870538e-05 3.738818318506491600e+00 8.002787149168394398e-02 2.274526329771039490e-04 -5.339373802049473197e-06 -5.312985443925029036e-07 3.74 0.0002275792874 1.6e-09
-3.412187430232845942e-05 1.957344842549642916e+00 1.660932112196427226e-03 1.377862014984876393e-04 -3.566367793017374317e-05 -1.002074504236792672e-06 3.74 0.0002275792874 1.6e-09
6.845418006943687899e-07 6.224476522282129665e-01 1.160426259602174298e-02 1.162223085832992531e-04 5.614807632747732986e-05 3.111195290206424921e-06 3.74 0.0002275792874 1.6e-09
6.751293362863440475e-05 3.286371244237958678e+00 8.611949493030796043e-02 2.034229400966661811e-04 1.532121593408231587e-05 1.354324699039846884e-07 3.74 0.0002275792874 1.6e-09
-1.067161377580624166e-05 3.705280707051895828e+00 6.568903942508121097e-02 2.256578407775768037e-04 -6.447408477051708431e-06 -4.688566690764525763e-07 3.74 0.0002275792874 1.6e-09
-6.373050866080487062e-05 1.785444809175463110e+00 -1.852793807591297370e-03 1.304324210634367630e-04 -3.854285534903031067e-05 -8.530563173284056560e-07 3.74 0.0002275792874 1.6e-09
-9.080243257833040395e-06 7.374503195145845069e-01 1.318632635228658527e-02 1.104299216113728657e-04 5.690352431549784544e-05 2.025770485821708065e-06 3.74 0.0002275792874 1.6e-09
-7.015425679287066530e-05 3.359031417187296586e+00 6.261563699447089681e-02 2.072630187885818938e-04 1.387796218889290190e-05 5.164819208864535494e-08 3.74 0.0002275792874 1.6e-09
8.709185736256687058e-05 3.645086611543599808e+00 4.409505643651883550e-02 2.224518543565930963e-04 -7.821686497408687091e-06 -3.695208962661065282e-07 3.74 0.0002275792874 1.6e-09
-3.976445070153069661e-05 1.553873318699734885e+00 -5.873744490277018823e-03 1.214156192573143881e-04 -4.259513087073481653e-05 -5.879965563548269969e-07 3.74 0.0002275792874 1.6e-09
1.309292407505750742e-05 9.233916321624384693e-01 1.394859985865064961e-02 1.074858182034014802e-04 5.460772199532405540e-05 1.010597298453983245e-06 3.74 0.0002275792874 1.6e-09
-3.042248239693379430e-05 3.442102162946229171e+00 3.399208988572693935e-02 2.116703759187244102e-04 1.206835895363933116e-05 -5.873766638493184550e-08 3.74 0.0002275792874 1.6e-09
-9.357743732905994430e-05 3.557773265862634648e+00 1.633541559243689711e-02 2.178120310434236988e-04 -9.612624254795227755e-06 -2.573775273885751155e-07 3.74 0.0002275792874 1.6e-09
-2.384845321192272235e-07 1.258792525917785454e+00 -1.034402189030940097e-02 1.121679423218462709e-04 -4.818143388556086711e-05 -1.448032727389737087e-07 3.74 0.0002275792874 1.6e-09
-7.144276269698861194e-06 1.197864499356735113e+00 1.493615364744545551e-02 1.107272789342746567e-04 4.936474647713944377e-05 3.886215308864794699e-07 3.74 0.0002275792874 1.6e-09
-8.593925062802644846e-05 3.538306894837741190e+00 1.311503450994597718e-02 2.167779889741098284e-04 1.002274042830914277e-05 -1.523679915203523494e-07 3.74 0.0002275792874 1.6e-09
6.185958342356501194e-05 3.460359183365727453e+00 -5.383094333045863183e-03 2.126394821109184427e-04 -1.167529344672572596e-05 -1.825540425460216856e-07 3.74 0.0002275792874 1.6e-09
-1.761361456965692660e-06 9.709740155950172813e-01 -1.231693128948848151e-02 1.075448297911954715e-04 -5.378451221353063559e-05 3.911399439818339516e-07 3.74 0.0002275792874 1.6e-09
-3.653413019334221095e-05 1.498475453525631718e+00 1.624631497263723592e-02 1.194635182909819685e-04 4.357682917910727012e-05 1.994291336990169685e-07 3.74 0.0002275792874 1.6e-09
3.613243130759722770e-05 3.627004528637984393e+00 9.421063355686487562e-03 2.214939775439747648e-04 8.109580620745062714e-06 -1.660753975610753065e-07 3.74 0.0002275792874 1.6e-09
-8.865615082521756277e-05 3.367118501002043907e+00 -8.941655474644462365e-03 2.076981293722326830e-04 -1.361737312541431947e-05 -1.660346621326969051e-07 3.74 0.0002275792874 1.6e-09
4.196064880164040149e-05 7.570628429479320243e-01 -1.038862636740538019e-02 1.098269607688943895e-04 -5.679189359157406656e-05 6.894077216101771990e-07 3.74 0.0002275792874 1.6e-09
-2.771611370504064288e-05 1.757165954663440832e+00 1.604644004927304607e-02 1.292993479325049472e-04 3.893616850137705077e-05 2.111308378769994153e-07 3.74 0.0002275792874 1.6e-09
-4.387042091982181624e-05 3.689096495202624837e+00 1.578226345259804014e-02 2.248060530363619526e-04 6.501426005836078605e-06 -1.039247492796711302e-07 3.74 0.0002275792874 1.6e-09
2.944010274734791825e-05 3.268180635337395223e+00 9.528505403731356554e-04 2.024833115929871902e-04 -1.544117640828721578e-05 -1.680494967428459864e-07 3.74 0.0002275792874 1.6e-09
4.105678833689243700e-05 6.079232547385680085e-01 -6.512293490910776167e-03 1.173767195607900576e-04 -5.568715150540262183e-05 5.524095030690590777e-07 3.74 0.0002275792874 1.6e-09
-4.282791769801075137e-05 1.980619998698388784e+00 1.197746435734400351e-02 1.388594993451658767e-04 3.512164796406119565e-05 2.458722707933327985e-07 3.74 0.0002275792874 1.6e-09
5.973772729752921607e-05 3.724522555145496128e+00 2.138946370274309727e-02 2.267096384861253672e-04 4.952153451670565083e-06 -3.143832823388971831e-09 3.74 0.0002275792874 1.6e-09
7.592682956934762779e-05 3.138264908626433591e+00 1.370938914470682876e-02 1.956963379087927485e-04 -1.746780414423031044e-05 -1.479163732443983228e-07 3.74 0.0002275792874 1.6e-09
-6.242816416431735250e-06 4.949728800771626691e-01 -2.926651464498583859e-03 1.294625124185756716e-04 -4.799239257688800052e-05 2.787624235244076971e-08 3.74 0.0002275792874 1.6e-09
-5.211628810917711394e-05 2.210796499588128405e+00 2.843198618291034596e-03 1.494101563842920120e-04 3.129752438608021480e-05 2.158108478816435342e-07 3.74 0.0002275792874 1.6e-09
3.101866970815960877e-05 3.738664820965572400e+00 1.856043660665993716e-02 2.274871796441504793e-04 3.129160096395050794e-06 9.502401528738146332e-08 3.74 0.0002275792874 1.6e-09
6.864015506262856998e-05 2.944194668706737517e+00 2.035668975046619339e-02 1.856772710567699430e-04 -2.023473876361454919e-05 -8.388709748623534237e-08 3.74 0.0002275792874 1.6e-09
