8.922117514612045819e-05 2.854914288589921245e+00 -3.473494784723614741e-05 1.810482882051519149e-04 -2.306849095530865774e-05 -6.704130697042690659e-10 3.93 0.00023773518194 1.6e-09
3.002856809996680971e-05 3.881817972091201607e-01 -8.817632310641222975e-04 1.499378051370939562e-04 -1.029327792809188165e-05 1.828260313871537781e-07 3.93 0.00023773518194 1.6e-09
2.063896382809923558e-05 2.685375977403272607e+00 -1.128875406947118729e-02 1.724717264183634998e-04 2.539457449872090504e-05 -8.406238805104234424e-08 3.93 0.00023773518194 1.6e-09
1.695300943794397541e-05 3.918323563892356809e+00 -1.298071676690921647e-02 2.371109341379421952e-04 1.303144484492919463e-06 3.198904211889648908e-08 3.93 0.00023773518194 1.6e-09
5.923434883093888859e-06 2.991461333914869236e+00 -5.888865700431246061e-03 1.880636271535773667e-04 -2.106191959879086454e-05 1.062309538459320509e-07 3.93 0.00023773518194 1.6e-09
-7.058637017962878998e-05 4.105539579636992564e-01 1.180801308703186697e-03 1.446343914249754786e-04 -2.787786483640488711e-05 -9.481492029517175842e-08 3.93 0.00023773518194 1.6e-09
-1.521249222145883953e-05 2.516177709082766611e+00 -2.613745488097723307e-02 1.640808102511405291e-04 2.764103354757258576e-05 -1.837449385835917200e-07 3.93 0.00023773518194 1.6e-09
-5.076697013509296787e-05 3.885499498797839291e+00 -2.720305209826626852e-02 2.353596567476562386e-04 2.357769487195774369e-06 1.032979222129361796e-07 3.93 0.00023773518194 1.6e-09
-8.495540158115833028e-06 3.068323329223487494e+00 -9.028534622109236907e-03 1.920625315773076222e-04 -1.973221478132403318e-05 2.417475512131620494e-07 3.93 0.00023773518194 1.6e-09
-2.036994533633606426e-05 4.383223661304180840e-01 4.424580141291663271e-03 1.389574963179710876e-04 -3.760562744575909644e-05 -6.561694547674113308e-07 3.93 0.00023773518194 1.6e-09
5.182198379175856514e-05 2.397389802714627649e+00 -3.879107580866162502e-02 1.583121915894626901e-04 2.918259378700915169e-05 -2.253524346060098325e-07 3.93 0.00023773518194 1.6e-09
1.027676038571215061e-04 3.851831305841464825e+00 -3.409493127827423198e-02 2.335675656973602474e-04 2.959685158843673151e-06 2.085889775904027548e-07 3.93 0.00023773518194 1.6e-09
5.257282891984218072e-05 3.092259885258044960e+00 -4.057015022808135342e-03 1.933301579756105328e-04 -1.912550765613012959e-05 3.502129556416122469e-07 3.93 0.00023773518194 1.6e-09
1.551259080292462182e-05 4.537815011336866489e-01 7.876467885697709462e-03 1.362430561926190832e-04 -4.090107154252725337e-05 -1.491832386935849022e-06 3.93 0.00023773518194 1.6e-09
-7.767015758656255328e-05 2.345270475192932746e+00 -4.797514247847897012e-02 1.558293902430197718e-04 2.979127812197388317e-05 -1.852358075233055507e-07 3.93 0.00023773518194 1.6e-09
-6.396621026801419928e-06 3.826034173161236396e+00 -3.291704912281093187e-02 2.321996996311181125e-04 3.101246348679510206e-06 3.308972977618382878e-07 3.93 0.00023773518194 1.6e-09
-6.704351608194297004e-06 3.071305333113771852e+00 7.868564076297730053e-03 1.922677645107337527e-04 -1.918544928111931357e-05 4.157162830076952770e-07 3.93 0.00023773518194 1.6e-09
4.584120719498721141e-05 4.500272782084883127e-01 1.005336609193994458e-02 1.370888110299011689e-04 -3.937872242209361051e-05 -2.567835365903171397e-06 3.93 0.00023773518194 1.6e-09
4.228819598818906253e-05 2.359206266884370962e+00 -5.355369655401669149e-02 1.565321474674860017e-04 2.940668335628680217e-05 -7.210280185143540094e-08 3.93 0.00023773518194 1.6e-09
5.451468584125410968e-05 3.808063885325550402e+00 -2.558921865812267826e-02 2.312534231388934476e-04 2.759151389419258800e-06 4.498633667267262775e-07 3.93 0.00023773518194 1.6e-09
6.009731941470487462e-05 3.005878990047777588e+00 2.342360878665507989e-02 1.889072968634816448e-04 -1.992765647945760787e-05 4.334415949698025452e-07 3.93 0.00023773518194 1.6e-09
5.472131012210256547e-05 4.303603020742368113e-01 9.353641012338024044e-03 1.410681057871243660e-04 -3.274149231677384541e-05 -3.809264942534225571e-06 3.93 0.00023773518194 1.6e-09
6.266164264290323633e-05 2.435529295433267905e+00 -5.408456900191881134e-02 1.602559713849203797e-04 2.809745177637347155e-05 9.927366519912052692e-08 3.93 0.00023773518194 1.6e-09
6.114790119243354658e-05 3.795051373888564505e+00 -1.285570809377268794e-02 2.305738987286470344e-04 1.944221984232042213e-06 5.425303875607410016e-07 3.93 0.00023773518194 1.6e-09
9.021280195595605207e-05 2.891673379791459997e+00 3.979145915450578441e-02 1.830641938136910426e-04 -2.139975999522555504e-05 3.857136071990198002e-07 3.93 0.00023773518194 1.6e-09
-2.800197256930340092e-05 4.065003255731716170e-01 4.562755538526402227e-03 1.464583430336422083e-04 -1.937211257136321827e-05 -4.967034429843501138e-06 3.93 0.00023773518194 1.6e-09
-3.822841859759113349e-05 2.568003988462855602e+00 -4.568023376539823155e-02 1.667810872804098294e-04 2.600592634340123682e-05 3.288059747252117139e-07 3.93 0.00023773518194 1.6e-09
-6.072812507706460989e-05 3.785953606883383671e+00 8.157639974055903159e-03 2.301004059175778800e-04 7.051155247330354609e-07 5.878731673549115525e-07 3.93 0.00023773518194 1.6e-09
-7.708285627719206037e-05 2.732595101653273240e+00 5.661561223273772758e-02 1.750065611657773777e-04 -2.357313089554716765e-05 2.255131869261979986e-07 3.93 0.00023773518194 1.6e-09
3.814596986691400201e-05 3.954559826350325102e-01 -4.153171040717086593e-03 1.491758902601021631e-04 3.722775464371844497e-07 -5.516128292146136199e-06 3.93 0.00023773518194 1.6e-09
4.276043300289096582e-05 2.736454968990510217e+00 -2.455906473422358668e-02 1.752016762341658236e-04 2.351500347071557116e-05 6.167253336437078255e-07 3.93 0.00023773518194 1.6e-09
2.475524976119907746e-05 3.785285512782937456e+00 4.181041981152701370e-02 2.300647689610828901e-04 -7.466114033460729333e-07 5.829600633970985124e-07 3.93 0.00023773518194 1.6e-09
-7.380279830937656687e-05 2.562771432876416622e+00 7.614595992105152589e-02 1.665229256188020400e-04 -2.606498977164681019e-05 -9.775881580966813955e-08 3.93 0.00023773518194 1.6e-09
1.145850579633698096e-05 4.070862315969154266e-01 -1.426299733603596936e-02 1.462262321077147814e-04 2.013915539569446569e-05 -5.098048647640822044e-06 3.93 0.00023773518194 1.6e-09
-6.054211900007150609e-07 2.896976456187966953e+00 5.955637058213423402e-03 1.833326674802757215e-04 2.133448490109912129e-05 9.139495798302519636e-07 3.93 0.00023773518194 1.6e-09
5.379388113028187480e-05 3.797167507503547590e+00 8.435416635526801765e-02 2.306845050533180310e-04 -1.967819972436513406e-06 5.490800828845212725e-07 3.93 0.00023773518194 1.6e-09
-2.340152018975184061e-05 2.438396867129090317e+00 9.829129693211670349e-02 1.603896984475116716e-04 -2.805383708838625516e-05 -5.355891383936911632e-07 3.93 0.00023773518194 1.6e-09
-5.531427514180257672e-05 4.290984261878835193e-01 -2.237179745308557482e-02 1.411569022769146699e-04 3.260496390336028164e-05 -4.164435073802580613e-06 3.93 0.00023773518194 1.6e-09
-5.590226830307476588e-05 3.006942140132816021e+00 3.855480835320602984e-02 1.889489406443709148e-04 2.000410455116660347e-05 1.172482443909296800e-06 3.93 0.00023773518194 1.6e-09
5.933220998759039294e-05 3.820029578734803977e+00 1.270727057778571201e-01 2.318855829046564889e-04 -2.618420238911806543e-06 5.059811399788004474e-07 3.93 0.00023773518194 1.6e-09
5.760862796554427781e-05 2.396646994039270950e+00 1.206129281653217089e-01 1.583195386815087688e-04 -2.888487223177544676e-05 -9.560949020824988662e-07 3.93 0.00023773518194 1.6e-09
2.032640721657985147e-05 4.384805177331712045e-01 -2.702100426543663919e-02 1.390315902844012374e-04 3.664684498616353314e-05 -3.391548706393539895e-06 3.93 0.00023773518194 1.6e-09
-1.318615206002834533e-05 3.051662760419308285e+00 6.947339103722435794e-02 1.912245059162984216e-04 1.966661381735715941e-05 1.402048546895166234e-06 3.93 0.00023773518194 1.6e-09
-9.224991807162707968e-05 3.853493025701469232e+00 1.668234149848139558e-01 2.336562753402840475e-04 -2.572698384942145446e-06 4.668523504399627593e-07 3.93 0.00023773518194 1.6e-09
-2.494854306157440386e-05 2.450066722471655911e+00 1.436555465140564869e-01 1.608706328094296634e-04 -2.831207443711065286e-05 -1.268262278475904357e-06 3.93 0.00023773518194 1.6e-09
6.053055098651992339e-05 4.243866191512973840e-01 -2.859050773150535740e-02 1.416312317933746145e-04 3.290656807384026672e-05 -3.154329579447456441e-06 3.93 0.00023773518194 1.6e-09
8.183347370415648128e-06 3.027669748972218855e+00 9.656520681910064907e-02 1.899465826546344201e-04 2.033092037084903577e-05 1.633021047755320541e-06 3.93 0.00023773518194 1.6e-09
9.806219916285595004e-06 3.894737308521600827e+00 2.033219194014030951e-01 2.358488066262594480e-04 -1.862836627587860946e-06 4.464949857324394487e-07 3.93 0.00023773518194 1.6e-09
-2.326770643271570266e-05 2.593779715679358056e+00 1.691333523728090205e-01 1.679075815468736082e-04 -2.646230082895810346e-05 -1.439114882061628319e-06 3.93 0.00023773518194 1.6e-09
-3.172084914771506193e-05 3.978028844890920679e-01 -2.767943384695146711e-02 1.474483366143149827e-04 1.968789318328872340e-05 -3.660039088827652857e-06 3.93 0.00023773518194 1.6e-09
8.327301386514931775e-05 2.925605600301864229e+00 1.159332166580380741e-01 1.846620806996902993e-04 2.198338920322260470e-05 1.885114360283573248e-06 3.93 0.00023773518194 1.6e-09
-2.648785022510016194e-05 3.925865366502203635e+00 2.338584221991396317e-01 2.375074348150017409e-04 -6.023647096222681333e-07 4.550864231767849631e-07 3.93 0.00023773518194 1.6e-09
6.905450763233008521e-05 2.786534830776760341e+00 1.949204397828216972e-01 1.775624816216311993e-04 -2.390487970483333186e-05 -1.486902796500709641e-06 3.93 0.00023773518194 1.6e-09
-4.828188969747319279e-05 3.863066420891172470e-01 -2.461166324099086505e-02 1.503155875727522125e-04 -2.541505176170644392e-06 -4.721895768386538778e-06 3.93 0.00023773518194 1.6e-09
-5.039094890336308136e-06 2.749251180721416166e+00 1.239870491444124145e-01 1.756790269951354934e-04 2.442326860421568894e-05 2.156923925751407921e-06 3.93 0.00023773518194 1.6e-09
-4.650551694865828073e-06 3.920057967258119280e+00 2.541791153845454065e-01 2.371967147824226871e-04 8.420586756133732662e-07 4.848595872857929921e-07 3.93 0.00023773518194 1.6e-09
5.550147788304643092e-05 2.948950945490885545e+00 2.144316361875636123e-01 1.858635651330951659e-04 -2.156268061705428097e-05 -1.481079320633742051e-06 3.93 0.00023773518194 1.6e-09
2.443559410714617861e-05 4.039157815106134142e-01 -2.080071978269752014e-02 1.460739257685991321e-04 -2.353422798034159079e-05 -5.523347491351947828e-06 3.93 0.00023773518194 1.6e-09
-2.663712086299328162e-05 2.558332257423754363e+00 1.260498933313018988e-01 1.661538386708129929e-04 2.691607578301036813e-05 2.432203322101862238e-06 3.93 0.00023773518194 1.6e-09
-6.997349981655063102e-05 3.883903796176119805e+00 2.675525819723633125e-01 2.352682387920573197e-04 2.051700799246789212e-06 5.082980150511793896e-07 3.93 0.00023773518194 1.6e-09
5.868080861101226909e-05 3.040167668610519236e+00 2.261851191936559147e-01 1.905965364694788282e-04 -1.999755566376852271e-05 -1.501417258932115567e-06 3.93 0.00023773518194 1.6e-09
2.737855688647250420e-05 4.325554104182252058e-01 -1.870375518325270020e-02 1.400397174809799613e-04 -3.539592004566233908e-05 -5.692717302690168392e-06 3.93 0.00023773518194 1.6e-09
-4.438156822870899362e-05 2.421206676314270112e+00 1.307062624356292724e-01 1.594636165612401475e-04 2.866244498071259390e-05 2.671320327422324582e-06 3.93 0.00023773518194 1.6e-09
8.770870400418458699e-05 3.844200674192610023e+00 2.795559245441917584e-01 2.331552587381967474e-04 2.747834992085004056e-06 4.930582761641158519e-07 3.93 0.00023773518194 1.6e-09
5.201011403846799819e-05 3.067552031827414538e+00 2.319312807499374629e-01 1.920459894193966279e-04 -1.928108704277125244e-05 -1.588539436902479752e-06 3.93 0.00023773518194 1.6e-09
4.745682479529822299e-06 4.491630331869704840e-01 -1.984187807807184789e-02 1.370584963941758061e-04 -3.934305248011535220e-05 -5.359187307961702666e-06 3.93 0.00023773518194 1.6e-09
4.202268875017157253e-05 2.361385892481157711e+00 1.407514875165048196e-01 1.566093888723424940e-04 2.930875802243553931e-05 2.818624316598752459e-06 3.93 0.00023773518194 1.6e-09
-1.078113931618507744e-04 3.812800706207039703e+00 2.902014966851750311e-01 2.314906416225914775e-04 2.904688798816497971e-06 4.215034281649032361e-07 3.93 0.00023773518194 1.6e-09
4.724536611255500553e-05 3.040653141864772646e+00 2.306770038865832984e-01 1.906826705149859973e-04 -1.937323546535251020e-05 -1.741723671168685960e-06 3.93 0.00023773518194 1.6e-09
-6.498971919174676239e-06 4.440399802216101754e-01 -2.399299849961792491e-02 1.382125362997660141e-04 -3.729042466511481746e-05 -4.494648079873892941e-06 3.93 0.00023773518194 1.6e-09
-2.283455714170770634e-06 2.379850960959507322e+00 1.554215400368683109e-01 1.575377070300216804e-04 2.880611448642100971e-05 2.818267146230505425e-06 3.93 0.00023773518194 1.6e-09
-1.420827894869333062e-05 3.789766684430267318e+00 2.965841131670093889e-01 2.302778011127231740e-04 2.469402349417696902e-06 2.881539994780001180e-07 3.93 0.00023773518194 1.6e-09
-6.477681270056751916e-06 2.957835607693931834e+00 2.199882493862908017e-01 1.864419273592698057e-04 -2.030727751685246552e-05 -1.947691998395758344e-06 3.93 0.00023773518194 1.6e-09
-3.889521196201011768e-05 4.216383951270565866e-01 -2.914028961122725608e-02 1.429350877584787739e-04 -2.842778908365978642e-05 -2.818779005075359657e-06 3.93 0.00023773518194 1.6e-09
-6.491190013349751298e-05 2.474634862002823787e+00 1.725879865649840306e-01 1.621791781206475787e-04 2.718624744083105620e-05 2.626065168548390310e-06 3.93 0.00023773518194 1.6e-09
8.982682153367931824e-05 3.773193311318789878e+00 2.949880006978735647e-01 2.294115984087001991e-04 1.450452255727956680e-06 9.513983599753024145e-08 3.93 0.00023773518194 1.6e-09
-8.121285780829879330e-05 2.815151082540757077e+00 1.976506669646267700e-01 1.791790513446698489e-04 -2.216524349724207239e-05 -2.181483896081749924e-06 3.93 0.00023773518194 1.6e-09
5.256639338845534005e-05 3.997174151438024903e-01 -3.164911877986276156e-02 1.481016500379363850e-04 -1.089029832705689278e-05 -6.604749372345036122e-08 3.93 0.00023773518194 1.6e-09
-8.046354488364859594e-05 2.634528913692334662e+00 1.893910750079149941e-01 1.700970599585313798e-04 2.472867089858032363e-05 2.249739011815797747e-06 3.93 0.00023773518194 1.6e-09
9.628978091680100420e-06 3.766906618603901968e+00 2.831935633290540988e-01 2.290853636066354890e-04 4.479972986832948019e-09 -1.407040302593008893e-07 3.93 0.00023773518194 1.6e-09
7.695599579653314730e-05 2.634973778979586179e+00 1.649545840646597927e-01 1.701186673203093896e-04 -2.474740723681950099e-05 -2.381970506662266021e-06 3.93 0.00023773518194 1.6e-09
6.242305414001250946e-05 3.998188048264837424e-01 -2.826117511926075701e-02 1.480413214098985479e-04 1.158145415230399643e-05 3.176901379871884522e-06 3.93 0.00023773518194 1.6e-09
-7.555754356173014017e-05 2.816720995697783891e+00 2.031643463864183097e-01 1.792557860213959378e-04 2.219289349532195337e-05 1.800048168011939512e-06 3.93 0.00023773518194 1.6e-09
-1.207302144068483050e-06 3.777817805351969760e+00 2.644385960366945065e-01 2.296579914739486504e-04 -1.428367690674703098e-06 -3.785154555307034186e-07 3.93 0.00023773518194 1.6e-09
-4.365455281431035261e-05 2.481110971051211145e+00 1.298187791927002677e-01 1.624939426947486962e-04 -2.717271223718254505e-05 -2.469630087987345243e-06 3.93 0.00023773518194 1.6e-09
-4.965780548102861262e-05 4.207441451059971138e-01 -2.015612931542701963e-02 1.430191208694313603e-04 2.853986309933534139e-05 5.593496608839297290e-06 3.93 0.00023773518194 1.6e-09
-2.399765468546913392e-05 2.958909821513027172e+00 2.110554741507034704e-01 1.864887395865836065e-04 2.042538448057656237e-05 1.412700828248028694e-06 3.93 0.00023773518194 1.6e-09
1.140058243550163137e-04 3.803152207927314787e+00 2.441025644962479813e-01 2.309898283279296241e-04 -2.350938988874411793e-06 -5.691008286520163363e-07 3.93 0.00023773518194 1.6e-09
1.195877866087435468e-05 2.408362477891393461e+00 1.005664860946309802e-01 1.589051025004528249e-04 -2.854445822286882489e-05 -2.418110523809493224e-06 3.93 0.00023773518194 1.6e-09
-2.082210528816725152e-05 4.368789189968214082e-01 -1.228277579721056417e-02 1.394291434226047890e-04 3.569803091230701867e-05 6.921022916757374517e-06 3.93 0.00023773518194 1.6e-09
2.948516685776479424e-05 3.031266415090808408e+00 2.105317975835203081e-01 1.901797238085343859e-04 1.975539289636358577e-05 1.124651765882487893e-06 3.93 0.00023773518194 1.6e-09
-3.785175112493768666e-05 3.840109815243090807e+00 2.229157860476659869e-01 2.329444440353596536e-04 -2.520969637652876434e-06 -6.881537125863545839e-07 3.93 0.00023773518194 1.6e-09
2.888010006743186079e-06 2.437998538696745321e+00 7.898328973857060564e-02 1.602948683626656892e-04 -2.841896716096357835e-05 -2.239681555503472179e-06 3.93 0.00023773518194 1.6e-09
2.506170061431943138e-06 4.289822846697444181e-01 -8.524431130397048043e-03 1.407354580344507135e-04 3.414001244978693748e-05 7.676961070084352583e-06 3.93 0.00023773518194 1.6e-09
-4.657450564905936500e-05 3.029626915120456232e+00 1.998520142802309441e-01 1.900526576692604299e-04 2.020659882626234938e-05 9.046712120732203500e-07 3.93 0.00023773518194 1.6e-09
8.121778995239087285e-05 3.888378377734559077e+00 1.976734100291749341e-01 2.355101464417062277e-04 -1.943176614901202358e-06 -7.406604758443860144e-07 3.93 0.00023773518194 1.6e-09
2.246499590782206129e-05 2.572928194438922400e+00 6.153398631896976612e-02 1.668776981179412311e-04 -2.678843853307476416e-05 -1.954454590054662327e-06 3.93 0.00023773518194 1.6e-09
3.504119384221284194e-05 4.020550543195733906e-01 -9.952123051498422066e-03 1.464303910427249130e-04 2.253008004890930355e-05 8.074898300146349239e-06 3.93 0.00023773518194 1.6e-09
3.504071421228068309e-05 2.943986084992416874e+00 1.753247541198793558e-01 1.856011411116946768e-04 2.178177993174785441e-05 6.960297021492878072e-07 3.93 0.00023773518194 1.6e-09
7.307467517990380622e-05 3.933697646019544969e+00 1.612941662131412990e-01 2.379264437498396743e-04 -6.824127553542848929e-07 -7.432472495822495097e-07 3.93 0.00023773518194 1.6e-09
7.840471787584073920e-05 2.782849517882765245e+00 4.046677008156321365e-02 1.773703507299601750e-04 -2.411278878529759915e-05 -1.579748817591680722e-06 3.93 0.00023773518194 1.6e-09
5.819516864415604120e-05 3.858832656364751812e-01 -1.494522229412798345e-02 1.503569344916383496e-04 -6.621236062106222138e-07 7.725769437395537060e-06 3.93 0.00023773518194 1.6e-09
8.248054642839626092e-05 2.764283917629772880e+00 1.350564483704176921e-01 1.764261578609212830e-04 2.438930162069540976e-05 4.500066977640662555e-07 3.93 0.00023773518194 1.6e-09
-6.336228837616269215e-05 3.939849734529957015e+00 1.095098079155934490e-01 2.382546838253634942e-04 9.148550320674506685e-07 -7.081463395967640457e-07 3.93 0.00023773518194 1.6e-09
3.256778942706928899e-05 2.976486034956852933e+00 1.006105926467474113e-02 1.872680142132347931e-04 -2.145082934391534014e-05 -1.151467689001857657e-06 3.93 0.00023773518194 1.6e-09
6.588345918679113585e-05 4.057399851045108141e-01 -1.921246633636339296e-02 1.455400037448790465e-04 -2.510484514011328348e-05 6.580834332604041408e-06 3.93 0.00023773518194 1.6e-09
-6.132522719027138345e-05 2.544510370363223473e+00 9.173757688764416773e-02 1.654561704345087331e-04 2.733714425357751032e-05 1.855931879207334194e-07 3.93 0.00023773518194 1.6e-09
-5.204386141561765918e-05 3.902149901817131727e+00 5.664252137651375196e-02 2.362426529864895385e-04 2.323690910122662378e-06 -6.421269860821052516e-07 3.93 0.00023773518194 1.6e-09
-4.166689212273618935e-05 3.087942488460671875e+00 -1.985627573179658475e-02 1.930627249649130009e-04 -1.960714457692950663e-05 -7.550231727559838528e-07 3.93 0.00023773518194 1.6e-09
5.448598992623339724e-05 4.439309083113113230e-01 -1.944670953795672383e-02 1.377387658484880762e-04 -3.904176928285116695e-05 5.404717112190800450e-06 3.93 0.00023773518194 1.6e-09
-5.631042378450935089e-05 2.377813997716478056e+00 5.622657859781463041e-02 1.573528523051952047e-04 2.953367262287528809e-05 -7.309943879537981831e-08 3.93 0.00023773518194 1.6e-09
-9.988531328900743104e-05 3.856345951128009819e+00 1.477424142732100890e-02 2.338032181421523833e-04 3.194192099387988611e-06 -5.549396274599410493e-07 3.93 0.00023773518194 1.6e-09
6.589880636112182080e-05 3.124647052622020915e+00 -4.037357875290399634e-02 1.950049155884812577e-04 -1.872827403788711673e-05 -4.295637691904611850e-07 3.93 0.00023773518194 1.6e-09
4.378294433978985962e-06 4.684614631485791714e-01 -1.560491082764005333e-02 1.336458007160327836e-04 -4.380012710004619356e-05 4.535893302021042530e-06 3.93 0.00023773518194 1.6e-09
-2.856820799663753048e-05 2.300645291459531006e+00 2.670867416804474648e-02 1.536938755557532184e-04 3.047090152176683655e-05 -3.202210709113341912e-07 3.93 0.00023773518194 1.6e-09
-1.134667838972793646e-04 3.821572226119497095e+00 -1.797227379142878056e-02 2.319588066223494710e-04 3.434473864245750896e-06 -4.467754985216245498e-07 3.93 0.00023773518194 1.6e-09
-6.987886900083466754e-05 3.103368164027417109e+00 -5.238615657947234827e-02 1.939312050336658780e-04 -1.870708800622570200e-05 -1.440246789187475385e-07 3.93 0.00023773518194 1.6e-09
-8.581726481416919103e-06 4.651322496541521190e-01 -8.818836870956629770e-03 1.344129381168926397e-04 -4.265568706564571409e-05 3.826133640813752750e-06 3.93 0.00023773518194 1.6e-09
-4.977541998944905188e-05 2.311837368015379646e+00 -1.486083025441270640e-03 1.542670188967652073e-04 3.010200653389547205e-05 -5.498854204530504662e-07 3.93 0.00023773518194 1.6e-09
5.189073655806930347e-05 3.799386439569761187e+00 -4.678731292258819785e-02 2.307909634482367494e-04 3.059512146400794293e-06 -3.163431414930788934e-07 3.93 0.00023773518194 1.6e-09
5.429336195964042539e-05 3.029131671431937178e+00 -5.926867255308215787e-02 1.901128619555696490e-04 -1.952932614725439833e-05 1.427730411773399204e-07 3.93 0.00023773518194 1.6e-09
3.001766728962858993e-05 4.389958500378310369e-01 -7.775640075720106296e-04 1.393539387563995390e-04 -3.568411906276857499e-05 2.983237857376928476e-06 3.93 0.00023773518194 1.6e-09
-2.252980056936126855e-05 2.401695798386164427e+00 -3.068154407556245716e-02 1.586207637668038666e-04 2.856269710727129017e-05 -7.454577400431401428e-07 3.93 0.00023773518194 1.6e-09
2.073736910241686537e-05 3.786974201033659782e+00 -7.489320728077267231e-02 2.301452752193157750e-04 2.142652195246711217e-06 -1.736705874658661138e-07 3.93 0.00023773518194 1.6e-09
9.181727806962561268e-05 2.903985647095003841e+00 -6.402154053654328381e-02 1.837007515636555682e-04 -2.115034433241048408e-05 4.525377390577718871e-07 3.93 0.00023773518194 1.6e-09
-2.305416067840918313e-05 4.086598358598733105e-01 6.018809346510622243e-03 1.459831150436872245e-04 -2.128525486899730286e-05 1.742004473731208002e-06 3.93 0.00023773518194 1.6e-09
-3.242321542642661377e-05 2.551727490848229696e+00 -5.740694262079466814e-02 1.659782606370861617e-04 2.621574843179420649e-05 -8.511488162482190229e-07 3.93 0.00023773518194 1.6e-09
-4.884613184975572237e-05 3.783109453360393726e+00 -9.833398065028337021e-02 2.299492012008644715e-04 8.205072421509524224e-07 -4.065556096592701369e-08 3.93 0.00023773518194 1.6e-09
-4.928749661643894170e-05 2.743408514789951180e+00 -6.607362048554107914e-02 1.755536726032011399e-04 -2.338532960228099892e-05 7.469147192041490501e-07 3.93 0.00023773518194 1.6e-09
-2.993029065758511073e-07 3.947834146448303549e-01 9.011612482838287155e-03 1.493665948903090304e-04 -1.026512505816081708e-06 1.440934103841845751e-07 3.93 0.00023773518194 1.6e-09
-4.397753297523419381e-05 2.726014090353860553e+00 -7.305273551371334328e-02 1.746706164862596715e-04 2.368161190631872513e-05 -7.916732323859131530e-07 3.93 0.00023773518194 1.6e-09
2.613866541367649042e-05 3.788430068964743214e+00 -1.053304626174491054e-01 2.302306132277344029e-04 -6.054719513512601870e-07 7.042850809105631004e-08 3.93 0.00023773518194 1.6e-09
4.021349522088983825e-05 2.584672869368207948e+00 -5.955503454755378678e-02 1.676025059911039820e-04 -2.576988915122869179e-05 9.103805562730234766e-07 3.93 0.00023773518194 1.6e-09
-4.644614226725977653e-06 4.035838040033140617e-01 7.351917601364417812e-03 1.470789783644204339e-04 1.810138112453322053e-05 -1.341802776086109710e-06 3.93 0.00023773518194 1.6e-09
-1.943314642837430363e-05 2.879907793872724220e+00 -7.444555772083250034e-02 1.824574789800990102e-04 2.159999601336213678e-05 -5.829974915486228927e-07 3.93 0.00023773518194 1.6e-09
-3.115524494929695936e-05 3.801580864324590081e+00 -9.172137114808882885e-02 2.309198019777694609e-04 -1.756724064575550519e-06 1.680050543449145279e-07 3.93 0.00023773518194 1.6e-09
3.467623914733917057e-05 2.467989993037779328e+00 -4.202767628438194847e-02 1.618299088334632107e-04 -2.765963087999013593e-05 8.728135195766212243e-07 3.93 0.00023773518194 1.6e-09
5.395417054344971565e-05 4.226380991179848889e-01 2.546286995372630275e-03 1.425719751342106574e-04 3.039723941565022192e-05 -2.356467806747313994e-06 3.93 0.00023773518194 1.6e-09
4.455221462604621371e-05 2.985786674146079900e+00 -6.613637905658405203e-02 1.878623085855498384e-04 2.029851259073441299e-05 -3.143023082665199854e-07 3.93 0.00023773518194 1.6e-09
-1.304673003604876714e-05 3.821375168391814015e+00 -6.551153183637978272e-02 2.319608827474668072e-04 -2.423834310207726926e-06 2.557420109597334581e-07 3.93 0.00023773518194 1.6e-09
5.403738647879377641e-05 2.417755689743131597e+00 -1.839786569575327033e-02 1.593473941439689859e-04 -2.861644063509766233e-05 6.848530840177638279e-07 3.93 0.00023773518194 1.6e-09
-4.960803402210736652e-05 4.337476659766139608e-01 -2.889138132389174139e-03 1.400457551748355526e-04 3.538953966693544396e-05 -2.942878660057451183e-06 3.93 0.00023773518194 1.6e-09
-6.818887217010448061e-05 3.036813313554966420e+00 -5.191475664195935313e-02 1.904653385116454589e-04 1.985049312374067152e-05 -4.295608831584789810e-08 3.93 0.00023773518194 1.6e-09
-4.846638526241420160e-05 3.849400720533135534e+00 -3.391479879779486784e-02 2.334437856531581526e-04 -2.520123587197673699e-06 3.249702325393480956e-07 3.93 0.00023773518194 1.6e-09
-1.664858623801071199e-05 2.445578231025566929e+00 6.767824911006621244e-03 1.606637161715928578e-04 -2.842191782966614559e-05 4.272660897229331322e-07 3.93 0.00023773518194 1.6e-09
4.137044486854928483e-05 4.263393707676103594e-01 -6.861635908925699939e-03 1.413407873412421965e-04 3.369264129238161312e-05 -3.291437132198911252e-06 3.93 0.00023773518194 1.6e-09
-3.332262331674995065e-05 3.030974188150262538e+00 -3.340707438029383303e-02 1.901317902331310335e-04 2.023897726297695467e-05 2.122450673094317340e-07 3.93 0.00023773518194 1.6e-09
1.243368512963045913e-05 3.885526973364985093e+00 -2.382206597366352016e-04 2.353638777651260354e-04 -2.038859613101883670e-06 3.681951030793370223e-07 3.93 0.00023773518194 1.6e-09
-7.932291669389274756e-05 2.553328250080271644e+00 3.175347531718797356e-02 1.659190135504957355e-04 -2.707639891293644568e-05 1.645185536187162607e-07 3.93 0.00023773518194 1.6e-09
-3.845714852490982695e-05 4.042169041806165097e-01 -8.206744065079443762e-03 1.460352822685077553e-04 2.436147736837914601e-05 -3.562079982489096913e-06 3.93 0.00023773518194 1.6e-09
-1.178074005187604832e-05 2.960785526852684590e+00 -1.418260217130604822e-02 1.864830678002548953e-04 2.149404572396473612e-05 4.337328238122886914e-07 3.93 0.00023773518194 1.6e-09
-5.639388375101211573e-05 3.919736686553592087e+00 3.095626816629665906e-02 2.371869399484755688e-04 -1.023816147421310235e-06 3.883139794902442953e-07 3.93 0.00023773518194 1.6e-09
3.597130361617913245e-05 2.720267687429092973e+00 5.446200214981794518e-02 1.742259663964068747e-04 -2.489959928979735941e-05 -4.260809323325198899e-08 3.93 0.00023773518194 1.6e-09
4.014694840780349552e-05 3.865649895508643796e-01 -6.860742275120261177e-03 1.503219019487992032e-04 6.326310188698440500e-06 -3.823435433208214880e-06 3.93 0.00023773518194 1.6e-09
-8.635143582528893088e-05 2.821510957403059017e+00 -1.613909349866409241e-03 1.793452401796631840e-04 2.353742714299897852e-05 5.919314751197505907e-07 3.93 0.00023773518194 1.6e-09
-3.450335686059424832e-05 3.929969053372706966e+00 5.181288254368588558e-02 2.377326442754165931e-04 2.862737730236534051e-07 4.030750208929320953e-07 3.93 0.00023773518194 1.6e-09
-8.267532154128305079e-05 2.888805352158962503e+00 7.063743440523662098e-02 1.827805862240720609e-04 -2.257110763220281392e-05 -1.471290865092702888e-07 3.93 0.00023773518194 1.6e-09
-1.677860548705215676e-05 3.921527102764689743e-01 -3.823985270548758107e-03 1.489473441650451184e-04 -1.476712120548754389e-05 -4.028737998774036547e-06 3.93 0.00023773518194 1.6e-09
-6.824679833953665997e-06 2.644095786102004020e+00 1.596826829466492861e-03 1.704114736200155805e-04 2.591475080073168133e-05 6.965255958233825295e-07 3.93 0.00023773518194 1.6e-09
-1.142832300661488881e-04 3.907958427437356441e+00 6.173414384359768303e-02 2.365579211648463111e-04 1.540631906231881864e-06 4.360122756898093305e-07 3.93 0.00023773518194 1.6e-09
3.762662525414848001e-05 3.004480866816962248e+00 8.081904932566311150e-02 1.887431368354840298e-04 -2.078561350470866287e-05 -1.702105378038387694e-07 3.93 0.00023773518194 1.6e-09
5.224468805160871314e-05 4.160391117183892540e-01 -5.602934437413174644e-04 1.434644225261923049e-04 -2.988444260463445529e-05 -4.211424154748347873e-06 3.93 0.00023773518194 1.6e-09
3.074918834122855854e-05 2.491115149917251692e+00 1.824634718265107872e-03 1.628631086189251224e-04 2.791082367162460090e-05 8.053461605136997426e-07 3.93 0.00023773518194 1.6e-09
-6.067244748576513559e-05 3.872465257860459253e+00 7.008420693274311497e-02 2.346665526442561151e-04 2.417147646560344005e-06 4.884877782851089493e-07 3.93 0.00023773518194 1.6e-09
9.530314763353781948e-05 3.057637496773631725e+00 9.116389027187353500e-02 1.915193170988827628e-04 -1.975893952594435783e-05 -1.866621067347895094e-07 3.93 0.00023773518194 1.6e-09
4.561897312877194319e-05 4.378431565444743656e-01 1.562373766975352300e-03 1.391283279040578832e-04 -3.691504606496010931e-05 -4.500713261471569172e-06 3.93 0.00023773518194 1.6e-09
-4.929961567797330838e-05 2.401357669485333357e+00 4.326307344855531006e-03 1.585199547050757151e-04 2.903071072344294633e-05 9.472967924461233880e-07 3.93 0.00023773518194 1.6e-09
1.039341152366450534e-04 3.840201840663401534e+00 8.224556209704757259e-02 2.329524017357818225e-04 2.786549331507620740e-06 5.418104241792600793e-07 3.93 0.00023773518194 1.6e-09
-3.718460429083972709e-06 3.056660614426628175e+00 1.036835395358014777e-01 1.914972452461588027e-04 -1.948647473896467498e-05 -2.434130158339751523e-07 3.93 0.00023773518194 1.6e-09
-9.277548225554009976e-06 4.431770925869895628e-01 1.317169308437823438e-03 1.382937257759641475e-04 -3.766281348829765189e-05 -4.888426230386170085e-06 3.93 0.00023773518194 1.6e-09
-7.077157728414964566e-05 2.383971932143985395e+00 1.087083650157240691e-02 1.577140206708034899e-04 2.909206041092370537e-05 1.107752289266032556e-06 3.93 0.00023773518194 1.6e-09
6.158768405385115245e-05 3.815529543124476675e+00 9.795249598240018951e-02 2.316479989050759781e-04 2.641184159567675594e-06 5.741720071760847430e-07 3.93 0.00023773518194 1.6e-09
1.746313020322673220e-05 3.004628621669547250e+00 1.161173185006829089e-01 1.888347566610594128e-04 -1.998082748452198950e-05 -3.566324081243134516e-07 3.93 0.00023773518194 1.6e-09
-1.233601037814388240e-05 4.299076326912885659e-01 -2.115579864253402595e-03 1.411016275703874244e-04 -3.266098395841383401e-05 -5.211275734526111479e-06 3.93 0.00023773518194 1.6e-09
5.381558564760876293e-05 2.438221270248408512e+00 2.247390238745208477e-02 1.603810174271734143e-04 2.807369015413330594e-05 1.254722701268785900e-06 3.93 0.00023773518194 1.6e-09
4.433501458806897460e-05 3.797039552956549713e+00 1.156856691926626962e-01 2.306768822483574576e-04 1.955893169354734732e-06 5.652354211854413042e-07 3.93 0.00023773518194 1.6e-09
-1.972050448662989423e-05 2.898341236232326423e+00 1.253561866604300801e-01 1.834012081750376478e-04 -2.128422438953330944e-05 -5.388756926892807455e-07 3.93 0.00023773518194 1.6e-09
-2.840265316498982059e-05 4.077983427046419918e-01 -8.607542304008487799e-03 1.461062457163426857e-04 -2.052425402154859626e-05 -5.118729880716061092e-06 3.93 0.00023773518194 1.6e-09
7.682507344617634328e-05 2.558750451451784258e+00 4.080301248498789668e-02 1.663223756530723399e-04 2.611571715726419379e-05 1.365564783330777106e-06 3.93 0.00023773518194 1.6e-09
8.143844148078103887e-05 3.784430176851342864e+00 1.354724752775702812e-01 2.300173036922491406e-04 7.736533859201329423e-07 5.006740525255695745e-07 3.93 0.00023773518194 1.6e-09
-7.277644817347695002e-05 2.742773002264706328e+00 1.299895346027412357e-01 1.755179632164774245e-04 -2.337391721633930587e-05 -8.080764387228122997e-07 3.93 0.00023773518194 1.6e-09
3.731143710143518830e-06 3.953549438853595777e-01 -1.637146976692619924e-02 1.491699656761235596e-04 -1.280188262534600635e-06 -4.169970643645100518e-06 3.93 0.00023773518194 1.6e-09
6.793530544401772729e-05 2.723515913855376169e+00 6.670385424860325596e-02 1.745489103762880366e-04 2.366045666225464225e-05 1.441045789702305325e-06 3.93 0.00023773518194 1.6e-09
-9.979163315877833047e-05 3.783002161904860827e+00 1.588007694785875112e-01 2.299415788256038208e-04 -6.316590839086433066e-07 3.877484671002649433e-07 3.93 0.00023773518194 1.6e-09
5.003468614871896058e-05 2.575949022515371389e+00 1.321732176880482390e-01 1.671732219877810829e-04 -2.581169269544643380e-05 -1.159366102817385662e-06 3.93 0.00023773518194 1.6e-09
5.047064432260822355e-05 4.047446201564430801e-01 -2.237560564921498366e-02 1.467586312387830934e-04 1.848956733408248603e-05 -2.472361972722623234e-06 3.93 0.00023773518194 1.6e-09
-7.516989696502133925e-05 2.882796323733953336e+00 9.617065222325969776e-02 1.826053267245019633e-04 2.149880519314974821e-05 1.489250545273074042e-06 3.93 0.00023773518194 1.6e-09
-5.178628150768555877e-05 3.796145792597067192e+00 1.837838393626351485e-01 2.306284376198309183e-04 -1.822527310337046782e-06 2.593245349278275602e-07 3.93 0.00023773518194 1.6e-09
-1.157371889558119957e-05 2.457164179713134722e+00 1.348422788380142512e-01 1.613024360851575629e-04 -2.771418008682026554e-05 -1.516752107207210139e-06 3.93 0.00023773518194 1.6e-09
-1.451392349897969564e-05 4.242246586029783106e-01 -2.505109214125206263e-02 1.421599831765434259e-04 3.093331655671099635e-05 -8.197823174190671023e-07 3.93 0.00023773518194 1.6e-09
6.562571017722294668e-05 2.990149720182024851e+00 1.230948589191043219e-01 1.880813409710488577e-04 2.019766258024729717e-05 1.524917250880405095e-06 3.93 0.00023773518194 1.6e-09
4.334863964786955537e-05 3.820744408799865433e+00 2.062975432139450838e-01 2.319222603626786483e-04 -2.433578954217570129e-06 1.464728092375473587e-07 3.93 0.00023773518194 1.6e-09
4.933324654088142968e-05 2.422589718589467367e+00 1.391712992395580661e-01 1.595748989693327314e-04 -2.845497061392879143e-05 -1.781105925694725181e-06 3.93 0.00023773518194 1.6e-09
6.570953305022420390e-05 4.314344348798653250e-01 -2.543423336841913948e-02 1.404185510903359726e-04 3.467783798655359510e-05 2.918881481959382095e-07 3.93 0.00023773518194 1.6e-09
8.945058084120424149e-05 3.030795115829527653e+00 1.441464756390218316e-01 1.901428194774855136e-04 1.992693635973980792e-05 1.569144767833726921e-06 3.93 0.00023773518194 1.6e-09
-5.064466219380587750e-05 3.855691786347901662e+00 2.246576610142102526e-01 2.337726442056482551e-04 -2.341316710953625036e-06 6.671730570849011659e-08 3.93 0.00023773518194 1.6e-09
-1.433360832012437575e-05 2.482922562139292300e+00 1.461736919214636221e-01 1.624743977689121447e-04 -2.781201414503181945e-05 -1.901920561705813811e-06 3.93 0.00023773518194 1.6e-09
-4.164209130691463742e-05 4.170051775888272139e-01 -2.522014623052504234e-02 1.431973537396120564e-04 3.026707452165808412e-05 7.489081391156071062e-07 3.93 0.00023773518194 1.6e-09
6.513431255213426971e-05 3.001357896245425927e+00 1.569555785734796372e-01 1.885859423748333986e-04 2.067297203884901723e-05 1.634896889931377152e-06 3.93 0.00023773518194 1.6e-09
-3.671736000764615871e-05 3.896884784744831798e+00 2.374599302699326731e-01 2.359633082161183759e-04 -1.587028698161646424e-06 2.940315926902308014e-08 3.93 0.00023773518194 1.6e-09
5.899878014374348366e-05 2.629740085740831290e+00 1.554743300384878735e-01 1.696964960696023300e-04 -2.595592144128629048e-05 -1.875104365376072365e-06 3.93 0.00023773518194 1.6e-09
4.393871916950969566e-05 3.933884216202787609e-01 -2.507851338530357049e-02 1.485520189202041723e-04 1.612737826624267292e-05 4.472540659464103071e-07 3.93 0.00023773518194 1.6e-09
3.351503405670226232e-05 2.893784485302505871e+00 1.580239527183407156e-01 1.830321330150643140e-04 2.239748633515505907e-05 1.720259106794272495e-06 3.93 0.00023773518194 1.6e-09
-8.520733267353369864e-05 3.924829634488591346e+00 2.409938956631246798e-01 2.374528783221988557e-04 -3.279038964588218814e-07 3.376799886898010797e-08 3.93 0.00023773518194 1.6e-09
7.872261896429381001e-05 2.816139634013323789e+00 1.626853577997805778e-01 1.790681200920046464e-04 -2.349663605966441444e-05 -1.739077736233725532e-06 3.93 0.00023773518194 1.6e-09
3.562617916066475245e-05 3.866858018176416167e-01 -2.443194773732841607e-02 1.502454538210600183e-04 -5.844943943954817456e-06 -4.908258232068151614e-07 3.93 0.00023773518194 1.6e-09
-2.565328413611333951e-05 2.718633311123454632e+00 1.472765109368633085e-01 1.741395639022339566e-04 2.481849661966342095e-05 1.813311419014505322e-06 3.93 0.00023773518194 1.6e-09
-7.238904041263196851e-05 3.915678337373976969e+00 2.338606439665080194e-01 2.369647705998943776e-04 1.053672964715193476e-06 6.316420224752196686e-08 3.93 0.00023773518194 1.6e-09
-3.613091773310563666e-05 2.964764718219422335e+00 1.628724049908032712e-01 1.866835851266536873e-04 -2.133782727651568586e-05 -1.572981724074271661e-06 3.93 0.00023773518194 1.6e-09
6.577851035189052854e-05 4.060249459407396233e-01 -2.298500582176331991e-02 1.456173720472036853e-04 -2.508416634474304292e-05 -1.342810969550827179e-06 3.93 0.00023773518194 1.6e-09
5.375521750358591851e-05 2.540289415468341971e+00 1.336209064252797951e-01 1.652711197109639170e-04 2.715229509031513250e-05 1.894960948712392263e-06 3.93 0.00023773518194 1.6e-09
-5.948352126661107206e-05 3.879926392018785641e+00 2.230358574136673266e-01 2.350596616838059733e-04 2.142594381604580229e-06 8.877373557224965196e-08 3.93 0.00023773518194 1.6e-09
7.731474338414117591e-05 3.041426386919231284e+00 1.580184414433006834e-01 1.906687945433741124e-04 -1.999660379678388909e-05 -1.451694784280832861e-06 3.93 0.00023773518194 1.6e-09
-5.149205171227951293e-05 4.312909900101564165e-01 -2.170430317439825396e-02 1.403479070346490797e-04 -3.510961324501110604e-05 -1.667462773824060438e-06 3.93 0.00023773518194 1.6e-09
-4.252768529291812343e-05 2.422580587289331788e+00 1.243919569850900075e-01 1.595412579551478793e-04 2.864798221699391508e-05 1.927273105561855919e-06 3.93 0.00023773518194 1.6e-09
-1.082750114260721137e-04 3.842587939602230662e+00 2.134560673257644980e-01 2.330751970792837332e-04 2.699124414962088783e-06 8.651781538582517323e-08 3.93 0.00023773518194 1.6e-09
2.723099432502218241e-05 3.052888550337191198e+00 1.504062455405911214e-01 1.912948753395311667e-04 -1.952453420132823107e-05 -1.396836353977980388e-06 3.93 0.00023773518194 1.6e-09
4.138844079665810328e-05 4.411533299146276343e-01 -2.140032116235063286e-02 1.386163619601163551e-04 -3.733017595009016735e-05 -1.480087149716724441e-06 3.93 0.00023773518194 1.6e-09
3.228922178840183476e-05 2.386888494040926290e+00 1.200727350031390306e-01 1.578528995244959520e-04 2.895638963820130010e-05 1.868337807563089291e-06 3.93 0.00023773518194 1.6e-09
7.938270694632471535e-06 3.813642009310345138e+00 2.037017633996044408e-01 2.315444502296035221e-04 2.643664259717677293e-06 4.800336977411941638e-08 3.93 0.00023773518194 1.6e-09
-4.661664788474616640e-05 3.005486299634991809e+00 1.388518670578519631e-01 1.888767926836826760e-04 -1.992476634569001888e-05 -1.390524445856018396e-06 3.93 0.00023773518194 1.6e-09
-6.135641410673167999e-05 4.297691332449757873e-01 -2.168889936222728396e-02 1.410999587366195253e-04 -3.278020545938353694e-05 -7.866119014560915488e-07 3.93 0.00023773518194 1.6e-09
1.292094162462448313e-06 2.434141796451917195e+00 1.184749748363679300e-01 1.601828360686795988e-04 2.805068376464532113e-05 1.687625819088478420e-06 3.93 0.00023773518194 1.6e-09
4.597888281759010770e-05 3.793179973159179319e+00 1.902857464542019317e-01 2.304702243844324017e-04 1.981087019193754551e-06 -2.699502680284022700e-08 3.93 0.00023773518194 1.6e-09
-1.572143721031007084e-05 2.898084973597454983e+00 1.211806128008936501e-01 1.833888081858837352e-04 -2.124565647698750047e-05 -1.404240995222220565e-06 3.93 0.00023773518194 1.6e-09
-1.867111353192161410e-05 4.073200831780320330e-01 -2.112441757001401466e-02 1.462039575832640081e-04 -2.036887177772902466e-05 4.849302519632036740e-07 3.93 0.00023773518194 1.6e-09
6.555520401918931090e-05 2.556991851612587130e+00 1.177616890863044108e-01 1.662371129979100886e-04 2.608008581149328812e-05 1.390471549795352811e-06 3.93 0.00023773518194 1.6e-09
1.136475112140558738e-04 3.781781699982890821e+00 1.713185242297907696e-01 2.298763781907289566e-04 7.776075494822449099e-07 -1.346346184948214325e-07 3.93 0.00023773518194 1.6e-09
-4.641520224709422997e-05 2.740167166761912299e+00 9.701040091194182424e-02 1.753879061334295678e-04 -2.340066794716334536e-05 -1.406202248003752654e-06 3.93 0.00023773518194 1.6e-09
6.227198113204610486e-05 3.949804910778823008e-01 -1.814494156674462816e-02 1.492548803834166718e-04 -6.019540947573238350e-07 2.149296211562187442e-06 3.93 0.00023773518194 1.6e-09
7.334891994572298229e-05 2.726435639902305308e+00 1.181447871451985904e-01 1.746943300007558660e-04 2.361463318605937862e-05 1.055852733207552172e-06 3.93 0.00023773518194 1.6e-09
1.145332801153014200e-04 3.785055179126154634e+00 1.506041153247373310e-01 2.300504897761659483e-04 -6.382143062201320027e-07 -2.582670147634420883e-07 3.93 0.00023773518194 1.6e-09
-1.130876607082884376e-05 2.578037041367776894e+00 7.133329327238668860e-02 1.672754790183581420e-04 -2.582746432532193406e-05 -1.377517954264989657e-06 3.93 0.00023773518194 1.6e-09
4.447456259098209598e-05 4.044820167322310533e-01 -1.296466178353138793e-02 1.468017221572971026e-04 1.877475247221841906e-05 3.543140718400961375e-06 3.93 0.00023773518194 1.6e-09
-1.378053901911491252e-06 2.884261811357140548e+00 1.194831874877986810e-01 1.826754339098756764e-04 2.153764756125991153e-05 7.863639927596589945e-07 3.93 0.00023773518194 1.6e-09
2.861870831887045849e-05 3.803941119768444512e+00 1.340894128830906196e-01 2.310429672061429639e-04 -1.754440830179751163e-06 -3.648178805683332131e-07 3.93 0.00023773518194 1.6e-09
-4.685030407764426982e-05 2.473117476044017771e+00 5.126460021941472989e-02 1.620760733886024711e-04 -2.758865301947756031e-05 -1.323322629606563604e-06 3.93 0.00023773518194 1.6e-09
-3.962677291344731821e-05 4.212384792548232726e-01 -7.924911110266445041e-03 1.427671599181275924e-04 3.000073875703183706e-05 4.312756409984179629e-06 3.93 0.00023773518194 1.6e-09
1.480312274825050885e-05 2.983798046754794875e+00 1.190828145740308042e-01 1.877463104452832782e-04 2.041356843704008272e-05 6.064440241206061180e-07 3.93 0.00023773518194 1.6e-09
2.466842952639131711e-05 3.833854069145396615e+00 1.216067706474117660e-01 2.326213349662952011e-04 -2.242626861479513246e-06 -4.316253002796314684e-07 3.93 0.00023773518194 1.6e-09
6.444813553063966614e-05 2.458014060163544290e+00 3.822273537076537053e-02 1.612913147738719911e-04 -2.809060041351966715e-05 -1.240277599775174654e-06 3.93 0.00023773518194 1.6e-09
-2.651500399459244376e-05 4.236602571908041348e-01 -5.092246207704295528e-03 1.419853774320295762e-04 3.218426206540845225e-05 4.712217972843386405e-06 3.93 0.00023773518194 1.6e-09
8.965704939558671383e-05 3.012655119046385721e+00 1.146684993857794987e-01 1.891965299430024676e-04 2.035405116273510871e-05 4.834228938845776125e-07 3.93 0.00023773518194 1.6e-09
-8.330883990435058702e-05 3.873419102524495727e+00 1.093604746693191965e-01 2.347201246496480819e-04 -2.005941952535999764e-06 -4.614530093484718451e-07 3.93 0.00023773518194 1.6e-09
-3.192958112362870879e-05 2.540497989959766389e+00 2.909831347822756237e-02 1.652970201589473872e-04 -2.716490404027696451e-05 -1.116400485314422842e-06 3.93 0.00023773518194 1.6e-09
-6.760238045332060219e-05 4.065764618892844240e-01 -4.995624501538619387e-03 1.455157770180088325e-04 2.539256441503036187e-05 4.986857086961935540e-06 3.93 0.00023773518194 1.6e-09
-1.774445486315880127e-06 2.966212479744515296e+00 1.034555535880255228e-01 1.867645817098530735e-04 2.136555497906470432e-05 3.664783038118633668e-07 3.93 0.00023773518194 1.6e-09
-1.079025260996149880e-04 3.915943239564616540e+00 9.151257201862052215e-02 2.369839198554024779e-04 -1.100017381111953511e-06 -4.674099899593583447e-07 3.93 0.00023773518194 1.6e-09
-8.066643190053619892e-05 2.706037223201398501e+00 1.839308578618099529e-02 1.735125110368336337e-04 -2.506961112435215287e-05 -9.352905209369119173e-07 3.93 0.00023773518194 1.6e-09
-4.713798669140362315e-05 3.872660144767464674e-01 -6.920984786015547605e-03 1.500995429581333156e-04 8.130488915204591533e-06 5.041169707187752078e-06 3.93 0.00023773518194 1.6e-09
4.732574513717105285e-05 2.835829407958172954e+00 8.068159535508501179e-02 1.800671656356678696e-04 2.337549600525965697e-05 1.952832792716964276e-07 3.93 0.00023773518194 1.6e-09
6.825453028911836293e-05 3.937299478641812289e+00 6.049265388223803996e-02 2.381222471944983044e-04 2.515091864098165285e-07 -4.541390580079905776e-07 3.93 0.00023773518194 1.6e-09
-3.217906143285055131e-05 2.895434074163370397e+00 -2.645539637382512575e-04 1.831114079500545584e-04 -2.255291800072479398e-05 -6.771427053177177763e-07 3.93 0.00023773518194 1.6e-09
2.651931707316662994e-05 3.920153443158704842e-01 -9.021274831536800487e-03 1.488911640566126227e-04 -1.516815174886117562e-05 4.617260234173237073e-06 3.93 0.00023773518194 1.6e-09
-1.671044627472620630e-06 2.642923249839189914e+00 4.864995360984085415e-02 1.703403284465752746e-04 2.601384128021289548e-05 -3.742009693623035832e-08 3.93 0.00023773518194 1.6e-09
7.558291599492346195e-05 3.918059781774426042e+00 1.983273215839726628e-02 2.370942261929625302e-04 1.659990912717220545e-06 -4.090079477553102360e-07 3.93 0.00023773518194 1.6e-09
-7.564573671280507092e-06 3.033353794987165841e+00 -2.359846643666870317e-02 1.902247370535478741e-04 -2.048525320099452493e-05 -3.716016668975239201e-07 3.93 0.00023773518194 1.6e-09
1.120261902197774238e-05 4.221261752434737335e-01 -8.950885143841735836e-03 1.420532565305256936e-04 -3.278402538601456922e-05 3.839995196529655226e-06 3.93 0.00023773518194 1.6e-09
6.773950899368507339e-06 2.461900591183025178e+00 1.815886879311325378e-02 1.614209758363146770e-04 2.840847414798223922e-05 -2.677246288168287821e-07 3.93 0.00023773518194 1.6e-09
-7.424633766527740568e-05 3.877833258031071484e+00 -1.563460878678663013e-02 2.349486882561760241e-04 2.729863826611036621e-06 -3.255088213849923754e-07 3.93 0.00023773518194 1.6e-09
-8.499733643231432566e-05 3.100971238386643236e+00 -4.008408465198775444e-02 1.937603513441087967e-04 -1.921936275337624022e-05 -9.057083738342279293e-08 3.93 0.00023773518194 1.6e-09
-4.529344147218895313e-05 4.529220082838915640e-01 -5.957084126555249430e-03 1.362353118434729321e-04 -4.115165847004635105e-05 2.960163596925633078e-06 3.93 0.00023773518194 1.6e-09
2.070117657729868854e-05 2.347858536152458875e+00 -6.953114014038547924e-03 1.559307147272500195e-04 2.987963511181531513e-05 -4.475346926154956553e-07 3.93 0.00023773518194 1.6e-09
5.529428942144195446e-05 3.841072324808609828e+00 -4.046678563860257177e-02 2.329935978567510002e-04 3.256171970151313138e-06 -2.094747203598885545e-07 3.93 0.00023773518194 1.6e-09
-2.460678883700080096e-05 3.111599850717037263e+00 -4.613928469052185066e-02 1.943416538727027834e-04 -1.876513766183917020e-05 1.440663742097083852e-07 3.93 0.00023773518194 1.6e-09
-2.026082756862756089e-05 4.646147830750873009e-01 -9.354401953167272576e-04 1.343923076913085182e-04 -4.305875713475594628e-05 2.017016435336718390e-06 3.93 0.00023773518194 1.6e-09
-2.641310373349069920e-05 2.312076341980876748e+00 -2.859705312692852053e-02 1.542519097153252573e-04 3.022950516714802304e-05 -5.626577875360104989e-07 3.93 0.00023773518194 1.6e-09
4.772243437516955622e-05 3.815325222022091012e+00 -5.721506276123761864e-02 2.316309320503182219e-04 3.254199217970373784e-06 -6.969444088627227451e-08 3.93 0.00023773518194 1.6e-09
-7.385300130180133082e-05 3.074760624511180485e+00 -4.435435554728960755e-02 1.924557809350439666e-04 -1.903886529270430603e-05 3.470827690300993101e-07 3.93 0.00023773518194 1.6e-09
6.287074851465977233e-06 4.531580713601288668e-01 4.478849280616747745e-03 1.365696836189355615e-04 -4.006367976536876255e-05 9.076400580243456776e-07 3.93 0.00023773518194 1.6e-09
-4.376929508368464022e-05 2.349136233108118255e+00 -4.853221041585260159e-02 1.560591789380692276e-04 2.949437639299396093e-05 -6.137458004841672731e-07 3.93 0.00023773518194 1.6e-09
-7.789107298334316807e-05 3.799259151230943932e+00 -6.922108768597667883e-02 2.307879092673660289e-04 2.750885674353030325e-06 8.023437492855937454e-08 3.93 0.00023773518194 1.6e-09
6.405025703989553781e-05 2.991920417915533648e+00 -3.830973278054180392e-02 1.881968391077783360e-04 -2.004025979314295582e-05 5.317306652311425736e-07 3.93 0.00023773518194 1.6e-09
-6.883646507437972655e-05 4.270230831976825625e-01 8.276868073037329382e-03 1.418218871806858320e-04 -3.142987277485172562e-05 -4.679746931755648413e-07 3.93 0.00023773518194 1.6e-09
-2.950831665123750759e-05 2.449924228229069634e+00 -6.564672357364728650e-02 1.609648440237372526e-04 2.782577841540506279e-05 -5.934721661675938880e-07 3.93 0.00023773518194 1.6e-09
-1.811553118027235291e-05 3.789732860381092028e+00 -7.680268428092348887e-02 2.302940133009734693e-04 1.768748626161986685e-06 2.192945031720912898e-07 3.93 0.00023773518194 1.6e-09
2.229233637497098438e-05 2.863531092217508789e+00 -3.020588028476503192e-02 1.816345853766177735e-04 -2.174298693500953649e-05 6.857762874298500779e-07 3.93 0.00023773518194 1.6e-09
4.016949218585362503e-05 4.023605592484086335e-01 8.506252053883341102e-03 1.474767573129583381e-04 -1.597725816237371768e-05 -2.033543588745262603e-06 3.93 0.00023773518194 1.6e-09
2.830366129837873443e-05 2.599163810269384367e+00 -7.448966999139046419e-02 1.683279762514678388e-04 2.552038667251624413e-05 -4.667749126201764748e-07 3.93 0.00023773518194 1.6e-09
-5.492303641746094120e-05 3.785763767170605476e+00 -7.410231475106571208e-02 2.300906970059437531e-04 4.455017777439171675e-07 3.265101310784470851e-07 3.93 0.00023773518194 1.6e-09
8.461705300565365161e-05 2.702305996023410373e+00 -1.836947186386394745e-02 1.734812664986312290e-04 -2.402441309620143034e-05 7.460869892835083486e-07 3.93 0.00023773518194 1.6e-09
-2.183431189504877380e-05 3.953253514431656068e-01 4.283380107418342277e-03 1.492028713835234690e-04 4.308789934091383265e-06 -3.388234675841310939e-06 3.93 0.00023773518194 1.6e-09
7.337996103212054522e-06 2.767809534062553034e+00 -6.922012779887887213e-02 1.767787471320141275e-04 2.309309674475832665e-05 -2.106405857012518968e-07 3.93 0.00023773518194 1.6e-09
4.728003932260523191e-05 3.789780219887258994e+00 -5.349220917624392807e-02 2.303015100829268816e-04 -9.552725751630501636e-07 3.989571574217292117e-07 3.93 0.00023773518194 1.6e-09
4.024002710987610576e-05 2.544483878895808182e+00 1.175103709279909803e-03 1.656112345644432783e-04 -2.640059047617336973e-05 6.267863615509431021e-07 3.93 0.00023773518194 1.6e-09
3.409179390590551684e-06 4.094698868780047851e-01 -3.162029842087804229e-03 1.456475421269461958e-04 2.248758764072189369e-05 -4.093827095873589351e-06 3.93 0.00023773518194 1.6e-09
-8.902162428538125697e-05 2.915780296517432646e+00 -5.187961089440247531e-02 1.842885577469103513e-04 2.112619117044732509e-05 1.154182720419353726e-07 3.93 0.00023773518194 1.6e-09
2.889987331030288714e-05 3.803178576330874527e+00 -1.807920044890733158e-02 2.310024634139799956e-04 -2.056527199703304807e-06 4.502279184943260923e-07 3.93 0.00023773518194 1.6e-09
-9.629062659124198770e-06 2.434619897412367173e+00 2.726472328677430335e-02 1.601980993112913276e-04 -2.819545601026685007e-05 3.372216917780740275e-07 3.93 0.00023773518194 1.6e-09
-8.599954493681647035e-07 4.302701390561987083e-01 -1.101914625768883257e-02 1.409048538277990091e-04 3.335489914202471667e-05 -4.217190821592935444e-06 3.93 0.00023773518194 1.6e-09
3.756547220624748261e-05 3.013815763416532789e+00 -2.873149351346617614e-02 1.893008962606603808e-04 1.996038475051061802e-05 4.347303024214272265e-07 3.93 0.00023773518194 1.6e-09
8.463223902275936118e-05 3.825768575576985242e+00 2.257939074535005031e-02 2.321912694409114498e-04 -2.621577098297771211e-06 4.861461185183820418e-07 3.93 0.00023773518194 1.6e-09
-8.535744235269039604e-06 2.401470998541943125e+00 5.511962780686576607e-02 1.585494279752509578e-04 -2.889958562508662785e-05 -1.888555741879529287e-08 3.93 0.00023773518194 1.6e-09
5.719352076142015791e-05 4.377954437749727590e-01 -1.688079677208580848e-02 1.391662814964066716e-04 3.663187282245275667e-05 -4.158790141675554959e-06 3.93 0.00023773518194 1.6e-09
-2.768349206978231971e-05 3.052290256187305317e+00 -2.930584274236026649e-03 1.912558949150539923e-04 1.971882538090514973e-05 7.284638136769231226e-07 3.93 0.00023773518194 1.6e-09
5.446964471619465941e-05 3.858495020808732079e+00 6.395809325995299721e-02 2.339245735532778344e-04 -2.548253103864922757e-06 5.066788188350724005e-07 3.93 0.00023773518194 1.6e-09
2.909460745510103125e-05 2.456916808149815168e+00 8.320651494042677343e-02 1.612031279139321943e-04 -2.830637233620748937e-05 -3.519091253156674030e-07 3.93 0.00023773518194 1.6e-09
-1.465927885608759755e-05 4.233419472739967104e-01 -1.964007940547681658e-02 1.418578486712108967e-04 3.268030144078695591e-05 -4.258018146596803433e-06 3.93 0.00023773518194 1.6e-09
-5.617013501484785249e-05 3.026615509499132717e+00 2.371290515130224097e-02 1.898927000013479196e-04 2.040725293235690600e-05 1.008287932902312012e-06 3.93 0.00023773518194 1.6e-09
-1.980929578656635500e-06 3.898443384267045175e+00 1.046876500181224134e-01 2.360493858001749042e-04 -1.837572251845441818e-06 5.176140598634155117e-07 3.93 0.00023773518194 1.6e-09
6.955107621217009126e-05 2.597197813807028410e+00 1.121543796183004371e-01 1.680778309267263613e-04 -2.650417460349477794e-05 -6.087924131225613319e-07 3.93 0.00023773518194 1.6e-09
2.045042528272093761e-05 3.975947986803284318e-01 -1.911742723876079519e-02 1.475278220140254773e-04 1.969289116374266089e-05 -4.707763319960891625e-06 3.93 0.00023773518194 1.6e-09
-3.158093384767249583e-05 2.926897153406327945e+00 4.662715664417389078e-02 1.847301205376086775e-04 2.202943420382344480e-05 1.277024891074584841e-06 3.93 0.00023773518194 1.6e-09
-8.631555795760107721e-05 3.928492776401917741e+00 1.405907053879067725e-01 2.376511430742284819e-04 -6.127802635483293854e-07 5.298757227219190046e-07 3.93 0.00023773518194 1.6e-09
5.482399526331832687e-05 2.783721593128958283e+00 1.398073596668706342e-01 1.774226241979504851e-04 -2.401925616620480004e-05 -7.645413716724728895e-07 3.93 0.00023773518194 1.6e-09
2.102634857780266123e-06 3.859867843650351960e-01 -1.588312344699314635e-02 1.504282785793204229e-04 -1.760044367831049212e-06 -5.392226122596120095e-06 3.93 0.00023773518194 1.6e-09
1.949094919439582396e-05 2.757051105902711186e+00 5.970788657571060587e-02 1.760757845792972390e-04 2.438432004204890187e-05 1.523438459342112329e-06 3.93 0.00023773518194 1.6e-09
-4.491354089756962199e-05 3.923955738020678208e+00 1.654539900068732750e-01 2.374084469735156418e-04 7.859394299616527594e-07 5.528637108980240132e-07 3.93 0.00023773518194 1.6e-09
-1.688109211233371426e-05 2.942649299579369160e+00 1.607319840112439724e-01 1.855420777891879261e-04 -2.172822577530609037e-05 -8.365285913115370351e-07 3.93 0.00023773518194 1.6e-09
6.444280894797046284e-05 4.017504562556908354e-01 -1.177693499183251127e-02 1.466064623795656780e-04 -2.227837575646881299e-05 -5.851179195425518019e-06 3.93 0.00023773518194 1.6e-09
6.298069342036066514e-05 2.572370939826022163e+00 6.552106145760779043e-02 1.668508676759048565e-04 2.680252266573456390e-05 1.756958308820806935e-06 3.93 0.00023773518194 1.6e-09
4.496412000031221640e-05 3.890163431961818130e+00 1.823054864220612359e-01 2.356058939152264053e-04 1.956775246313927182e-06 5.823038436316138180e-07 3.93 0.00023773518194 1.6e-09
6.520838190428670817e-05 3.033695859634317316e+00 1.752951667940791936e-01 1.902620136636921011e-04 -2.018691745328383513e-05 -8.911257930769786705e-07 3.93 0.00023773518194 1.6e-09
5.526980180795615968e-05 4.286396703738279967e-01 -9.122451320596081104e-03 1.408427401226293257e-04 -3.420020922235704106e-05 -5.977214993463560584e-06 3.93 0.00023773518194 1.6e-09
-1.879973811323084216e-05 2.437861764300284229e+00 7.201743581968512997e-02 1.602737640564869993e-04 2.852519311438956006e-05 1.983329086294581097e-06 3.93 0.00023773518194 1.6e-09
-1.149790312049915917e-04 3.851748477215310551e+00 1.984119172803908149e-01 2.335609426372418159e-04 2.661035624408092922e-06 5.953472031075065458e-07 3.93 0.00023773518194 1.6e-09
-8.164790693079009714e-05 3.061606351897367961e+00 1.866738893655643106e-01 1.917382862098318758e-04 -1.946262042123593603e-05 -9.884396134049894820e-07 3.93 0.00023773518194 1.6e-09
-1.067162454781115245e-06 4.447280456781435021e-01 -9.499451303403622440e-03 1.378873204112664240e-04 -3.828144949022105326e-05 -5.895890818054983554e-06 3.93 0.00023773518194 1.6e-09
6.486052322283184044e-05 2.378315881698898959e+00 8.287762000573761778e-02 1.574247839688924918e-04 2.917291375248469909e-05 2.173473735020358161e-06 3.93 0.00023773518194 1.6e-09
1.232700958358019176e-06 3.820581408820496350e+00 2.152139084434113725e-01 2.319083375551332215e-04 2.796349955441792763e-06 5.695975817377135300e-07 3.93 0.00023773518194 1.6e-09
-6.164302475046790292e-07 3.034974151892245509e+00 1.941160787581931169e-01 1.903885256850432867e-04 -1.955451862171464109e-05 -1.147575822888391231e-06 3.93 0.00023773518194 1.6e-09
-2.632848626508066045e-05 4.402765363598312165e-01 -1.332402131527328504e-02 1.389352351545627572e-04 -3.629564967574659446e-05 -5.533223422887827183e-06 3.93 0.00023773518194 1.6e-09
-3.489391685764838279e-05 2.395859928553016438e+00 9.863497732365704429e-02 1.583092091185880380e-04 2.869027339522387730e-05 2.279572261862152717e-06 3.93 0.00023773518194 1.6e-09
1.359452934098386620e-05 3.797303553924461728e+00 2.306736118217245779e-01 2.306814834094617615e-04 2.371984950943104428e-06 4.901016018648815845e-07 3.93 0.00023773518194 1.6e-09
2.422396900342219507e-05 2.953051841810641953e+00 1.948096236167153328e-01 1.861944868182633132e-04 -2.047306700136711314e-05 -1.370268259018586429e-06 3.93 0.00023773518194 1.6e-09
6.952298416368682789e-05 4.194132908061045661e-01 -1.957637223356044343e-02 1.434047655555505639e-04 -2.762194907512413269e-05 -4.575382598820776660e-06 3.93 0.00023773518194 1.6e-09
4.752460599433405979e-05 2.487921254859419395e+00 1.188543282245122235e-01 1.628277101529291291e-04 2.709983058417876557e-05 2.257601714050051034e-06 3.93 0.00023773518194 1.6e-09
1.041381491817232335e-04 3.780394106889415795e+00 2.422585128712676505e-01 2.297958645228879342e-04 1.380086554354945198e-06 3.492186881444675092e-07 3.93 0.00023773518194 1.6e-09
8.110827709159308891e-05 2.813956897738768781e+00 1.863043283151225582e-01 1.791142876085739127e-04 -2.227625795213881049e-05 -1.650843940642155241e-06 3.93 0.00023773518194 1.6e-09
-3.374165334502773829e-06 3.990201285265446707e-01 -2.548860404289048434e-02 1.482568040333794924e-04 -1.065909671724988488e-05 -2.629848730392572831e-06 3.93 0.00023773518194 1.6e-09
6.223117433818992896e-05 2.641704128578360233e+00 1.423031207807229914e-01 1.704521396262220973e-04 2.471645375519269288e-05 2.100944732149701352e-06 3.93 0.00023773518194 1.6e-09
1.113157362169481100e-04 3.773310833220606231e+00 2.487608248080160900e-01 2.294258507772646170e-04 -1.604766214336495585e-08 1.561287247437350949e-07 3.93 0.00023773518194 1.6e-09
2.017884374325415372e-05 2.640673323279315809e+00 1.694520940017538724e-01 1.703993261901645120e-04 -2.472020389065211415e-05 -1.954917164513627777e-06 3.93 0.00023773518194 1.6e-09
-5.738570731652579824e-05 3.987537712282557267e-01 -2.758802944455133327e-02 1.482780811690230603e-04 1.087018258687320188e-05 9.041300882190969155e-08 3.93 0.00023773518194 1.6e-09
7.784772042166428847e-05 2.815639395265512768e+00 1.658788071113203866e-01 1.791990124673548698e-04 2.226569683597692605e-05 1.869148426871306939e-06 3.93 0.00023773518194 1.6e-09
1.018881751813015507e-04 3.782128228787433599e+00 2.510135331459949493e-01 2.298870167892178192e-04 -1.389358978938010050e-06 -5.303871974491562369e-08 3.93 0.00023773518194 1.6e-09
5.793701968891147575e-05 2.492496609554434084e+00 1.498326397276638633e-01 1.630473585939915362e-04 -2.702920343014268722e-05 -2.204391264991177296e-06 3.93 0.00023773518194 1.6e-09
-1.274881055051529097e-06 4.176888451574001238e-01 -2.506700932655762937e-02 1.436770270665189075e-04 2.735908750339108232e-05 2.512951104643347776e-06 3.93 0.00023773518194 1.6e-09
1.976911665299345785e-05 2.951992764041002637e+00 1.848751262953093888e-01 1.861328802407845177e-04 2.054595263654481076e-05 1.647803880165365413e-06 3.93 0.00023773518194 1.6e-09
-5.921901416163389154e-05 3.804604463321602292e+00 2.500409436973948241e-01 2.310675239680530296e-04 -2.267605579733999912e-06 -2.336525161654050990e-07 3.93 0.00023773518194 1.6e-09
-2.295946614868431428e-05 2.420296327275548443e+00 1.330763762162822106e-01 1.594839005989272251e-04 -2.834153466235997734e-05 -2.328752837671044024e-06 3.93 0.00023773518194 1.6e-09
-4.844657991483172137e-05 4.328865125201879493e-01 -2.080886073164429917e-02 1.402223718337370457e-04 3.467655840593773233e-05 4.072342861321898253e-06 3.93 0.00023773518194 1.6e-09
1.597784026963854342e-05 3.022574503757950559e+00 1.959710325490027216e-01 1.897321004846497542e-04 1.986179757871655053e-05 1.477903992255498324e-06 3.93 0.00023773518194 1.6e-09
8.560180145808507436e-05 3.838198790060975085e+00 2.457670513284775093e-01 2.328429990746497019e-04 -2.471732471241282135e-06 -3.594869237956668644e-07 3.93 0.00023773518194 1.6e-09
5.375961679229093227e-05 2.444259430265017130e+00 1.213765413325800235e-01 1.606016270166297686e-04 -2.827522991936034786e-05 -2.303323587642719015e-06 3.93 0.00023773518194 1.6e-09
1.995715103338555822e-05 4.265871188918732848e-01 -1.809341266474828736e-02 1.412489528786451429e-04 3.353238326520434663e-05 4.931711114888446100e-06 3.93 0.00023773518194 1.6e-09
-3.964539695045693794e-05 3.022835204677971621e+00 1.971448751716402548e-01 1.897062164146463923e-04 2.023751181829219851e-05 1.356632742475053809e-06 3.93 0.00023773518194 1.6e-09
1.046047853759780953e-04 3.882005821961969083e+00 2.364446460550903573e-01 2.351704669398955354e-04 -1.949861398790029860e-06 -4.246562452287064956e-07 3.93 0.00023773518194 1.6e-09
1.750851126575162723e-05 2.566170744366214507e+00 1.135257789834176467e-01 1.665483017889500907e-04 -2.680093470194198270e-05 -2.134895332985064689e-06 3.93 0.00023773518194 1.6e-09
4.406073013187848154e-05 4.023948408418257516e-01 -1.834137876595974548e-02 1.463897290378803550e-04 2.301895104785592864e-05 5.178786986649689821e-06 3.93 0.00023773518194 1.6e-09
-3.213540341598699333e-05 2.944979673539249276e+00 1.851978717477822667e-01 1.856597839274375778e-04 2.166556292261292543e-05 1.258994657195352193e-06 3.93 0.00023773518194 1.6e-09
3.123663423244085497e-06 3.923111065551602383e+00 2.174300466726953596e-01 2.373613001208350643e-04 -7.938893107258539874e-07 -4.355550849667786023e-07 3.93 0.00023773518194 1.6e-09
-6.839210341823426795e-06 2.757372701089281009e+00 1.043439602364015645e-01 1.760891798846820613e-04 -2.435234147139792078e-05 -1.851357873095068162e-06 3.93 0.00023773518194 1.6e-09
2.823176427632547247e-05 3.857276575312386102e-01 -2.059950953838427662e-02 1.504473057757228077e-04 2.084147561599148892e-06 4.625794374179688679e-06 3.93 0.00023773518194 1.6e-09
1.681606139646724536e-05 2.783315342342838061e+00 1.583816650255166769e-01 1.773978385395277543e-04 2.402123512923463102e-05 1.155044864988261994e-06 3.93 0.00023773518194 1.6e-09
-9.022781646186202862e-05 3.931121456744491205e+00 1.850695902412258786e-01 2.377891992953304519e-04 6.730370530088711883e-07 -4.070308254758643679e-07 3.93 0.00023773518194 1.6e-09
-9.119141164552626124e-05 2.938378549685401353e+00 8.771891945210888442e-02 1.853153063522700191e-04 -2.187194410225019222e-05 -1.512402233331573870e-06 3.93 0.00023773518194 1.6e-09
1.326515565901266298e-05 3.989319706233134255e-01 -2.220293739338274203e-02 1.472065941902654987e-04 -2.076227648416654708e-05 3.546570176413332044e-06 3.93 0.00023773518194 1.6e-09
7.494639021676844065e-05 2.584645972948571568e+00 1.259532016664627885e-01 1.674509008300333209e-04 2.667677547662099426e-05 1.038225772963739015e-06 3.93 0.00023773518194 1.6e-09
1.177735948088638778e-04 3.899991104929465102e+00 1.479564767498392219e-01 2.361294091422599093e-04 1.967714456836830594e-06 -3.594073752270177146e-07 3.93 0.00023773518194 1.6e-09
-5.309071751379660915e-05 3.046442693527490420e+00 6.734667245853775963e-02 1.909146306274510656e-04 -2.013537044777503473e-05 -1.202353272769515060e-06 3.93 0.00023773518194 1.6e-09
2.885490712334330094e-05 4.289146055084988030e-01 -2.158630688747874282e-02 1.407207890304866126e-04 -3.469955067451106431e-05 2.678592999955215763e-06 3.93 0.00023773518194 1.6e-09
7.101587605863657392e-06 2.431378677685215983e+00 9.850058732817287832e-02 1.599533483648287965e-04 2.868209104274257315e-05 8.975148042787596056e-07 3.93 0.00023773518194 1.6e-09
-2.109798851065570715e-05 3.858701307018046034e+00 1.158508719020287792e-01 2.339319786335366960e-04 2.778050278539620101e-06 -3.121927292093719776e-07 3.93 0.00023773518194 1.6e-09
5.348095638813552596e-05 3.081089596480968584e+00 4.954864575162107321e-02 1.927437565602926526e-04 -1.932678375843653953e-05 -9.595694403274027873e-07 3.93 0.00023773518194 1.6e-09
2.808360299869296528e-05 4.481360741846663887e-01 -1.906482480785499922e-02 1.372128282945259852e-04 -3.952399423086466409e-05 2.246822241892214877e-06 3.93 0.00023773518194 1.6e-09
6.476095915054921014e-05 2.362243226092707538e+00 7.666526042524665630e-02 1.566496054360750506e-04 2.949070990328919950e-05 7.140320055718433934e-07 3.93 0.00023773518194 1.6e-09
-3.306916108570531277e-05 3.825376854769244162e+00 8.844661287075793188e-02 2.321658076442401661e-04 2.959709942568224931e-06 -2.705066916201479914e-07 3.93 0.00023773518194 1.6e-09
6.160859899870599343e-05 3.054289216688741426e+00 3.441936700449257924e-02 1.913873955943848077e-04 -1.941035139247609644e-05 -7.610158676307417712e-07 3.93 0.00023773518194 1.6e-09
2.008880684587696709e-05 4.434752632337453093e-01 -1.512467370265364180e-02 1.383092832451263349e-04 -3.758148831114440020e-05 2.139736760206603586e-06 3.93 0.00023773518194 1.6e-09
-1.985522335734725470e-05 2.380980627713825903e+00 5.703718440400673551e-02 1.575924158623219192e-04 2.901535978151922925e-05 4.785180822815790602e-07 3.93 0.00023773518194 1.6e-09
-7.533647760648711313e-05 3.802563126912823055e+00 6.164484610936485365e-02 2.309651832567456296e-04 2.517229625989163817e-06 -2.326076814936911102e-07 3.93 0.00023773518194 1.6e-09
-2.593647478734382327e-05 2.969050970245444176e+00 1.958400643697973467e-02 1.870193115208441069e-04 -2.038015191978050856e-05 -5.679594455394782058e-07 3.93 0.00023773518194 1.6e-09
2.567818367316909871e-05 4.204530353020212718e-01 -1.010753342672313787e-02 1.431911903350805738e-04 -2.860542204960713755e-05 2.188236221487822013e-06 3.93 0.00023773518194 1.6e-09
5.320457732162090295e-05 2.480295806795961955e+00 3.744659680681274028e-02 1.624543517238426237e-04 2.735873178943130950e-05 2.074559947718104457e-07 3.93 0.00023773518194 1.6e-09
-8.728314932393106608e-05 3.789163352768330384e+00 3.300344212564430835e-02 2.302665127219923795e-04 1.498466406375630984e-06 -2.016512219336233168e-07 3.93 0.00023773518194 1.6e-09
2.955166152419922817e-05 2.829956160514548458e+00 3.371972740317967076e-03 1.799280916351323324e-04 -2.221704082687667373e-05 -3.543128263339148752e-07 3.93 0.00023773518194 1.6e-09
3.079943800964584776e-05 3.985825998113492474e-01 -4.816613791660457645e-03 1.483749724469868943e-04 -1.172968325884920363e-05 2.178336186626068883e-06 3.93 0.00023773518194 1.6e-09
4.448239774780754166e-05 2.637881064558480038e+00 2.035524417189982227e-02 1.702561927665399580e-04 2.497319117583271883e-05 -2.664482736717303226e-08 3.93 0.00023773518194 1.6e-09
6.136340134144444144e-05 3.787336188574059737e+00 7.077980225068943726e-03 2.301750263276869358e-04 1.173941306825824475e-07 -1.837570150793896954e-07 3.93 0.00023773518194 1.6e-09
4.286048862117143013e-05 2.666425388105459149e+00 -1.158237038413291800e-02 1.716816880503285703e-04 -2.456284869052633349e-05 -1.448124298272319187e-07 3.93 0.00023773518194 1.6e-09
1.788740227653753414e-06 3.961841505950930431e-01 -6.920992807268328949e-04 1.489224707289385301e-04 8.640883757768770475e-06 1.931297848903713286e-06 3.93 0.00023773518194 1.6e-09
-4.306166127949485314e-05 2.805809928343828918e+00 1.069880958020761122e-02 1.786927338790240006e-04 2.264126623235944338e-05 -1.387281361499921578e-07 3.93 0.00023773518194 1.6e-09
3.722804680443761444e-05 3.798948226943596129e+00 -6.769090889508726401e-03 2.307854713701057697e-04 -1.172601002556223706e-06 -1.710199787505114568e-07 3.93 0.00023773518194 1.6e-09
5.755458485142537795e-05 2.531901270700018358e+00 -1.894630274258439148e-02 1.649779721861219868e-04 -2.667026720074511866e-05 -1.635527612308183992e-08 3.93 0.00023773518194 1.6e-09
-2.563962342252446984e-05 4.103407667390689406e-01 1.190138581431820532e-03 1.453420011714198865e-04 2.403376762341286434e-05 1.530934270254378436e-06 3.93 0.00023773518194 1.6e-09
2.550376825672290336e-05 2.933218132257751076e+00 8.108782998955782820e-03 1.851658310984467023e-04 2.102636573897283088e-05 -1.376507356039864626e-07 3.93 0.00023773518194 1.6e-09
5.325326795014015060e-05 3.820320478832162081e+00 -7.860394441197512266e-03 2.319097285496465335e-04 -1.999087593202801968e-06 -1.490045786925599798e-07 3.93 0.00023773518194 1.6e-09
6.947873088108585179e-05 2.465866545660694076e+00 -1.764349557071285407e-02 1.616997297727824445e-04 -2.786394073929061936e-05 7.497348196404883851e-09 3.93 0.00023773518194 1.6e-09
4.987886214311801103e-05 4.220575370064782450e-01 1.042882520426796893e-03 1.425147436020141089e-04 3.106251550173481349e-05 1.187506679559083509e-06 3.93 0.00023773518194 1.6e-09
7.417136590742156861e-05 2.999287811353507305e+00 9.273127328730767366e-03 1.885318678913634055e-04 2.036080203904031309e-05 -8.273011477262669153e-08 3.93 0.00023773518194 1.6e-09
-7.889668115299911509e-05 3.849625728760752708e+00 -2.199171853144630661e-03 2.334592251744141509e-04 -2.197910293200619459e-06 -1.198772306077535471e-07 3.93 0.00023773518194 1.6e-09
-6.950866461022456040e-05 2.483256046455974086e+00 -1.171183301533813143e-02 1.625114580140273155e-04 -2.783861108494818703e-05 -3.159185093743897841e-08 3.93 0.00023773518194 1.6e-09
5.629186360233208225e-05 4.175548539685871030e-01 -9.958401311252968520e-05 1.432495440275593536e-04 3.027142641286347647e-05 1.010639556235311291e-06 3.93 0.00023773518194 1.6e-09
3.257120707758196003e-05 3.001430804771927363e+00 1.183008510923004748e-02 1.886081959070835183e-04 2.064457523414151658e-05 -2.067572772413880800e-08 3.93 0.00023773518194 1.6e-09
-1.161358059782420716e-04 3.886076927068718767e+00 4.860627534398654845e-03 2.353953982965996730e-04 -1.772621263505251900e-06 -9.561912202051190533e-08 3.93 0.00023773518194 1.6e-09
-2.991551940883021364e-05 2.584289642656061758e+00 -5.261543444041304196e-03 1.674558641375652711e-04 -2.662032968216143918e-05 -8.387567781088840602e-08 3.93 0.00023773518194 1.6e-09
-3.447934898680452882e-05 3.991862922654983437e-01 -1.189145731847331177e-03 1.472658290798101156e-04 2.114891162795168387e-05 9.954330303266421561e-07 3.93 0.00023773518194 1.6e-09
-5.783747946249883975e-05 2.934863432306993314e+00 1.188188396629459923e-02 1.851511006384294372e-04 2.185935636638442229e-05 2.016695765678672668e-09 3.93 0.00023773518194 1.6e-09
-7.269173388098442410e-06 3.920139916170168881e+00 6.768342273802740137e-03 2.372095605513375506e-04 -8.012373114774311595e-07 -8.224372627788068971e-08 3.93 0.00023773518194 1.6e-09
-6.815075317654386818e-05 2.747002126253272891e+00 -2.876888435041852557e-03 1.755774905568048701e-04 -2.451522818984424961e-05 -9.351361252495454025e-08 3.93 0.00023773518194 1.6e-09
3.278473322139854407e-05 3.853691012845899544e-01 -1.561438156116269280e-03 1.506514874337043118e-04 3.135454722374875353e-06 1.008541054123644591e-06 3.93 0.00023773518194 1.6e-09
-2.327714687314908751e-05 2.796651381172403195e+00 3.325309574509513130e-03 1.780820937219592369e-04 2.389057982631408817e-05 -6.203771597629926856e-08 3.93 0.00023773518194 1.6e-09
6.047250560372061334e-05 3.930272170255391551e+00 -3.828023705121610248e-03 2.377489972360548841e-04 4.947116575732078845e-07 -6.623010093708292264e-08 3.93 0.00023773518194 1.6e-09
1.740904069273185373e-05 2.913772939214684499e+00 -8.536399595749106367e-03 1.840589135321601478e-04 -2.224021283494473383e-05 -1.046457571690990782e-08 3.93 0.00023773518194 1.6e-09
7.165189237776309686e-05 3.946124291741436307e-01 -7.698354695790108389e-04 1.483262283292066728e-04 -1.785507323747302275e-05 8.560260026213101273e-07 3.93 0.00023773518194 1.6e-09
1.136103381245509597e-05 2.617819561667426687e+00 -1.325442446197461731e-02 1.690981874590771099e-04 2.630475800354703286e-05 -1.935882668813335314e-07 3.93 0.00023773518194 1.6e-09
3.932241569115080667e-05 3.908153467090300204e+00 -2.317709533284739026e-02 2.365675091488765158e-04 1.756240243980148824e-06 -1.930156211148254152e-08 3.93 0.00023773518194 1.6e-09
-4.758609052055422245e-05 3.030462402166915314e+00 -1.741132409288125710e-02 1.900851172444912630e-04 -2.043733391667923379e-05 1.443395057544050093e-07 3.93 0.00023773518194 1.6e-09
1.044736390248143812e-05 4.222728719923570795e-01 1.581735350950969803e-03 1.421016057036214282e-04 -3.280396638857111972e-05 4.283742499188801594e-07 3.93 0.00023773518194 1.6e-09
3.397575608172871881e-05 2.460624582408518002e+00 -3.026060585350724697e-02 1.613665219199212622e-04 2.837878022517089380e-05 -3.077290101923476551e-07 3.93 0.00023773518194 1.6e-09
9.306179602451173727e-05 3.872626181878824347e+00 -3.887151708694853991e-02 2.346732075620060697e-04 2.669756408590097035e-06 6.930939213165729031e-08 3.93 0.00023773518194 1.6e-09
-4.496691073782372770e-05 3.087797319437429078e+00 -1.994929384896623401e-02 1.930818589110411168e-04 -1.935604622667975370e-05 2.989310648356021705e-07 3.93 0.00023773518194 1.6e-09
1.097712135415297718e-05 4.480197784145841799e-01 5.177145804782088377e-03 1.371731391243634335e-04 -3.997759366280024792e-05 -2.876023558676297982e-07 3.93 0.00023773518194 1.6e-09
1.252783263153163095e-05 2.363568463914243356e+00 -4.394500485009263102e-02 1.566891183388824794e-04 2.962416260034492105e-05 -3.468209169209206558e-07 3.93 0.00023773518194 1.6e-09
8.064940003325034681e-05 3.841063631328489159e+00 -4.562642150233969796e-02 2.329948806630424490e-04 3.122048548125358608e-06 1.892108276696588421e-07 3.93 0.00023773518194 1.6e-09
-2.967212445723839588e-05 3.095926294253243505e+00 -1.349898615960834491e-02 1.935293257736299790e-04 -1.897855041019577406e-05 4.162660571046839003e-07 3.93 0.00023773518194 1.6e-09
5.958559232612655555e-05 4.573385086248631382e-01 8.830206702043121719e-03 1.356624547689292098e-04 -4.152519121592378442e-05 -1.265237298446728735e-06 3.93 0.00023773518194 1.6e-09
7.803526123163284992e-08 2.334129364193743505e+00 -5.416300313127679622e-02 1.553061115052810489e-04 2.989504363192713648e-05 -3.001084785522265610e-07 3.93 0.00023773518194 1.6e-09
-3.370810931410081783e-05 3.818360601555053080e+00 -4.450361851629336396e-02 2.317934080287962378e-04 3.107111013656469489e-06 3.227513793754049239e-07 3.93 0.00023773518194 1.6e-09
9.016257497061749902e-05 3.060906431240720149e+00 -5.373397668225872665e-04 1.917359059385237495e-04 -1.926688870616963066e-05 4.904039153679428648e-07 3.93 0.00023773518194 1.6e-09
2.991890988665386924e-05 4.472621148411594083e-01 1.091598705533575880e-02 1.376534299093810487e-04 -3.848405293500146767e-05 -2.482229046659736857e-06 3.93 0.00023773518194 1.6e-09
3.026315985973145146e-05 2.369093256878925136e+00 -6.074414639432623025e-02 1.570175027015647737e-04 2.920334664991442597e-05 -1.796269979779781397e-07 3.93 0.00023773518194 1.6e-09
6.469427493963902259e-05 3.802870220172911431e+00 -3.752848745160657085e-02 2.309803606254482735e-04 2.611879649959548261e-06 4.490911850446536882e-07 3.93 0.00023773518194 1.6e-09
9.038333275164505017e-05 2.981275167186351549e+00 1.549728985136881836e-02 1.876460904096556993e-04 -2.022358847127083710e-05 5.164745196477118537e-07 3.93 0.00023773518194 1.6e-09
-4.892523138343227439e-05 4.240933979823137134e-01 9.757015794643750933e-03 1.424327663640836917e-04 -3.000819098842434998e-05 -3.854957048658200063e-06 3.93 0.00023773518194 1.6e-09
7.486399822265020097e-05 2.464116080571206346e+00 -6.154167641231714225e-02 1.616576091998396091e-04 2.762193432500733496e-05 4.954572162277056472e-09 3.93 0.00023773518194 1.6e-09
-1.386810023731394276e-05 3.791572263849411151e+00 -2.448374777302662550e-02 2.303921149320747072e-04 1.662607603629610730e-06 5.446830718602557144e-07 3.93 0.00023773518194 1.6e-09
5.779887263011075367e-06 2.853104251528464363e+00 3.236735254114568583e-02 1.811020999871862706e-04 -2.190806040697868229e-05 4.693846406673935464e-07 3.93 0.00023773518194 1.6e-09
4.876849675982947700e-05 4.016134774580306654e-01 4.205818000677483300e-03 1.476508445266285180e-04 -1.460734779889944126e-05 -5.077836038237272114e-06 3.93 0.00023773518194 1.6e-09
1.233548844616508895e-05 2.610466037887561264e+00 -5.183433786893332229e-02 1.688919222939246696e-04 2.535435682681548580e-05 2.612477688155744513e-07 3.93 0.00023773518194 1.6e-09
7.042767768378118418e-05 3.784540866149481708e+00 -1.035238238705496082e-03 2.300265377280410323e-04 3.173143536637095950e-07 5.906912657413694916e-07 3.93 0.00023773518194 1.6e-09
-3.332717928837093462e-05 2.685992213132017525e+00 5.081374587734206055e-02 1.726652241130067046e-04 -2.424342002911340370e-05 2.906774732601232338e-07 3.93 0.00023773518194 1.6e-09
5.455585208163343650e-05 3.964563029255001592e-01 -5.187407190053977546e-03 1.489112154065160270e-04 6.075673815469456686e-06 -5.580197390635374251e-06 3.93 0.00023773518194 1.6e-09
-8.102508957383167338e-05 2.782252881658547672e+00 -2.873473333143724065e-02 1.775109420217608623e-04 2.287896137352938902e-05 5.801892213716531119e-07 3.93 0.00023773518194 1.6e-09
-1.039424087869595255e-04 3.787090811291129011e+00 3.636442974500718461e-02 2.301585492329352289e-04 -1.107691584195527567e-06 5.904230425310242635e-07 3.93 0.00023773518194 1.6e-09
-2.031506743132090078e-05 2.522101502484792146e+00 7.309186548505341996e-02 1.645105091533124292e-04 -2.670006140536576242e-05 -6.256233169295905467e-08 3.93 0.00023773518194 1.6e-09
-3.921969089614996118e-05 4.131881059857998029e-01 -1.546617445277716392e-02 1.447690879052661241e-04 2.445841258282530105e-05 -5.127559781726110044e-06 3.93 0.00023773518194 1.6e-09
-1.184259017659484314e-05 2.933110486824410668e+00 2.532012540662960734e-03 1.851759265273458007e-04 2.087118050894357796e-05 8.961561551645351715e-07 3.93 0.00023773518194 1.6e-09
2.102324398887000666e-05 3.801784718237476213e+00 8.119553042110133623e-02 2.309261216151884647e-04 -2.218076697528089946e-06 5.658815946127314521e-07 3.93 0.00023773518194 1.6e-09
7.327349034844935947e-05 2.415443641688874710e+00 9.757575386829561714e-02 1.592630874977969679e-04 -2.845744440556231266e-05 -5.129161961733018638e-07 3.93 0.00023773518194 1.6e-09
-4.648064829961753034e-05 4.344903584237877481e-01 -2.332743535104217503e-02 1.400034039388173258e-04 3.469395328277923382e-05 -4.282569237660050832e-06 3.93 0.00023773518194 1.6e-09
-1.828353871786584311e-05 3.027478182714498089e+00 3.513561898730864497e-02 1.900009252584063612e-04 1.978181250503148253e-05 1.168649235280816942e-06 3.93 0.00023773518194 1.6e-09
-5.256906366442612520e-05 3.827070010824314750e+00 1.251680144144351747e-01 2.322570015308409201e-04 -2.701723609090752265e-06 5.324857791073064352e-07 3.93 0.00023773518194 1.6e-09
-6.399067294519527075e-05 2.396073993290494641e+00 1.218537244097312594e-01 1.582819347995932267e-04 -2.894593201429535912e-05 -9.271187639110450989e-07 3.93 0.00023773518194 1.6e-09
-6.825529623646778635e-05 4.384934235993415141e-01 -2.759752111971365204e-02 1.389589810904575794e-04 3.686875716969125773e-05 -3.672382368155864412e-06 3.93 0.00023773518194 1.6e-09
-6.720243418553046319e-05 3.056067719907400893e+00 6.615636873396169015e-02 1.914432063538964437e-04 1.969261539435169218e-05 1.415776755699723459e-06 3.93 0.00023773518194 1.6e-09
-2.581631087234549638e-05 3.863035619199960635e+00 1.663499339432040480e-01 2.341626278675873474e-04 -2.499542835082218114e-06 5.026576547801603206e-07 3.93 0.00023773518194 1.6e-09
-2.707027700289665726e-05 2.472565812050258494e+00 1.471398393240833380e-01 1.619589837031969941e-04 -2.804551670789265242e-05 -1.226376352981003280e-06 3.93 0.00023773518194 1.6e-09
-2.196886251322282104e-05 4.192569359976163201e-01 -2.868927733257501528e-02 1.426584630088292361e-04 3.110110964111924866e-05 -3.639260768481980406e-06 3.93 0.00023773518194 1.6e-09
-3.648911734581878090e-07 3.014543729488695867e+00 9.329943372931394363e-02 1.892597174877295736e-04 2.059537549065215695e-05 1.668798515492970238e-06 3.93 0.00023773518194 1.6e-09
6.536871845869379836e-05 3.904549480814867302e+00 2.043855117177576508e-01 2.363712460938341441e-04 -1.636446933263060069e-06 4.916969041169827490e-07 3.93 0.00023773518194 1.6e-09
-8.426240599171714728e-05 2.634600367911964724e+00 1.749341718769918952e-01 1.699329671593359612e-04 -2.593375019569221952e-05 -1.386024051817026432e-06 3.93 0.00023773518194 1.6e-09
-1.906014158093707203e-05 3.930212811062419043e-01 -2.707496622739610781e-02 1.486007372709530899e-04 1.534143363395171829e-05 -4.350641458730012534e-06 3.93 0.00023773518194 1.6e-09
6.322117242039138334e-05 2.892574486912081966e+00 1.120735664406233012e-01 1.829654234069379767e-04 2.247456923957536984e-05 1.944005283287430615e-06 3.93 0.00023773518194 1.6e-09
-7.576416115389242420e-05 3.929180723007637432e+00 2.356914573038401961e-01 2.376839648193211510e-04 -2.777913194709207469e-07 5.077944886829846327e-07 3.93 0.00023773518194 1.6e-09
2.171236496467743516e-05 2.829054667948164070e+00 2.018537777991674109e-01 1.797208377741460570e-04 -2.332241458512083641e-05 -1.434394415587493525e-06 3.93 0.00023773518194 1.6e-09
-3.010483439238419761e-05 3.880847606150381601e-01 -2.328993157450858636e-02 1.498665014908863522e-04 -7.946555459732844190e-06 -5.438288755061845328e-06 3.93 0.00023773518194 1.6e-09
2.537926306263371055e-05 2.704064619655053292e+00 1.198064102115332097e-01 1.734045946298740353e-04 2.502435990871491138e-05 2.236590011156429388e-06 3.93 0.00023773518194 1.6e-09
5.652705092132119887e-05 3.913944214394054377e+00 2.566145459808220064e-01 2.368700957762283929e-04 1.151186605119640115e-06 5.396302188063245624e-07 3.93 0.00023773518194 1.6e-09
9.176434411048297148e-05 2.977273525582321057e+00 2.213961395577927482e-01 1.873254377708732216e-04 -2.111853893072075292e-05 -1.446035511022013928e-06 3.93 0.00023773518194 1.6e-09
4.720584011884397817e-05 4.108699744488258365e-01 -1.935397954546959343e-02 1.445034023048572967e-04 -2.725837134831478838e-05 -6.071768383821242717e-06 3.93 0.00023773518194 1.6e-09
9.583099226207463927e-06 2.519320225169609628e+00 1.235180303550026670e-01 1.642351659797929952e-04 2.742286605269053318e-05 2.527236234036473306e-06 3.93 0.00023773518194 1.6e-09
1.083586914971195288e-04 3.874540132463780928e+00 2.719141052549892690e-01 2.347689489675697260e-04 2.263679964736500845e-06 5.570912756668598679e-07 3.93 0.00023773518194 1.6e-09
9.523311930436940400e-05 3.053488514632167750e+00 2.334798764618452593e-01 1.912924167042456510e-04 -1.973382462595252637e-05 -1.495502042765210107e-06 3.93 0.00023773518194 1.6e-09
-2.068851589586064049e-05 4.389933039736277909e-01 -1.780529944740305570e-02 1.388167266566983215e-04 -3.713222607503138578e-05 -6.092853729811050890e-06 3.93 0.00023773518194 1.6e-09
7.557414820531908894e-05 2.397527039660825920e+00 1.308311318912428467e-01 1.583240192063629242e-04 2.895098821300492190e-05 2.772079468232038912e-06 3.93 0.00023773518194 1.6e-09
3.897191674189828521e-05 3.836021897214712428e+00 2.861463354726427877e-01 2.327200548128255918e-04 2.859186107986579278e-06 5.297089383854830090e-07 3.93 0.00023773518194 1.6e-09
-8.425744395366197611e-06 3.069265322405213769e+00 2.393864916652758967e-01 1.921411626017237545e-04 -1.917755483629413987e-05 -1.613570160983094669e-06 3.93 0.00023773518194 1.6e-09
-3.809815619430105061e-05 4.516394422416613041e-01 -1.984717756866902563e-02 1.366499775313717384e-04 -3.975802069487129390e-05 -5.645101350839436317e-06 3.93 0.00023773518194 1.6e-09
-4.325253947473900186e-05 2.353656777878763151e+00 1.435692129825389962e-01 1.562437612028003651e-04 2.937718478746632097e-05 2.913925934931198814e-06 3.93 0.00023773518194 1.6e-09
1.151680414730599504e-04 3.806568075959686936e+00 2.984548044057044880e-01 2.311604171045435066e-04 2.887268228654463206e-06 4.424404740677476627e-07 3.93 0.00023773518194 1.6e-09
3.624418555963842908e-05 3.032094907392070215e+00 2.376046836213214775e-01 1.902456962807449125e-04 -1.942792181679974087e-05 -1.796330440614122551e-06 3.93 0.00023773518194 1.6e-09
-3.650059510514250515e-05 4.422232889487259788e-01 -2.487878603332874250e-02 1.385978132896463640e-04 -3.658152500924360658e-05 -4.634898645670495545e-06 3.93 0.00023773518194 1.6e-09
-1.915186317650704049e-05 2.387026326040788682e+00 1.607344501184302943e-01 1.578910022723445947e-04 2.864495133554021680e-05 2.896119906776767010e-06 3.93 0.00023773518194 1.6e-09
2.821795244054952885e-07 3.784928180166204470e+00 3.057200437817366723e-01 2.300225034275407308e-04 2.354804039929822613e-06 2.909703312680152540e-07 3.93 0.00023773518194 1.6e-09
7.300889384825107458e-05 2.938416736083924619e+00 2.255721160525526459e-01 1.854493435614335808e-04 -2.053130342600039025e-05 -2.031047197087752311e-06 3.93 0.00023773518194 1.6e-09
3.045308175330484467e-05 4.177514767996171052e-01 -3.047720577231880640e-02 1.438102022249350062e-04 -2.629817325988786643e-05 -2.723167723988483582e-06 3.93 0.00023773518194 1.6e-09
6.511573210403561374e-05 2.495373999417451749e+00 1.800410050442789456e-01 1.632017683065640384e-04 2.682089813484396621e-05 2.676447555397584705e-06 3.93 0.00023773518194 1.6e-09
1.110499285527158782e-04 3.769592187407337924e+00 3.041740566627046949e-01 2.292218836708414902e-04 1.234750932496539298e-06 7.895382375897873719e-08 3.93 0.00023773518194 1.6e-09
4.248530742036087316e-05 2.785676587491558998e+00 2.012702596202119720e-01 1.776873288614113776e-04 -2.255444355573702552e-05 -2.289402380230854810e-06 3.93 0.00023773518194 1.6e-09
-7.137804357636082892e-05 3.979741115704921173e-01 -3.264380237949772445e-02 1.485440373933928453e-04 -7.222633062697935634e-06 3.082686097100241275e-07 3.93 0.00023773518194 1.6e-09
5.877562658980150064e-05 2.664213083351391731e+00 1.983786653597895966e-01 1.715816916182965647e-04 2.426447536280414315e-05 2.274202469303967652e-06 3.93 0.00023773518194 1.6e-09
4.376068355766494003e-05 3.765707670993367007e+00 2.919472370460124422e-01 2.290210767823070901e-04 -2.592161120316357202e-07 -1.723094281722053207e-07 3.93 0.00023773518194 1.6e-09
-4.601820969149361928e-05 2.603381662071699409e+00 1.669289733810781218e-01 1.685464924340834142e-04 -2.519128831376082867e-05 -2.499785153767357653e-06 3.93 0.00023773518194 1.6e-09
-1.677443392308732421e-05 4.027068081248541542e-01 -2.835913347253323294e-02 1.473166461813018636e-04 1.522309437023421192e-05 3.660904829022130866e-06 3.93 0.00023773518194 1.6e-09
-5.762881879095227357e-05 2.844979155149968797e+00 2.128021420437076205e-01 1.806888633116914239e-04 2.179658049194287757e-05 1.815063840430248806e-06 3.93 0.00023773518194 1.6e-09
-6.002175039682537965e-06 3.779267403633772560e+00 2.728775391522647586e-01 2.297322252526994295e-04 -1.645493377833712898e-06 -4.173707739448289190e-07 3.93 0.00023773518194 1.6e-09
3.948040078289737667e-05 2.458358047248177858e+00 1.312742405203051188e-01 1.613752465252690901e-04 -2.753595762728691632e-05 -2.579966666012163250e-06 3.93 0.00023773518194 1.6e-09
1.653859663541758481e-05 4.254829342251901236e-01 -1.965573976212602741e-02 1.419743796768326775e-04 3.069764926516374174e-05 6.010368756501110449e-06 3.93 0.00023773518194 1.6e-09
-1.782099163597585011e-06 2.977727877238191212e+00 2.203379891435885696e-01 1.874512118281407671e-04 2.018563835712817517e-05 1.429758294377509844e-06 3.93 0.00023773518194 1.6e-09
7.930779924061987190e-05 3.806423727311058602e+00 2.521190099087173841e-01 2.311608174973145825e-04 -2.464162885806359266e-06 -6.075082591601192993e-07 3.93 0.00023773518194 1.6e-09
6.664880252847146900e-05 2.399983828225860094e+00 1.021779948513627523e-01 1.584909916222210853e-04 -2.870419031238333999e-05 -2.510320737714605773e-06 3.93 0.00023773518194 1.6e-09
-6.443005690626322157e-05 4.390777337430331606e-01 -1.187612773957240700e-02 1.389529688357303311e-04 3.647561618453817303e-05 7.282638942222166971e-06 3.93 0.00023773518194 1.6e-09
-6.697970416930332195e-05 3.039181136496589719e+00 2.186800595364625788e-01 1.905821217047660966e-04 1.969276018098016929e-05 1.143696816031947590e-06 3.93 0.00023773518194 1.6e-09
-5.934180593847589538e-05 3.845391929085635319e+00 2.299429086367442143e-01 2.332235607538341406e-04 -2.518930060531068399e-06 -7.223909851668736152e-07 3.93 0.00023773518194 1.6e-09
-2.150590771108388752e-06 2.445850912017322187e+00 8.068977089030388017e-02 1.606696907780268504e-04 -2.834025671589357503e-05 -2.307667532253488067e-06 3.93 0.00023773518194 1.6e-09
-5.786511778199784141e-05 4.271284468509545795e-01 -8.714797365972897641e-03 1.410664661389541446e-04 3.361711551667300954e-05 8.025600188034670031e-06 3.93 0.00023773518194 1.6e-09
7.157470689980551296e-05 3.026152033290593124e+00 2.060193520699397374e-01 1.898671182167263962e-04 2.030136291945314398e-05 9.213232809648566404e-07 3.93 0.00023773518194 1.6e-09
-3.360866854184692357e-05 3.895344831192613100e+00 2.027328820183831593e-01 2.358804489764144215e-04 -1.819533632012713681e-06 -7.693660671015701958e-07 3.93 0.00023773518194 1.6e-09
3.579128120517865297e-05 2.596550277732071255e+00 6.269827305160080577e-02 1.680430092670478939e-04 -2.649427647383157826e-05 -1.995014022467429838e-06 3.93 0.00023773518194 1.6e-09
4.757808728055053482e-05 3.987314322856674864e-01 -1.094728137356670156e-02 1.471927225973556318e-04 2.022237444695058228e-05 8.364843103972221153e-06 3.93 0.00023773518194 1.6e-09
-3.849226585534714653e-05 2.926337053126855103e+00 1.782868165331180643e-01 1.846894007985636966e-04 2.206801141044533517e-05 7.042611020497512297e-07 3.93 0.00023773518194 1.6e-09
-7.832321809530769837e-05 3.938290913142191041e+00 1.629339151789671591e-01 2.381709920392276799e-04 -4.664758006436989726e-07 -7.658051104684816902e-07 3.93 0.00023773518194 1.6e-09
7.447551707643618733e-05 2.813554736919929855e+00 3.984317841255089615e-02 1.789250932524110815e-04 -2.371340420828107164e-05 -1.593504603662625341e-06 3.93 0.00023773518194 1.6e-09
-3.762783594639985431e-05 3.864791889374272205e-01 -1.648148157417778786e-02 1.501932421739008501e-04 -4.359168974706992164e-06 7.842027519406211621e-06 3.93 0.00023773518194 1.6e-09
5.445408566375074171e-06 2.733399910839339864e+00 1.353180091610277080e-01 1.748658124459521622e-04 2.481407440378013740e-05 4.519423318282922846e-07 3.93 0.00023773518194 1.6e-09
8.252319387880992067e-05 3.936938246530729657e+00 1.084706874072509097e-01 2.380987277475269369e-04 1.134357008519332629e-06 -7.242183113177330933e-07 3.93 0.00023773518194 1.6e-09
-4.846795727932078291e-05 2.999149659486600061e+00 7.947926122190331760e-03 1.884390492542701938e-04 -2.110957561925707709e-05 -1.151199416908482313e-06 3.93 0.00023773518194 1.6e-09
6.432863530075960212e-05 4.112493204503497313e-01 -2.057846342771137843e-02 1.442932631347940196e-04 -2.793550510966262904e-05 6.583442027510514833e-06 3.93 0.00023773518194 1.6e-09
2.944717682243167412e-05 2.514149929524625016e+00 9.188487996908598077e-02 1.639648792466143765e-04 2.773296976414864101e-05 1.879798204366565506e-07 3.93 0.00023773518194 1.6e-09
1.070542037191859927e-04 3.895275521827850973e+00 5.581366878326725345e-02 2.358757966562578085e-04 2.490743596811727657e-06 -6.544780546870752782e-07 3.93 0.00023773518194 1.6e-09
5.269087792359123182e-06 3.098936062252787949e+00 -2.156775252324388478e-02 1.936380255752639034e-04 -1.940324409229238927e-05 -7.572709612638960224e-07 3.93 0.00023773518194 1.6e-09
-4.524567552762602952e-05 4.496399707067542106e-01 -2.034057926076719702e-02 1.367188627952839767e-04 -4.030697615339200163e-05 5.417410154144459132e-06 3.93 0.00023773518194 1.6e-09
-5.054782702905969257e-05 2.358504352943646243e+00 5.691607780968530039e-02 1.564283608326178410e-04 2.978433217308586981e-05 -7.259291924451055665e-08 3.93 0.00023773518194 1.6e-09
1.128353138546211521e-04 3.850022049687361836e+00 1.459790296227468122e-02 2.334669386185691435e-04 3.270240420271914650e-06 -5.662822914160810181e-07 3.93 0.00023773518194 1.6e-09
-2.271283812973242110e-05 3.126108750721952489e+00 -4.151726703231752719e-02 1.950862766756096913e-04 -1.864917303135481215e-05 -4.352378005810299646e-07 3.93 0.00023773518194 1.6e-09
6.263103492123784819e-05 4.704845914997359269e-01 -1.600948878001497502e-02 1.333392742945546856e-04 -4.407559687854564019e-05 4.601043547359630887e-06 3.93 0.00023773518194 1.6e-09
-4.934688883001257299e-05 2.294825810307384195e+00 2.735605981169320425e-02 1.534228593719517563e-04 3.052634532321155965e-05 -3.271207781271491714e-07 3.93 0.00023773518194 1.6e-09
6.560353697761545100e-05 3.816946868655194169e+00 -1.838859425849295390e-02 2.317142330613213247e-04 3.417185579804014227e-06 -4.576519050961646566e-07 3.93 0.00023773518194 1.6e-09
1.621807788895656197e-05 3.096017557298890388e+00 -5.359286653594513145e-02 1.935536049886417388e-04 -1.877195808578595965e-05 -1.462940376099023164e-07 3.93 0.00023773518194 1.6e-09
-3.620684407928266406e-05 4.627046037983520987e-01 -8.772850646850308132e-03 1.348585570996010583e-04 -4.205242874623323540e-05 3.933531174626020362e-06 3.93 0.00023773518194 1.6e-09
7.649027052800254107e-05 2.319578165643150669e+00 -1.583283999325134361e-03 1.546447547590549024e-04 2.994231886101139190e-05 -5.687225096905667669e-07 3.93 0.00023773518194 1.6e-09
-5.573249781247907223e-05 3.796227399039235451e+00 -4.843785567156906613e-02 2.306251483523690535e-04 2.961317705833635516e-06 -3.268991550772824400e-07 3.93 0.00023773518194 1.6e-09
-5.106298716102689245e-05 3.012348348125775566e+00 -6.118260790938727378e-02 1.892514783750627420e-04 -1.972472814391071578e-05 1.519675830364381107e-07 3.93 0.00023773518194 1.6e-09
2.937557368673588873e-05 4.339513695436727492e-01 -3.853156129787107653e-04 1.403847378454021978e-04 -3.391725480064687739e-05 3.098410228581116372e-06 3.93 0.00023773518194 1.6e-09
3.105404648139541092e-05 2.422067826640343480e+00 -3.177952742422177762e-02 1.596140607507505742e-04 2.822438665186657007e-05 -7.748995215581814177e-07 3.93 0.00023773518194 1.6e-09
