-1.462651959438999365e-05 2.883633714851659313e+00 -3.412783075865843301e-05 1.825088285793821435e-04 -2.282326082830705736e-05 -6.588723675593932952e-10 3.95 0.00023880896666 1.6e-09
1.123156909891550930e-05 3.897539510735928969e-01 -8.063391219844675498e-04 1.494927841957600706e-04 -1.333516806940006883e-05 1.837932322503787086e-07 3.95 0.00023880896666 1.6e-09
-6.297792871866472004e-05 2.663055141559851791e+00 -1.254479036123204265e-02 1.713466068308129846e-04 2.583878956407586249e-05 -9.337026567812961786e-08 3.95 0.00023880896666 1.6e-09
-1.036958365026130973e-04 3.932014853063432014e+00 -1.433299352171226587e-02 2.378464200197671755e-04 1.670646855708578604e-06 3.628780374207839227e-08 3.95 0.00023880896666 1.6e-09
-5.227429173881380611e-05 3.053535150136582832e+00 -6.482464094901452430e-03 1.912692176403655697e-04 -2.032232168383323669e-05 1.158023240171110227e-07 3.95 0.00023880896666 1.6e-09
-6.535225183707248390e-05 4.266063428370066024e-01 1.636810843057832573e-03 1.411270870195483655e-04 -3.472031633856391815e-05 -1.167623669400558007e-07 3.95 0.00023880896666 1.6e-09
2.887921563588126457e-05 2.442926585113225801e+00 -2.748547557425481958e-02 1.604910067556390902e-04 2.878753766458156554e-05 -1.826447730788300766e-07 3.95 0.00023880896666 1.6e-09
1.172095897620556475e-04 3.888957665434744193e+00 -2.683346951420695348e-02 2.355456819047678225e-04 3.021789347978543305e-06 1.243260441678004547e-07 3.95 0.00023880896666 1.6e-09
-1.895833965763735375e-05 3.152806889034200921e+00 -6.977581403776068197e-03 1.964551645171894515e-04 -1.862060383145129586e-05 2.481345083135391783e-07 3.95 0.00023880896666 1.6e-09
9.357881863247379119e-06 4.757435051196741149e-01 5.802200564726063201e-03 1.323645707400699463e-04 -4.574250641784859768e-05 -7.375072746826789646e-07 3.95 0.00023880896666 1.6e-09
-1.501825494798502309e-05 2.279923064746827599e+00 -3.728332432188037615e-02 1.526734157067352908e-04 3.103037688444819630e-05 -1.689698601295458331e-07 3.95 0.00023880896666 1.6e-09
-8.699672583957665354e-05 3.849023870986341578e+00 -2.662346250246221124e-02 2.334143557384829267e-04 3.952086124575967041e-06 2.518756542089076141e-07 3.95 0.00023880896666 1.6e-09
2.593400048861924914e-05 3.203763380843425601e+00 4.846459802268675982e-03 1.991388652900332725e-04 -1.760593711606981058e-05 3.246179217659622924e-07 3.95 0.00023880896666 1.6e-09
-4.332010157137390952e-07 5.157409727984821890e-01 1.073943328566188786e-02 1.268094831389591495e-04 -5.037941992303141936e-05 -1.591975099230528647e-06 3.95 0.00023880896666 1.6e-09
5.929023547046728562e-06 2.179430818023186944e+00 -4.145426365347634062e-02 1.479709733703757910e-04 3.243692158816649046e-05 -3.306579211305073424e-08 3.95 0.00023880896666 1.6e-09
7.766262033381110931e-05 3.820730468355806764e+00 -1.441617814232956651e-02 2.319071042915759186e-04 4.465915156825144148e-06 3.974757141347954467e-07 3.95 0.00023880896666 1.6e-09
4.581692686007165355e-05 3.224877978814165047e+00 2.641098311889568395e-02 2.002604267932256085e-04 -1.708658530866812231e-05 3.365891108125482500e-07 3.95 0.00023880896666 1.6e-09
-5.318604676816055400e-05 5.389620592986591463e-01 1.523467277575359449e-02 1.241272698175597058e-04 -5.204786824457709009e-05 -2.590634985023216732e-06 3.95 0.00023880896666 1.6e-09
-3.503190214222516455e-06 2.128685683982847188e+00 -4.086924343947073712e-02 1.456399069215616731e-04 3.313636181426832039e-05 2.056496834043079700e-07 3.95 0.00023880896666 1.6e-09
3.591824363078501779e-05 3.802762925624375345e+00 6.540862997940133025e-03 2.309522861001990675e-04 4.688974299995978995e-06 5.432272361291073627e-07 3.95 0.00023880896666 1.6e-09
7.470065116279188606e-05 3.225167198097855792e+00 5.377526173614280425e-02 2.002880634724590772e-04 -1.692895673766470668e-05 2.911343449002056741e-07 3.95 0.00023880896666 1.6e-09
-5.164206167586391069e-05 5.451010763362358347e-01 1.821521192571128739e-02 1.235213457087033892e-04 -5.222886009641011801e-05 -3.678989285148370358e-06 3.95 0.00023880896666 1.6e-09
5.377809650477334211e-05 2.116393251752626714e+00 -3.602434064842140876e-02 1.450924766328752979e-04 3.324913343963444348e-05 5.158187605742771922e-07 3.95 0.00023880896666 1.6e-09
1.051024298914470092e-04 3.791892855918856498e+00 3.340396848928117723e-02 2.303779890516874265e-04 4.658905603305576960e-06 6.746440521216904633e-07 3.95 0.00023880896666 1.6e-09
-2.752153805071448628e-05 3.206935458607984124e+00 8.361362387826690168e-02 1.993458281692122138e-04 -1.706512013270979674e-05 1.939175329683763721e-07 3.95 0.00023880896666 1.6e-09
-3.192272928874549285e-05 5.354816939955862054e-01 1.873908115466571545e-02 1.246663764201493387e-04 -5.125245846077742867e-05 -4.815205642502476041e-06 3.95 0.00023880896666 1.6e-09
-2.159802142351669013e-05 2.137401737018225667e+00 -2.697938812817684065e-02 1.460764058450645070e-04 3.284112168841052089e-05 8.626401186656665224e-07 3.95 0.00023880896666 1.6e-09
4.571081071368851805e-05 3.785063552224695371e+00 6.388584827036825065e-02 2.300216519335048599e-04 4.398161833176092667e-06 7.783072175051972922e-07 3.95 0.00023880896666 1.6e-09
8.947471795847129761e-05 3.166797291670518266e+00 1.130265631173239527e-01 1.972613058092070664e-04 -1.753765748656254081e-05 4.560827490519639868e-08 3.95 0.00023880896666 1.6e-09
2.767387719401473279e-05 5.109644388992357067e-01 1.586563985985726261e-02 1.277609491307651760e-04 -4.866835244891358947e-05 -5.945304893012771908e-06 3.95 0.00023880896666 1.6e-09
-3.387011869630267747e-05 2.193625304170474521e+00 -1.331316644267426484e-02 1.487090012397241864e-04 3.185153212884870623e-05 1.209073910825373053e-06 3.95 0.00023880896666 1.6e-09
-5.397887514227621642e-05 3.779413394509768764e+00 9.610725410170557759e-02 2.297321646448069997e-04 3.852147370525619972e-06 8.391827683307603406e-07 3.95 0.00023880896666 1.6e-09
8.260483343237111473e-05 3.094939937609008318e+00 1.391002990976070164e-01 1.935386381385016381e-04 -1.843888987914604711e-05 -1.614149079627006695e-07 3.95 0.00023880896666 1.6e-09
-1.636456781260828709e-07 4.732658920102399414e-01 8.686710641930762283e-03 1.333866050146687758e-04 -4.289377403694169001e-05 -6.936942787334968406e-06 3.95 0.00023880896666 1.6e-09
3.824901727463703551e-06 2.293699599501383801e+00 6.225575689538475482e-03 1.534577323974582372e-04 3.014296918355458866e-05 1.515851797228095085e-06 3.95 0.00023880896666 1.6e-09
-1.850252027286658431e-06 3.771925851509207117e+00 1.287834523154367528e-01 2.293499039312007538e-04 2.900678923543798450e-06 8.379956047479286114e-07 3.95 0.00023880896666 1.6e-09
-7.533987147598663508e-05 2.974316802384000535e+00 1.586963407265203907e-01 1.873278830295649323e-04 -1.999248513610604925e-05 -4.499012008998966281e-07 3.95 0.00023880896666 1.6e-09
-6.490562048318873059e-05 4.298605523316315624e-01 -3.080023284995335366e-03 1.414868506965369973e-04 -3.060002775895603443e-05 -7.392218523902278650e-06 3.95 0.00023880896666 1.6e-09
-4.156497778398245374e-05 2.449288556942361694e+00 3.421561402062377188e-02 1.609853114923013987e-04 2.758770982938299455e-05 1.748597876598947160e-06 3.95 0.00023880896666 1.6e-09
4.127383923008831894e-05 3.761252905534543167e+00 1.622009435298015223e-01 2.287995667353235360e-04 1.441298133416786981e-06 7.538318377494539718e-07 3.95 0.00023880896666 1.6e-09
-3.717997247869063774e-05 2.789883050109395413e+00 1.694440484719831885e-01 1.779347997020936972e-04 -2.247066704914712631e-05 -8.625594571938068606e-07 3.95 0.00023880896666 1.6e-09
-5.135946918342115309e-05 4.005279113866401230e-01 -1.741511801774459078e-02 1.481717602883423214e-04 -8.361762374759240757e-06 -6.465722041928295173e-06 3.95 0.00023880896666 1.6e-09
7.276370504020873156e-05 2.658298944997551594e+00 7.280503623118605994e-02 1.713220221369400511e-04 2.435985019574781000e-05 1.891570761487759209e-06 3.95 0.00023880896666 1.6e-09
-1.066392863876114406e-04 3.755106320087756799e+00 1.983122926028974553e-01 2.284782359486823081e-04 -3.972976709699479720e-07 5.874964535357240241e-07 3.95 0.00023880896666 1.6e-09
6.660886855204576566e-05 2.566967763057735219e+00 1.729339805785677364e-01 1.667765008954294535e-04 -2.566266121197196434e-05 -1.419675100022944459e-06 3.95 0.00023880896666 1.6e-09
-2.190429083533243965e-05 4.079431586585906544e-01 -2.892397885831478332e-02 1.462994436842832862e-04 1.822310973838612804e-05 -3.835443108551529241e-06 3.95 0.00023880896666 1.6e-09
-1.252675392420302385e-05 2.873015972945607732e+00 1.164539881535888721e-01 1.821496964808636443e-04 2.133045864060592253e-05 1.941035125357474976e-06 3.95 0.00023880896666 1.6e-09
8.262049864101735737e-05 3.763430658746089286e+00 2.337643243867654208e-01 2.289059608103834621e-04 -2.120827842726421041e-06 3.836690206076805863e-07 3.95 0.00023880896666 1.6e-09
5.940959794750579282e-05 2.381603522889439439e+00 1.730887759782115398e-01 1.576862116151271490e-04 -2.855346461380927110e-05 -2.006526512524430081e-06 3.95 0.00023880896666 1.6e-09
4.378221816087606467e-05 4.437036919132519852e-01 -3.350055179442333608e-02 1.385290111729670938e-04 3.625805895803746486e-05 -9.520551382385126809e-07 3.95 0.00023880896666 1.6e-09
2.273026630144319170e-05 3.028018401354523270e+00 1.556213120563909313e-01 1.900757185980785828e-04 1.930599427442960969e-05 1.930267051834296095e-06 3.95 0.00023880896666 1.6e-09
-8.527619459692807754e-05 3.780139768480093032e+00 2.621484496474815185e-01 2.297733643696310492e-04 -3.210737265560286455e-06 1.878018054758333152e-07 3.95 0.00023880896666 1.6e-09
-6.706717756097883257e-05 2.279426616493484214e+00 1.716348474517259137e-01 1.527511210285563328e-04 -3.029901547859816912e-05 -2.460857974549596729e-06 3.95 0.00023880896666 1.6e-09
-5.770221944922179232e-05 4.747898716862135604e-01 -3.270164489601427860e-02 1.328736099286134610e-04 4.409913039486478600e-05 1.128523682087923726e-06 3.95 0.00023880896666 1.6e-09
5.958800230350167452e-05 3.110266756779902053e+00 1.869878434252062460e-01 1.943049830197563768e-04 1.837136530445288344e-05 1.909839828613565645e-06 3.95 0.00023880896666 1.6e-09
8.377707666001818498e-05 3.803393934121032327e+00 2.833603211059805282e-01 2.309942782747041875e-04 -3.624752757641123524e-06 2.341674097548523597e-08 3.95 0.00023880896666 1.6e-09
2.202292640714988953e-05 2.266620149400271345e+00 1.712695974103237706e-01 1.520971078603830778e-04 -3.070565210972195965e-05 -2.721933063409728805e-06 3.95 0.00023880896666 1.6e-09
-4.798001661411032017e-05 4.792218316096676367e-01 -3.020826186585870779e-02 1.319637678923883987e-04 4.547089135279704303e-05 2.438129423364353876e-06 3.95 0.00023880896666 1.6e-09
6.104523801864640054e-05 3.132105471182386580e+00 2.099114702716374514e-01 1.954081408542950482e-04 1.836246477120136107e-05 1.906585824316617018e-06 3.95 0.00023880896666 1.6e-09
1.121132661877103715e-04 3.838439420772948196e+00 2.988399119802787052e-01 2.328510986131706998e-04 -3.376239731843584451e-06 -9.359888247566838351e-08 3.95 0.00023880896666 1.6e-09
-6.705712310628786431e-05 2.345540111919161674e+00 1.746322206642098585e-01 1.558179109051402596e-04 -2.973636184865816842e-05 -2.780010793323602732e-06 3.95 0.00023880896666 1.6e-09
-2.599490718672404921e-05 4.527582285984280697e-01 -2.879671839010523524e-02 1.361476265412367892e-04 4.115277905943755482e-05 3.080190339151956401e-06 3.95 0.00023880896666 1.6e-09
-3.182813956170049463e-05 3.095888504539803687e+00 2.225581680219001490e-01 1.934872717200691330e-04 1.926369231432784978e-05 1.937023714949328365e-06 3.95 0.00023880896666 1.6e-09
6.522608498870765604e-05 3.887742540176216011e+00 3.083464789124056304e-01 2.354756606459212876e-04 -2.462095382663867242e-06 -1.472652697111267874e-07 3.95 0.00023880896666 1.6e-09
1.812696352912746532e-05 2.520993074807851286e+00 1.828541766312973271e-01 1.643098801694307086e-04 -2.744919106192592495e-05 -2.641049936597753779e-06 3.95 0.00023880896666 1.6e-09
6.433837214244291229e-05 4.095794974947842837e-01 -2.944953092414269794e-02 1.446601431937128150e-04 2.743969002527423006e-05 2.793973432632979284e-06 3.95 0.00023880896666 1.6e-09
7.267458409753333663e-05 2.983559503400035950e+00 2.204530657385702086e-01 1.876400356008446862e-04 2.118174381886115841e-05 2.014488429172576399e-06 3.95 0.00023880896666 1.6e-09
4.284554051418236980e-05 3.934905042694778921e+00 3.083434712216245321e-01 2.379925447619681683e-04 -9.348281226274218456e-07 -1.295594084562135600e-07 3.95 0.00023880896666 1.6e-09
7.207572977408899511e-05 2.765024021315825919e+00 1.922995402887751060e-01 1.764685026389278670e-04 -2.426763113194063763e-05 -2.353649519171654997e-06 3.95 0.00023880896666 1.6e-09
5.103391692168713441e-05 3.855589504559093772e-01 -3.064457747755677808e-02 1.504522955491271931e-04 9.706831742731751465e-07 1.223677787299315849e-06 3.95 0.00023880896666 1.6e-09
1.904128082563318373e-05 2.775655909867061677e+00 2.013773149482216418e-01 1.770070755121156791e-04 2.412559934579025246e-05 2.148122193879530381e-06 3.95 0.00023880896666 1.6e-09
3.782854059142029264e-05 3.937610271253360050e+00 2.956835687961351100e-01 2.381376477007818163e-04 8.665767766070837858e-07 -6.340765953569469968e-08 3.95 0.00023880896666 1.6e-09
2.447035625846089084e-05 2.978627974331304884e+00 1.944020555545389883e-01 1.873835345307764172e-04 -2.130241075008834108e-05 -2.044102739140014046e-06 3.95 0.00023880896666 1.6e-09
5.348332275527553864e-05 4.074420387443382641e-01 -3.007607578217227212e-02 1.451919124425450494e-04 -2.616220246869836686e-05 -6.252756418810243942e-07 3.95 0.00023880896666 1.6e-09
5.003751773779895810e-05 2.531186423799781426e+00 1.777718552359718318e-01 1.648082359018921078e-04 2.736496025995991755e-05 2.321160190183672863e-06 3.95 0.00023880896666 1.6e-09
-9.622794433611058245e-05 3.895310345053948353e+00 2.794295421459955797e-01 2.358797245699863492e-04 2.449901422056064592e-06 -8.700734264505540873e-10 3.95 0.00023880896666 1.6e-09
6.357932162785306235e-05 3.102596893451757154e+00 1.897910343882597273e-01 1.938306742654861969e-04 -1.926998923069985869e-05 -1.829914666251865767e-06 3.95 0.00023880896666 1.6e-09
-2.693885268350189254e-05 4.530772407138191071e-01 -2.865723741808135633e-02 1.361178059395236123e-04 -4.122384829879265555e-05 -1.569611344921168489e-06 3.95 0.00023880896666 1.6e-09
1.191380622159574261e-05 2.343955274206241057e+00 1.622564872159413807e-01 1.557290868441258704e-04 2.987324336843025663e-05 2.462185878987483427e-06 3.95 0.00023880896666 1.6e-09
1.005923848909822467e-04 3.848791300830574080e+00 2.674776191420558114e-01 2.334002813225062871e-04 3.479250381988673991e-06 1.633531647597182960e-08 3.95 0.00023880896666 1.6e-09
-3.917992060457480301e-05 3.158122398337724235e+00 1.825065325763610691e-01 1.967536868408500689e-04 -1.813144004372205180e-05 -1.727523438986904852e-06 3.95 0.00023880896666 1.6e-09
-3.875637108308910858e-05 4.901163489332672762e-01 -2.829946947434969912e-02 1.303064916109758953e-04 -4.719288203991942022e-05 -1.708548471855648538e-06 3.95 0.00023880896666 1.6e-09
5.800778738798569961e-05 2.237638388795074817e+00 1.551068864104279688e-01 1.507068759092622390e-04 3.129168247892943140e-05 2.511788402745944959e-06 3.95 0.00023880896666 1.6e-09
-1.052841338348632936e-04 3.814880218710627435e+00 2.579008422860881167e-01 2.315974639079544759e-04 3.995257454335575533e-06 -1.698395524284158382e-08 3.95 0.00023880896666 1.6e-09
-1.474029881272026564e-05 3.168286147509439488e+00 1.719298499321629536e-01 1.973090133848214673e-04 -1.771548855209246383e-05 -1.695489021172819702e-06 3.95 0.00023880896666 1.6e-09
3.063450702963855561e-05 5.039034740466226125e-01 -2.931706419238211403e-02 1.285066428156804246e-04 -4.853762327908853734e-05 -1.315140744220694760e-06 3.95 0.00023880896666 1.6e-09
-2.713411868317731795e-05 2.203043688036600223e+00 1.528007881239670795e-01 1.491145941641420906e-04 3.167647937213263266e-05 2.439044836982758411e-06 3.95 0.00023880896666 1.6e-09
-6.900836764594115704e-05 3.792713163138915711e+00 2.469287539966252831e-01 2.304259246579401174e-04 4.018631437684353869e-06 -8.965650611415592874e-08 3.95 0.00023880896666 1.6e-09
3.253121102241906604e-05 3.138890924489521783e+00 1.566781432710270539e-01 1.957996917184868244e-04 -1.792946835882878513e-05 -1.695464872219151518e-06 3.95 0.00023880896666 1.6e-09
1.115461819920215156e-05 4.914251770470760561e-01 -3.068587553053137018e-02 1.304172046803637715e-04 -4.651660393249367511e-05 -4.577541088984735281e-07 3.95 0.00023880896666 1.6e-09
2.066319905781919020e-05 2.234669925488447007e+00 1.519465308656475222e-01 1.506362459329495956e-04 3.102962004542097617e-05 2.219691728935499359e-06 3.95 0.00023880896666 1.6e-09
-7.830832683476703754e-05 3.777417947419815292e+00 2.310707615539965287e-01 2.296268109364988600e-04 3.551331079550279157e-06 -1.898132475923685507e-07 3.95 0.00023880896666 1.6e-09
-4.102886282334273561e-05 3.061101207909002753e+00 1.353346160903719786e-01 1.917867076279766107e-04 -1.885183834964099616e-05 -1.699389640735881357e-06 3.95 0.00023880896666 1.6e-09
5.437297476630421390e-06 4.564094540153733059e-01 -3.047567804971581043e-02 1.362410849784140613e-04 -3.954461898010183348e-05 9.757107594824237972e-07 3.95 0.00023880896666 1.6e-09
2.192254835454654168e-06 2.337772887439034442e+00 1.490493750232682046e-01 1.555758742551077343e-04 2.927648833912602932e-05 1.825519231788726290e-06 3.95 0.00023880896666 1.6e-09
9.231400414575075669e-05 3.764638185390149161e+00 2.059049425702793035e-01 2.289679058660394661e-04 2.481055455187071184e-06 -3.102659034822946302e-07 3.95 0.00023880896666 1.6e-09
-1.106222909527245993e-05 2.916993017502914398e+00 1.056089401322668764e-01 1.843948682408411447e-04 -2.073823159341298242e-05 -1.672467254768737548e-06 3.95 0.00023880896666 1.6e-09
5.453172380956598434e-05 4.150156810844406463e-01 -2.610128390482649788e-02 1.447082967208525978e-04 -2.337939827141765026e-05 3.096680388398162174e-06 3.95 0.00023880896666 1.6e-09
6.813381856105379811e-05 2.518073888007152039e+00 1.413392659483748703e-01 1.643661273908345803e-04 2.642651414558593262e-05 1.267718507688623025e-06 3.95 0.00023880896666 1.6e-09
2.256732489181097358e-05 3.756274355164316514e+00 1.682401896664877106e-01 2.285406193653609776e-04 8.153330500260457158e-07 -4.473931456096608159e-07 3.95 0.00023880896666 1.6e-09
-7.133559081068155372e-05 2.707318196399959298e+00 6.670654968608569213e-02 1.737787418827426594e-04 -2.366406687531125703e-05 -1.559502012955595626e-06 3.95 0.00023880896666 1.6e-09
5.070170003259307168e-05 3.980239390613224959e-01 -1.615522070768095689e-02 1.487703729093508057e-04 2.793292105879087698e-06 5.306884489537136543e-06 3.95 0.00023880896666 1.6e-09
5.119304076033405514e-05 2.746315260393455748e+00 1.315657399232082192e-01 1.757343667435220613e-04 2.314172226677380860e-05 7.040759717776474344e-07 3.95 0.00023880896666 1.6e-09
-8.080871709936121767e-05 3.764085780527074654e+00 1.270143083071643142e-01 2.289530545043891221e-04 -1.051239241700011462e-06 -5.848965099523757270e-07 3.95 0.00023880896666 1.6e-09
2.655384811724964235e-05 2.497726812185618428e+00 2.758890024602288910e-02 1.633553783537166943e-04 -2.687624891961954061e-05 -1.352573540849706737e-06 3.95 0.00023880896666 1.6e-09
-3.191792742642984208e-05 4.189494612646422200e-01 -3.883553535866552178e-03 1.437098478719679500e-04 2.641927216735389628e-05 6.343888658666845838e-06 3.95 0.00023880896666 1.6e-09
6.498318209522321582e-05 2.941725800191206996e+00 1.231213524941824622e-01 1.856459080493025955e-04 2.057676824821015574e-05 3.179299187686486861e-07 3.95 0.00023880896666 1.6e-09
-4.334285038377281148e-05 3.785716404175021310e+00 9.616789704365893976e-02 2.300845115526510434e-04 -2.465757602620819996e-06 -6.795125128909569868e-07 3.95 0.00023880896666 1.6e-09
6.196778755804538809e-06 2.362998673755611456e+00 4.834892944397516383e-04 1.567630855971513049e-04 -2.916265522705192631e-05 -1.137804411487905322e-06 3.95 0.00023880896666 1.6e-09
-3.187737199673129054e-05 4.501133044700573738e-01 5.340347490194742933e-03 1.372086892929888350e-04 3.857916327050549808e-05 6.339846238277410140e-06 3.95 0.00023880896666 1.6e-09
-2.401827959351856379e-05 3.057664452884623962e+00 1.134285553234761351e-01 1.915857093108565539e-04 1.922838798107592286e-05 9.682223643785907159e-08 3.95 0.00023880896666 1.6e-09
-7.075694646836182592e-05 3.812464637993039140e+00 7.451832928658666533e-02 2.314902768107302022e-04 -3.131936016191607984e-06 -7.115164893643712107e-07 3.95 0.00023880896666 1.6e-09
8.674661551143772941e-07 2.322801839308135552e+00 -1.508489549086343764e-02 1.547852004165050635e-04 -3.003400768507932946e-05 -9.476675148083592724e-07 3.95 0.00023880896666 1.6e-09
-6.616017504602794198e-05 4.618036713307330787e-01 9.497462691815979421e-03 1.348982576256739356e-04 4.205144125643930686e-05 6.137164724027430972e-06 3.95 0.00023880896666 1.6e-09
-4.574172616581393032e-05 3.101528417348569544e+00 1.017138383170297922e-01 1.938255106324658444e-04 1.894172414020189047e-05 -3.487784892068332979e-08 3.95 0.00023880896666 1.6e-09
-1.192063856097102837e-05 3.847572557531250936e+00 5.706242292088773566e-02 2.333492415761236256e-04 -3.086636771658211406e-06 -7.013837092941309789e-07 3.95 0.00023880896666 1.6e-09
6.770610539392808724e-05 2.377886355063225210e+00 -2.466315656610210127e-02 1.573845027306033451e-04 -2.946422251200856205e-05 -7.805729413565533133e-07 3.95 0.00023880896666 1.6e-09
4.960281815422988143e-05 4.445427916860554829e-01 9.242878245544211210e-03 1.377559638955617679e-04 3.888028532390891596e-05 6.207880664119748911e-06 3.95 0.00023880896666 1.6e-09
-9.348954570857927584e-05 3.081689635871957211e+00 8.848927623705746259e-02 1.927567383082668274e-04 1.962734829328934461e-05 -1.371674441796609251e-07 3.95 0.00023880896666 1.6e-09
-8.561250563069194473e-05 3.895748932044269530e+00 3.984705747085029448e-02 2.359128811090651181e-04 -2.333208983568719556e-06 -6.796597116588893502e-07 3.95 0.00023880896666 1.6e-09
-3.994043724263447411e-05 2.533218837976844107e+00 -3.365927953581659970e-02 1.649221169986225051e-04 -2.746572027245570811e-05 -6.302925969467166102e-07 3.95 0.00023880896666 1.6e-09
4.381872138973281377e-06 4.080474735807181341e-01 5.659428292385148412e-03 1.450870090518610557e-04 2.646451500829671635e-05 6.687367955433908330e-06 3.95 0.00023880896666 1.6e-09
-8.856701065397185307e-05 2.984821976878564875e+00 6.937561682747397929e-02 1.877059309138417596e-04 2.138652648700011623e-05 -2.901136363542963087e-07 3.95 0.00023880896666 1.6e-09
8.378615592449465690e-06 3.946689329647755429e+00 1.348737728785322221e-02 2.386301122207124697e-04 -9.031141415920980843e-07 -6.679906532900431139e-07 3.95 0.00023880896666 1.6e-09
9.392694324688768265e-06 2.773149359538740200e+00 -5.044370127053907082e-02 1.768826820425103107e-04 -2.436193320566095984e-05 -4.462646823565464132e-07 3.95 0.00023880896666 1.6e-09
8.633279929154526265e-06 3.851920931090010436e-01 -3.360428261361978006e-04 1.505620574501663955e-04 5.744550165157755633e-07 7.097307283255457574e-06 3.95 0.00023880896666 1.6e-09
-8.272447735202184552e-05 2.783912132630710801e+00 3.567830337134933472e-02 1.774144657519259919e-04 2.431349435265917975e-05 -5.837989377146592555e-07 3.95 0.00023880896666 1.6e-09
3.965858044041545045e-05 3.958748437895316385e+00 -3.337977772596281700e-02 2.392716390319511548e-04 9.511587295778966956e-07 -6.503910926226343649e-07 3.95 0.00023880896666 1.6e-09
7.368297826924180820e-05 3.008171419478851139e+00 -8.155767601775087972e-02 1.888980358959799612e-04 -2.116783110564514315e-05 -1.531273969362421123e-07 3.95 0.00023880896666 1.6e-09
-5.806583051612563271e-06 4.115205347326300611e-01 -6.088144726748677057e-03 1.441943994564221995e-04 -2.873736326203184024e-05 6.599240254336432142e-06 3.95 0.00023880896666 1.6e-09
5.206202875892758928e-06 2.516214768869381224e+00 -2.358072435981062136e-03 1.640514167006980003e-04 2.789776982977620711e-05 -9.389800463799463324e-07 3.95 0.00023880896666 1.6e-09
-1.154016895081168639e-04 3.916331152465048149e+00 -8.243880414831600278e-02 2.370012677715843956e-04 2.741262183641203148e-06 -5.781513164967077781e-07 3.95 0.00023880896666 1.6e-09
-1.375902210084445799e-06 3.158141274404801635e+00 -1.091646836729369408e-01 1.967086979468118371e-04 -1.876628506129760516e-05 1.749033337154770622e-07 3.95 0.00023880896666 1.6e-09
3.863120649329329290e-05 4.745519427192120832e-01 -7.610674362304405659e-03 1.323801463090462345e-04 -4.571778309649470969e-05 5.369427792297363426e-06 3.95 0.00023880896666 1.6e-09
-9.224945808730276777e-06 2.285795963706816813e+00 -2.979253700326986790e-02 1.529272716844140556e-04 3.104625520607030701e-05 -1.195951240225969554e-06 3.95 0.00023880896666 1.6e-09
3.910136414005514912e-05 3.862403303947434807e+00 -1.107641152707450477e-01 2.341195749801518145e-04 4.064838299685907526e-06 -4.445303367303995002e-07 3.95 0.00023880896666 1.6e-09
4.844333725002702821e-05 3.238779272137012555e+00 -1.162599393548588156e-01 2.009538368355468473e-04 -1.723769342479366395e-05 4.210650931125657937e-07 3.95 0.00023880896666 1.6e-09
3.784855857929260946e-05 5.388431473815351591e-01 -4.376941161299982563e-03 1.239177580264763049e-04 -5.251426651107321227e-05 3.984547331170135449e-06 3.95 0.00023880896666 1.6e-09
3.805848236295475531e-05 2.129888847747897884e+00 -4.736538318818921123e-02 1.456556205431569940e-04 3.326380709524959765e-05 -1.295454445638572793e-06 3.95 0.00023880896666 1.6e-09
-5.940538456103072935e-05 3.821706223241928768e+00 -1.187369185818961392e-01 2.319475702782110272e-04 4.930399731589422515e-06 -2.678688831947709915e-07 3.95 0.00023880896666 1.6e-09
-5.810573591585019065e-05 3.281749260682736313e+00 -1.052466298776462139e-01 2.032292978573413053e-04 -1.632306289784775041e-05 5.766175505292302528e-07 3.95 0.00023880896666 1.6e-09
3.668785737187248917e-05 5.871335285888552580e-01 1.941217702201063211e-03 1.192552729964433859e-04 -5.498583561939466587e-05 2.629020385837046733e-06 3.95 0.00023880896666 1.6e-09
5.343709022920419124e-05 2.034579685675527827e+00 -5.842493546970185109e-02 1.413345285425161358e-04 3.466958862083342014e-05 -1.237490324043834229e-06 3.95 0.00023880896666 1.6e-09
-1.013922925147342307e-04 3.795911552493659080e+00 -1.118802258639587516e-01 2.305722968923816518e-04 5.450789947281326357e-06 -6.589618070774789601e-08 3.95 0.00023880896666 1.6e-09
7.708379818183274236e-05 3.305223617168247863e+00 -8.188680700585899974e-02 2.044747979299225017e-04 -1.581140812898067588e-05 6.595869052381056615e-07 3.95 0.00023880896666 1.6e-09
-1.884951862950718071e-05 6.186519488049729842e-01 9.586405032268045107e-03 1.168243566622105941e-04 -5.589210889790401977e-05 1.285536064998858281e-06 3.95 0.00023880896666 1.6e-09
2.252937679531232521e-05 1.978716367201753368e+00 -6.447822174759566816e-02 1.388510407241206929e-04 3.552174138670078415e-05 -1.039869852527785911e-06 3.95 0.00023880896666 1.6e-09
5.485068815441523828e-05 3.780995319884271844e+00 -9.389964912902944161e-02 2.297776332414225612e-04 5.746440506715818994e-06 1.469898900573595816e-07 3.95 0.00023880896666 1.6e-09
5.005710356093650410e-05 3.319039230408385777e+00 -5.012264950942248859e-02 2.052085391752588473e-04 -1.550963112094081722e-05 6.809767047206403936e-07 3.95 0.00023880896666 1.6e-09
-6.701255545445060439e-06 6.385993762159092313e-01 1.730517886894743923e-02 1.154888486059990182e-04 -5.625440519919783764e-05 -6.631362647797130924e-08 3.95 0.00023880896666 1.6e-09
3.751709717027083287e-05 1.945413303054169374e+00 -6.588639932022050116e-02 1.373884747476563414e-04 3.604747942047044752e-05 -7.258386600309664157e-07 3.95 0.00023880896666 1.6e-09
1.054097686543521971e-04 3.773007176517945371e+00 -6.707551935933361853e-02 2.293515052738829348e-04 5.934050284963822842e-06 3.585427267737281966e-07 3.95 0.00023880896666 1.6e-09
-2.655690502548145154e-05 3.329356401501358143e+00 -1.260264424263812452e-02 2.057548004824165399e-04 -1.530778875216415251e-05 6.463612865421158351e-07 3.95 0.00023880896666 1.6e-09
4.609336170663561825e-05 6.533610468757772294e-01 2.437907780179254108e-02 1.145815867678968232e-04 -5.642991853318718508e-05 -1.404857615488937247e-06 3.95 0.00023880896666 1.6e-09
4.562430146567583668e-05 1.921850866756563470e+00 -6.265038104186976264e-02 1.363589135006533200e-04 3.644163019963943381e-05 -3.194875462635738919e-07 3.95 0.00023880896666 1.6e-09
-6.546810188042372493e-05 3.768860476142314120e+00 -3.306631777817498063e-02 2.291284766772103913e-04 6.096242313348321798e-06 5.585260083720420007e-07 3.95 0.00023880896666 1.6e-09
-3.336755571762665430e-05 3.340855304648968183e+00 2.868118610763354531e-02 2.063601397968195430e-04 -1.512409808390003402e-05 5.602824315033925961e-07 3.95 0.00023880896666 1.6e-09
-4.492023081336864534e-05 6.692611462009419032e-01 3.060293382764262340e-02 1.136848836733014075e-04 -5.653447504789279850e-05 -2.671261928755184200e-06 3.95 0.00023880896666 1.6e-09
-3.078063140472982444e-05 1.897613988100324223e+00 -5.487500286556010881e-02 1.353015856826347667e-04 3.687219871328685516e-05 1.573546646895364821e-07 3.95 0.00023880896666 1.6e-09
8.550517209427226583e-05 3.766146059519679845e+00 6.659264238939402794e-03 2.289803645602278646e-04 6.263296348657194774e-06 7.393095660161305063e-07 3.95 0.00023880896666 1.6e-09
8.575610740003149202e-05 3.357733420632333932e+00 7.212927677696552575e-02 2.072460974662691737e-04 -1.488583026366034777e-05 4.292133892165221899e-07 3.95 0.00023880896666 1.6e-09
1.297858823377340769e-05 6.925767058513795371e-01 3.624772945831136739e-02 1.124885353963909020e-04 -5.665725432828885345e-05 -3.786726584502665321e-06 3.95 0.00023880896666 1.6e-09
3.806302025230441584e-05 1.863264600480804445e+00 -4.307019325725766623e-02 1.338184924840319745e-04 3.747601907405112727e-05 6.870477815668811926e-07 3.95 0.00023880896666 1.6e-09
-1.091664959318885508e-04 3.762734483961247545e+00 5.054180743703858003e-02 2.287917742650923060e-04 6.536980515552252766e-06 8.964941680699791435e-07 3.95 0.00023880896666 1.6e-09
4.105142808116402645e-05 3.384215459912422119e+00 1.163963168406197124e-01 2.086377469965495384e-04 -1.450265857332999603e-05 2.636180102411230775e-07 3.95 0.00023880896666 1.6e-09
-2.774649708827864572e-05 7.312647564022660696e-01 4.208103477365464362e-02 1.108602684472159190e-04 -5.667035180579433305e-05 -4.663946912559213123e-06 3.95 0.00023880896666 1.6e-09
1.007057692684670613e-05 1.808748607870214631e+00 -2.841233776467449318e-02 1.315002180100887394e-04 3.844218648330757836e-05 1.256405137363967358e-06 3.95 0.00023880896666 1.6e-09
-7.501822879662588381e-05 3.756286020483807775e+00 9.664865198767122467e-02 2.284380077884365324e-04 6.945071604926641888e-06 1.029288519326867898e-06 3.95 0.00023880896666 1.6e-09
3.192630296593019471e-05 3.424348726220019401e+00 1.602073035433096981e-01 2.107501887515557263e-04 -1.391707945442177363e-05 7.940350624254459776e-08 3.95 0.00023880896666 1.6e-09
1.497131556945319075e-05 7.961276986290881652e-01 4.935075313567610644e-02 1.089535388551432168e-04 -5.629725621220112001e-05 -5.223756988612781861e-06 3.95 0.00023880896666 1.6e-09
2.378378724498337723e-05 1.722774808752279396e+00 -1.301844611805231741e-02 1.279532139513746693e-04 3.996723150628637560e-05 1.855677093677298232e-06 3.95 0.00023880896666 1.6e-09
-8.544409272483212956e-05 3.743206483528858541e+00 1.422654343594026982e-01 2.277263396890761920e-04 7.567974827625343736e-06 1.140428535614291145e-06 3.95 0.00023880896666 1.6e-09
2.750267712481767112e-05 3.480326251751709510e+00 2.019856364951440053e-01 2.137045299914452337e-04 -1.307354727723689366e-05 -1.019435937171202306e-07 3.95 0.00023880896666 1.6e-09
-3.531069101791814441e-06 9.011186807580788827e-01 5.959655305264829894e-02 1.075806242070846040e-04 -5.497393178866322627e-05 -5.418353486712182459e-06 3.95 0.00023880896666 1.6e-09
1.351476999641135793e-05 1.594463364136974093e+00 -3.374720494219961829e-05 1.229454754318030398e-04 4.227895788682529672e-05 2.475479725275484222e-06 3.95 0.00023880896666 1.6e-09
1.123974579964596472e-04 3.717552478185463194e+00 1.835721343135428840e-01 2.263418206029679759e-04 8.430323109874009532e-06 1.235045315538350196e-06 3.95 0.00023880896666 1.6e-09
-6.373194169462618466e-05 3.548011322654623712e+00 2.393165011267346098e-01 2.172899372670096497e-04 -1.197505296367592686e-05 -2.576722229889800163e-07 3.95 0.00023880896666 1.6e-09
7.212549571380003028e-06 1.054282469685509760e+00 7.350551356228274269e-02 1.082101696726959193e-04 -5.230908961490733590e-05 -5.286353950870971727e-06 3.95 0.00023880896666 1.6e-09
-5.163703439291382388e-05 1.422823581631036838e+00 7.424320311778875164e-03 1.169254488259386233e-04 4.545706105253161002e-05 3.105198529428273407e-06 3.95 0.00023880896666 1.6e-09
1.820694373431267009e-05 3.672476425096493635e+00 2.165285742801224544e-01 2.239247279859613818e-04 9.526251694321453303e-06 1.317685156108305067e-06 3.95 0.00023880896666 1.6e-09
-4.166654719038223571e-05 3.612721162372404038e+00 2.691221578933096770e-01 2.207329885856201715e-04 -1.076490506271843894e-05 -3.762452536011224840e-07 3.95 0.00023880896666 1.6e-09
-5.452504264158032740e-05 1.236568476814354778e+00 8.876765755031615357e-02 1.115979922919053101e-04 -4.877284139919375362e-05 -4.988439632962731872e-06 3.95 0.00023880896666 1.6e-09
-2.928869489041002275e-05 1.233642358956972274e+00 9.177237932157317896e-03 1.115474122730516430e-04 4.904387370260537902e-05 3.736203480176118302e-06 3.95 0.00023880896666 1.6e-09
3.504960839192774785e-06 3.609109704115472717e+00 2.399729693117681473e-01 2.205468522964886598e-04 1.067197199704860404e-05 1.386190922869298118e-06 3.95 0.00023880896666 1.6e-09
-2.664651487535449136e-05 3.656596608714898444e+00 2.897503360326877386e-01 2.230822103724666423e-04 -9.665979236430013993e-06 -4.699354680373751792e-07 3.95 0.00023880896666 1.6e-09
-1.955392427723634164e-05 1.399287859570272907e+00 1.002473039983612924e-01 1.161898133267331599e-04 -4.558868812791994562e-05 -4.718745683830988491e-06 3.95 0.00023880896666 1.6e-09
2.579643946916688324e-05 1.075233574353045896e+00 9.068311765299319482e-03 1.085451167525372290e-04 5.200484657089590322e-05 4.356733731299220958e-06 3.95 0.00023880896666 1.6e-09
6.516973997108474470e-05 3.543348047858126737e+00 2.567255746217153023e-01 2.170595971588920202e-04 1.162422272848934098e-05 1.425357834341626259e-06 3.95 0.00023880896666 1.6e-09
5.551784015657349315e-05 3.673842122644645158e+00 3.020588023863886029e-01 2.240189574917393330e-04 -8.885338277142111076e-06 -5.662651546205880043e-07 3.95 0.00023880896666 1.6e-09
3.895858142380139317e-06 1.503131074000511047e+00 1.039915274017005759e-01 1.196791030442406653e-04 -4.355225419499727819e-05 -4.569243225235192896e-06 3.95 0.00023880896666 1.6e-09
-5.208167693223936001e-05 9.795780680663288553e-01 1.120836497408103649e-02 1.077032422710641403e-04 5.362873096688201651e-05 4.935794392184970203e-06 3.95 0.00023880896666 1.6e-09
-7.902237791075865240e-06 3.493753490950890939e+00 2.696984134027225477e-01 2.144433383183939499e-04 1.219974973901524868e-05 1.412558782328564100e-06 3.95 0.00023880896666 1.6e-09
-2.104766853121107253e-05 3.668819754968795976e+00 3.069553782099300188e-01 2.237688222989595856e-04 -8.511743851613633128e-06 -6.852218343400336737e-07 3.95 0.00023880896666 1.6e-09
-4.400162184680872046e-05 1.535573942886207410e+00 9.860708839851452245e-02 1.208707976031055239e-04 -4.284604643440889237e-05 -4.532240006073239610e-06 3.95 0.00023880896666 1.6e-09
-3.685142854566996894e-05 9.509484058154185071e-01 1.770452506561435296e-02 1.076847337400794043e-04 5.393939191273449708e-05 5.394962021636017766e-06 3.95 0.00023880896666 1.6e-09
-6.087365424417454730e-05 3.469624518237581334e+00 2.792133919767387784e-01 2.131831671936997301e-04 1.229981505490148376e-05 1.329235164025129764e-06 3.95 0.00023880896666 1.6e-09
7.832430675170243967e-05 3.645155920920851056e+00 3.037487750757974503e-01 2.225230598233712701e-04 -8.601865906409422225e-06 -8.310768332421890610e-07 3.95 0.00023880896666 1.6e-09
4.047528552046165181e-05 1.495346307330807756e+00 8.391540590892046514e-02 1.194979379102745220e-04 -4.349720779779183886e-05 -4.561225507366401824e-06 3.95 0.00023880896666 1.6e-09
3.891749332603335808e-05 9.871696385905750493e-01 2.968517558005061632e-02 1.078861955101223502e-04 5.311044063977728180e-05 5.589692956827687876e-06 3.95 0.00023880896666 1.6e-09
-6.284140043255389955e-05 3.473060253033373179e+00 2.833954447490631412e-01 2.133847687727749066e-04 1.190017307853789892e-05 1.163246820357286275e-06 3.95 0.00023880896666 1.6e-09
6.147380242203292556e-05 3.603434882586034949e+00 2.904550785390030421e-01 2.203156714642413123e-04 -9.152498493889541691e-06 -9.958380441598200830e-07 3.95 0.00023880896666 1.6e-09
-3.810957055272516615e-05 1.384033313054974457e+00 6.063350165880306702e-02 1.159007409027871453e-04 -4.551109663173971101e-05 -4.581182772869006724e-06 3.95 0.00023880896666 1.6e-09
2.915171787725455487e-05 1.090185972023724359e+00 4.794376236408841307e-02 1.089960348721383102e-04 5.105635349716444954e-05 5.377895854444702670e-06 3.95 0.00023880896666 1.6e-09
5.305076502392032693e-05 3.503169240614181668e+00 2.796884639477470458e-01 2.149978711371900548e-04 1.103373112597623603e-05 9.108124574438512004e-07 3.95 0.00023880896666 1.6e-09
4.914780725610183099e-05 3.546367691470286410e+00 2.651638364493301703e-01 2.172924782695834212e-04 -1.013493442060180936e-05 -1.161929239268264355e-06 3.95 0.00023880896666 1.6e-09
-1.909122444185309039e-05 1.216733234290673149e+00 3.174495830051194539e-02 1.114005412717661205e-04 -4.872545889666965197e-05 -4.445426171295987190e-06 3.95 0.00023880896666 1.6e-09
-8.195326893712194782e-06 1.253010312812929961e+00 7.166855817859502098e-02 1.122893775529490098e-04 4.786037767758499257e-05 4.789316661800511587e-06 3.95 0.00023880896666 1.6e-09
5.262753330646688203e-05 3.554787472934655135e+00 2.679038224475179253e-01 2.177453682717835212e-04 9.882981527323205412e-06 5.923681920494986558e-07 3.95 0.00023880896666 1.6e-09
8.405246398031601500e-06 3.485750919451559682e+00 2.295031001073172816e-01 2.140781649174671125e-04 -1.135698571856012503e-05 -1.307536697106269392e-06 3.95 0.00023880896666 1.6e-09
-2.046556767738045305e-05 1.038617535503133293e+00 3.699288643931496028e-03 1.083563026284729039e-04 -5.221482985721682393e-05 -3.933527310284581764e-06 3.95 0.00023880896666 1.6e-09
4.018846270960560484e-05 1.437125027401878308e+00 9.636434113185621264e-02 1.176186580193456610e-04 4.438992817266687000e-05 4.069877446024804002e-06 3.95 0.00023880896666 1.6e-09
-3.680661601304103245e-05 3.614199054851489734e+00 2.515081779475193402e-01 2.209007226670225261e-04 8.759854307233228967e-06 2.636585049122380128e-07 3.95 0.00023880896666 1.6e-09
6.274777419777605191e-05 3.438360228221098325e+00 1.902819844891280865e-01 2.115581642978079800e-04 -1.249090345130772373e-05 -1.415642514062284771e-06 3.95 0.00023880896666 1.6e-09
1.905529378667388546e-05 9.022250184552236263e-01 -1.755262513481630621e-02 1.078672656259295796e-04 -5.470941262599089851e-05 -2.971965167733259529e-06 3.95 0.00023880896666 1.6e-09
4.610961297979584376e-05 1.588378769409696245e+00 1.156881282273801992e-01 1.228755703346825763e-04 4.172327719125227174e-05 3.434032079032414757e-06 3.95 0.00023880896666 1.6e-09
-3.883246291569427213e-05 3.665046534142041956e+00 2.327080210561945917e-01 2.235992781282629318e-04 7.935682403521662930e-06 -2.232818271176285589e-08 3.95 0.00023880896666 1.6e-09
-1.109644210995298019e-05 3.413785742304393356e+00 1.531124047039154612e-01 2.102416913505481075e-04 -1.325288734138304049e-05 -1.472159842208445998e-06 3.95 0.00023880896666 1.6e-09
6.716288563071618845e-06 8.265321777834279127e-01 -3.142586643858376327e-02 1.085813645217140384e-04 -5.588000231453075595e-05 -1.794593119074195285e-06 3.95 0.00023880896666 1.6e-09
2.616149984158240281e-05 1.678295852834435831e+00 1.263291101107238967e-01 1.262728507061277477e-04 4.026195843257500330e-05 2.927719911503598206e-06 3.95 0.00023880896666 1.6e-09
-3.776254136673959957e-05 3.700178896602007050e+00 2.107481088330841468e-01 2.254611169814166750e-04 7.522853003109275180e-06 -2.518641107129741147e-07 3.95 0.00023880896666 1.6e-09
4.143696928873807342e-06 3.414526431187215216e+00 1.184954327069706603e-01 2.102624507489105142e-04 -1.355966379773659915e-05 -1.469594813032856416e-06 3.95 0.00023880896666 1.6e-09
-3.456248871108876745e-06 8.061128710271927567e-01 -4.073355989701171742e-02 1.088771473884181016e-04 -5.622603375969553285e-05 -7.028920773808791973e-07 3.95 0.00023880896666 1.6e-09
-2.656288507504210643e-05 1.703319102948884556e+00 1.284189438810164341e-01 1.272229710525022111e-04 3.997214567683381902e-05 2.518300494461703243e-06 3.95 0.00023880896666 1.6e-09
-4.906605315530389658e-05 3.720273298554144681e+00 1.843275503910442592e-01 2.265198500497467965e-04 7.525528389600961990e-06 -4.380441474357399320e-07 3.95 0.00023880896666 1.6e-09
2.487427169683253242e-05 3.442168613264320776e+00 8.440367509072971286e-02 2.117063975960958399e-04 -1.339207002538767774e-05 -1.411737399083807348e-06 3.95 0.00023880896666 1.6e-09
-4.526523497816167861e-05 8.384114936689615050e-01 -4.856360871802899160e-02 1.082528375273968341e-04 -5.597922292312348339e-05 1.342636398786545710e-07 3.95 0.00023880896666 1.6e-09
-3.948019951211702706e-05 1.663011808490374666e+00 1.230835901984312086e-01 1.255938482527718583e-04 4.083738536056491926e-05 2.162662746886556589e-06 3.95 0.00023880896666 1.6e-09
-4.825518237384628117e-06 3.726416289525258385e+00 1.516543573851020232e-01 2.268302225428398640e-04 7.947979306498983794e-06 -6.040059932510787669e-07 3.95 0.00023880896666 1.6e-09
9.037919296257279666e-05 3.499382789240571778e+00 4.751248079658113715e-02 2.147194204767391358e-04 -1.273215250194610892e-05 -1.307162239023724846e-06 3.95 0.00023880896666 1.6e-09
1.615512963906224185e-05 9.354670922597407845e-01 -5.787698117114709051e-02 1.075121642601855823e-04 -5.466683180143924530e-05 6.857280295551318249e-07 3.95 0.00023880896666 1.6e-09
-2.240032280124416877e-05 1.548785649326951619e+00 1.106063032650578537e-01 1.212478005299188973e-04 4.305648521985860514e-05 1.802812639815007610e-06 3.95 0.00023880896666 1.6e-09
6.806240161210053629e-06 3.714255946943504583e+00 1.084692675080470153e-01 2.261581490780077632e-04 8.835353586236178322e-06 -7.798243507737423175e-07 3.95 0.00023880896666 1.6e-09
4.929892611413181567e-05 3.584621893858030095e+00 1.997522077953524117e-03 2.192318593848674836e-04 -1.156089816016008057e-05 -1.159044522697014704e-06 3.95 0.00023880896666 1.6e-09
-2.012471246801696237e-06 1.118849805428713040e+00 -7.212269634973264565e-02 1.091298329669145918e-04 -5.138370911134088710e-05 1.052980580960746468e-06 3.95 0.00023880896666 1.6e-09
9.970067790391651832e-06 1.350743586103273719e+00 9.048566574659550055e-02 1.146441612033584915e-04 4.691369469332024662e-05 1.336064193254284192e-06 3.95 0.00023880896666 1.6e-09
7.425523363616755475e-05 3.670317721443463910e+00 4.830676336790687420e-02 2.237914214363446563e-04 1.017754389732397979e-05 -9.927639341468529414e-07 3.95 0.00023880896666 1.6e-09
1.050788376483315561e-04 3.678017506762357058e+00 -5.909555000044160178e-02 2.242026497795256558e-04 -1.002902335330506690e-05 -9.568440771283348119e-07 3.95 0.00023880896666 1.6e-09
-3.096569999154165842e-05 1.376876387029588145e+00 -9.395299950259636268e-02 1.154282953347595710e-04 -4.641297332049592586e-05 1.444329297536013627e-06 3.95 0.00023880896666 1.6e-09
-3.186339466703280216e-05 1.095844566491848138e+00 6.592951603012536799e-02 1.087163063267546054e-04 5.194184650542697584e-05 6.526190449448485797e-07 3.95 0.00023880896666 1.6e-09
-3.639181692454713103e-05 3.584712321449813111e+00 -2.577467533105206807e-02 2.192227684501296832e-04 1.181155568085302388e-05 -1.221524791275490383e-06 3.95 0.00023880896666 1.6e-09
5.535582292774266763e-05 3.744408092532474530e+00 -1.305157652027040538e-01 2.277603018556842755e-04 -8.467025973834750631e-06 -6.911681731329137674e-07 3.95 0.00023880896666 1.6e-09
1.261451359506439776e-05 1.629466666725317037e+00 -1.184762817003338353e-01 1.242187211783309705e-04 -4.169040338205711588e-05 1.934390912555500008e-06 3.95 0.00023880896666 1.6e-09
4.771373204153280819e-05 8.707180491630519548e-01 4.467613176055273971e-02 1.077234269149643701e-04 5.587902643304349629e-05 -3.137039669863338122e-07 3.95 0.00023880896666 1.6e-09
6.660091502016511243e-05 3.480763416980600766e+00 -9.508300099076254230e-02 2.137106487176514949e-04 1.336972048214960682e-05 -1.387165047486228231e-06 3.95 0.00023880896666 1.6e-09
-1.141900258536652265e-04 3.776371890283937827e+00 -1.907029193703143610e-01 2.294895949911712253e-04 -7.157651340406800467e-06 -3.885470530004150184e-07 3.95 0.00023880896666 1.6e-09
1.645923367920639629e-06 1.818794893610867103e+00 -1.336932407524707433e-01 1.318636302512797348e-04 -3.828667480409191006e-05 2.354587502487808876e-06 3.95 0.00023880896666 1.6e-09
-1.064204081323952446e-05 7.240438829195185999e-01 2.899581429597516968e-02 1.110144544824167120e-04 5.714263710856621041e-05 -1.598580422233312850e-06 3.95 0.00023880896666 1.6e-09
-1.429321002962156343e-05 3.390833910079461333e+00 -1.474706468673744331e-01 2.089632455191829988e-04 1.464286618542118593e-05 -1.434030885098375324e-06 3.95 0.00023880896666 1.6e-09
-4.446590647052607749e-05 3.793053859202371481e+00 -2.270230053454950492e-01 2.303976069735453420e-04 -6.171279871929988850e-06 -8.441664030281253017e-08 3.95 0.00023880896666 1.6e-09
3.978963555498398819e-06 1.954904255246137090e+00 -1.342376695175497292e-01 1.377448018018664661e-04 -3.594950421613130824e-05 2.583618022902338767e-06 3.95 0.00023880896666 1.6e-09
3.072820235174792813e-05 6.342409161818005625e-01 1.689662637108858487e-02 1.156387499369875569e-04 5.636596661906902102e-05 -3.089620438435993959e-06 3.95 0.00023880896666 1.6e-09
3.717914165056983170e-05 3.321814484827351421e+00 -1.810784140574608903e-01 2.053291578555992776e-04 1.566197421084181731e-05 -1.353733155228259652e-06 3.95 0.00023880896666 1.6e-09
-5.312637442546469242e-05 3.810464080380014273e+00 -2.390142111946057524e-01 2.313374937856788201e-04 -5.358744777141085352e-06 1.971780831404488661e-07 3.95 0.00023880896666 1.6e-09
-1.717836757988382547e-05 2.071392840720037931e+00 -1.219656269592050701e-01 1.429661303374125340e-04 -3.408222332461702188e-05 2.595586783735434021e-06 3.95 0.00023880896666 1.6e-09
-3.309630061496360938e-05 5.688654682083909009e-01 7.375856876868664563e-03 1.208362758962854791e-04 5.421032015576589605e-05 -4.576126937806253282e-06 3.95 0.00023880896666 1.6e-09
-5.592853538896266647e-05 3.262966126175090409e+00 -1.954405650291167751e-01 2.022304398592216033e-04 1.665855369226926182e-05 -1.162477198546942691e-06 3.95 0.00023880896666 1.6e-09
5.309583318151165016e-05 3.837445881258379821e+00 -2.286116833345407384e-01 2.327832856834669245e-04 -4.536277296895030808e-06 4.325790129438794013e-07 3.95 0.00023880896666 1.6e-09
-2.322855346109874402e-06 2.202736907065284022e+00 -1.001657976796928862e-01 1.490186228170399139e-04 -3.213440223482194851e-05 2.391642145983218897e-06 3.95 0.00023880896666 1.6e-09
-4.020389952554822644e-05 5.076362483403600301e-01 1.170181226585109788e-03 1.276626115747757785e-04 4.977148297309427923e-05 -5.868255155253891621e-06 3.95 0.00023880896666 1.6e-09
3.595392156120179328e-05 3.195979871723597210e+00 -1.892271868282422442e-01 1.987057517193581771e-04 1.788747361739602068e-05 -8.878805890185916315e-07 3.95 0.00023880896666 1.6e-09
-1.116190104322287467e-04 3.878018030585193898e+00 -1.974470273284864019e-01 2.349532520859205905e-04 -3.475517791087808375e-06 5.964030450712987350e-07 3.95 0.00023880896666 1.6e-09
-1.281070672420948930e-05 2.379095901447100481e+00 -7.134794448579584447e-02 1.573870416112577771e-04 -2.966613108031935906e-05 2.000396460684857705e-06 3.95 0.00023880896666 1.6e-09
-1.682975275933725596e-05 4.453445755084108892e-01 -2.252239859354103891e-04 1.373565486621354363e-04 3.988304305455072610e-05 -6.781579176827111854e-06 3.95 0.00023880896666 1.6e-09
-1.372852431334510191e-06 3.094724081549173000e+00 -1.637211540859756509e-01 1.934033862403561365e-04 1.966933304861157505e-05 -5.807039380664328965e-07 3.95 0.00023880896666 1.6e-09
7.992478175669283011e-05 3.926203945081694346e+00 -1.505266310705973831e-01 2.375306409606640044e-04 -2.060536102195464177e-06 6.717865986387125555e-07 3.95 0.00023880896666 1.6e-09
8.182834464955972211e-05 2.611236336791589174e+00 -3.845099205666201864e-02 1.687530002773796837e-04 -2.655039279445969987e-05 1.515020147850666957e-06 3.95 0.00023880896666 1.6e-09
-2.936960099951114363e-05 3.967002442800856565e-01 3.674313945496318623e-03 1.476825210320388299e-04 1.951636734659362859e-05 -7.046555195959938842e-06 3.95 0.00023880896666 1.6e-09
-2.562596121012463714e-06 2.926944374346324373e+00 -1.318160913497468112e-01 1.847203617135561140e-04 2.222394281602155046e-05 -3.481163265102221905e-07 3.95 0.00023880896666 1.6e-09
-7.197724747986452849e-05 3.954751143634425148e+00 -1.051298423684983302e-01 2.390592768610598105e-04 -2.913051123263347784e-07 6.776735225844086585e-07 3.95 0.00023880896666 1.6e-09
5.547041954404846446e-05 2.856378620680745772e+00 -9.704346609980714355e-03 1.811068199042831087e-04 -2.324939865492616880e-05 1.116288861440803936e-06 3.95 0.00023880896666 1.6e-09
1.887647291074532019e-05 3.883373502840500313e-01 1.083755214691526324e-02 1.498324154547808458e-04 -9.475943700640276338e-06 -6.527889145207160237e-06 3.95 0.00023880896666 1.6e-09
-7.906450861385409107e-05 2.692383977850147936e+00 -1.128011480999520089e-01 1.728103972624104884e-04 2.543368128824243353e-05 -2.670038063574804459e-07 3.95 0.00023880896666 1.6e-09
-9.645735148817603647e-05 3.938085328747950697e+00 -7.931736044263862362e-02 2.381685230615382019e-04 1.505598209652617072e-06 6.907813482653757550e-07 3.95 0.00023880896666 1.6e-09
-3.280952561553218162e-05 3.043081379053119040e+00 8.629987269857201243e-03 1.907205424131754815e-04 -2.051728100222277937e-05 9.311591989139342404e-07 3.95 0.00023880896666 1.6e-09
1.615277980103313387e-05 4.238036818735236855e-01 1.881536961179084561e-02 1.416871348894456831e-04 -3.313998871002310986e-05 -5.824573521510325576e-06 3.95 0.00023880896666 1.6e-09
-6.814819356750830709e-05 2.456909921688268383e+00 -1.044214672715824133e-01 1.611600608810236199e-04 2.861697076475928374e-05 -2.060555375007108116e-07 3.95 0.00023880896666 1.6e-09
-2.684969161731924181e-05 3.896744934550945949e+00 -6.062808093962848699e-02 2.359574474946886477e-04 3.014214470104033491e-06 7.709884947240619615e-07 3.95 0.00023880896666 1.6e-09
-1.951528068415674257e-05 3.161949705672836064e+00 2.883174444261411840e-02 1.969224397444649724e-04 -1.856540337912078502e-05 8.578368690822267641e-07 3.95 0.00023880896666 1.6e-09
4.414342267303216806e-05 4.806065190142227994e-01 2.714851899175035888e-02 1.315560481313362770e-04 -4.608774456954879207e-05 -5.641113041163796115e-06 3.95 0.00023880896666 1.6e-09
-2.520484962119098896e-05 2.268191110921010001e+00 -9.622917324402205375e-02 1.520952252540208258e-04 3.127340552862552876e-05 -1.512267002478274459e-08 3.95 0.00023880896666 1.6e-09
2.361136666772985113e-05 3.857710451207856384e+00 -3.282762912079527362e-02 2.338693087672954161e-04 4.156649226237500196e-06 9.090229593723292766e-07 3.95 0.00023880896666 1.6e-09
-9.312332649788068880e-05 3.240845093849390679e+00 6.059887128476025564e-02 2.010656675669810780e-04 -1.718154492602573400e-05 7.713184138377022584e-07 3.95 0.00023880896666 1.6e-09
5.313152215476589393e-05 5.425464015345404789e-01 3.591371727819679671e-02 1.235384193081070299e-04 -5.227207676978204984e-05 -5.949745301354427256e-06 3.95 0.00023880896666 1.6e-09
1.277059895359560824e-05 2.122774149080909112e+00 -8.427460342675680005e-02 1.453119574677818899e-04 3.344047905523149684e-05 3.449041141593541803e-07 3.95 0.00023880896666 1.6e-09
3.448581075587535134e-05 3.828258890152212324e+00 7.146937150806247606e-03 2.322912510583811994e-04 5.051774312550780265e-06 1.074566881921685648e-06 3.95 0.00023880896666 1.6e-09
-1.400843198715034124e-05 3.304231765644848551e+00 1.032024509523968570e-01 2.044005380597701681e-04 -1.609860785386541432e-05 6.336455597489458405e-07 3.95 0.00023880896666 1.6e-09
-2.358325956599435715e-05 6.097155091586978770e-01 4.553046649327795181e-02 1.173812993220744029e-04 -5.525330577804542936e-05 -6.431648747957694710e-06 3.95 0.00023880896666 1.6e-09
4.968840917998778748e-06 1.996824831026987379e+00 -6.829462214415495114e-02 1.396037576854778067e-04 3.543561563848409562e-05 8.538650971161933436e-07 3.95 0.00023880896666 1.6e-09
1.490962908404117553e-05 3.805555775466064716e+00 5.686138384003864427e-02 2.310696259545211057e-04 5.872679966009812954e-06 1.245623836602276475e-06 3.95 0.00023880896666 1.6e-09
-7.507068174612671260e-06 3.368913655387042017e+00 1.531415228872942680e-01 2.078063936813923855e-04 -1.505261139895959488e-05 4.517256285859381168e-07 3.95 0.00023880896666 1.6e-09
-1.210072391900258947e-05 6.948941923397993214e-01 5.740795692171696968e-02 1.122432178864439566e-04 -5.648188889391682322e-05 -6.790943606139112944e-06 3.95 0.00023880896666 1.6e-09
5.371047203961828922e-05 1.862617180397422301e+00 -4.988395613965723729e-02 1.337316273744397499e-04 3.766997736463133326e-05 1.480366003327808388e-06 3.95 0.00023880896666 1.6e-09
1.796737774248170262e-05 3.783116437804854293e+00 1.125287840675738560e-01 2.298564291335553132e-04 6.785572392993770077e-06 1.413691076486750806e-06 3.95 0.00023880896666 1.6e-09
-3.316331322324870325e-05 3.445742690044743206e+00 2.072666270150895496e-01 2.118593235822731780e-04 -1.385214224729065634e-05 2.511273716343529187e-07 3.95 0.00023880896666 1.6e-09
3.281084093463707615e-05 8.209820689394177196e-01 7.424569903749472788e-02 1.083730344375362516e-04 -5.589204686498944132e-05 -6.814438204565178097e-06 3.95 0.00023880896666 1.6e-09
-1.291027728728413737e-05 1.692714334352758421e+00 -3.251485500096674974e-02 1.267018322731846473e-04 4.062790697036252409e-05 2.199319415612569223e-06 3.95 0.00023880896666 1.6e-09
3.038840244906527847e-05 3.750727738496337338e+00 1.693265573930176626e-01 2.281068634170541358e-04 7.925597854793625007e-06 1.582169004893160958e-06 3.95 0.00023880896666 1.6e-09
-7.281410370768572028e-05 3.535777636378501843e+00 2.624660009707780461e-01 2.166256051020162029e-04 -1.240440674370455077e-05 6.466608152737435388e-08 3.95 0.00023880896666 1.6e-09
2.940256904204997543e-05 1.010885649293212118e+00 9.874261214084290028e-02 1.077250653459463489e-04 -5.294617211028804834e-05 -6.465181831358978709e-06 3.95 0.00023880896666 1.6e-09
2.442513562768957111e-05 1.470507551353525066e+00 -2.083179275004146819e-02 1.184691132795786498e-04 4.465528292591950743e-05 2.995797437216830368e-06 3.95 0.00023880896666 1.6e-09
-9.285276136020296286e-06 3.694498385038619048e+00 2.215973882632950032e-01 2.250873777199939086e-04 9.326774175163678345e-06 1.759526760111101850e-06 3.95 0.00023880896666 1.6e-09
1.090707221741578608e-05 3.622149576090805567e+00 3.145932630907419258e-01 2.212202360002414299e-04 -1.081706399045212774e-05 -8.765724490952300184e-08 3.95 0.00023880896666 1.6e-09
3.848399231315628423e-05 1.250240417850504215e+00 1.289037234456660019e-01 1.118870293258339107e-04 -4.834428048406778520e-05 -5.980635781849607986e-06 3.95 0.00023880896666 1.6e-09
5.308015899171481325e-05 1.219442255818026011e+00 -1.659240491443009918e-02 1.111687435805755751e-04 4.940325243409440114e-05 3.868975469205838735e-06 3.95 0.00023880896666 1.6e-09
-9.524761217464606296e-05 3.610033767166840768e+00 2.659881458320974001e-01 2.205808325747612552e-04 1.083494649552510199e-05 1.942046001229937789e-06 3.95 0.00023880896666 1.6e-09
-3.569312228994631574e-05 3.679588337828104905e+00 3.594813767948364380e-01 2.242967544858921335e-04 -9.347717800377066533e-06 -2.219009464110381288e-07 3.95 0.00023880896666 1.6e-09
-3.754122125379088793e-05 1.471160740964960523e+00 1.558481166587750710e-01 1.185069147414343123e-04 -4.404537679552581343e-05 -5.661954588542840732e-06 3.95 0.00023880896666 1.6e-09
1.270897701731081933e-05 1.007292294881077410e+00 -1.543141709312314050e-02 1.077650515515916451e-04 5.334934251366215411e-05 4.834047147556256528e-06 3.95 0.00023880896666 1.6e-09
-9.540432776098550392e-05 3.518661699997040593e+00 3.039519197981582210e-01 2.157332595241579854e-04 1.215219591029670132e-05 2.096917638272870414e-06 3.95 0.00023880896666 1.6e-09
4.029208174498689150e-05 3.704168253906105157e+00 3.952168379075655658e-01 2.256288216393821980e-04 -8.235413307950638684e-06 -3.747863223008277037e-07 3.95 0.00023880896666 1.6e-09
2.844348239667003923e-05 1.624644385225985310e+00 1.720368980802892966e-01 1.240909141951577934e-04 -4.112473988644800202e-05 -5.573165490922071835e-06 3.95 0.00023880896666 1.6e-09
4.897241938917763348e-05 8.727858055488633138e-01 -1.232177266821529726e-02 1.078192243968153168e-04 5.539957496180204864e-05 5.920154968164477491e-06 3.95 0.00023880896666 1.6e-09
6.757406006765794720e-07 3.445502688654209056e+00 3.379665452457539798e-01 2.118708003042048130e-04 1.307412188980083831e-05 2.182173487117496289e-06 3.95 0.00023880896666 1.6e-09
2.542466000039484401e-05 3.708783223758310488e+00 4.212830718257337681e-01 2.258930342616696871e-04 -7.521737052383701332e-06 -5.673572564204419740e-07 3.95 0.00023880896666 1.6e-09
-1.300064838448641868e-05 1.710405654518155405e+00 1.756224585399348836e-01 1.274789337925853175e-04 -3.948903297600865690e-05 -5.628066733722550317e-06 3.95 0.00023880896666 1.6e-09
-4.281481347988384405e-05 8.040205715831416633e-01 -5.544063438678713263e-03 1.088550836017933353e-04 5.602577495525318718e-05 7.108092053337377928e-06 3.95 0.00023880896666 1.6e-09
-3.147902974004163459e-05 3.398306423834368317e+00 3.683194606809061522e-01 2.093893769658541860e-04 1.359492966249054503e-05 2.175201034504503082e-06 3.95 0.00023880896666 1.6e-09
-1.486620896263592118e-05 3.703051822411182137e+00 4.371074329183566864e-01 2.256003178766441235e-04 -7.161409974597796599e-06 -7.985596524059418437e-07 3.95 0.00023880896666 1.6e-09
2.241075123583166696e-05 1.742686205602155258e+00 1.673980553346982314e-01 1.288077469342417138e-04 -3.884670280236263943e-05 -5.738842336835966732e-06 3.95 0.00023880896666 1.6e-09
-2.764615538875467846e-06 7.804757338140821954e-01 5.192949929099852265e-03 1.094490240410597671e-04 5.596302641065430930e-05 8.271188375237486411e-06 3.95 0.00023880896666 1.6e-09
8.956722036890006698e-05 3.374568026417244404e+00 3.936120757984726826e-01 2.081496687904326500e-04 1.375037494186885520e-05 2.071339811817820548e-06 3.95 0.00023880896666 1.6e-09
-4.843188323362986731e-05 3.689661537512460399e+00 4.418354183776554978e-01 2.248959456379606443e-04 -7.105093473745711180e-06 -1.057017098286376102e-06 3.95 0.00023880896666 1.6e-09
-2.220227694460314699e-05 1.729758904390438445e+00 1.484914838395628989e-01 1.283116905556595691e-04 -3.901621391619832700e-05 -5.848949180138242676e-06 3.95 0.00023880896666 1.6e-09
-2.177734980646916932e-05 7.921029371877491565e-01 2.026092862635755013e-02 1.092314023279063130e-04 5.557966139140170644e-05 9.190086891347580279e-06 3.95 0.00023880896666 1.6e-09
-6.097238041054155297e-05 3.370769074891361239e+00 4.115267143995039456e-01 2.079627482332301611e-04 1.359194314995234199e-05 1.871370364749169783e-06 3.95 0.00023880896666 1.6e-09
1.477157391693720637e-05 3.666068826022331528e+00 4.340474754956583081e-01 2.236472574060917437e-04 -7.363265155552064945e-06 -1.329736092326823857e-06 3.95 0.00023880896666 1.6e-09
6.085648369894754861e-05 1.667829044972685359e+00 1.194108516873996495e-01 1.258811402025250146e-04 -4.007554312679580122e-05 -5.924800399425970195e-06 3.95 0.00023880896666 1.6e-09
-4.866834055448911823e-05 8.426006976537554483e-01 4.085556968613913986e-02 1.083931694456679906e-04 5.475452605094006351e-05 9.566931542759901321e-06 3.95 0.00023880896666 1.6e-09
-6.711623891466922962e-05 3.386391261377348805e+00 4.185308718201595224e-01 2.088055825843170823e-04 1.304542941093846277e-05 1.569384845890023827e-06 3.95 0.00023880896666 1.6e-09
-4.051673761855133145e-05 3.625235823177948902e+00 4.107974639375755466e-01 2.214839957581485102e-04 -8.010009258475096424e-06 -1.603742906388849102e-06 3.95 0.00023880896666 1.6e-09
-4.835280766562060912e-05 1.540050741781080923e+00 7.996044370082912300e-02 1.211324427111647704e-04 -4.234306712758787583e-05 -5.920788678699954076e-06 3.95 0.00023880896666 1.6e-09
1.042071233715635147e-05 9.513587562172372003e-01 6.939985731928688395e-02 1.078656825430718508e-04 5.290242334712798615e-05 9.058195671154125282e-06 3.95 0.00023880896666 1.6e-09
5.563876122269955109e-05 3.425062903596208130e+00 4.090738860116992504e-01 2.108725431761808693e-04 1.200075621939774724e-05 1.145977801698330767e-06 3.95 0.00023880896666 1.6e-09
-2.713287035561624274e-05 3.558596477405029823e+00 3.667179851018170789e-01 2.179555672884735031e-04 -9.203686155107944540e-06 -1.859092931760534576e-06 3.95 0.00023880896666 1.6e-09
-4.284799991786095223e-05 1.327644419048008562e+00 3.138408484153137196e-02 1.143023262075266121e-04 -4.633847837923278147e-05 -5.669622446758723199e-06 3.95 0.00023880896666 1.6e-09
-2.120594543866884219e-05 1.146283094849001039e+00 1.081192373892226888e-01 1.100220579494339999e-04 4.926967824641515913e-05 7.566913731750862806e-06 3.95 0.00023880896666 1.6e-09
-7.753940437161803575e-05 3.492463002977526987e+00 3.792743994980587452e-01 2.144584344283480574e-04 1.045792439557118560e-05 5.927072458931286690e-07 3.95 0.00023880896666 1.6e-09
1.031778546683629287e-04 3.471139241147171095e+00 2.989009427298792154e-01 2.133276681937523896e-04 -1.094303995985435119e-05 -2.059754023133316990e-06 3.95 0.00023880896666 1.6e-09
3.889358518054642329e-05 1.061766257818609560e+00 -1.670634672102603094e-02 1.086958962701534874e-04 -5.154595196126186921e-05 -4.675636735622693438e-06 3.95 0.00023880896666 1.6e-09
5.383571024195507414e-05 1.411622564185025297e+00 1.519956047896582896e-01 1.168612718177636147e-04 4.432871711064469632e-05 5.715295006334849099e-06 3.95 0.00023880896666 1.6e-09
6.595514035036129834e-05 3.581109207191303323e+00 3.384541892612996095e-01 2.191624291280026772e-04 8.726822059475086916e-06 -9.830522067186369137e-10 3.95 0.00023880896666 1.6e-09
-6.211341933015894089e-05 3.393318119007815437e+00 2.213192749266023884e-01 2.092038102779451186e-04 -1.273989756030950100e-05 -2.181621787785073275e-06 3.95 0.00023880896666 1.6e-09
-2.798048849668594910e-05 8.463598817052403467e-01 -4.904041949750050783e-02 1.084659341476213433e-04 -5.519628141769467397e-05 -2.519430455917025409e-06 3.95 0.00023880896666 1.6e-09
1.175544833670208203e-05 1.650890179442815686e+00 1.850071065203095499e-01 1.252858531943204414e-04 4.020284162051480849e-05 4.238758967803485175e-06 3.95 0.00023880896666 1.6e-09
7.631397092437811362e-06 3.658827239209121451e+00 2.975069273413165072e-01 2.232861442187474618e-04 7.369113305686359876e-06 -4.851827115055036462e-07 3.95 0.00023880896666 1.6e-09
1.020592242414194799e-04 3.342026119064644973e+00 1.527951114174326275e-01 2.064753428101112078e-04 -1.411744603487443917e-05 -2.215622988954312604e-06 3.95 0.00023880896666 1.6e-09
-1.930930013514058809e-05 7.235617404831617971e-01 -6.451664518665191361e-02 1.114338290977396701e-04 -5.609624212672266962e-05 1.629314394838269095e-07 3.95 0.00023880896666 1.6e-09
6.241241434938784715e-05 1.807954755060311225e+00 1.990447199613994689e-01 1.315684938280788096e-04 3.768991090403748579e-05 3.188936443701930520e-06 3.95 0.00023880896666 1.6e-09
-4.877132659371252103e-05 3.708320311809531589e+00 2.549440348220114450e-01 2.259163004028189362e-04 6.511778214768707831e-06 -8.259905431779204462e-07 3.95 0.00023880896666 1.6e-09
-2.430538664092306609e-05 3.309053206157573257e+00 9.474281147729687880e-02 2.047224959520267435e-04 -1.498886921243261391e-05 -2.151561846872502967e-06 3.95 0.00023880896666 1.6e-09
2.116785402945008389e-05 6.593297439146186267e-01 -7.045829227649087756e-02 1.144150742471138906e-04 -5.560542108156639159e-05 2.614837651600864668e-06 3.95 0.00023880896666 1.6e-09
8.864404523539670726e-06 1.902163822187829867e+00 1.974624347723913653e-01 1.355556570399472829e-04 3.625648429313655839e-05 2.364154179983078372e-06 3.95 0.00023880896666 1.6e-09
1.470784431041634045e-05 3.734796464473208122e+00 2.086113524069189151e-01 2.273279579188962644e-04 5.953822918477095526e-06 -1.059627937708159778e-06 3.95 0.00023880896666 1.6e-09
-8.974689393040444912e-05 3.279454118537104002e+00 4.294762439909302620e-02 2.031604268759299760e-04 -1.561572812296764578e-05 -2.001396193822605439e-06 3.95 0.00023880896666 1.6e-09
-1.037096551590443791e-05 6.174199854271571475e-01 -7.073419425106935998e-02 1.171240346118352201e-04 -5.455072855645430612e-05 4.723557524529744197e-06 3.95 0.00023880896666 1.6e-09
1.403195575262662320e-05 1.971573772137416691e+00 1.849076764021500563e-01 1.385966789810081897e-04 3.517925567704391831e-05 1.616830227914740932e-06 3.95 0.00023880896666 1.6e-09
3.623810004092795561e-05 3.746425708873885263e+00 1.583030791339397059e-01 2.279554822444175848e-04 5.446603253250816113e-06 -1.214257373428519072e-06 3.95 0.00023880896666 1.6e-09
3.632801743623360435e-05 3.234810690987025339e+00 -4.722574862093121065e-03 2.008238388971115109e-04 -1.631922291745085995e-05 -1.777407321973296021e-06 3.95 0.00023880896666 1.6e-09
4.097717057340996766e-05 5.729323739562308671e-01 -6.507128300488949912e-02 1.208611629582181479e-04 -5.250785100347534753e-05 6.733695856405387223e-06 3.95 0.00023880896666 1.6e-09
6.971983091157514165e-05 2.054464063614709346e+00 1.628723690439494443e-01 1.423330848697853201e-04 3.380465355560142586e-05 8.572184834176307049e-07 3.95 0.00023880896666 1.6e-09
2.874990147787976312e-05 3.747794848388307010e+00 1.030282433378078011e-01 2.280458357464164787e-04 4.705584885751501619e-06 -1.294798523358569286e-06 3.95 0.00023880896666 1.6e-09
-3.033147411996215390e-05 3.148521638504625297e+00 -4.879130964756261957e-02 1.963370879570131337e-04 -1.747412909209929025e-05 -1.464792330790158560e-06 3.95 0.00023880896666 1.6e-09
-1.615195144934037009e-05 5.107123459782691999e-01 -5.048926741809789398e-02 1.279595911560737717e-04 -4.705291788111017157e-05 8.952823174489064607e-06 3.95 0.00023880896666 1.6e-09
1.475331361264367610e-05 2.192584810078541668e+00 1.276334788501023720e-01 1.487303307495973820e-04 3.147669553972598147e-05 1.761911640136643407e-08 3.95 0.00023880896666 1.6e-09
-1.989038997144189233e-05 3.740752876639093394e+00 3.715005153307610053e-02 2.276994356016404141e-04 3.394631477725128192e-06 -1.289174220823744363e-06 3.95 0.00023880896666 1.6e-09
-3.629919989579585165e-05 2.983813278688377313e+00 -9.084418046914663480e-02 1.878427199595581116e-04 -1.963978265105961868e-05 -9.862725455009988362e-07 3.95 0.00023880896666 1.6e-09
1.257794983331436540e-05 4.388009138470300718e-01 -2.432794567484617559e-02 1.398298652896811127e-04 -3.175124855200981300e-05 1.114403754391185116e-05 3.95 0.00023880896666 1.6e-09
5.026407283563007672e-05 2.421735904074330481e+00 7.243225553720657184e-02 1.596872315950361625e-04 2.778336358019681092e-05 -8.988007971312208693e-07 3.95 0.00023880896666 1.6e-09
-8.351804395541490564e-06 3.734120469695859423e+00 -4.845041704743573152e-02 2.273718954170565569e-04 1.325117383793097998e-06 -1.199540604649174125e-06 3.95 0.00023880896666 1.6e-09
7.580142934359267583e-05 2.732949125869627238e+00 -1.350798099865077595e-01 1.750926449489765592e-04 -2.310141020965210238e-05 -2.047034287049293473e-07 3.95 0.00023880896666 1.6e-09
-2.794006965185997018e-05 4.019245326471518887e-01 7.262568564042029724e-03 1.479946609188987987e-04 -2.072446719599525277e-06 1.116446479242883391e-05 3.95 0.00023880896666 1.6e-09
8.210365425484386073e-05 2.709712813797421127e+00 9.151114808910468246e-03 1.739075973812902144e-04 2.357990858926037697e-05 -1.585976921404800611e-06 3.95 0.00023880896666 1.6e-09
5.305466853757700660e-05 3.748570574439022529e+00 -1.338611236866963927e-01 2.281333593005226764e-04 -9.546765859084346001e-07 -1.068634504450606745e-06 3.95 0.00023880896666 1.6e-09
8.936730089901536670e-06 2.491067063495072897e+00 -1.727790717527067366e-01 1.630472736625654135e-04 -2.676369948810064183e-05 7.331903453913349890e-07 3.95 0.00023880896666 1.6e-09
-1.285140690315319316e-05 4.207667524413312155e-01 2.912424048596177345e-02 1.434847188772057393e-04 2.527768530624249462e-05 8.182816265620670014e-06 3.95 0.00023880896666 1.6e-09
2.160865699484462309e-06 2.935684166781492799e+00 -4.032217388635948169e-02 1.853481660780992996e-04 2.052247060489930262e-05 -1.820034753971548811e-06 3.95 0.00023880896666 1.6e-09
-4.586814298497957131e-05 3.767166745063154298e+00 -1.840159084393738209e-01 2.290992578420026553e-04 -2.632151624597573522e-06 -8.882558587501615983e-07 3.95 0.00023880896666 1.6e-09
5.152826600788618127e-05 2.324532899363387362e+00 -1.844222372689007794e-01 1.549337900285240207e-04 -2.948628518990421235e-05 1.427979952233739421e-06 3.95 0.00023880896666 1.6e-09
-6.457822826433313925e-08 4.608455042336631613e-01 3.695034595234056307e-02 1.355119675568833791e-04 4.004793588278862942e-05 4.748421274895110558e-06 3.95 0.00023880896666 1.6e-09
9.469672152723458225e-05 3.068073035864759213e+00 -7.801668334859473974e-02 1.921517770072884502e-04 1.873572102266489234e-05 -1.798483381771573724e-06 3.95 0.00023880896666 1.6e-09
-6.250242970117563467e-05 3.772570926309769312e+00 -2.069033617727624175e-01 2.293694877144232015e-04 -3.682077631468587239e-06 -6.494815440245362736e-07 3.95 0.00023880896666 1.6e-09
-2.653408098449225853e-05 2.211637091136925193e+00 -1.751805985756881290e-01 1.495583772613843165e-04 -3.134825711341573473e-05 1.871729226234159019e-06 3.95 0.00023880896666 1.6e-09
-6.391599831653952985e-05 5.013526738530647009e-01 3.505998170708800321e-02 1.291252567810703732e-04 4.744677530485119578e-05 1.725684368951318685e-06 3.95 0.00023880896666 1.6e-09
6.364382528613412345e-05 3.146559707397191374e+00 -1.107394521230767870e-01 1.962196890032465461e-04 1.762548601932417672e-05 -1.659304699529436184e-06 3.95 0.00023880896666 1.6e-09
1.093370713208237453e-04 3.767250020072880901e+00 -2.160399791473846531e-01 2.290757451337184242e-04 -4.418863529667054011e-06 -3.621236855828587130e-07 3.95 0.00023880896666 1.6e-09
3.379387133863829282e-05 2.120387864740475692e+00 -1.540596975881908248e-01 1.453099536661883783e-04 -3.284306076082108136e-05 2.174394560301058858e-06 3.95 0.00023880896666 1.6e-09
-1.702588046368805913e-05 5.424263022504285381e-01 2.683511820954127131e-02 1.239877237552811204e-04 5.167109160606168526e-05 -9.488217096205036214e-07 3.95 0.00023880896666 1.6e-09
5.630647060096617451e-05 3.202493679697825169e+00 -1.417067159922213160e-01 1.991355166272509858e-04 1.677289766478683766e-05 -1.452672936093690480e-06 3.95 0.00023880896666 1.6e-09
-6.372851009426265664e-05 3.755721771034894907e+00 -2.178433304559329875e-01 2.284553497948395447e-04 -5.020291787510456770e-06 -3.786298359788427154e-08 3.95 0.00023880896666 1.6e-09
5.557379443694056688e-05 2.033294299155901985e+00 -1.259454222014217417e-01 1.413468559279556667e-04 -3.426533493273695218e-05 2.393605769780381098e-06 3.95 0.00023880896666 1.6e-09
3.628387260280363134e-05 5.883353739322889631e-01 1.374869180796662455e-02 1.194668371149909980e-04 5.428631495182911770e-05 -3.255624119264543363e-06 3.95 0.00023880896666 1.6e-09
-7.937866862708617725e-05 3.250551651803999409e+00 -1.716422637244355842e-01 2.016490809558192307e-04 1.601681121532294680e-05 -1.206134950267430031e-06 3.95 0.00023880896666 1.6e-09
4.683227878602372752e-05 3.741631750505238330e+00 -2.154949799521197473e-01 2.276988265952837849e-04 -5.605104799468851439e-06 3.060872416120085225e-07 3.95 0.00023880896666 1.6e-09
3.238922492776103216e-05 1.946708168067964984e+00 -9.446366963279655138e-02 1.375004495545337170e-04 -3.570088008576716230e-05 2.545197213208689174e-06 3.95 0.00023880896666 1.6e-09
1.173426438436273679e-05 6.399061217804422608e-01 -3.155258884291925470e-03 1.155782009688648105e-04 5.572139768585038699e-05 -5.061321193040198749e-06 3.95 0.00023880896666 1.6e-09
-9.660788017847362220e-05 3.294642453032985863e+00 -1.989061369776257138e-01 2.039606427684865131e-04 1.531246200296185964e-05 -9.405948002026476847e-07 3.95 0.00023880896666 1.6e-09
3.833606441903046716e-05 3.727706169985920859e+00 -2.099282153093329772e-01 2.269507413880494907e-04 -6.148646633970128811e-06 6.437023576660625057e-07 3.95 0.00023880896666 1.6e-09
-8.991772845601875882e-06 1.864651525443870028e+00 -6.263339407262036307e-02 1.339485294277371094e-04 -3.709726815977629970e-05 2.616935319208625267e-06 3.95 0.00023880896666 1.6e-09
-1.141003387252357824e-05 6.937380208428247652e-01 -2.223250600608221370e-02 1.125839582984821421e-04 5.620990822789997482e-05 -6.278429583847391403e-06 3.95 0.00023880896666 1.6e-09
-2.560284609240262506e-05 3.333647045247566609e+00 -2.199166439771276793e-01 2.060096529547863218e-04 1.468384834422367086e-05 -6.670533879237619944e-07 3.95 0.00023880896666 1.6e-09
-5.635917267420060162e-05 3.714707011516073187e+00 -1.997155619122525649e-01 2.262521619585082923e-04 -6.635366192199155447e-06 9.465474094628231303e-07 3.95 0.00023880896666 1.6e-09
3.363314032788076622e-05 1.790186897822787948e+00 -3.207556800665676416e-02 1.308124438576640635e-04 -3.840222639608378103e-05 2.578970650874922612e-06 3.95 0.00023880896666 1.6e-09
3.342905581472105104e-05 7.462608284736327313e-01 -4.145982628775442269e-02 1.105064362789440582e-04 5.607712741513937133e-05 -6.919262550250514090e-06 3.95 0.00023880896666 1.6e-09
-3.093675849627790833e-05 3.366482256569744536e+00 -2.309123444388058721e-01 2.077385392408321989e-04 1.414037722693449030e-05 -3.866091923164124657e-07 3.95 0.00023880896666 1.6e-09
1.744020955189419736e-05 3.700749964351733645e+00 -1.823088901387922012e-01 2.255036395777424102e-04 -7.096440550324751869e-06 1.193533212798301738e-06 3.95 0.00023880896666 1.6e-09
1.884616466275513665e-05 1.719080242071256759e+00 -3.008895631625609600e-03 1.279122991862824833e-04 -3.965850632949573815e-05 2.398395074958753530e-06 3.95 0.00023880896666 1.6e-09
3.846271451028229884e-05 7.991770524182033597e-01 -5.936628434488187833e-02 1.090943814516116264e-04 5.559656663400000981e-05 -7.013343301168441498e-06 3.95 0.00023880896666 1.6e-09
7.863526066199705462e-05 3.394836874222718848e+00 -2.291603326360034387e-01 2.092380798450770474e-04 1.360974817930392630e-05 -9.541031799081802470e-08 3.95 0.00023880896666 1.6e-09
-4.268476528678489764e-05 3.681275304071516707e+00 -1.554551869538243203e-01 2.244643283792457358e-04 -7.584536865755828016e-06 1.372592774425936276e-06 3.95 0.00023880896666 1.6e-09
-1.440942603740863999e-05 1.637618896671090951e+00 2.477491989145362214e-02 1.247233549718701809e-04 -4.109269232701942272e-05 2.040771589261586826e-06 3.95 0.00023880896666 1.6e-09
4.735545051263625310e-06 8.629671606012632168e-01 -7.547013738393659743e-02 1.081276629064298800e-04 5.477293570621769177e-05 -6.519419735305482340e-06 3.95 0.00023880896666 1.6e-09
8.760192096457740374e-05 3.423412072652044280e+00 -2.123747202575008708e-01 2.107571391085545924e-04 1.298232821619053928e-05 2.116364635257962731e-07 3.95 0.00023880896666 1.6e-09
4.153784935794904368e-05 3.648989874915828047e+00 -1.172255522106837866e-01 2.227470045791295292e-04 -8.247283710177864420e-06 1.472938593551727441e-06 3.95 0.00023880896666 1.6e-09
-2.603563707646867396e-05 1.523399388402830290e+00 5.073165434247921962e-02 1.205272933899198144e-04 -4.311421611238705389e-05 1.439526955486181657e-06 3.95 0.00023880896666 1.6e-09
-4.565158489403663985e-05 9.584705943983469201e-01 -8.962918356431034961e-02 1.078271695358442759e-04 5.326731372918320649e-05 -5.336505597050569920e-06 3.95 0.00023880896666 1.6e-09
-9.987470789982327304e-07 3.459301603151318183e+00 -1.773079325162572051e-01 2.126720360827414084e-04 1.209010447438635418e-05 5.394261186298547123e-07 3.95 0.00023880896666 1.6e-09
-9.684504348620478868e-05 3.595015787928014461e+00 -6.521061509758278862e-02 2.198828900889645763e-04 -9.233323781828169465e-06 1.473562882595373735e-06 3.95 0.00023880896666 1.6e-09
-1.098019262671032147e-05 1.352055150025730068e+00 7.232029900821600188e-02 1.149767740589201562e-04 -4.622632084284278666e-05 4.276515122003153777e-07 3.95 0.00023880896666 1.6e-09
-4.691429792805430245e-06 1.114152673750963274e+00 -1.002881979707872656e-01 1.094208902694631904e-04 5.045053838425085001e-05 -3.493235075900136976e-06 3.95 0.00023880896666 1.6e-09
3.948107724107258437e-05 3.510277693423070389e+00 -1.204806025175221840e-01 2.153924266969089671e-04 1.078592776835432857e-05 8.860903846322096477e-07 3.95 0.00023880896666 1.6e-09
1.007659216324327127e-04 3.515734744633126851e+00 2.557519705065131130e-03 2.156816285068042832e-04 -1.068927126559195462e-05 1.341440379181545020e-06 3.95 0.00023880896666 1.6e-09
-2.597123901412792306e-05 1.124187418547411443e+00 8.431728998954196586e-02 1.095851764326862118e-04 -5.044857181241875352e-05 -1.315012049959834749e-06 3.95 0.00023880896666 1.6e-09
-2.662188445998933244e-05 1.341095728842539803e+00 -1.027166096615340085e-01 1.147181658999255061e-04 4.617768367616684232e-05 -1.434660260342385594e-06 3.95 0.00023880896666 1.6e-09
-3.478375713780947510e-05 3.577872310496804431e+00 -4.541983506691884415e-02 2.189915698302342722e-04 9.167934410865293305e-06 1.219199195333541514e-06 3.95 0.00023880896666 1.6e-09
1.914095813463799131e-05 3.424031804322750006e+00 8.112330402513814875e-02 2.108281959911372004e-04 -1.242560734527803343e-05 1.068033448328586079e-06 3.95 0.00023880896666 1.6e-09
-2.768904034882691906e-05 8.971285564893161091e-01 8.274089547945547019e-02 1.080061231662418088e-04 -5.421185259561795311e-05 -3.986834046224817512e-06 3.95 0.00023880896666 1.6e-09
-1.441084828415513787e-06 1.593601942719552245e+00 -9.170763220570632424e-02 1.231455481022236426e-04 4.159761711000564894e-05 2.497674235698986048e-07 3.95 0.00023880896666 1.6e-09
-6.456480305047038746e-05 3.646888247010536599e+00 3.428591420817737878e-02 2.226630518493075139e-04 7.565273948189468731e-06 1.472417287481172952e-06 3.95 0.00023880896666 1.6e-09
1.030975332455905797e-04 3.337756476387280014e+00 1.561881946962803691e-01 2.062666043857872195e-04 -1.410947316442441330e-05 6.999756713796055627e-07 3.95 0.00023880896666 1.6e-09
-3.501387164919971624e-05 7.301230179660737063e-01 7.069533337500075176e-02 1.112683324858662376e-04 -5.543580794192767586e-05 -7.096636178905324594e-06 3.95 0.00023880896666 1.6e-09
4.252075604370843915e-05 1.810346222800300886e+00 -6.719755313465078372e-02 1.317103150845373434e-04 3.788462316626689178e-05 1.440649223382165344e-06 3.95 0.00023880896666 1.6e-09
-4.983048272281967277e-05 3.698450591373936724e+00 1.092737675897510335e-01 2.254092186200981087e-04 6.222806058533761738e-06 1.609960042651463566e-06 3.95 0.00023880896666 1.6e-09
-2.259878823372320894e-05 3.257931609518671223e+00 2.180793039804647115e-01 2.020621300663478874e-04 -1.554620031728689737e-05 2.755002637474115492e-07 3.95 0.00023880896666 1.6e-09
-3.146436128371132395e-05 6.205102562306361591e-01 5.314990077737802299e-02 1.170745747733241480e-04 -5.389686743952139020e-05 -9.872764239515887245e-06 3.95 0.00023880896666 1.6e-09
5.928187833513922993e-05 1.982344186605868419e+00 -3.184344605607464240e-02 1.391140110501717605e-04 3.501992169468761123e-05 2.302127459662648409e-06 3.95 0.00023880896666 1.6e-09
4.250696002963620765e-05 3.728014864761641789e+00 1.787823169649642718e-01 2.269904675518833251e-04 5.071036623600886652e-06 1.633645758874067577e-06 3.95 0.00023880896666 1.6e-09
1.135632651274232405e-05 3.170014192314456913e+00 2.654653664899014887e-01 1.974624910178125379e-04 -1.691657453234375678e-05 -2.131619650561041457e-07 3.95 0.00023880896666 1.6e-09
-6.018188498256749226e-05 5.398029319273224269e-01 3.122224652503738374e-02 1.244514087194617091e-04 -4.960371689390542414e-05 -1.191919163147409364e-05 3.95 0.00023880896666 1.6e-09
-6.691660620943053477e-05 2.138644527130280970e+00 1.398773103829845446e-02 1.462004006368549660e-04 3.240304583845853882e-05 2.950145310404246650e-06 3.95 0.00023880896666 1.6e-09
2.882776174988705906e-05 3.738661460571072404e+00 2.447639502772484543e-01 2.275714439959338029e-04 3.867215953341157514e-06 1.540381440654993759e-06 3.95 0.00023880896666 1.6e-09
7.014774384395612062e-05 3.048829395512606677e+00 2.980896368371741545e-01 1.911786076894297741e-04 -1.858679029047524711e-05 -8.132057259372405974e-07 3.95 0.00023880896666 1.6e-09
3.985425087167562814e-05 4.697577160620716175e-01 4.144179803171673705e-03 1.341506739441063949e-04 -4.022429861825048148e-05 -1.281484692528784506e-05 3.95 0.00023880896666 1.6e-09
-1.598546389919485241e-05 2.317649177937386007e+00 7.289507826558699888e-02 1.546418319951290809e-04 2.937225267271074644e-05 3.399933083123383152e-06 3.95 0.00023880896666 1.6e-09
-7.533796663285209085e-05 3.733654084310270349e+00 3.091589746677155248e-01 2.273249442430726956e-04 2.309082165942355540e-06 1.311700157123131605e-06 3.95 0.00023880896666 1.6e-09
-7.026034503142427039e-05 2.864075073376234570e+00 3.139090625273592838e-01 1.817131283129510980e-04 -2.102368725433086601e-05 -1.607563374411458523e-06 3.95 0.00023880896666 1.6e-09
-4.752959839080360817e-05 4.158672019682730925e-01 -2.551349177777295293e-02 1.446732198936430099e-04 -2.025021280632230511e-05 -1.126171546389654539e-05 3.95 0.00023880896666 1.6e-09
5.884895185478080960e-05 2.546163608213955154e+00 1.457663600433731776e-01 1.657695776872622484e-04 2.565833545266906783e-05 3.595073576416012151e-06 3.95 0.00023880896666 1.6e-09
-6.410213176902355287e-05 3.722523949201801852e+00 3.710649523022737650e-01 2.267459353653020974e-04 2.664103495859211281e-07 9.479909706461527629e-07 3.95 0.00023880896666 1.6e-09
1.120997771282578753e-05 2.615975736362640802e+00 3.118618725930892843e-01 1.692282007184986795e-04 -2.443597727002320895e-05 -2.634529948469030668e-06 3.95 0.00023880896666 1.6e-09
3.789650146010663831e-05 4.052334746707877966e-01 -4.776082704672350576e-02 1.470935719083418065e-04 1.005825098804309914e-05 -6.096359489560735483e-06 3.95 0.00023880896666 1.6e-09
3.751439305343281226e-05 2.798642835518867056e+00 2.208477703296448658e-01 1.783913069909321531e-04 2.190929556129606249e-05 3.482230191900220077e-06 3.95 0.00023880896666 1.6e-09
1.062133411227015185e-04 3.723675824535518153e+00 4.190061292451063846e-01 2.267950619040924067e-04 -1.837200467269428118e-06 5.135681920401098340e-07 3.95 0.00023880896666 1.6e-09
-3.095618920734142425e-05 2.379517427969950916e+00 2.944343902457769446e-01 1.576172324141665582e-04 -2.798196655972301489e-05 -3.662305109145398998e-06 3.95 0.00023880896666 1.6e-09
-6.429830465479375624e-05 4.439540924335291239e-01 -5.335748197625962697e-02 1.386492298116886882e-04 3.469930927337763359e-05 2.722103433675433325e-08 3.95 0.00023880896666 1.6e-09
-6.352808542563580913e-05 2.996388271116074087e+00 2.833810900507139907e-01 1.884699607415693361e-04 1.916722774595824605e-05 3.185890877190379238e-06 3.95 0.00023880896666 1.6e-09
-1.051170659309424039e-04 3.730339583485952737e+00 4.446708758313082099e-01 2.271253574875493875e-04 -3.397375617589368735e-06 7.189851994031376381e-08 3.95 0.00023880896666 1.6e-09
-1.250736637993032170e-06 2.209224631478980072e+00 2.655020679017662255e-01 1.494787444691913526e-04 -3.075942751480540495e-05 -4.421725995136142666e-06 3.95 0.00023880896666 1.6e-09
-1.181847253380213745e-05 5.008491051289947205e-01 -4.512264145583604752e-02 1.291971531036253213e-04 4.688499229797445501e-05 4.522496425090097577e-06 3.95 0.00023880896666 1.6e-09
3.918564380805181744e-05 3.118495097322419696e+00 3.326334393591057204e-01 1.947661925780685077e-04 1.750885062607833236e-05 2.865731370041225536e-06 3.95 0.00023880896666 1.6e-09
1.522355694817760621e-05 3.734496738211608324e+00 4.558853076681247396e-01 2.273259615073175411e-04 -4.374955542250667883e-06 -3.442593759888185297e-07 3.95 0.00023880896666 1.6e-09
-2.780956427313736502e-05 2.103301161129778940e+00 2.331275649352353430e-01 1.445385645332138949e-04 -3.258902245490093088e-05 -4.899420354287442306e-06 3.95 0.00023880896666 1.6e-09
-3.996803507994468727e-05 5.498361588211160278e-01 -3.024619148860731993e-02 1.231075202829765448e-04 5.177504759981852117e-05 7.473847111357155493e-06 3.95 0.00023880896666 1.6e-09
-2.256316870158133067e-05 3.187660818264613560e+00 3.703427338456768414e-01 1.983512631529547616e-04 1.660755863099333004e-05 2.563856011029566445e-06 3.95 0.00023880896666 1.6e-09
2.673551095364015055e-05 3.739384264161407678e+00 4.579994194271214125e-01 2.275718599416724568e-04 -4.894212575708194995e-06 -7.142161068591764965e-07 3.95 0.00023880896666 1.6e-09
4.287511553848492629e-05 2.048947167847999129e+00 2.020338044875623629e-01 1.420384499749744204e-04 -3.361743277331894473e-05 -5.135632047675681044e-06 3.95 0.00023880896666 1.6e-09
4.635703004725558077e-05 5.799956464830406944e-01 -1.425274775613193622e-02 1.200750703167300097e-04 5.345820060850750967e-05 9.488833976014831656e-06 3.95 0.00023880896666 1.6e-09
8.246418924568546277e-06 3.223332057711312260e+00 3.961570480854845755e-01 2.002011993581304843e-04 1.620512665512565553e-05 2.277805259533270497e-06 3.95 0.00023880896666 1.6e-09
-5.691831926783104422e-05 3.749472895466803735e+00 4.517037060470295851e-01 2.280997059369543726e-04 -5.068166346421008965e-06 -1.022979258688345269e-06 3.95 0.00023880896666 1.6e-09
2.215984028833174684e-05 2.039513212624723515e+00 1.735585680416726340e-01 1.415894342707452484e-04 -3.392917851581902285e-05 -5.148833293916417766e-06 3.95 0.00023880896666 1.6e-09
-3.653253766619630972e-05 5.871332625258052218e-01 -7.684216242486376254e-04 1.193562327050106840e-04 5.371455707152320258e-05 1.099623750404523532e-05 3.95 0.00023880896666 1.6e-09
3.561611428676257504e-05 3.235090601157985191e+00 4.094788201580917830e-01 2.008014933277004854e-04 1.621208474830050644e-05 2.003566872886952627e-06 3.95 0.00023880896666 1.6e-09
-5.983319327239625064e-05 3.769026828614587821e+00 4.368719480896486873e-01 2.291351277531783644e-04 -4.938657961540134390e-06 -1.260602993252090561e-06 3.95 0.00023880896666 1.6e-09
-1.320412935492055106e-06 2.077609577627411497e+00 1.481933338085956453e-01 1.432900036363983845e-04 -3.350502365656922866e-05 -4.953260913513906385e-06 3.95 0.00023880896666 1.6e-09
5.806711775828247312e-05 5.686164878667225864e-01 7.646554013422407134e-03 1.209410316306957361e-04 5.279419871598010249e-05 1.230688469452388779e-05 3.95 0.00023880896666 1.6e-09
-6.090963494295836811e-05 3.224476389428370560e+00 4.101274811815057153e-01 2.002243906923084876e-04 1.666438194383657918e-05 1.744169033776814730e-06 3.95 0.00023880896666 1.6e-09
3.855025159655117809e-05 3.803935544467286434e+00 4.138492875516891489e-01 2.309915223481073115e-04 -4.448823083432726748e-06 -1.419543580426201602e-06 3.95 0.00023880896666 1.6e-09
3.222495095252520252e-05 2.178904327790909257e+00 1.266579854273269801e-01 1.479221409339831635e-04 -3.215704779739487768e-05 -4.566506234772647980e-06 3.95 0.00023880896666 1.6e-09
1.471462867816645951e-06 5.214942427513149514e-01 8.474920609034465591e-03 1.258790676147051950e-04 4.961067998301801381e-05 1.369561852133902531e-05 3.95 0.00023880896666 1.6e-09
1.128863009785535253e-06 3.183168814217147258e+00 3.969109708060458708e-01 1.980311839746502810e-04 1.772453517536486844e-05 1.506128649749367425e-06 3.95 0.00023880896666 1.6e-09
9.378794977847699165e-05 3.862253278566587511e+00 3.820409892913672056e-01 2.341000505850198408e-04 -3.422530655217960400e-06 -1.491269702797010586e-06 3.95 0.00023880896666 1.6e-09
3.454778458494127955e-05 2.375341929736505708e+00 1.090815646332865541e-01 1.571985200366910862e-04 -2.952582899611206162e-05 -4.005262657040020576e-06 3.95 0.00023880896666 1.6e-09
-4.028306289643128870e-05 4.506493872223988895e-01 -1.041011040174772253e-03 1.362044511339482989e-04 3.945344618320407505e-05 1.516994254602571865e-05 3.95 0.00023880896666 1.6e-09
-2.279393918917941360e-05 3.082029396846552416e+00 3.624494793000815340e-01 1.927151445653647660e-04 1.978433316537505472e-05 1.280087120635968118e-06 3.95 0.00023880896666 1.6e-09
-8.221791342988918349e-05 3.940750882727468429e+00 3.337525528629426974e-01 2.382931044463898950e-04 -1.645636374013929443e-06 -1.468577414605602963e-06 3.95 0.00023880896666 1.6e-09
-6.698095456199197660e-05 2.686978778459601536e+00 8.917945645908015306e-02 1.725111746359761196e-04 -2.550253211442889218e-05 -3.285936892977998379e-06 3.95 0.00023880896666 1.6e-09
-6.304262667975829527e-05 3.930248831283312816e-01 -2.149037919008535066e-02 1.482841213717665243e-04 1.185324922091349507e-05 1.514144804436473132e-05 3.95 0.00023880896666 1.6e-09
-7.871625814800550477e-05 2.856785588472175341e+00 2.950082719739791637e-01 1.810915524238190420e-04 2.324487259995204239e-05 1.057979348047362607e-06 3.95 0.00023880896666 1.6e-09
-3.213215445408796413e-05 3.975742876479174903e+00 2.562032765069020557e-01 2.401670241273433045e-04 6.398481111653025350e-07 -1.366275584776218555e-06 3.95 0.00023880896666 1.6e-09
-1.118773451819270816e-05 2.999473528111706422e+00 5.112356769261650752e-02 1.884194219368108482e-04 -2.141518114627325153e-05 -2.504382014155795494e-06 3.95 0.00023880896666 1.6e-09
-3.557661062477909288e-05 4.105480747731370395e-01 -4.249146519311672310e-02 1.442073185928134367e-04 -2.581460169828399845e-05 1.182398316027457897e-05 3.95 0.00023880896666 1.6e-09
-3.627099212331697583e-05 2.524571758735732363e+00 2.225989789747727376e-01 1.644474166906146771e-04 2.767589152322223885e-05 9.348636675772012406e-07 3.95 0.00023880896666 1.6e-09
-8.812667177835056083e-05 3.920966075393384820e+00 1.790886560923309057e-01 2.372412776003031648e-04 2.784568825082924398e-06 -1.247377344405698808e-06 3.95 0.00023880896666 1.6e-09
4.389706119924587649e-05 3.170695049888347938e+00 9.023846088704207472e-03 1.973511607655180464e-04 -1.865447218926385975e-05 -1.902474873086329396e-06 3.95 0.00023880896666 1.6e-09
6.430749712914062075e-05 4.821254738593301337e-01 -5.310264235743787642e-02 1.311273863807598862e-04 -4.562651870362254117e-05 8.633385379876953338e-06 3.95 0.00023880896666 1.6e-09
-1.363429236497408015e-05 2.259910363924058530e+00 1.731877355262735341e-01 1.516987726539063201e-04 3.130675656987212815e-05 7.887530653291337824e-07 3.95 0.00023880896666 1.6e-09
-1.449737493928412210e-05 3.855453637086792895e+00 1.224876404163808830e-01 2.337451390991356580e-04 4.237434139133359130e-06 -1.182916885099805558e-06 3.95 0.00023880896666 1.6e-09
-1.534691133152892982e-05 3.247571589498870370e+00 -2.454172724361762190e-02 2.014146838032489619e-04 -1.708037181268602618e-05 -1.508365304003352515e-06 3.95 0.00023880896666 1.6e-09
-4.029482271107083643e-05 5.494429299974983305e-01 -5.664637092936275486e-02 1.227709776204773204e-04 -5.222336597811663863e-05 7.093112170405457522e-06 3.95 0.00023880896666 1.6e-09
-3.402181677471112329e-05 2.102928527533912018e+00 1.395007392399734147e-01 1.444239954816468993e-04 3.357731008922664232e-05 5.301144490483500358e-07 3.95 0.00023880896666 1.6e-09
6.762805336449172330e-05 3.811668826326190640e+00 7.683968496765694600e-02 2.314124824034856874e-04 5.042906213477032880e-06 -1.159061901234791410e-06 3.95 0.00023880896666 1.6e-09
9.159811157537205574e-05 3.279659640995673087e+00 -5.376151716434643402e-02 2.031237212661290027e-04 -1.629302088628544954e-05 -1.210327790107162257e-06 3.95 0.00023880896666 1.6e-09
-2.180936494502101842e-05 5.912712143729550451e-01 -5.619788795330246667e-02 1.189377811184709200e-04 -5.422801382178466244e-05 6.587194608023160566e-06 3.95 0.00023880896666 1.6e-09
-4.378846212374364500e-05 2.023445621659177185e+00 1.125314048523064075e-01 1.408487427950969192e-04 3.475241409656039512e-05 1.817506937927561568e-07 3.95 0.00023880896666 1.6e-09
-7.909424701453977554e-05 3.785483060774833319e+00 3.598053560591889244e-02 2.300208967759695606e-04 5.413810401922805638e-06 -1.140717222693507955e-06 3.95 0.00023880896666 1.6e-09
5.249705783397783673e-05 3.284520986624573702e+00 -7.979221096802524560e-02 2.033967016681599376e-04 -1.600063941989922004e-05 -9.417648986666983258e-07 3.95 0.00023880896666 1.6e-09
-3.521002518569227345e-05 6.055779774747753752e-01 -5.226287013069019771e-02 1.178674409511041232e-04 -5.462499956398260040e-05 6.573548066973533416e-06 3.95 0.00023880896666 1.6e-09
-2.456658862405671119e-05 1.999220948501794215e+00 8.725636332259931183e-02 1.397922856687560582e-04 3.506403167410634622e-05 -2.095541026434496084e-07 3.95 0.00023880896666 1.6e-09
2.032578395622246822e-06 3.769719400004890364e+00 -1.887435894498819874e-03 2.291888873352192603e-04 5.420682558417925294e-06 -1.099004812546991927e-06 3.95 0.00023880896666 1.6e-09
-1.404949418006600290e-05 3.263534901723414983e+00 -1.013097408895119872e-01 2.023114576100697322e-04 -1.613134142919220562e-05 -6.700938708403884467e-07 3.95 0.00023880896666 1.6e-09
5.676520778043760661e-05 5.914995936851242808e-01 -4.409721998046219060e-02 1.190932797477451711e-04 -5.402038006367016626e-05 6.783412486651456332e-06 3.95 0.00023880896666 1.6e-09
-5.638792387065332044e-05 2.025702262830681555e+00 6.015919476363879026e-02 1.410074548779479309e-04 3.453321521843537485e-05 -6.076117580126567870e-07 3.95 0.00023880896666 1.6e-09
-7.748508265618150826e-05 3.759753150336497818e+00 -3.781538208607285179e-02 2.286713450605008769e-04 5.068760572239256510e-06 -1.010218476437399535e-06 3.95 0.00023880896666 1.6e-09
1.371834661968529225e-05 3.207865889411900095e+00 -1.167716166628139374e-01 1.994157283024353285e-04 -1.677436598670944677e-05 -3.675015861870003220e-07 3.95 0.00023880896666 1.6e-09
2.103079735467093037e-06 5.476964462255263788e-01 -3.074167363818845061e-02 1.234149833391742150e-04 -5.149444591479307844e-05 7.037011238177065491e-06 3.95 0.00023880896666 1.6e-09
-4.996282837759719671e-05 2.112273273734738943e+00 2.702979082972116823e-02 1.449755299865447089e-04 3.298965868416675867e-05 -9.969912527559686184e-07 3.95 0.00023880896666 1.6e-09
-6.658249470612893363e-05 3.752874874589331444e+00 -7.502623937990381131e-02 2.283256871395194718e-04 4.231347851193083365e-06 -8.566085438721518691e-07 3.95 0.00023880896666 1.6e-09
1.541964724901611174e-05 3.100598041359384105e+00 -1.264259202117416492e-01 1.938534508071937824e-04 -1.813916487587487880e-05 1.009608591568010762e-08 3.95 0.00023880896666 1.6e-09
6.587320699324132481e-05 4.811924803839329190e-01 -1.259787062883013092e-02 1.322333967939796917e-04 -4.389409206375106932e-05 6.990749517704442351e-06 3.95 0.00023880896666 1.6e-09
-3.228349688582941358e-05 2.272743190188347029e+00 -1.690678816577480259e-02 1.525003304295858674e-04 3.027999493328938703e-05 -1.373523848116330409e-06 3.95 0.00023880896666 1.6e-09
7.656017666253712344e-05 3.748453585912334241e+00 -1.198498031779092060e-01 2.281142241147678324e-04 2.789314345955310406e-06 -6.423480923688292128e-07 3.95 0.00023880896666 1.6e-09
-2.096863373302786712e-05 2.927452111084103858e+00 -1.343345611599692790e-01 1.849490241765261857e-04 -2.045511233649226749e-05 5.245527643502932179e-07 3.95 0.00023880896666 1.6e-09
-5.691419734632788898e-05 4.200209270215011781e-01 6.054906325817838511e-03 1.437354992432423738e-04 -2.567469002046289230e-05 5.850661987753083456e-06 3.95 0.00023880896666 1.6e-09
-1.494368917792609477e-05 2.500727840130544166e+00 -6.804976942463494827e-02 1.635200883983735343e-04 2.669067737522494896e-05 -1.650026216621354674e-06 3.95 0.00023880896666 1.6e-09
1.126110029094453725e-04 3.750606156500513322e+00 -1.692749610251509662e-01 2.282414913288746249e-04 8.734274754263121116e-07 -4.119079859773094039e-07 3.95 0.00023880896666 1.6e-09
-7.355271546252569413e-05 2.708351311885459189e+00 -1.422803893370314932e-01 1.738371769082386103e-04 -2.356374402606665943e-05 1.149445650349617887e-06 3.95 0.00023880896666 1.6e-09
-4.166465427877296475e-05 3.980722309774930578e-01 1.801637408197614282e-02 1.488596889431367983e-04 1.779913091492895510e-06 3.141437199884106787e-06 3.95 0.00023880896666 1.6e-09
1.884279173116765323e-05 2.742175214093366620e+00 -1.068588751359980660e-01 1.755251160529168670e-04 2.317926603653758320e-05 -1.638874671668230870e-06 3.95 0.00023880896666 1.6e-09
