1.618237468368926885e-06 2.325338495415904205e+00 -4.863500834400076063e-05 1.549826058309484653e-04 -2.804887216124631315e-05 -9.164556673402291771e-10 3.57 0.00021856977787 1.6e-09
4.135945878703780124e-05 4.507630071049323339e-01 -3.239769146168260637e-03 1.372500187258180989e-04 3.749997419613085737e-05 -1.989360858551428570e-07 3.57 0.00021856977787 1.6e-09
-3.649031339729381164e-05 2.972022127752230958e+00 7.592637317426237376e-03 1.871908704782991443e-04 1.792536248158695073e-05 1.332538859666339892e-07 3.57 0.00021856977787 1.6e-09
-5.528654320540254638e-05 3.507607992161086763e+00 1.571150538295629923e-02 2.152263398942006508e-04 -6.295293084702594774e-06 2.189038198277790326e-08 3.57 0.00021856977787 1.6e-09
-1.229751688515020493e-05 1.526704610067052714e+00 8.519232898499644324e-03 1.206620808903686266e-04 -4.199331366004161381e-05 -2.543324741127855102e-07 3.57 0.00021856977787 1.6e-09
-3.957394774214340651e-05 9.354124735994129303e-01 -6.959547989947771282e-03 1.078284651554499906e-04 5.333711401056227683e-05 -2.177175168680946951e-07 3.57 0.00021856977787 1.6e-09
-4.804780971135304366e-05 3.342175941919069082e+00 -1.858327306548532547e-03 2.064916009301402558e-04 1.060712159188047690e-05 1.149091461973726002e-07 3.57 0.00021856977787 1.6e-09
9.478245567359092972e-05 3.229271572467006912e+00 9.002376714631808025e-03 2.005629486731434004e-04 -1.305069386155215188e-05 7.997472390372576322e-08 3.57 0.00021856977787 1.6e-09
2.218708830399025538e-05 6.944626066179353518e-01 5.203449170083333450e-03 1.127059191632889514e-04 -5.548908744856874170e-05 -5.225749906677766312e-07 3.57 0.00021856977787 1.6e-09
9.167040521105204449e-06 1.831116870932304685e+00 -6.772001709573362456e-03 1.325808860773520701e-04 3.637104764009176290e-05 2.643685332177248988e-07 3.57 0.00021856977787 1.6e-09
5.930527083291024576e-05 3.548139336486074491e+00 1.988648232631566592e-02 2.173917064180567744e-04 4.023633067191501119e-06 2.176119748294589873e-07 3.57 0.00021856977787 1.6e-09
8.169486860600006786e-05 2.765315728900955339e+00 3.064883714266306361e-02 1.766553673586210705e-04 -2.119169636940776649e-05 -5.898792102381731230e-08 3.57 0.00021856977787 1.6e-09
4.162633047451663260e-05 4.010776408144693939e-01 -2.865869449398089110e-03 1.478137099023456237e-04 -1.107823901232545265e-05 -1.583419217892865574e-06 3.57 0.00021856977787 1.6e-09
-2.505049736748428727e-06 2.589732115113797306e+00 -1.458897287011082667e-03 1.678674137192121658e-04 2.390432941328852383e-05 3.028739575545173375e-07 3.57 0.00021856977787 1.6e-09
7.984241063994399021e-05 3.564579109156793990e+00 2.506479673386237395e-02 2.182741040043505599e-04 -2.333934636226941803e-06 1.891894891428664677e-07 3.57 0.00021856977787 1.6e-09
-6.617961371410722114e-05 2.048041430369758054e+00 2.824609497742015113e-02 1.420670552927508538e-04 -3.261404033959397985e-05 -2.521739556727049518e-07 3.57 0.00021856977787 1.6e-09
-4.196014537499827876e-05 5.630121615016461245e-01 -1.365590491088698386e-02 1.219211658711132182e-04 5.201901406191006109e-05 -1.056519297129539903e-06 3.57 0.00021856977787 1.6e-09
1.713330261657945957e-05 3.130966940250666575e+00 1.362463344030549403e-02 1.954258971462340859e-04 1.502593336732510566e-05 4.475510842937299252e-07 3.57 0.00021856977787 1.6e-09
9.033025090598592675e-05 3.421776958301282257e+00 4.718223162993624015e-02 2.106854544568757836e-04 -8.747181819047908277e-06 1.685497689650992975e-07 3.57 0.00021856977787 1.6e-09
3.089280895957702093e-06 1.176331525527305688e+00 2.784478942695177081e-02 1.105170094385529386e-04 -4.879508167453868329e-05 -1.126617425964648279e-06 3.57 0.00021856977787 1.6e-09
2.352429455306352012e-05 1.268283352052359536e+00 -1.241794666525741428e-02 1.126687327919235625e-04 4.695558843030108083e-05 4.543705352353346512e-07 3.57 0.00021856977787 1.6e-09
-8.750610741186576390e-05 3.444443791661857546e+00 3.749733194046386137e-02 2.118868262072390687e-04 8.049745528067920361e-06 4.138091666898067609e-07 3.57 0.00021856977787 1.6e-09
3.375708208861845025e-05 3.083484617771476088e+00 5.909652270259681262e-02 1.929608068455128964e-04 -1.586060338646312927e-05 -5.107095150625976268e-08 3.57 0.00021856977787 1.6e-09
-5.361587120014551345e-05 5.218496594177077785e-01 5.072065577289213562e-03 1.265582634229738945e-04 -4.871546762687528891e-05 -2.623056704424089484e-06 3.57 0.00021856977787 1.6e-09
-4.500827169635291595e-05 2.134730178653643229e+00 1.233431355487801633e-03 1.460260186697807830e-04 3.114556276357400980e-05 7.564747192745953386e-07 3.57 0.00021856977787 1.6e-09
1.030835415389529921e-04 3.565931895518307027e+00 6.108761628768075852e-02 2.183506044479119378e-04 1.585973583587945190e-06 3.934301124484475972e-07 3.57 0.00021856977787 1.6e-09
-2.043025873862189658e-06 2.506534368285568082e+00 6.844210783187681946e-02 1.637646035095419281e-04 -2.516390048718560729e-05 -4.007057748012863015e-07 3.57 0.00021856977787 1.6e-09
-3.709540246945313314e-05 4.106341113151975031e-01 -1.336022519062699671e-02 1.454804954829588576e-04 2.061630847951928988e-05 -2.415091726789987630e-06 3.57 0.00021856977787 1.6e-09
8.163344643301778713e-05 2.836710109738858954e+00 3.775266707629453683e-02 1.802690818791018786e-04 2.009347958681274615e-05 8.353290454412401942e-07 3.57 0.00021856977787 1.6e-09
-3.664697476834662782e-05 3.541325517243004484e+00 9.157751638579669784e-02 2.170211378728181643e-04 -4.711058953160152921e-06 2.005960441223950226e-07 3.57 0.00021856977787 1.6e-09
-6.191646248078239785e-05 1.747284419435475522e+00 5.961195404058595299e-02 1.290973307403570319e-04 -3.786145576516448903e-05 -1.251050690140955002e-06 3.57 0.00021856977787 1.6e-09
-4.554546688027665929e-06 7.539897659359646731e-01 -1.903293027118729483e-02 1.104101898224181685e-04 5.547060689561775443e-05 4.536418511168901981e-07 3.57 0.00021856977787 1.6e-09
-9.014592739728195998e-07 3.261311422982406061e+00 6.432508734694933339e-02 2.022426517624286877e-04 1.233734475757699129e-05 7.307112682475361181e-07 3.57 0.00021856977787 1.6e-09
3.202248162291776874e-05 3.310236305796818712e+00 1.023422647094769100e-01 2.048113489738816943e-04 -1.128125074260578539e-05 -4.074907616137606285e-08 3.57 0.00021856977787 1.6e-09
4.848722956795931301e-05 8.608185883406243022e-01 2.583297103842065179e-02 1.082300789139700704e-04 -5.438549186968613702e-05 -2.885609732909568645e-06 3.57 0.00021856977787 1.6e-09
-1.796790667008041668e-05 1.614250733947883321e+00 8.679545221666090313e-03 1.238818443276708779e-04 4.029172083215700281e-05 1.494909631901608731e-06 3.57 0.00021856977787 1.6e-09
6.036289104724276093e-05 3.518217546236852122e+00 1.072100433734998193e-01 2.157942290839735800e-04 5.623678791027782552e-06 5.617846282179087529e-07 3.57 0.00021856977787 1.6e-09
-7.153277988194548691e-05 2.911634082461857176e+00 1.139259687534556198e-01 1.840958269085134560e-04 -1.882218866190534971e-05 -5.455983816010165343e-07 3.57 0.00021856977787 1.6e-09
4.968564663355752727e-05 4.305545697624590940e-01 -7.692196171672615462e-03 1.412296486889678157e-04 -3.053033838140660879e-05 -3.829985592958504181e-06 3.57 0.00021856977787 1.6e-09
-6.730509745291111783e-05 2.404841881738486009e+00 4.706467453737252227e-02 1.588086481785194585e-04 2.673398668603629066e-05 1.316378636585481681e-06 3.57 0.00021856977787 1.6e-09
3.719979705541724674e-05 3.565590171953582299e+00 1.266014758363927240e-01 2.183352831101955814e-04 -7.210379919137159549e-07 2.980377930551771309e-07 3.57 0.00021856977787 1.6e-09
6.420989016668731818e-05 2.238847316702111456e+00 9.411894885783667064e-02 1.508785794355287611e-04 -2.936988008557907945e-05 -1.221589435927548707e-06 3.57 0.00021856977787 1.6e-09
-6.114812127383859172e-05 4.784949042984495415e-01 -2.113198960834025003e-02 1.325195031615338101e-04 4.325682755036138827e-05 -4.420995943881804473e-08 3.57 0.00021856977787 1.6e-09
-8.536917692970526380e-05 3.023620130205922241e+00 9.702593125455444278e-02 1.898507692162232764e-04 1.698215217500393919e-05 1.106763118834536644e-06 3.57 0.00021856977787 1.6e-09
1.789036653964919116e-05 3.483021372345528999e+00 1.504764786934817133e-01 2.139212120069501361e-04 -7.019307921246178382e-06 -6.296005692497823655e-08 3.57 0.00021856977787 1.6e-09
-3.859434489835481360e-05 1.424252138842200477e+00 5.980401740199560445e-02 1.171884202425050236e-04 -4.383687987103668487e-05 -2.531561567769380420e-06 3.57 0.00021856977787 1.6e-09
-4.625818694980795968e-05 1.027654434773113579e+00 -1.571496231970837421e-03 1.082607148310470808e-04 5.162698689968900172e-05 2.218588369477353758e-06 3.57 0.00021856977787 1.6e-09
5.159527952185462003e-05 3.370029275508899858e+00 1.299842907346674681e-01 2.079608319726146425e-04 9.805539892834888024e-06 7.576301381754040191e-07 3.57 0.00021856977787 1.6e-09
-7.683474672086278590e-05 3.182072878614462752e+00 1.447986489865860094e-01 1.980976078101255242e-04 -1.386361413562360752e-05 -5.278883839755220831e-07 3.57 0.00021856977787 1.6e-09
5.608548608613105887e-05 6.324289489279459886e-01 5.229276285546891403e-03 1.162334212218550541e-04 -5.448570989726521000e-05 -4.101420786828078085e-06 3.57 0.00021856977787 1.6e-09
-3.899804686790370439e-06 1.927033222494334952e+00 5.333385925731437549e-02 1.366932692778245262e-04 3.461417711637921170e-05 2.056707389051656890e-06 3.57 0.00021856977787 1.6e-09
5.050746732005306631e-05 3.552549372217264967e+00 1.654303446279301593e-01 2.176292014570386049e-04 3.269179464463575219e-06 4.045279168182746375e-07 3.57 0.00021856977787 1.6e-09
1.151661495486988655e-05 2.688355476855215365e+00 1.328129266745410042e-01 1.727826157931139969e-04 -2.228774355903802268e-05 -1.212592077261014048e-06 3.57 0.00021856977787 1.6e-09
-2.262528612427557295e-05 3.977953042832376163e-01 -2.017914908622423648e-02 1.485727482156654772e-04 -1.420072254013172111e-06 -1.530083437651654978e-06 3.57 0.00021856977787 1.6e-09
-4.522206419745144047e-05 2.665623386608622525e+00 1.063357463736495784e-01 1.716440826541063090e-04 2.265416602783520793e-05 1.468686691462402822e-06 3.57 0.00021856977787 1.6e-09
-9.732437158646232956e-05 3.555113291670565889e+00 1.741358704072317187e-01 2.177660540374116321e-04 -3.045106144082358836e-06 -3.933941087898107531e-08 3.57 0.00021856977787 1.6e-09
4.809482589603011096e-05 1.957594171811535277e+00 8.701852628860304306e-02 1.380285706633971798e-04 -3.406576660946958269e-05 -2.087989840960415242e-06 3.57 0.00021856977787 1.6e-09
-3.368777957323935447e-05 6.125766099290491651e-01 -1.231084314126388267e-02 1.176282978072124767e-04 5.406897320517871494e-05 2.903857363552702842e-06 3.57 0.00021856977787 1.6e-09
8.832308626071221102e-05 3.168386864307316308e+00 1.490661184474218470e-01 1.973794277188604333e-04 1.415506621157548069e-05 9.884413384512025513e-07 3.57 0.00021856977787 1.6e-09
6.393259976133446574e-06 3.384415086547990725e+00 1.728761591832704281e-01 2.087154472186354389e-04 -9.493077290110767556e-06 -5.105460437154549236e-07 3.57 0.00021856977787 1.6e-09
-1.162065156779315545e-05 1.072590735246908622e+00 2.831156635751855277e-02 1.087533404841182019e-04 -5.071104563841472181e-05 -3.427062574227252750e-06 3.57 0.00021856977787 1.6e-09
-3.710511597941179557e-05 1.377429499266536128e+00 4.071145960863138680e-02 1.157372361880711423e-04 4.471034019083386732e-05 2.843621404226674387e-06 3.57 0.00021856977787 1.6e-09
-6.583810839807392571e-05 3.467009043393598944e+00 1.735257589545222690e-01 2.130789313547617949e-04 7.282169152224613907e-06 4.614447110625630422e-07 3.57 0.00021856977787 1.6e-09
7.093244016456078322e-05 3.032507104641801288e+00 1.457655188483027997e-01 1.903173776029453183e-04 -1.670283078500108649e-05 -1.062754510024866094e-06 3.57 0.00021856977787 1.6e-09
6.094298230199452681e-05 4.875361345628868026e-01 -1.575010558004849570e-02 1.312182856137055409e-04 -4.446712796610568163e-05 -2.670648202136067841e-06 3.57 0.00021856977787 1.6e-09
7.301781325436028033e-05 2.215971721995412480e+00 9.722550176678562694e-02 1.498079215265301170e-04 2.968255958579595901e-05 1.897075256969007426e-06 3.57 0.00021856977787 1.6e-09
-7.405271599509653346e-05 3.561769437241157021e+00 1.810729605212896831e-01 2.181324110947299038e-04 8.919705681033185990e-07 2.573397194595343659e-08 3.57 0.00021856977787 1.6e-09
-1.256041333043324287e-05 2.422716930658702861e+00 1.053491856830485740e-01 1.596760300040206242e-04 -2.638078614040227207e-05 -1.704692551624789861e-06 3.57 0.00021856977787 1.6e-09
-4.328538930926818237e-05 4.259276261032880484e-01 -1.813287885007256600e-02 1.420920475874553192e-04 2.897444462485300202e-05 2.719695913066711764e-06 3.57 0.00021856977787 1.6e-09
-6.839955865361621275e-05 2.897530379329742889e+00 1.448410861854221854e-01 1.833665356477581017e-04 1.906957655034146205e-05 1.124962144835816251e-06 3.57 0.00021856977787 1.6e-09
-1.428568607503851953e-05 3.526513941819858111e+00 1.736086661646223106e-01 2.162293216746339979e-04 -5.377171722467626211e-06 -4.538527255691278324e-07 3.57 0.00021856977787 1.6e-09
2.645761031447407301e-05 1.656474260208554039e+00 4.842663688844005970e-02 1.254817711922988366e-04 -3.949213563078742462e-05 -2.442159952692081488e-06 3.57 0.00021856977787 1.6e-09
-2.602401247559763578e-05 8.263796494313451202e-01 1.371690380710111415e-02 1.087162862213127037e-04 5.475605658125572844e-05 3.725746491015058496e-06 3.57 0.00021856977787 1.6e-09
-2.246471991574045901e-05 3.291159152830076096e+00 1.586373179322216886e-01 2.038111983721089995e-04 1.158367916333335793e-05 5.524126497807491602e-07 3.57 0.00021856977787 1.6e-09
-6.657005665346794930e-05 3.271400446598118350e+00 1.425992704164679437e-01 2.027741377982383625e-04 -1.201068426004061875e-05 -8.455544657402411459e-07 3.57 0.00021856977787 1.6e-09
-5.508034726706887541e-06 7.822860978695416190e-01 -5.623648798609728883e-03 1.096227637253527229e-04 -5.525204561312282899e-05 -2.725550601791285534e-06 3.57 0.00021856977787 1.6e-09
-1.680162058383177366e-05 1.710774599650026317e+00 7.788204283095971625e-02 1.276316357211258452e-04 3.842819876398791297e-05 2.362900425377124501e-06 3.57 0.00021856977787 1.6e-09
5.607808109909949619e-05 3.531346022955899500e+00 1.703929614076762911e-01 2.164919803207544216e-04 4.948281593452160750e-06 5.289104317602339651e-08 3.57 0.00021856977787 1.6e-09
-3.438446459850140935e-05 2.853811633517168822e+00 1.073882636619203357e-01 1.811410473342665037e-04 -1.974108112405049365e-05 -1.331027003546252245e-06 3.57 0.00021856977787 1.6e-09
6.627693874173054946e-05 4.149059126612221204e-01 -2.106977376303322685e-02 1.445560760654122185e-04 -2.291728786747306121e-05 1.059189625054468361e-06 3.57 0.00021856977787 1.6e-09
8.396668984581515799e-06 2.480006479627748117e+00 1.115855171918934130e-01 1.624663514626325156e-04 2.550764921052254473e-05 1.211092263225054249e-06 3.57 0.00021856977787 1.6e-09
-2.713386640204969229e-05 3.563272328020643087e+00 1.453349644818389130e-01 2.182102021446267071e-04 -1.371098311194128308e-06 -3.325917989155934349e-07 3.57 0.00021856977787 1.6e-09
-4.427109586403288837e-05 2.159378325561461143e+00 5.191003721140769606e-02 1.471663280181540953e-04 -3.068217292543119214e-05 -1.643112171068486413e-06 3.57 0.00021856977787 1.6e-09
3.076196278245145954e-05 5.106935825049977451e-01 -2.718887196803835941e-03 1.279217299002021520e-04 4.758509712635666637e-05 4.386825903314217588e-06 3.57 0.00021856977787 1.6e-09
6.591207750243592155e-05 3.068019347816362874e+00 1.374505937308138914e-01 1.921527878608823956e-04 1.614154645372799116e-05 5.836354207321483462e-07 3.57 0.00021856977787 1.6e-09
3.569750346776822921e-05 3.457776187024117931e+00 1.279740433365054719e-01 2.125866045356860105e-04 -7.719545137119480029e-06 -6.789683119244702994e-07 3.57 0.00021856977787 1.6e-09
2.502786556024794276e-06 1.318736616377504056e+00 6.341336903355056925e-03 1.140046680931493673e-04 -4.596911733530764145e-05 -1.980917677692866621e-06 3.57 0.00021856977787 1.6e-09
-4.368117435144262990e-05 1.128451142800885654e+00 4.074112962904340163e-02 1.096218888121752938e-04 4.962479384638002764e-05 2.644526494879523878e-06 3.57 0.00021856977787 1.6e-09
1.884989663576787974e-06 3.403095379003936660e+00 1.230473700741852305e-01 2.097030786600605288e-04 9.066526556765840304e-06 4.641807338560276200e-08 3.57 0.00021856977787 1.6e-09
-6.973023038801697113e-06 3.143484441990671119e+00 7.822668112889415160e-02 1.960822753136720175e-04 -1.468686063651023388e-05 -8.901412975798100883e-07 3.57 0.00021856977787 1.6e-09
4.505118515986825871e-05 5.800810601293706625e-01 -1.976507679228455341e-02 1.203406792428201417e-04 -5.280663976169505907e-05 -1.856204584276684017e-07 3.57 0.00021856977787 1.6e-09
-4.576658788776736576e-05 2.014336547416267997e+00 7.900047703775242569e-02 1.405565821798990028e-04 3.310562681189954670e-05 1.302407214266118832e-06 3.57 0.00021856977787 1.6e-09
-4.186497153200965140e-05 3.558046748689281280e+00 1.154830230107089378e-01 2.179282079442652594e-04 2.566958520345922786e-06 -2.338464746556935387e-07 3.57 0.00021856977787 1.6e-09
-1.927569355396335234e-05 2.609813498052310443e+00 4.776616883787361545e-02 1.688671159181115975e-04 -2.353835261776887063e-05 -1.111972396537064132e-06 3.57 0.00021856977787 1.6e-09
5.461705036286173089e-05 3.998168981807990185e-01 -1.077375364084598268e-02 1.480664138080273152e-04 8.843923617173604223e-06 3.773695390460700349e-06 3.57 0.00021856977787 1.6e-09
-8.626204668149927801e-05 2.745740704818084410e+00 9.177530856762092237e-02 1.756617085318366877e-04 2.150983091424813956e-05 4.478571876641327009e-07 3.57 0.00021856977787 1.6e-09
-4.845756179359385037e-05 3.555048120876633355e+00 8.259776124549086940e-02 2.177551682973706462e-04 -3.759818597229379063e-06 -4.917824648382524102e-07 3.57 0.00021856977787 1.6e-09
1.006279538704331380e-05 1.871574180593835068e+00 3.819340586038331639e-03 1.342861682802262691e-04 -3.568998819657894493e-05 -1.069448954590675675e-06 3.57 0.00021856977787 1.6e-09
-4.861449238198513865e-05 6.676195932872170946e-01 1.260847011163996126e-02 1.140758640998326429e-04 5.515989780284503952e-05 2.885666737493223156e-06 3.57 0.00021856977787 1.6e-09
-2.305754527195380261e-05 3.210015158694068838e+00 8.260032139793996309e-02 1.995567730246958346e-04 1.338999434330126509e-05 8.311380863819450314e-08 3.57 0.00021856977787 1.6e-09
5.040590626876095316e-05 3.354227340721627648e+00 5.523241932410767607e-02 2.071270507255663093e-04 -1.028226207684205734e-05 -5.614949179201313906e-07 3.57 0.00021856977787 1.6e-09
-5.027370144415193318e-05 9.722306632619129863e-01 -1.438036599024291283e-02 1.078905835001891644e-04 -5.268844611742637407e-05 -6.322604517073041356e-07 3.57 0.00021856977787 1.6e-09
-4.584013967050333429e-05 1.484472568706788786e+00 4.561815401242648449e-02 1.191990120802929919e-04 4.273088967802403403e-05 1.221522310964036901e-06 3.57 0.00021856977787 1.6e-09
1.551060133622790180e-05 3.496366550212314017e+00 7.097348729913088849e-02 2.146324047264332223e-04 6.569243074226892923e-06 -2.072024825494204894e-07 3.57 0.00021856977787 1.6e-09
-1.153041029659648890e-05 2.988058372526605666e+00 2.488722418274244563e-02 1.880198622981755347e-04 -1.760570442951983061e-05 -6.562940917098520700e-07 3.57 0.00021856977787 1.6e-09
6.424433711059294354e-05 4.591049737982026979e-01 -1.400935776549288442e-02 1.357991092627010515e-04 -3.923759838342475055e-05 2.033507074400499335e-06 3.57 0.00021856977787 1.6e-09
2.122193171579952965e-06 2.298556886579253167e+00 4.603579675111060809e-02 1.537080985316431711e-04 2.844944682524755620e-05 3.367395539470888758e-07 3.57 0.00021856977787 1.6e-09
1.079088141190146318e-05 3.568182663719444481e+00 4.206775158890118521e-02 2.184742731389130129e-04 2.088775696982835567e-07 -2.748532832526648464e-07 3.57 0.00021856977787 1.6e-09
4.217834743983620753e-05 2.347275123405870190e+00 8.652596462548589303e-04 1.560346570485099101e-04 -2.768524887338230092e-05 -5.052810045991793258e-07 3.57 0.00021856977787 1.6e-09
-1.164032963233834232e-05 4.445093211845828618e-01 1.200748134296745725e-04 1.384107961506395805e-04 3.570423282742083142e-05 2.674653396255374844e-06 3.57 0.00021856977787 1.6e-09
1.911937766159724423e-06 2.956461237824525856e+00 5.026126533871676932e-02 1.863896031729133838e-04 1.818703773540397445e-05 6.880549136520544908e-08 3.57 0.00021856977787 1.6e-09
-7.245748908113743372e-05 3.513864166787396215e+00 3.281440183866836391e-02 2.155576166487458561e-04 -6.080283264869948897e-06 -3.465103423869313409e-07 3.57 0.00021856977787 1.6e-09
1.131606754738361198e-06 1.557861913622279104e+00 -1.005579134799972074e-02 1.217781083570556265e-04 -4.141134592923749903e-05 -4.256616637789574506e-07 3.57 0.00021856977787 1.6e-09
-3.518774793549917277e-05 9.087432543023512554e-01 1.329665553959731399e-02 1.078888303958931011e-04 5.375723984162275224e-05 8.329261721633223173e-07 3.57 0.00021856977787 1.6e-09
7.760269304275642312e-05 3.331673904489885985e+00 2.276965626154956596e-02 2.059395164093343023e-04 1.083090425794595328e-05 -1.276764391288238006e-07 3.57 0.00021856977787 1.6e-09
5.444094258495228386e-05 3.240529747551796902e+00 2.245345581220900555e-03 2.011530593563483175e-04 -1.281016273675936176e-05 -2.432184443514970179e-07 3.57 0.00021856977787 1.6e-09
-2.967828566619331280e-06 7.138970202523816644e-01 -1.039910583858629292e-02 1.118543650464474059e-04 -5.554618785493587103e-05 5.557948227791475953e-07 3.57 0.00021856977787 1.6e-09
-3.420589877876898158e-05 1.802686436785289725e+00 2.081032422165721152e-02 1.313893968968818816e-04 3.687378613901864645e-05 3.251250057925482804e-07 3.57 0.00021856977787 1.6e-09
6.999780711322812707e-05 3.544896562748495406e+00 2.471996861751184216e-02 2.172185533545331810e-04 4.237189927357925894e-06 -1.136666979398460736e-07 3.57 0.00021856977787 1.6e-09
-1.615607749605815378e-05 2.785656827911352273e+00 4.935514132293490619e-03 1.776848148761289779e-04 -2.086713301495423024e-05 -2.583116347148038908e-07 3.57 0.00021856977787 1.6e-09
4.494977518834268127e-05 4.031130158028500832e-01 -3.886402160147591975e-03 1.473168646805183592e-04 -1.376044031846714665e-05 1.419924684513253602e-06 3.57 0.00021856977787 1.6e-09
8.238645573745796485e-05 2.567468907625256591e+00 1.053901021695622872e-02 1.667648815499291558e-04 2.425161313252974861e-05 -2.651693136971976968e-08 3.57 0.00021856977787 1.6e-09
3.742825466924761929e-05 3.566746594583438679e+00 2.128294252742505503e-03 2.183896202021708556e-04 -2.114637118483584043e-06 -1.100531790836638798e-07 3.57 0.00021856977787 1.6e-09
4.766353434124253881e-05 2.075817936327180036e+00 -7.702237785227330005e-03 1.433226348963908669e-04 -3.216481387313306438e-05 -4.653946973000949377e-08 3.57 0.00021856977787 1.6e-09
-3.492488054269467365e-05 5.491227304302539469e-01 -1.147566801758715662e-03 1.233620712944931115e-04 5.116518347495617751e-05 1.492765181948913152e-07 3.57 0.00021856977787 1.6e-09
-3.871750631520972454e-05 3.116826556190585240e+00 7.360714972252970813e-03 1.946904944225842757e-04 1.529162590691255519e-05 5.363981251081992344e-08 3.57 0.00021856977787 1.6e-09
3.141903139580901289e-05 3.430128938648481451e+00 8.846469961647149965e-03 2.111276062746744253e-04 -8.518575311343282093e-06 -2.319079023317229999e-08 3.57 0.00021856977787 1.6e-09
-3.373113100962158730e-06 1.206187257308359406e+00 1.767937280053200489e-03 1.111608674014478819e-04 -4.822614171623741393e-05 -1.619676867153883413e-07 3.57 0.00021856977787 1.6e-09
5.966219161985424676e-06 1.238293202339885601e+00 -1.036500984533054434e-04 1.119180114793166375e-04 4.756437119554180680e-05 5.126617545177125950e-08 3.57 0.00021856977787 1.6e-09
-9.680752328815549321e-05 3.437739846073252892e+00 3.109207824163550023e-03 2.115313587668027427e-04 8.277411262411745390e-06 1.868720968834131562e-08 3.57 0.00021856977787 1.6e-09
-9.546548459684216822e-06 3.099698431890091754e+00 3.486820816309120410e-03 1.938018227516669361e-04 -1.558743239643345580e-05 -1.350468799187480399e-08 3.57 0.00021856977787 1.6e-09
2.422465445892544881e-05 5.340544856895637071e-01 -1.935820878735318331e-04 1.250728593666706502e-04 -4.994297377011547659e-05 -5.815213793723556123e-08 3.57 0.00021856977787 1.6e-09
-1.933924991061756267e-06 2.107468338243886574e+00 -6.777826717968323499e-03 1.447745295706931174e-04 3.160171814541106957e-05 1.144015023316416696e-07 3.57 0.00021856977787 1.6e-09
-4.827281430970225705e-05 3.565402576985843286e+00 7.614790355341603117e-03 2.183220699294367135e-04 1.821850492446376473e-06 1.348236077283805660e-07 3.57 0.00021856977787 1.6e-09
-7.110293297199495976e-05 2.531322774375591500e+00 1.576852326903419380e-02 1.649844194221836071e-04 -2.479176625990292448e-05 -1.452640237266604470e-08 3.57 0.00021856977787 1.6e-09
4.613110293461326899e-05 4.070613295833856449e-01 -4.413502809713589284e-03 1.463361999020823035e-04 1.804066701967221956e-05 -1.008811456791165228e-06 3.57 0.00021856977787 1.6e-09
6.190533868180560716e-05 2.817234756074785462e+00 4.086500674131975791e-03 1.792801957365378496e-04 2.041636216879964556e-05 2.371967019820369531e-07 3.57 0.00021856977787 1.6e-09
1.026623182825243198e-04 3.545773407516398912e+00 2.256630251134153498e-02 2.172588530850631068e-04 -4.507328673847679404e-06 1.089969669002122323e-07 3.57 0.00021856977787 1.6e-09
-6.190921580244745156e-05 1.775109679972854515e+00 1.926743662136764373e-02 1.302367909349835145e-04 -3.740454007794117338e-05 -3.037247743258424863e-07 3.57 0.00021856977787 1.6e-09
1.271162781652731579e-05 7.342478460290378095e-01 -1.231710225694661667e-02 1.110696751078081476e-04 5.554682042653133109e-05 -5.449622669562747784e-07 3.57 0.00021856977787 1.6e-09
8.377964212179421174e-05 3.252272151572854320e+00 4.360030640172206026e-03 2.017682389993514071e-04 1.256857912408302142e-05 2.888167427972423937e-07 3.57 0.00021856977787 1.6e-09
2.337452351623665143e-05 3.322800788618060164e+00 2.804478912459268045e-02 2.054713637749713937e-04 -1.105459648360146545e-05 1.390488812110574048e-07 3.57 0.00021856977787 1.6e-09
-8.211836975816141514e-06 8.853036853256817107e-01 1.512057300303481372e-02 1.080103419631191621e-04 -5.412658455645393148e-05 -1.019658674881197142e-06 3.57 0.00021856977787 1.6e-09
-5.784626128711950564e-05 1.584368203759226823e+00 -8.436318386257166818e-03 1.227651391967606660e-04 4.087079987359882682e-05 4.418052721302217983e-07 3.57 0.00021856977787 1.6e-09
4.698457000564158705e-05 3.514469747861964422e+00 3.346921531400635919e-02 2.155957542912320256e-04 5.841318181321134831e-06 3.277736408517426607e-07 3.57 0.00021856977787 1.6e-09
9.153472681886973272e-05 2.929283554971881642e+00 4.888397577863482640e-02 1.850001924418613261e-04 -1.857949881561518244e-05 -8.872816077738686444e-08 3.57 0.00021856977787 1.6e-09
1.414109894349445219e-05 4.353365291906574064e-01 -5.348178269858400906e-04 1.402736422999087385e-04 -3.246488038034840858e-05 -2.354553470138968737e-06 3.57 0.00021856977787 1.6e-09
-2.057236989266061477e-05 2.384086394212475035e+00 -3.050294450573860826e-04 1.578050983972119391e-04 2.710331425142203872e-05 5.227931766600513950e-07 3.57 0.00021856977787 1.6e-09
5.344469626914438948e-05 3.569085272239473916e+00 4.329934633328993976e-02 2.185208195503391749e-04 -5.188450150742504182e-07 2.980343090431787648e-07 3.57 0.00021856977787 1.6e-09
6.769099386086736738e-05 2.264540800787910868e+00 4.837941265671669155e-02 1.520900728065803335e-04 -2.901744198163281485e-05 -3.535068268475514053e-07 3.57 0.00021856977787 1.6e-09
-1.971860752769747432e-05 4.699844572442169466e-01 -1.494514134433331566e-02 1.338940896137698984e-04 4.174356737926573197e-05 -1.602509244980163635e-06 3.57 0.00021856977787 1.6e-09
9.220681957851894746e-05 3.010719854777266669e+00 3.034433055516774780e-02 1.891856310511147638e-04 1.724750825991764588e-05 6.712960794414508081e-07 3.57 0.00021856977787 1.6e-09
3.185954726859108204e-05 3.491986604859511178e+00 7.548405888644658945e-02 2.143967142622737283e-04 -6.821426884821531469e-06 1.768020103234923716e-07 3.57 0.00021856977787 1.6e-09
2.367256169469874829e-05 1.452971419792385532e+00 4.489952483400685979e-02 1.181263142258269180e-04 -4.336223511980282766e-05 -1.320054606870903551e-06 3.57 0.00021856977787 1.6e-09
2.552434803844892970e-05 1.000777174824942772e+00 -1.600312157881008529e-02 1.080460940954012318e-04 5.215993462940171751e-05 5.763871448562524289e-07 3.57 0.00021856977787 1.6e-09
3.040733629292118577e-05 3.364088598524842766e+00 5.309597597484842779e-02 2.076470501158434270e-04 1.003981261830159437e-05 5.756167815875330069e-07 3.57 0.00021856977787 1.6e-09
-5.632211400445762166e-05 3.197358026887849203e+00 8.260772168896496348e-02 1.988952278958809443e-04 -1.363965996103172896e-05 -6.074983446312845055e-08 3.57 0.00021856977787 1.6e-09
-5.590180160777879115e-05 6.489475470093035714e-01 1.297427853245997076e-02 1.151725275083870974e-04 -5.486138404985915025e-05 -3.002707311747756463e-06 3.57 0.00021856977787 1.6e-09
5.540888952828541705e-05 1.900641386751957373e+00 8.755395405693706945e-03 1.355482876194122658e-04 3.513142949103361870e-05 1.171412505208690349e-06 3.57 0.00021856977787 1.6e-09
2.644782583015613714e-05 3.553567173637785626e+00 9.136255490532949053e-02 2.176821735321297674e-04 3.486177159173198350e-06 4.868479471975864352e-07 3.57 0.00021856977787 1.6e-09
2.672673026797034999e-05 2.711770842137753323e+00 9.616868578738463347e-02 1.739574482411633722e-04 -2.198717891011678477e-05 -5.384902052795088576e-07 3.57 0.00021856977787 1.6e-09
6.661934805732339408e-05 3.981931340893696825e-01 -1.205965788283803672e-02 1.484935679278473854e-04 -4.278054874880662863e-06 -3.189789475873521764e-06 3.57 0.00021856977787 1.6e-09
1.050805822828490029e-05 2.644922015336150345e+00 4.736958199146476534e-02 1.706118185206230084e-04 2.302082116756752066e-05 1.081062553020622622e-06 3.57 0.00021856977787 1.6e-09
3.962160823885068944e-05 3.558866301555434486e+00 1.135664367405996578e-01 2.179674123236986848e-04 -2.858154618838772182e-06 2.288155733669609194e-07 3.57 0.00021856977787 1.6e-09
2.739803687477474612e-05 1.982339737428610249e+00 7.708994580880396130e-02 1.391240387856710638e-04 -3.368277036158846512e-05 -1.308533640317373823e-06 3.57 0.00021856977787 1.6e-09
-4.256557331270595379e-05 5.979268691053455376e-01 -2.036296759071190912e-02 1.187740807565663493e-04 5.362301566254885872e-05 4.888217801954332689e-07 3.57 0.00021856977787 1.6e-09
1.374390037604565287e-05 3.160000081569110719e+00 8.632510098882213712e-02 1.969404780836878674e-04 1.439877256058343512e-05 9.269478439893151952e-07 3.57 0.00021856977787 1.6e-09
-8.264644785559808744e-05 3.395961471946834287e+00 1.312483581669508514e-01 2.093240551825721520e-04 -9.292640680068657897e-06 -8.220702168661079618e-08 3.57 0.00021856977787 1.6e-09
-5.407473903419812093e-05 1.100643447765519145e+00 4.061004394212530677e-02 1.091546206118229650e-04 -5.018020462604206016e-05 -2.856933978105889207e-06 3.57 0.00021856977787 1.6e-09
-4.210396782850403221e-05 1.347191695149796642e+00 7.936956176722112857e-03 1.148364148732608503e-04 4.536980888693733594e-05 1.924174240839193107e-06 3.57 0.00021856977787 1.6e-09
-6.959831478247586263e-05 3.461566645737400805e+00 1.248140297872102483e-01 2.127919919720413903e-04 7.481798515599401066e-06 6.400561857017884030e-07 3.57 0.00021856977787 1.6e-09
-2.836365072174879605e-05 3.045532460393745033e+00 1.318897455760029702e-01 1.909931643266946457e-04 -1.648751921716211009e-05 -5.915305471020254652e-07 3.57 0.00021856977787 1.6e-09
4.531217315812700652e-05 4.960222792880649711e-01 -4.001692573537446104e-03 1.299897785010903665e-04 -4.564170949559310077e-05 -4.078609704195091014e-06 3.57 0.00021856977787 1.6e-09
-2.160574840804466482e-05 2.196053270581857397e+00 5.501739895763611832e-02 1.488735406443259890e-04 3.006937462248051088e-05 1.673046019368259513e-06 3.57 0.00021856977787 1.6e-09
-5.772973566148128605e-05 3.563542238796454598e+00 1.502633410847470929e-01 2.182257203231421222e-04 1.062739145178391089e-06 3.330929387207486367e-07 3.57 0.00021856977787 1.6e-09
2.736141630809323436e-06 2.444254183337393194e+00 1.138583491421424898e-01 1.607216297888668718e-04 -2.606357517265978270e-05 -1.283133863961389979e-06 3.57 0.00021856977787 1.6e-09
6.538933512921640411e-05 4.212602790126613317e-01 -2.124366545637772219e-02 1.430961289509492568e-04 2.678523963464982271e-05 -3.580765728642543381e-07 3.57 0.00021856977787 1.6e-09
-1.682299642757325366e-05 2.882574196839065905e+00 1.100177596798649210e-01 1.826035478459387394e-04 1.932217907253311041e-05 1.281070438221030730e-06 3.57 0.00021856977787 1.6e-09
2.702067529174478650e-05 3.529840064093709984e+00 1.685077312773499147e-01 2.164072167598385973e-04 -5.219462697764035004e-06 -9.206711399635732464e-08 3.57 0.00021856977787 1.6e-09
-6.104939146879377349e-05 1.679407591443607739e+00 7.330809602250862311e-02 1.263804977694308641e-04 -3.903392327655158371e-05 -2.378597309880039131e-06 3.57 0.00021856977787 1.6e-09
-4.535617273540145321e-05 8.068368420382827644e-01 -5.721683362597668882e-03 1.090682467341333076e-04 5.504223474465277217e-05 2.713721333967950442e-06 3.57 0.00021856977787 1.6e-09
-2.663829223784524919e-06 3.283408263746972366e+00 1.439869109282847226e-01 2.034034222969982640e-04 1.176523707858804379e-05 8.600462572012764190e-07 3.57 0.00021856977787 1.6e-09
9.796795645786804472e-05 3.280688867806043962e+00 1.609924007823273773e-01 2.032601681466590063e-04 -1.182880538826214717e-05 -5.545456935933321729e-07 3.57 0.00021856977787 1.6e-09
-4.754966197242405551e-05 8.029784349097752738e-01 1.351884767268567850e-02 1.091486267903040049e-04 -5.500014774710345337e-05 -3.865164430271950726e-06 3.57 0.00021856977787 1.6e-09
-4.661221986397372750e-05 1.685837233366780152e+00 5.397492590498072229e-02 1.266423474351660030e-04 3.890523477634600931e-05 2.468717876942823709e-06 3.57 0.00021856977787 1.6e-09
1.047163554383013145e-04 3.527017609752026939e+00 1.775801646021971936e-01 2.162617882824679821e-04 5.111669608326398627e-06 4.116222865124394847e-07 3.57 0.00021856977787 1.6e-09
8.194357987892272313e-05 2.868124760983622679e+00 1.430807744870447873e-01 1.818700552519810962e-04 -1.949071995080091217e-05 -1.196923646555063593e-06 3.57 0.00021856977787 1.6e-09
3.838032807080910062e-05 4.187859357487345724e-01 -1.910890739817857828e-02 1.437059538380457049e-04 -2.512122221304572976e-05 -2.024214723922310643e-06 3.57 0.00021856977787 1.6e-09
-3.936194895058485075e-05 2.459347287322545483e+00 1.054850180649425234e-01 1.614571583135358877e-04 2.581322316111492467e-05 1.654465938455996481e-06 3.57 0.00021856977787 1.6e-09
-6.358496182138275864e-05 3.561842812665476643e+00 1.790538569187886675e-01 2.181348595119081890e-04 -1.199172967013438786e-06 -3.348476469130567780e-08 3.57 0.00021856977787 1.6e-09
6.000406727590460441e-07 2.179603060299348805e+00 9.479575921677171890e-02 1.481055239365974959e-04 -3.029764163546016820e-05 -1.911746819461958592e-06 3.57 0.00021856977787 1.6e-09
6.084810556723551305e-05 5.016365074393573931e-01 -1.474672882450103403e-02 1.291320067926813361e-04 4.657031022265979920e-05 3.169777387095842145e-06 3.57 0.00021856977787 1.6e-09
-8.458061670209468497e-05 3.055364736607298681e+00 1.530710946421543484e-01 1.914948042614898240e-04 1.635342795059745548e-05 1.048555835133938984e-06 3.57 0.00021856977787 1.6e-09
-4.463412391368317436e-05 3.463262954797714954e+00 1.772530289249330537e-01 2.128759422576561341e-04 -7.516725252656655600e-06 -5.158139033380775651e-07 3.57 0.00021856977787 1.6e-09
9.016281671052936675e-06 1.348587922411590423e+00 3.790482411527165696e-02 1.148583861799123930e-04 -4.531468900297149144e-05 -2.930887734179881787e-06 3.57 0.00021856977787 1.6e-09
3.953158533041874195e-05 1.100047933118463384e+00 2.903038953589134191e-02 1.091640493898594715e-04 5.014861643297049976e-05 3.248319251605729720e-06 3.57 0.00021856977787 1.6e-09
9.800244558806587647e-05 3.391382508035699850e+00 1.660604058482431367e-01 2.090865894230579253e-04 9.251616885582001227e-06 4.723126775406860599e-07 3.57 0.00021856977787 1.6e-09
8.818383898865959859e-05 3.151079367262116016e+00 1.415482012636466447e-01 1.964794118633790413e-04 -1.446362647590588088e-05 -9.664873910159022822e-07 3.57 0.00021856977787 1.6e-09
-2.582842679093187420e-05 5.930049365229987934e-01 -1.276659651041438769e-02 1.192255686203616636e-04 -5.331526268001195867e-05 -2.657380222411494748e-06 3.57 0.00021856977787 1.6e-09
-4.576565230664165796e-05 1.991824594646030899e+00 9.112787522715962152e-02 1.395495767427753250e-04 3.344687624237830938e-05 2.094150978682662017e-06 3.57 0.00021856977787 1.6e-09
-3.253829850874016610e-06 3.554986195138790439e+00 1.781173373379836278e-01 2.177630512609831108e-04 2.750232979485448383e-06 2.249270449258580654e-08 3.57 0.00021856977787 1.6e-09
8.391388745405408572e-06 2.630550764643170059e+00 1.066970789278973986e-01 1.698965590193537848e-04 -2.317109405054960768e-05 -1.532982607033643818e-06 3.57 0.00021856977787 1.6e-09
-2.387337019749721955e-05 3.987521018644272219e-01 -1.945547241344910278e-02 1.483201952989915136e-04 6.151880609211674155e-06 2.262658259000228114e-06 3.57 0.00021856977787 1.6e-09
-7.218708002731583410e-05 2.722709593950278339e+00 1.301494252034214316e-01 1.745038775725165064e-04 2.179253186934503847e-05 1.115262363438478561e-06 3.57 0.00021856977787 1.6e-09
-1.060072332714343310e-04 3.552724575405332708e+00 1.575540610770543859e-01 2.176341279637302394e-04 -3.561933926460969068e-06 -4.212662911728632302e-07 3.57 0.00021856977787 1.6e-09
-6.309095618644657065e-05 1.893443489574319294e+00 4.751601027138139394e-02 1.352301963562952823e-04 -3.523263603718329346e-05 -1.989255797994690497e-06 3.57 0.00021856977787 1.6e-09
-2.285418750432626953e-05 6.532849273291880809e-01 5.857923446256263836e-03 1.148971867637155441e-04 5.490184348878869808e-05 4.096131566186189695e-06 3.57 0.00021856977787 1.6e-09
-5.772571537826073278e-05 3.197401590743793598e+00 1.476109894412959145e-01 1.988964723205898942e-04 1.358352483014838759e-05 5.420315467957937407e-07 3.57 0.00021856977787 1.6e-09
5.127468210907135820e-05 3.360549364782677628e+00 1.332697072049511267e-01 2.074593905642934245e-04 -1.006575531481610835e-05 -7.678209467310829708e-07 3.57 0.00021856977787 1.6e-09
2.359457840798345388e-05 9.975362567209584697e-01 -1.414509464174827039e-03 1.080131153520875662e-04 -5.220448736003495491e-05 -2.312294900501905563e-06 3.57 0.00021856977787 1.6e-09
-4.239573044214625186e-05 1.457237692135120444e+00 6.237641851096075579e-02 1.182800963976411029e-04 4.317537453950291996e-05 2.422657126710219570e-06 3.57 0.00021856977787 1.6e-09
-1.676440960339309122e-05 3.487770243006773185e+00 1.463905616881828187e-01 2.141766089970297568e-04 6.756964001823615899e-06 1.364914239029517400e-08 3.57 0.00021856977787 1.6e-09
2.902378570815339521e-05 2.999844177306389525e+00 9.005692705735947323e-02 1.886275517321759189e-04 -1.735108847862900890e-05 -1.111212590037103200e-06 3.57 0.00021856977787 1.6e-09
-1.008516141970361199e-05 4.661826267077424091e-01 -2.089564374575889061e-02 1.345936613424646416e-04 -4.069126899330446516e-05 6.141811537309808687e-07 3.57 0.00021856977787 1.6e-09
1.203217446396035069e-05 2.275141656257952505e+00 9.365363889442342160e-02 1.525972656400104524e-04 2.876289083361613646e-05 1.182445053203260966e-06 3.57 0.00021856977787 1.6e-09
4.720947761977662956e-05 3.564834402823380266e+00 1.253513727304784164e-01 2.182966789397732291e-04 3.911436242840080405e-07 -2.938138997739532381e-07 3.57 0.00021856977787 1.6e-09
1.077505679828682882e-05 2.366034285620611577e+00 4.632236696000319176e-02 1.569373986672136130e-04 -2.734032949875870759e-05 -1.319829588313471668e-06 3.57 0.00021856977787 1.6e-09
-6.181036423527862245e-05 4.397140943881635566e-01 -6.195931997083988299e-03 1.393106301390148265e-04 3.412150572348502872e-05 4.314222792486082362e-06 3.57 0.00021856977787 1.6e-09
-5.041990547098994138e-05 2.941221321026057822e+00 1.153686724431633864e-01 1.856046774487968959e-04 1.841436977017752759e-05 4.918314915097808365e-07 3.57 0.00021856977787 1.6e-09
1.518172100069701473e-05 3.518209526544772814e+00 1.042689148640658925e-01 2.157868756933998839e-04 -5.882794302329063518e-06 -5.944626385788000372e-07 3.57 0.00021856977787 1.6e-09
-2.435689048526824496e-05 1.586740316448939980e+00 4.799917462324618592e-03 1.228357110775036404e-04 -4.085544079772223097e-05 -1.455934175134790780e-06 3.57 0.00021856977787 1.6e-09
-1.283277249112193424e-05 8.844121414731733744e-01 2.512778871374418688e-02 1.080326009314159141e-04 5.403382143286718377e-05 2.659008605033738653e-06 3.57 0.00021856977787 1.6e-09
2.659648098146738320e-05 3.319273461776391265e+00 9.642670997854577153e-02 2.052885239980797123e-04 1.104697644330959611e-05 3.622170749110257676e-08 3.57 0.00021856977787 1.6e-09
2.595399615388367215e-05 3.248120363389717546e+00 6.048888936177589104e-02 2.015525439338603799e-04 -1.259325481286609899e-05 -6.909381651166557919e-07 3.57 0.00021856977787 1.6e-09
1.459739316204027701e-05 7.306395169230230913e-01 -1.773295574412343117e-02 1.112067877758388573e-04 -5.552680759232859250e-05 -3.726592371674454846e-07 3.57 0.00021856977787 1.6e-09
-4.415105793933269150e-05 1.778532202534497841e+00 6.193563612881702873e-02 1.303852200498433161e-04 3.726882960486802064e-05 1.233948000157195768e-06 3.57 0.00021856977787 1.6e-09
3.687710701117247181e-05 3.541839534615201401e+00 9.242736884844038325e-02 2.170536394099847953e-04 4.435298882867263997e-06 -2.193007778670356282e-07 3.57 0.00021856977787 1.6e-09
-3.388205930083012081e-05 2.805270588691839428e+00 3.646195441326560704e-02 1.786766579711761413e-04 -2.055251881499128944e-05 -8.586503515674302619e-07 3.57 0.00021856977787 1.6e-09
-5.923241120699317065e-05 4.059065393340963723e-01 -1.235269595536608520e-02 1.466377467896741254e-04 -1.627148561945655373e-05 2.963884614019639302e-06 3.57 0.00021856977787 1.6e-09
-2.068384349337825800e-05 2.543567615548083971e+00 6.333281192724421471e-02 1.655847913543288872e-04 2.460205367712024976e-05 3.325153750576512002e-07 3.57 0.00021856977787 1.6e-09
2.724159371469786711e-06 3.566142812195442602e+00 5.426854368463703004e-02 2.183591335672466465e-04 -1.909593013199078008e-06 -3.758577067338343743e-07 3.57 0.00021856977787 1.6e-09
-2.579381056970361414e-05 2.098600418269318979e+00 -1.090891143205209492e-03 1.443641994303816213e-04 -3.176331663683114878e-05 -6.814004637312086420e-07 3.57 0.00021856977787 1.6e-09
-1.915710775934240695e-05 5.380623219082455444e-01 5.249317833366656805e-03 1.245887716585515582e-04 5.025314408839169162e-05 2.700600268667756884e-06 3.57 0.00021856977787 1.6e-09
2.311730260289813154e-05 3.103513599043145277e+00 6.270782706828097186e-02 1.939987260184406468e-04 1.551818970212971976e-05 7.310927363060902208e-08 3.57 0.00021856977787 1.6e-09
1.594239364391277874e-05 3.436894681203415125e+00 4.171791918244716069e-02 2.114853412354860199e-04 -8.313648926643160729e-06 -4.252837424016998452e-07 3.57 0.00021856977787 1.6e-09
2.156630703795957789e-05 1.233540004286362457e+00 -1.145493678816125044e-02 1.117932773522138461e-04 -4.767805735700052379e-05 -5.217539710672150574e-07 3.57 0.00021856977787 1.6e-09
-1.512590629140252906e-06 1.211174636872592192e+00 2.682871267709564106e-02 1.112815900932419776e-04 4.808350268836465539e-05 9.548913904538739848e-07 3.57 0.00021856977787 1.6e-09
8.609063080080027702e-05 3.430441545619498100e+00 3.996387194733058701e-02 2.111454225998992329e-04 8.467282911073635717e-06 -1.865276214055899637e-07 3.57 0.00021856977787 1.6e-09
4.192305687336942229e-05 3.112559162830948800e+00 7.692841279307487470e-03 1.944694124412370718e-04 -1.535446086910269634e-05 -4.045066028936501161e-07 3.57 0.00021856977787 1.6e-09
1.742215122898487775e-05 5.457230506517678492e-01 -1.236022137102997173e-02 1.237520129227861630e-04 -5.081506928593658738e-05 1.285670941221020512e-06 3.57 0.00021856977787 1.6e-09
-6.097952381564261513e-05 2.082396559613691522e+00 2.867125654795278297e-02 1.436305654683672859e-04 3.200994316806678413e-05 2.789248130757943092e-07 3.57 0.00021856977787 1.6e-09
3.924912098875965675e-05 3.563064502888512841e+00 2.793936846614323427e-02 2.181982174701294834e-04 2.006723095104489365e-06 -1.732012891859406525e-07 3.57 0.00021856977787 1.6e-09
1.694787251466784822e-05 2.550224587784432728e+00 1.535351493945964763e-03 1.659168328774587343e-04 -2.449143248792625641e-05 -3.230387748750833556e-07 3.57 0.00021856977787 1.6e-09
-7.001519239517209987e-05 4.047327207770447521e-01 -2.243756145880758390e-03 1.468845164858652373e-04 1.589039837300015783e-05 1.996128266477843133e-06 3.57 0.00021856977787 1.6e-09
-8.827875364608153350e-05 2.800985482786551461e+00 2.765615863079467357e-02 1.784536494663376102e-04 2.068981358888620086e-05 1.005940624251711464e-08 3.57 0.00021856977787 1.6e-09
7.965327412247151203e-06 3.549672516757977014e+00 1.450064248223167929e-02 2.174660600105868670e-04 -4.314112619405894853e-06 -2.189408949298649220e-07 3.57 0.00021856977787 1.6e-09
-5.527990062655153053e-05 1.801329594608070295e+00 -9.521358835433025442e-03 1.313200759360156505e-04 -3.694704239691694759e-05 -1.924030486883278725e-07 3.57 0.00021856977787 1.6e-09
-2.722436589107290816e-05 7.157500077705674091e-01 3.651243810392282990e-03 1.117783747030082176e-04 5.556050594066345229e-05 4.242888547650916366e-07 3.57 0.00021856977787 1.6e-09
-9.989851313863093614e-05 3.241722219932079430e+00 8.689178135195714525e-03 2.012151918320424153e-04 1.279220075433510072e-05 -4.415050762027322202e-08 3.57 0.00021856977787 1.6e-09
1.001139650593629708e-04 3.331377877619860595e+00 1.135670245096523888e-03 2.059229085486664608e-04 -1.085901043851749784e-05 -9.108341341916495935e-08 3.57 0.00021856977787 1.6e-09
4.031221534570560567e-06 9.070626442626639196e-01 -4.640237386562062055e-03 1.078885683407468279e-04 -5.381012395593575434e-05 1.195936267791929654e-07 3.57 0.00021856977787 1.6e-09
-5.917249998862007479e-05 1.558590675480038268e+00 8.788733127305223616e-03 1.218184106367115830e-04 4.135866185745995765e-05 2.208112075610980377e-07 3.57 0.00021856977787 1.6e-09
2.206385566807277570e-05 3.510480985436269741e+00 1.363244891387443980e-02 2.153832816202030226e-04 6.032713712536869432e-06 -3.741753912784751337e-08 3.57 0.00021856977787 1.6e-09
2.759304702256160362e-05 2.945388291590596008e+00 4.949503676026830931e-03 1.858264737333490096e-04 -1.832194214015041680e-05 -1.262826582077547853e-07 3.57 0.00021856977787 1.6e-09
5.831750870102663279e-05 4.406564093784577363e-01 -2.767090900868530642e-03 1.392138486431167548e-04 -3.436560919432204975e-05 5.049684092381806889e-07 3.57 0.00021856977787 1.6e-09
7.745389028652007509e-05 2.362899331731345587e+00 -2.881229942089827065e-03 1.567850658947232689e-04 2.744110424705872945e-05 9.284600915808073582e-09 3.57 0.00021856977787 1.6e-09
7.852886724007195562e-05 3.570131845486250732e+00 -2.935648504154354018e-04 2.185763379585879836e-04 -3.271582346733978359e-07 3.217591443086394391e-08 3.57 0.00021856977787 1.6e-09
-9.848277410351761151e-06 2.287989980410630508e+00 2.432369318558863514e-03 1.532022116764313350e-04 -2.865055745383515278e-05 1.194988332946969765e-08 3.57 0.00021856977787 1.6e-09
-8.759751208444904486e-06 4.622952665605558620e-01 -4.338037427449088594e-03 1.352016994797856930e-04 4.024706484600358992e-05 -4.881871387425221843e-07 3.57 0.00021856977787 1.6e-09
7.195478902983269102e-05 2.996362950547624138e+00 6.003507013263303591e-03 1.884457687756863151e-04 1.750005517434766021e-05 1.728113813579807441e-07 3.57 0.00021856977787 1.6e-09
-9.302664810280839968e-05 3.497873969515320702e+00 1.837734110383572317e-02 2.147100803684001225e-04 -6.623090166528370116e-06 5.846848877137935376e-08 3.57 0.00021856977787 1.6e-09
6.648109426586608459e-06 1.479017400705998408e+00 1.207927578209724503e-02 1.190044230950342420e-04 -4.289911178614649856e-05 -3.199265043848955869e-07 3.57 0.00021856977787 1.6e-09
-5.270250895270884640e-05 9.777290983942554803e-01 -8.731745526927903178e-03 1.079108703433959339e-04 5.260244615258757346e-05 -1.939565776986357347e-07 3.57 0.00021856977787 1.6e-09
-4.596866369527854946e-05 3.357485192148625508e+00 5.881950092718633491e-04 2.072978746690977338e-04 1.024884504095261554e-05 1.564879021320572076e-07 3.57 0.00021856977787 1.6e-09
3.089737479140630363e-05 3.210487409123709668e+00 1.413523603852143845e-02 1.995801813090792242e-04 -1.342533097734964933e-05 8.573574569832561528e-08 3.57 0.00021856977787 1.6e-09
-4.026437890801249584e-05 6.649544477665622066e-01 6.179120291463401776e-03 1.142240533541987542e-04 -5.520846323230259116e-05 -7.611784346812517922e-07 3.57 0.00021856977787 1.6e-09
5.375797370585607749e-05 1.875116556073082474e+00 -7.885452353451324892e-03 1.344516176267298744e-04 3.558979016542462858e-05 3.138806457923441717e-07 3.57 0.00021856977787 1.6e-09
7.867702455382286151e-05 3.552147051654861443e+00 2.358169149176502638e-02 2.176066363568112836e-04 3.682267827833677524e-06 2.561309527715165358e-07 3.57 0.00021856977787 1.6e-09
-1.265457679253485432e-05 2.731305555514097705e+00 3.607143365262289320e-02 1.749413176075864077e-04 -2.171085876119128858e-05 -7.571951591176130587e-08 3.57 0.00021856977787 1.6e-09
5.461395531818836655e-05 3.986481677477790031e-01 -3.863214864641092462e-03 1.484010540602558829e-04 -6.594456097438456031e-06 -1.888158794527649441e-06 3.57 0.00021856977787 1.6e-09
3.308274534425105994e-05 2.626704686038176195e+00 2.030793452702237163e-03 1.697040369116024504e-04 2.333274726568954587e-05 3.796357155649614441e-07 3.57 0.00021856977787 1.6e-09
-7.987362355915515614e-05 3.562532054628221978e+00 3.323340048442074979e-02 2.181632939186019726e-04 -2.664175517502844353e-06 2.048341671812794403e-07 3.57 0.00021856977787 1.6e-09
-3.810788964656544082e-05 2.006227780961530094e+00 3.352559840791481671e-02 1.401879549140964769e-04 -3.332652240669890586e-05 -3.563904135717293389e-07 3.57 0.00021856977787 1.6e-09
2.050735430478076764e-05 5.853119440050973399e-01 -1.519656942931919483e-02 1.198474322686330176e-04 5.312752237606159099e-05 -9.459343943808081775e-07 3.57 0.00021856977787 1.6e-09
-7.367824815605043169e-06 3.151192772206111936e+00 1.838409908372312315e-02 1.964803762438735836e-04 1.462816848022065630e-05 4.948846329362497257e-07 3.57 0.00021856977787 1.6e-09
6.919505199777715478e-05 3.406769017353378448e+00 5.414465031657426930e-02 2.098935957995734730e-04 -9.109648205957331297e-06 1.615087322698572072e-07 3.57 0.00021856977787 1.6e-09
-3.736800437440185394e-05 1.126543846066839105e+00 2.901148514824457292e-02 1.095756895659700462e-04 -4.976335323150784341e-05 -1.336993538224030612e-06 3.57 0.00021856977787 1.6e-09
-5.262955650905915228e-05 1.319428385542243731e+00 -1.123597795706702748e-02 1.140405350554889820e-04 4.595146877515559605e-05 6.091027525522812032e-07 3.57 0.00021856977787 1.6e-09
-1.755603920357629087e-05 3.457265256330749992e+00 4.660995947426990749e-02 2.125647956870245622e-04 7.684079419424629296e-06 4.498944514572075399e-07 3.57 0.00021856977787 1.6e-09
-3.279698505473362601e-05 3.060425885316616856e+00 6.778370737149641556e-02 1.917647524410081574e-04 -1.627616402190006054e-05 -1.028052547210441761e-07 3.57 0.00021856977787 1.6e-09
2.670856017417985148e-05 5.042089199277894895e-01 3.778126958921995335e-03 1.288494986120668900e-04 -4.678512401430018553e-05 -2.928387200510772660e-06 3.57 0.00021856977787 1.6e-09
1.117625770399235122e-05 2.175756378798882729e+00 5.764468306003999939e-03 1.479268664034973600e-04 3.045813512217898140e-05 8.442184720514407222e-07 3.57 0.00021856977787 1.6e-09
4.311903495867102710e-05 3.566687960227656884e+00 6.972618904943564400e-02 2.183919925810242800e-04 1.245748921847420145e-06 3.968331000219680735e-07 3.57 0.00021856977787 1.6e-09
5.396487069802628598e-05 2.467606229829762299e+00 7.333587502978398953e-02 1.618585520967978793e-04 -2.576856776199710634e-05 -4.948372205247763275e-07 3.57 0.00021856977787 1.6e-09
-4.525638981129796127e-07 4.170249722094448996e-01 -1.505867848580763266e-02 1.440310509492053349e-04 2.464577725858204958e-05 -2.239113529669094334e-06 3.57 0.00021856977787 1.6e-09
-7.810655248292824946e-05 2.867733300065663293e+00 4.553704431493947602e-02 1.818468873854406755e-04 1.961303757538612475e-05 8.963122233130830453e-07 3.57 0.00021856977787 1.6e-09
8.266366744849881841e-05 3.535517156309055942e+00 1.013527192231274965e-01 2.167102648373241667e-04 -5.053020475864033318e-06 1.802976284684617538e-07 3.57 0.00021856977787 1.6e-09
4.972779122443622332e-05 1.702620475638659592e+00 6.197165972961503344e-02 1.272971724774179386e-04 -3.867388905688073480e-05 -1.430009565231359785e-06 3.57 0.00021856977787 1.6e-09
1.929491440289358509e-05 7.881009271079519873e-01 -1.823204547623363120e-02 1.094791459849768874e-04 5.525171556520515597e-05 7.406226552044305215e-07 3.57 0.00021856977787 1.6e-09
8.095751269282741927e-05 3.277959883662252771e+00 7.382323177427052574e-02 2.031168015430933032e-04 1.196411930791567500e-05 7.547335205056714627e-07 3.57 0.00021856977787 1.6e-09
-3.080380099670536114e-05 3.292954383927467532e+00 1.102031745221741244e-01 2.039037869866408288e-04 -1.164144824055355691e-05 -9.801195534623473599e-08 3.57 0.00021856977787 1.6e-09
8.639677431731841153e-06 8.225935335679939175e-01 2.370222381193117997e-02 1.087680282811426860e-04 -5.483786079591549431e-05 -3.146317988919250003e-06 3.57 0.00021856977787 1.6e-09
-4.455175761961583422e-05 1.661058179699216542e+00 1.401854902033922677e-02 1.256743366741496491e-04 3.942440159932223190e-05 1.615438869248938422e-06 3.57 0.00021856977787 1.6e-09
-3.925389557240715262e-05 3.525495046605487737e+00 1.171379938832536050e-01 2.161810347202396186e-04 5.294474169196583307e-06 5.586125796882422570e-07 3.57 0.00021856977787 1.6e-09
-2.840448828553268152e-05 2.883412121868231814e+00 1.194619081806608529e-01 1.826520160915291497e-04 -1.927830070654512113e-05 -6.365893198177023960e-07 3.57 0.00021856977787 1.6e-09
-5.537811579031769323e-05 4.224431732183863697e-01 -9.876628423709246651e-03 1.429336848124801961e-04 -2.695832377647443051e-05 -3.743856389504976842e-06 3.57 0.00021856977787 1.6e-09
-7.915828083612898639e-06 2.442359065137262863e+00 5.553955224699642923e-02 1.606298025120879208e-04 2.613196298326543295e-05 1.371123727199709278e-06 3.57 0.00021856977787 1.6e-09
-8.761273025171683075e-05 3.564562131464120931e+00 1.355505110824438142e-01 2.182798621070617252e-04 -1.043435908891090371e-06 2.621316609551846204e-07 3.57 0.00021856977787 1.6e-09
6.582674420575140254e-05 2.199486048190964382e+00 9.541540393686992472e-02 1.490318104710995379e-04 -3.000546536425124548e-05 -1.356824562425588132e-06 3.57 0.00021856977787 1.6e-09
3.222975114698375736e-05 4.933065677332137966e-01 -2.108412010534766595e-02 1.303011334947275723e-04 4.551918493037659052e-05 4.304854663258348899e-07 3.57 0.00021856977787 1.6e-09
-8.588811081619550922e-05 3.046390529526896707e+00 1.057530905475965594e-01 1.910294327840916079e-04 1.656252188188460595e-05 1.113200448466060741e-06 3.57 0.00021856977787 1.6e-09
2.373121681466479392e-05 3.470674869665284490e+00 1.564056798500453871e-01 2.132678207496839311e-04 -7.366909107372881518e-06 -1.217315464817274781e-07 3.57 0.00021856977787 1.6e-09
-4.902924145613499440e-05 1.373340292928904027e+00 5.667803356969017270e-02 1.155976694866505907e-04 -4.481423551565937838e-05 -2.707068002911588357e-06 3.57 0.00021856977787 1.6e-09
2.179684221939028757e-05 1.075545130928568849e+00 3.347616790326767879e-03 1.088101532185036771e-04 5.069739984426864922e-05 2.389764889543830284e-06 3.57 0.00021856977787 1.6e-09
-4.800752281139913604e-05 3.385105420534793019e+00 1.382427832328349537e-01 2.087552438314627546e-04 9.436913784261883361e-06 7.317848747669812438e-07 3.57 0.00021856977787 1.6e-09
1.369112677547233725e-05 3.161230947220263765e+00 1.476259942778899714e-01 1.970092458454868688e-04 -1.427253222752469821e-05 -6.087774286133873426e-07 3.57 0.00021856977787 1.6e-09
4.710813922675377319e-05 6.057436001212197496e-01 1.664105548115438378e-03 1.181830135023143958e-04 -5.373612269834520609e-05 -4.092223068515279580e-06 3.57 0.00021856977787 1.6e-09
-1.936490555967096045e-05 1.971436687983648461e+00 6.046255494864436614e-02 1.386440317543899121e-04 3.383524490917556475e-05 2.075381293514433044e-06 3.57 0.00021856977787 1.6e-09
2.858617823505961919e-05 3.554846896677662738e+00 1.707138218558618692e-01 2.177538122428344068e-04 2.912530675870496245e-06 3.581801271890082348e-07 3.57 0.00021856977787 1.6e-09
1.754009384613051752e-05 2.649946300102321128e+00 1.313564238262091843e-01 1.708622620337645374e-04 -2.287081932201378128e-05 -1.305189838056240232e-06 3.57 0.00021856977787 1.6e-09
-5.302992456765923232e-06 3.980206276857242154e-01 -2.099639297363566082e-02 1.485063884997240538e-04 3.487765199694128629e-06 -9.166743097396405275e-07 3.57 0.00021856977787 1.6e-09
-3.898912110164584415e-05 2.703597289899559275e+00 1.139237376936796664e-01 1.735451499269815754e-04 2.207183987493494201e-05 1.443053173938819201e-06 3.57 0.00021856977787 1.6e-09
1.990492730636593554e-05 3.552543105889719666e+00 1.771860383777946468e-01 2.176263259130379376e-04 -3.405557588158755092e-06 -1.004177997884189605e-07 3.57 0.00021856977787 1.6e-09
-3.245367687000506185e-05 1.913915385062215258e+00 8.282991856430728383e-02 1.361177641340838599e-04 -3.482364825844964842e-05 -2.182471741944006093e-06 3.57 0.00021856977787 1.6e-09
-5.340153351377575951e-05 6.393306954230808525e-01 -9.358875829685728981e-03 1.157553571184813851e-04 5.472812697585091710e-05 3.178490968016623862e-06 3.57 0.00021856977787 1.6e-09
6.206350429613042695e-05 3.187885240732424741e+00 1.536360714732435961e-01 1.983982986563026171e-04 1.375653571173879735e-05 9.406331407611023890e-07 3.57 0.00021856977787 1.6e-09
-7.878972189192885083e-05 3.368053962085714392e+00 1.717650018592559724e-01 2.078539044221335702e-04 -9.864106178488062391e-06 -5.728250909891207172e-07 3.57 0.00021856977787 1.6e-09
1.880059569607277420e-05 1.023613355512630996e+00 2.273804334391469478e-02 1.082097253101350117e-04 -5.164852764383290004e-05 -3.454624752882112744e-06 3.57 0.00021856977787 1.6e-09
4.186036450462300024e-05 1.429848308432533743e+00 4.742985575430568729e-02 1.173859494698756484e-04 4.368362348805801174e-05 2.828798671980684445e-06 3.57 0.00021856977787 1.6e-09
-2.640011441152658318e-05 3.479174443580562048e+00 1.764199198395347834e-01 2.137224048769015478e-04 6.922523255216681589e-06 4.028789246376089012e-07 3.57 0.00021856977787 1.6e-09
6.685761344268273257e-05 3.008742703651808625e+00 1.423970887253242779e-01 1.890883323610664736e-04 -1.713191959593289950e-05 -1.125682929701799291e-06 3.57 0.00021856977787 1.6e-09
-4.735306260325777481e-05 4.729864684771479255e-01 -1.765584717107209281e-02 1.334865102863178553e-04 -4.198628428612265862e-05 -2.218629156413686356e-06 3.57 0.00021856977787 1.6e-09
5.138429838588871867e-05 2.255790567777761879e+00 1.016214725680537334e-01 1.516815069410732937e-04 2.903506403640046917e-05 1.822169434094124818e-06 3.57 0.00021856977787 1.6e-09
2.331002617527386798e-05 3.562355260362450871e+00 1.789724012044659474e-01 2.181641733387979800e-04 5.497536309909107529e-07 -3.262363100696932059e-08 3.57 0.00021856977787 1.6e-09
4.214816243299006294e-05 2.384056968187272751e+00 9.861131672529571679e-02 1.578048182154118692e-04 -2.699914338601642230e-05 -1.735925203373803710e-06 3.57 0.00021856977787 1.6e-09
-6.424834250229362873e-05 4.348814052591014057e-01 -1.646806642381243996e-02 1.402519232373306435e-04 3.250061657744855270e-05 3.189321501518239393e-06 3.57 0.00021856977787 1.6e-09
4.351755778027300257e-05 2.925864120259042078e+00 1.470753471740733898e-01 1.848175212907237112e-04 1.860578007790950360e-05 1.052580186519224003e-06 3.57 0.00021856977787 1.6e-09
-3.369322999649423901e-05 3.519313670930928062e+00 1.696300720053258160e-01 2.158458648464498171e-04 -5.708973348442367386e-06 -5.042099577771714592e-07 3.57 0.00021856977787 1.6e-09
3.866186488855242011e-05 1.610073465495349687e+00 4.185469872819760906e-02 1.237067177571030043e-04 -4.035957219558973551e-05 -2.432360675688707207e-06 3.57 0.00021856977787 1.6e-09
2.701526766554390892e-05 8.647240102533907402e-01 1.809848007481739546e-02 1.082092263082001869e-04 5.426207543267207482e-05 3.652684872241898587e-06 3.57 0.00021856977787 1.6e-09
-3.276896831099927656e-05 3.307886534586276461e+00 1.558310341684662204e-01 2.046901643837195205e-04 1.121929002386053233e-05 4.761393871859330762e-07 3.57 0.00021856977787 1.6e-09
8.182322722604099452e-05 3.253812989582550053e+00 1.344950306852387978e-01 2.018513141458065793e-04 -1.239660985940377924e-05 -8.715305716266555972e-07 3.57 0.00021856977787 1.6e-09
-4.126166026935428402e-05 7.472205535779805619e-01 -9.145188728273979592e-03 1.106364782132862742e-04 -5.544536718676900896e-05 -2.450970109607081862e-06 3.57 0.00021856977787 1.6e-09
-4.720579397630003660e-05 1.756653770770303602e+00 8.071698687756842516e-02 1.294844941585279762e-04 3.760264298624605762e-05 2.231716063008641524e-06 3.57 0.00021856977787 1.6e-09
-7.130895745581660480e-05 3.537251002309919734e+00 1.654533224746045916e-01 2.168073432133947836e-04 4.613404038839433567e-06 -3.375691036298489320e-10 3.57 0.00021856977787 1.6e-09
9.835565576179026309e-06 2.821883522362854002e+00 9.949740382787426729e-02 1.795174469131001645e-04 -2.025094227574871750e-05 -1.333326652131324538e-06 3.57 0.00021856977787 1.6e-09
5.053465303910887382e-07 4.088327365973069560e-01 -2.034747103456512746e-02 1.459420774480501767e-04 -1.865325912758214314e-05 1.620041711975624784e-06 3.57 0.00021856977787 1.6e-09
7.195794899764244813e-05 2.519775327102056650e+00 1.106581523203958584e-01 1.644160865768059924e-04 2.489553377464972576e-05 1.091015065872262806e-06 3.57 0.00021856977787 1.6e-09
-1.146863819240390452e-05 3.562884326333005447e+00 1.369146496528543255e-01 2.181877617700380843e-04 -1.719917676992381682e-06 -3.716919755623561646e-07 3.57 0.00021856977787 1.6e-09
-6.255364687706686810e-05 2.118185175676688736e+00 4.370625992582727326e-02 1.452647145132988254e-04 -3.137806918886260304e-05 -1.585363898284462683e-06 3.57 0.00021856977787 1.6e-09
-2.566138227573513887e-05 5.289836086514094760e-01 -7.996163569422256505e-05 1.256326100327409350e-04 4.941122912935823965e-05 4.318752627878920611e-06 3.57 0.00021856977787 1.6e-09
-7.946318473448055566e-05 3.090508560436714625e+00 1.319778669383248337e-01 1.933206514223020315e-04 1.572844620136842824e-05 5.029978522734456689e-07 3.57 0.00021856977787 1.6e-09
9.452563143207563302e-05 3.443457930286621060e+00 1.183783719130192952e-01 2.118303987210008060e-04 -8.101094935689181771e-06 -6.837930062884790492e-07 3.57 0.00021856977787 1.6e-09
-1.859276954181925243e-05 1.263860629408448677e+00 1.569644729020313982e-03 1.125389134825806195e-04 -4.705217974463383909e-05 -1.837006573014515146e-06 3.57 0.00021856977787 1.6e-09
-2.534969878890441349e-05 1.181775646376092448e+00 4.351898373980914170e-02 1.106438864567912495e-04 4.858338676205329763e-05 2.423471848532849066e-06 3.57 0.00021856977787 1.6e-09
-1.324706483483067748e-05 3.419324881888987200e+00 1.159849421146364190e-01 2.105589684143183127e-04 8.679745497475620291e-06 -1.280400127225052447e-08 3.57 0.00021856977787 1.6e-09
-2.907583515731305225e-05 3.122029325466691763e+00 6.889639578724479629e-02 1.949639479637696937e-04 -1.511453914479613092e-05 -8.735870005832480932e-07 3.57 0.00021856977787 1.6e-09
6.099840294929477496e-05 5.567801793254367748e-01 -1.991258085885744267e-02 1.225841683623019279e-04 -5.152482030052909872e-05 2.402298155046370755e-07 3.57 0.00021856977787 1.6e-09
7.081624380221801865e-05 2.058789416277164719e+00 7.590493707614240360e-02 1.425606028528285201e-04 3.234850609424304746e-05 1.138963360716810196e-06 3.57 0.00021856977787 1.6e-09
1.158529468952283656e-05 3.560144417431416297e+00 1.047834101346921537e-01 2.180420240512648288e-04 2.198082084828837822e-06 -2.564908478449752308e-07 3.57 0.00021856977787 1.6e-09
-5.585652349436063478e-05 2.569622690182935987e+00 3.929363348465352013e-02 1.668757107378279433e-04 -2.415930740157242840e-05 -1.040233423664345325e-06 3.57 0.00021856977787 1.6e-09
4.640384781794585587e-05 4.030214534520634717e-01 -8.745740734016457102e-03 1.472835291191409231e-04 1.361664426243208087e-05 3.853382872429216100e-06 3.57 0.00021856977787 1.6e-09
5.507172863783076436e-05 2.782379722351113305e+00 8.700431779317081837e-02 1.775118906878356490e-04 2.094666121095241086e-05 3.655170857906929418e-07 3.57 0.00021856977787 1.6e-09
1.678677833385484430e-05 3.551599284487188868e+00 7.421597757376280358e-02 2.175688648341739077e-04 -4.121039187655426442e-06 -4.909311245030698779e-07 3.57 0.00021856977787 1.6e-09
-1.130594764826382671e-05 1.826291590953324384e+00 -5.174791751280957783e-04 1.323629146501149965e-04 -3.649820263204357903e-05 -9.723659991676036894e-07 3.57 0.00021856977787 1.6e-09
2.705287834413219983e-05 6.983561605422778928e-01 1.391690163426214516e-02 1.125398920785018763e-04 5.541046235347570905e-05 2.557604193153671836e-06 3.57 0.00021856977787 1.6e-09
-9.064043146600163901e-05 3.229510508387511969e+00 7.305519332641885466e-02 2.005769214419547187e-04 1.300048941385160429e-05 2.967678485979062559e-08 3.57 0.00021856977787 1.6e-09
-6.968365069471240303e-05 3.337934669506918972e+00 4.517666587022682589e-02 2.062697239499793641e-04 -1.065405900937032709e-05 -5.222833231419254783e-07 3.57 0.00021856977787 1.6e-09
-4.573630853865580994e-05 9.275594151109221031e-01 -1.505206967658104592e-02 1.078383478551115163e-04 -5.345443838352635239e-05 -4.066683561356152092e-07 3.57 0.00021856977787 1.6e-09
-1.749135981361132206e-05 1.534701091550865648e+00 4.363885605078281910e-02 1.209554858881481398e-04 4.178195469641304198e-05 1.053687635126045601e-06 3.57 0.00021856977787 1.6e-09
-6.320549760328369397e-05 3.506352183847016413e+00 6.363070656004551906e-02 2.151622109319915432e-04 6.221424254565093319e-06 -2.127119428116243832e-07 3.57 0.00021856977787 1.6e-09
6.622301413999775901e-05 2.961293609483473421e+00 1.994689142763488715e-02 1.866416102717782929e-04 -1.806634264112939035e-05 -6.052514939851207709e-07 3.57 0.00021856977787 1.6e-09
-2.007997960502662865e-05 4.470241975690216751e-01 -1.237290317742397935e-02 1.379902129597634290e-04 -3.614749924537216642e-05 2.149672078698090329e-06 3.57 0.00021856977787 1.6e-09
4.132461124506977678e-05 2.339394600033144478e+00 4.019912580030229887e-02 1.556579245282185939e-04 2.779979319787660540e-05 2.403372173630597714e-07 3.57 0.00021856977787 1.6e-09
-3.239976210116689498e-05 3.568803111203757261e+00 3.314672738909178740e-02 2.185067829675821924e-04 -1.325739199888625829e-07 -2.613092483694969743e-07 3.57 0.00021856977787 1.6e-09
7.249882548465314967e-05 2.307974911715232391e+00 -3.061307261105599038e-03 1.541539331826162224e-04 -2.832208039396970426e-05 -4.147667463601991223e-07 3.57 0.00021856977787 1.6e-09
5.179537799402690861e-05 4.559618723233922477e-01 8.281966258496136803e-04 1.363172481851348270e-04 3.872539770007571794e-05 2.300519546887191418e-06 3.57 0.00021856977787 1.6e-09
-1.945731251205238274e-05 2.982700154470141474e+00 4.340713442014008938e-02 1.877403680325455350e-04 1.773984085487569160e-05 4.753247838594508836e-08 3.57 0.00021856977787 1.6e-09
7.217390798458759736e-05 3.503628637353871866e+00 2.754617490975064600e-02 2.150145307162946670e-04 -6.442717038695433034e-06 -3.043156392469481916e-07 3.57 0.00021856977787 1.6e-09
-4.575067222862661909e-05 1.506629480822011979e+00 -9.380955378322468688e-03 1.199560584966915416e-04 -4.237237779595736688e-05 -3.514699243312132806e-07 3.57 0.00021856977787 1.6e-09
5.703505324248610888e-06 9.535846647294415890e-01 1.201104356892626623e-02 1.078416686008922882e-04 5.301518362446762075e-05 6.243132921757761056e-07 3.57 0.00021856977787 1.6e-09
-9.419574829554513138e-05 3.348784054981636338e+00 1.673805502956680902e-02 2.068393063151539087e-04 1.045554419987877468e-05 -1.274778352266204973e-07 3.57 0.00021856977787 1.6e-09
7.829675326265565750e-05 3.221205115211031256e+00 -1.299457870929340321e-03 2.001406452653033390e-04 -1.321259784701896068e-05 -1.984203526709979600e-07 3.57 0.00021856977787 1.6e-09
7.649993103360923802e-06 6.814650893391800413e-01 -8.804415699922780655e-03 1.133386725388182064e-04 -5.538883039030199706e-05 6.144322011295642974e-07 3.57 0.00021856977787 1.6e-09
5.938480542378831838e-05 1.849647970677521958e+00 1.608572954915605743e-02 1.333670959396929972e-04 3.603161393625347339e-05 2.494240135427321967e-07 3.57 0.00021856977787 1.6e-09
1.729375537458667072e-05 3.549310341523760570e+00 1.972171273464620386e-02 2.174554232254084112e-04 3.877101122578757445e-06 -8.143381792485773661e-08 3.57 0.00021856977787 1.6e-09
-2.807076073800579997e-05 2.749430469800279386e+00 4.704039570326483226e-03 1.758554263495665346e-04 -2.142593643268235210e-05 -2.030290274164861297e-07 3.57 0.00021856977787 1.6e-09
-3.166431275552070081e-05 3.996826239518274648e-01 -3.082419306653812023e-03 1.481481192355714135e-04 -8.948129464270104490e-06 1.105075768488551234e-06 3.57 0.00021856977787 1.6e-09
1.470875161697408570e-05 2.607851700458220456e+00 7.543527680344450440e-03 1.687650136543378341e-04 2.363661714391774497e-05 -1.993687022147231840e-08 3.57 0.00021856977787 1.6e-09
-8.478538528753512093e-05 3.565088523600752790e+00 1.523106596000700814e-03 2.182992432404505458e-04 -2.472083271454537783e-06 -7.853486082288642336e-08 3.57 0.00021856977787 1.6e-09
-4.276213857850783527e-05 2.031510307725757691e+00 -5.475127588590118256e-03 1.413191425315311672e-04 -3.291229445353573146e-05 -3.185965139080232082e-08 3.57 0.00021856977787 1.6e-09
4.538674990790698700e-05 5.719584989954342724e-01 -2.383970605232787511e-03 1.210736590865825902e-04 5.251734718063540846e-05 -1.020330807659457787e-07 3.57 0.00021856977787 1.6e-09
-4.557400644235186816e-05 3.139100831964042548e+00 3.466768691866039566e-03 1.958506845802220628e-04 1.486198773498820702e-05 7.361318951959885810e-08 3.57 0.00021856977787 1.6e-09
9.248991510425582849e-05 3.414733795162517183e+00 8.423030473493265183e-03 2.103146820442503614e-04 -8.909225609487889507e-06 1.793869821332679530e-08 3.57 0.00021856977787 1.6e-09
-1.046191033639252773e-05 1.152710294683440884e+00 4.073450945211489968e-03 1.100522924194494905e-04 -4.928321813905211883e-05 -1.954590959383724579e-07 3.57 0.00021856977787 1.6e-09
4.905489014799049592e-05 1.292534933831882782e+00 -2.152114683909771807e-03 1.133031143128151910e-04 4.648585293651818031e-05 5.685767557060378887e-08 3.57 0.00021856977787 1.6e-09
6.461901493191513275e-05 3.451813247271511287e+00 4.814331743597093441e-03 2.122756732686716043e-04 7.882405804970112339e-06 6.037119609613109402e-08 3.57 0.00021856977787 1.6e-09
-9.582610478611291961e-05 3.075573859575293056e+00 8.191049806810402067e-03 1.925493686839013091e-04 -1.602809808204917232e-05 -3.264276156411394867e-09 3.57 0.00021856977787 1.6e-09
-2.463924305445926893e-05 5.140485857848978712e-01 5.859110649750836307e-04 1.275341395268943267e-04 -4.802237702300711562e-05 -3.316518589656790742e-07 3.57 0.00021856977787 1.6e-09
2.857361022584146163e-05 2.151958540924599816e+00 -8.598420127375459854e-03 1.468233206009050091e-04 3.085999954424999858e-05 1.408513272829701133e-07 3.57 0.00021856977787 1.6e-09
-4.116408633303036589e-05 3.566968395161257632e+00 9.208793487374519054e-03 2.184064514572819134e-04 1.455682982860492499e-06 1.677134166692832037e-07 3.57 0.00021856977787 1.6e-09
2.410998143007063763e-05 2.490760955058424209e+00 1.938013802332252261e-02 1.629914140798905189e-04 -2.543047593759237518e-05 -1.946827549550325048e-08 3.57 0.00021856977787 1.6e-09
2.317989275911465043e-05 4.130157625245548525e-01 -5.593897170095158029e-03 1.449519724568864893e-04 2.242865633289838566e-05 -1.276326952776520739e-06 3.57 0.00021856977787 1.6e-09
7.072114356165211152e-05 2.850675008857266768e+00 5.904885536385972439e-03 1.809796268647020771e-04 1.989199295541440774e-05 3.007626116296317204e-07 3.57 0.00021856977787 1.6e-09
1.034644505094371530e-04 3.540056921304625792e+00 2.910895365698438347e-02 2.169529688019786011e-04 -4.863336186361210702e-06 1.336953352821487969e-07 3.57 0.00021856977787 1.6e-09
2.751664229842160135e-05 1.727664428090468496e+00 2.402265144072966707e-02 1.283014448917113516e-04 -3.826663155129529886e-05 -4.087783686080201491e-07 3.57 0.00021856977787 1.6e-09
-8.099995689559879761e-06 7.695490042408994480e-01 -1.385750833846399396e-02 1.099504788175946935e-04 5.540705354044306828e-05 -4.570962996620648323e-07 3.57 0.00021856977787 1.6e-09
9.405516298527055014e-05 3.270604834929605076e+00 8.578111280063333011e-03 2.027299722332245814e-04 1.217607071584451975e-05 3.332894354064248878e-07 3.57 0.00021856977787 1.6e-09
-6.458319540516505920e-05 3.305077121788830397e+00 3.447266230291418793e-02 2.045399816129899492e-04 -1.143552061958178243e-05 1.337856471172293013e-07 3.57 0.00021856977787 1.6e-09
-3.161676875259447015e-05 8.436442308142321211e-01 1.591777144375192826e-02 1.084423124492424258e-04 -5.468593363718971770e-05 -1.262985705597382420e-06 3.57 0.00021856977787 1.6e-09
2.298797462548596708e-05 1.634377990148713433e+00 -7.864293210440638504e-03 1.246493065266690700e-04 3.993494916342247463e-05 5.424614974631646886e-07 3.57 0.00021856977787 1.6e-09
1.466056719642468695e-05 3.522823376258106265e+00 4.071884328189418617e-02 2.160397288048714699e-04 5.486823336762321689e-06 3.662335685662472860e-07 3.57 0.00021856977787 1.6e-09
-1.721428350291588757e-05 2.899908609304047147e+00 5.654282441073052445e-02 1.834962417751081869e-04 -1.905249743913673636e-05 -1.302582757050909701e-07 3.57 0.00021856977787 1.6e-09
-4.939187552638941330e-05 4.260599023585648348e-01 -1.733533525049796385e-03 1.421772350528190641e-04 -2.878793911265268432e-05 -2.656780311084519450e-06 3.57 0.00021856977787 1.6e-09
-5.882920438503077957e-05 2.424234026105552608e+00 4.386754964000855357e-03 1.597475206716579294e-04 2.646898586414905634e-05 6.073499202764036027e-07 3.57 0.00021856977787 1.6e-09
2.907544298819574253e-05 3.568302916592245300e+00 5.228799657693632141e-02 2.184786164730554694e-04 -8.698390158902062026e-07 3.038821654983183872e-07 3.57 0.00021856977787 1.6e-09
3.570214702651691545e-05 2.222669392359509111e+00 5.346368709455623369e-02 1.501169904349280797e-04 -2.969131728877848664e-05 -4.606115085103493787e-07 3.57 0.00021856977787 1.6e-09
-1.518935260626473255e-05 4.849046067699029905e-01 -1.649138171537578926e-02 1.315414327596717867e-04 4.432305356420662750e-05 -1.422151855086047607e-06 3.57 0.00021856977787 1.6e-09
-9.186156839179738078e-05 3.035878290936905088e+00 3.675391126291960298e-02 1.904852147601552464e-04 1.680932043476890978e-05 7.227701344249298168e-07 3.57 0.00021856977787 1.6e-09
9.408333530025426387e-05 3.479752729957631630e+00 8.376533448392492476e-02 2.137485356037337420e-04 -7.192971638883625856e-06 1.608257900701108422e-07 3.57 0.00021856977787 1.6e-09
2.088185706531585554e-05 1.399616659483253756e+00 4.622566084437047806e-02 1.164051627811160818e-04 -4.438149144813505653e-05 -1.521933428587817695e-06 3.57 0.00021856977787 1.6e-09
3.438898406610156535e-05 1.050103153565203229e+00 -1.450428645945673473e-02 1.084935748265872691e-04 5.123338350202117102e-05 7.952789981962211940e-07 3.57 0.00021856977787 1.6e-09
-5.225944164470338850e-05 3.380189007874299989e+00 6.294700303042402578e-02 2.084954892018563264e-04 9.649018496707267043e-06 6.024220723522627544e-07 3.57 0.00021856977787 1.6e-09
2.432472952401217627e-05 3.175506514741633701e+00 9.094496676954727521e-02 1.977534135642562479e-04 -1.406954218592169187e-05 -1.212507431613772985e-07 3.57 0.00021856977787 1.6e-09
5.175421963057883287e-05 6.196113288125406626e-01 1.100635079150741151e-02 1.171303296700567140e-04 -5.421130482914222036e-05 -3.287119418714043026e-06 3.57 0.00021856977787 1.6e-09
-6.303981899294486377e-05 1.948084884401657391e+00 1.392276272399665255e-02 1.376137380284957645e-04 3.430772390461716735e-05 1.264945527042839996e-06 3.57 0.00021856977787 1.6e-09
3.692872515576013588e-05 3.556594356339005891e+00 1.003429339933439718e-01 2.178454591611393254e-04 3.107665617481691983e-06 4.835839223230365873e-07 3.57 0.00021856977787 1.6e-09
8.376678062461522531e-05 2.672179424372280288e+00 1.007939724141782983e-01 1.719724011383136732e-04 -2.259220390629486727e-05 -6.341695606573366486e-07 3.57 0.00021856977787 1.6e-09
1.202317957265876161e-05 3.976221444177133746e-01 -1.403002098747711465e-02 1.486226829247834025e-04 8.143655950568765828e-07 -2.983135552158279622e-06 3.57 0.00021856977787 1.6e-09
3.057200969526098337e-05 2.684980891070499531e+00 5.647562644347262767e-02 1.726133459026216589e-04 2.240293326665017192e-05 1.138535817253638507e-06 3.57 0.00021856977787 1.6e-09
-3.796712333406177876e-05 3.556137370475650705e+00 1.236456257323170077e-01 2.178194110785584099e-04 -3.225188816665044672e-06 1.956699759915374494e-07 3.57 0.00021856977787 1.6e-09
6.239587980840923345e-05 1.936550326471961014e+00 7.886392751673432233e-02 1.371043124749048180e-04 -3.447248566250813226e-05 -1.476060158526262246e-06 3.57 0.00021856977787 1.6e-09
-3.825820712340486523e-06 6.248833473126553795e-01 -1.968868060190025193e-02 1.167309697055320204e-04 5.444731222698206410e-05 8.797811793025892285e-07 3.57 0.00021856977787 1.6e-09
1.376963581400684144e-05 3.180639409130270767e+00 9.566066154791431908e-02 1.980186013241983076e-04 1.397407685001902632e-05 9.381937556314092505e-07 3.57 0.00021856977787 1.6e-09
-8.354089219943301617e-05 3.378784336974337332e+00 1.379295171887358062e-01 2.084187952975553870e-04 -9.686003987048553889e-06 -1.447586624642845375e-07 3.57 0.00021856977787 1.6e-09
4.802053844833088932e-05 1.048737511125767075e+00 3.737618687072187529e-02 1.084590398649941856e-04 -5.117888811603912212e-05 -3.084403836733055774e-06 3.57 0.00021856977787 1.6e-09
-3.526221757099912206e-05 1.402311651759573952e+00 1.398526495678410926e-02 1.165077111483412656e-04 4.428797546783111487e-05 2.060912005099165817e-06 3.57 0.00021856977787 1.6e-09
-6.165237019189837443e-06 3.474323634942722450e+00 1.347197387709414551e-01 2.134667302140045436e-04 7.097520875410214497e-06 6.228370033027294346e-07 3.57 0.00021856977787 1.6e-09
-3.646768463282727929e-05 3.020349498024557988e+00 1.363794864287543041e-01 1.896898043021701867e-04 -1.693557821154972518e-05 -6.843468800160110088e-07 3.57 0.00021856977787 1.6e-09
-1.197149437534738271e-05 4.799455095497511259e-01 -6.782953899606912820e-03 1.323899544923779132e-04 -4.318533655059926600e-05 -3.995635431098943407e-06 3.57 0.00021856977787 1.6e-09
1.384619847706859778e-05 2.238242377133992100e+00 6.302340185477511847e-02 1.508525691782057184e-04 2.936825368028830397e-05 1.704732053628161409e-06 3.57 0.00021856977787 1.6e-09
3.022071475777620515e-07 3.563769590097578543e+00 1.570865286280778705e-01 2.182386565838902778e-04 7.018638267484921731e-07 2.878504089379838753e-07 3.57 0.00021856977787 1.6e-09
1.725642382507154717e-05 2.403159402750457030e+00 1.132431269914979943e-01 1.587273122548640825e-04 -2.670453143163748977e-05 -1.396324757808331797e-06 3.57 0.00021856977787 1.6e-09
4.745738992683797301e-05 4.300246575896026213e-01 -2.139155317529721489e-02 1.412436551489282342e-04 3.067333657016655567e-05 2.286460187498952954e-07 3.57 0.00021856977787 1.6e-09
2.427716284522054880e-05 2.912991533355444140e+00 1.183013004776912458e-01 1.841586228967241308e-04 1.882543215166313495e-05 1.269714177457202938e-06 3.57 0.00021856977787 1.6e-09
6.287576344504329159e-05 3.522319882821421722e+00 1.729204325999689207e-01 2.160062789776312302e-04 -5.572172781679487325e-06 -1.536896350996360831e-07 3.57 0.00021856977787 1.6e-09
3.468817518478223912e-05 1.631001959313239880e+00 6.950854116124111082e-02 1.245021522631399439e-04 -3.993043488941186848e-05 -2.508026644027299920e-06 3.57 0.00021856977787 1.6e-09
7.795204219512718869e-06 8.462572612123993032e-01 -1.557058505796970766e-03 1.084202142238017112e-04 5.457714160315673400e-05 2.905468531928176429e-06 3.57 0.00021856977787 1.6e-09
3.941837872043742403e-05 3.300609186660077299e+00 1.499237448072065770e-01 2.043073034857834948e-04 1.137553203370591834e-05 8.192979002614460795e-07 3.57 0.00021856977787 1.6e-09
4.392776761296529869e-05 3.261861476010481375e+00 1.611984454809105016e-01 2.022728056888257184e-04 -1.221715393756618539e-05 -6.249219783930931036e-07 3.57 0.00021856977787 1.6e-09
-3.696874704615493289e-05 7.650173418210732823e-01 8.953033551329392728e-03 1.100870454129767152e-04 -5.529310879974031558e-05 -3.860459163411467345e-06 3.57 0.00021856977787 1.6e-09
-6.331376937110716929e-05 1.734615424395020478e+00 6.087334240358089482e-02 1.285887506139771794e-04 3.801210650666264862e-05 2.464512293629628273e-06 3.57 0.00021856977787 1.6e-09
4.870562412860883657e-05 3.533502139335455539e+00 1.814330843656137560e-01 2.166074904264473993e-04 4.757388593865272098e-06 3.594125973846832532e-07 3.57 0.00021856977787 1.6e-09
6.722445472337594291e-05 2.835811924235068560e+00 1.405170809495134288e-01 1.802246217444924666e-04 -2.000160879595479067e-05 -1.272718482306947829e-06 3.57 0.00021856977787 1.6e-09
1.779766287224857608e-05 4.118054585530104839e-01 -2.030173630732682449e-02 1.452632187043687104e-04 -2.085843550256509749e-05 -1.448617764256569508e-06 3.57 0.00021856977787 1.6e-09
-3.903238777381406435e-05 2.500050618319753948e+00 1.113178228261808705e-01 1.634471356503494014e-04 2.517778362768599817e-05 1.599669398788507064e-06 3.57 0.00021856977787 1.6e-09
-6.806898138397851693e-05 3.560973823258540172e+00 1.790253219944369922e-01 2.180871496982124858e-04 -1.556699718014667745e-06 -9.473161875586784481e-08 3.57 0.00021856977787 1.6e-09
-4.159941971707325695e-05 2.136874422154366737e+00 8.897960031388746360e-02 1.461254930963761097e-04 -3.100696464211711505e-05 -1.966995239654316182e-06 3.57 0.00021856977787 1.6e-09
2.461214258256411367e-05 5.199668666890493451e-01 -1.234031331725764929e-02 1.267239715265531348e-04 4.860804147459230789e-05 3.509453367311587800e-06 3.57 0.00021856977787 1.6e-09
8.549535457133792822e-05 3.078873029929396488e+00 1.559049946636560657e-01 1.927158784903301367e-04 1.590140302704761679e-05 9.858274942142609503e-07 3.57 0.00021856977787 1.6e-09
-8.223917466977877287e-05 3.448905909860427776e+00 1.740566349402469237e-01 2.121174400962675365e-04 -7.897927214047073909e-06 -5.711796224485404890e-07 3.57 0.00021856977787 1.6e-09
-5.212855239154733902e-05 1.292507136706702919e+00 3.139372370911224647e-02 1.132863290961119739e-04 -4.641546488513607172e-05 -2.938474190375108626e-06 3.57 0.00021856977787 1.6e-09
-9.416516401572795083e-06 1.154200437266092116e+00 3.507198769374340885e-02 1.100965639972010715e-04 4.908778342661066602e-05 3.182057147948815047e-06 3.57 0.00021856977787 1.6e-09
7.806100798573656699e-06 3.407899560003023964e+00 1.657761242424520276e-01 2.099572410871978221e-04 8.857295426730960654e-06 3.997779854380671696e-07 3.57 0.00021856977787 1.6e-09
2.488173145132245188e-06 3.128849973529394646e+00 1.351844485876534108e-01 1.953208732315531138e-04 -1.489909311044854798e-05 -1.010683902137241534e-06 3.57 0.00021856977787 1.6e-09
2.155204068179526330e-05 5.676468994764696241e-01 -1.535241868877831178e-02 1.215134114495645642e-04 -5.212622620733275416e-05 -2.252191795911216656e-06 3.57 0.00021856977787 1.6e-09
-1.683761917614015732e-05 2.038114003626041892e+00 9.412305159918192554e-02 1.416233551300607302e-04 3.265377975359200441e-05 1.976169052035064407e-06 3.57 0.00021856977787 1.6e-09
1.047380706775070589e-04 3.557100543293669759e+00 1.731995851220991811e-01 2.178781459200478988e-04 2.363376766077937936e-06 -3.492420710537116207e-08 3.57 0.00021856977787 1.6e-09
6.756918823362453191e-05 2.588657875467847091e+00 9.830606381538864458e-02 1.678153857013078387e-04 -2.382194673253973304e-05 -1.541616979886814759e-06 3.57 0.00021856977787 1.6e-09
-4.582801816834474715e-05 4.013699417673752823e-01 -1.801074675426467958e-02 1.476707366996422085e-04 1.127459237812650914e-05 2.825375268568622269e-06 3.57 0.00021856977787 1.6e-09
7.117729713381240034e-05 2.761839697443917885e+00 1.308503938349927787e-01 1.764752947268039636e-04 2.119384908404425664e-05 1.016521170825049963e-06 3.57 0.00021856977787 1.6e-09
-9.658252434906157077e-05 3.549733530158524886e+00 1.511870148163650396e-01 2.174718469615196412e-04 -3.935403843765940672e-06 -4.670021781866006161e-07 3.57 0.00021856977787 1.6e-09
4.894202902975909922e-05 1.846663897537695442e+00 4.004058463592916062e-02 1.332247821885772926e-04 -3.608002320819198049e-05 -1.949906142722152553e-06 3.57 0.00021856977787 1.6e-09
-5.498360832217512935e-06 6.843215629152277213e-01 9.393161589380182377e-03 1.132046066899269161e-04 5.525516052532322334e-05 3.979726597125730195e-06 3.57 0.00021856977787 1.6e-09
-4.619504246720574416e-05 3.217735874465412316e+00 1.423138883142947009e-01 1.999606752459862449e-04 1.317066401493931726e-05 4.589626754189567802e-07 3.57 0.00021856977787 1.6e-09
3.643707260907592775e-05 3.343293247006598801e+00 1.232870847403793463e-01 2.065512691810199709e-04 -1.046537627240052303e-05 -7.779862061741670687e-07 3.57 0.00021856977787 1.6e-09
4.045927141996876223e-05 9.488492537964006157e-01 -5.616454050086258816e-03 1.078290357909805449e-04 -5.307544501584072214e-05 -2.090770387977423295e-06 3.57 0.00021856977787 1.6e-09
1.596116170691933437e-05 1.511058597209784526e+00 6.511795438800443980e-02 1.201198733667728296e-04 4.215363010401757492e-05 2.251486806398058641e-06 3.57 0.00021856977787 1.6e-09
-5.907531079454195709e-05 3.499364917727017854e+00 1.405857888711002368e-01 2.147909111235903610e-04 6.388818294731922237e-06 -3.893140859538567640e-08 3.57 0.00021856977787 1.6e-09
-3.242128368770698594e-05 2.973183009184400483e+00 8.190554262781013506e-02 1.872533725752750658e-04 -1.781653209975541795e-05 -1.102379107966578034e-06 3.57 0.00021856977787 1.6e-09
-2.887728697991311840e-05 4.529517704160848091e-01 -2.041714824060963593e-02 1.368979258699206357e-04 -3.764504365715291471e-05 1.110315622009259665e-06 3.57 0.00021856977787 1.6e-09
3.789737682154767243e-05 2.317395065212789262e+00 9.096745615573847976e-02 1.546071779194214024e-04 2.809164022508671692e-05 1.039650078162992579e-06 3.57 0.00021856977787 1.6e-09
-5.283767067504745613e-05 3.565615736242969902e+00 1.150474381728535667e-01 2.183381350283416936e-04 4.003252161556708739e-08 -3.227866740005593585e-07 3.57 0.00021856977787 1.6e-09
6.391418321410806771e-05 2.325058685018905891e+00 3.775913658315428745e-02 1.549710721717579946e-04 -2.800721252999196890e-05 -1.245422615804822702e-06 3.57 0.00021856977787 1.6e-09
6.429554911826877977e-05 4.510826914685230893e-01 -3.974411939909846744e-03 1.371813884163211334e-04 3.737363617403301826e-05 4.263084446695743978e-06 3.57 0.00021856977787 1.6e-09
-8.966173939911072609e-05 2.969347625551231662e+00 1.098598116419088611e-01 1.870504944360005986e-04 1.794779396006687710e-05 4.155442189330665885e-07 3.57 0.00021856977787 1.6e-09
-2.924108321266948886e-06 3.508469162975048405e+00 9.541100935898180757e-02 2.152699069481595333e-04 -6.247035423082955793e-06 -5.916001805233331602e-07 3.57 0.00021856977787 1.6e-09
1.816067942353731031e-05 1.534255396726109888e+00 5.858897135629461718e-04 1.209251222710930020e-04 -4.184592387616420080e-05 -1.341386902945435420e-06 3.57 0.00021856977787 1.6e-09
-2.587600482485263249e-05 9.295903777146663494e-01 2.692412750592353826e-02 1.078406428745944578e-04 5.334023458930884905e-05 2.374767055134323901e-06 3.57 0.00021856977787 1.6e-09
3.604002534413083369e-05 3.337472234600327603e+00 8.748132936774946633e-02 2.062456103522265251e-04 1.064719665930240024e-05 -2.028273789807082741e-08 3.57 0.00021856977787 1.6e-09
6.457883422173578902e-06 3.228658030020962411e+00 5.035339342278023766e-02 2.005326743276992130e-04 -1.300601376876233859e-05 -6.584929300956110706e-07 3.57 0.00021856977787 1.6e-09
-3.470570342577026260e-05 6.961875339428464926e-01 -1.800981757418011406e-02 1.126363421158605945e-04 -5.544747948308139225e-05 -4.741382044649240688e-08 3.57 0.00021856977787 1.6e-09
2.469857764701102081e-05 1.827138479490646450e+00 5.871432671027171368e-02 1.324132163422391071e-04 3.639969936372960214e-05 1.064709666919327489e-06 3.57 0.00021856977787 1.6e-09
-5.398806052212803876e-05 3.546665755359764027e+00 8.280949090383171729e-02 2.173127775922119699e-04 4.063622580768768482e-06 -2.288280697993414469e-07 3.57 0.00021856977787 1.6e-09
-9.539185511894838359e-06 2.767778478957350963e+00 2.972263950280891465e-02 1.767800569834853384e-04 -2.113489879439597641e-05 -7.922265323645042312e-07 3.57 0.00021856977787 1.6e-09
2.843599839296551786e-05 4.014846023321778090e-01 -1.046403247889291302e-02 1.476912504445719609e-04 -1.133988448922953619e-05 3.059435310528012664e-06 3.57 0.00021856977787 1.6e-09
-7.618169655405669725e-05 2.586684772339680638e+00 5.796084330194911649e-02 1.677143449553793251e-04 2.395060027155526705e-05 2.449051019301890874e-07 3.57 0.00021856977787 1.6e-09
-3.636251607737432521e-05 3.565197101243466449e+00 4.560098556290212435e-02 2.183062113872822241e-04 -2.288407077016328810e-06 -3.682776367433819627e-07 3.57 0.00021856977787 1.6e-09
-6.684741482394517844e-05 2.053269173205372944e+00 -5.171582252218509188e-03 1.423014782471956484e-04 -3.253309717755068289e-05 -5.862055781365981508e-07 3.57 0.00021856977787 1.6e-09
4.122093150262109924e-06 5.605492172928989714e-01 6.077641813062147069e-03 1.221909808889546354e-04 5.181309335054001244e-05 2.318254593872587331e-06 3.57 0.00021856977787 1.6e-09
3.595276855329587165e-05 3.126866156092338755e+00 5.351613356429113511e-02 1.952147068959320130e-04 1.506775357086223539e-05 3.353226825806022564e-08 3.57 0.00021856977787 1.6e-09
-9.151307897038634472e-05 3.420761530067409684e+00 3.326686330027844168e-02 2.106341124398464584e-04 -8.713611434234849696e-06 -3.792770033899603367e-07 3.57 0.00021856977787 1.6e-09
5.319329292119282567e-05 1.176459155506045295e+00 -1.160555990088440667e-02 1.105228108557219186e-04 -4.881008275552553804e-05 -3.766375942147474925e-07 3.57 0.00021856977787 1.6e-09
-1.781189909951937339e-05 1.268399072343583178e+00 2.534520497474405942e-02 1.126640785273916789e-04 4.695788268791610445e-05 7.815098426343656032e-07 3.57 0.00021856977787 1.6e-09
5.968615944157334486e-05 3.446014989468011436e+00 3.408850602702401256e-02 2.119679962739424658e-04 8.062416323549051955e-06 -1.858621918561478737e-07 3.57 0.00021856977787 1.6e-09
5.063147790834820040e-05 3.088109103630250374e+00 4.241877744870751685e-03 1.931980155173611074e-04 -1.581792361949710502e-05 -3.604527237106736190e-07 3.57 0.00021856977787 1.6e-09
-6.448563146060047341e-08 5.238803529746679510e-01 -1.074038770998167122e-02 1.262812858068479752e-04 -4.899666392398036458e-05 1.363859364930965396e-06 3.57 0.00021856977787 1.6e-09
-3.263041755811534695e-05 2.129136834686371049e+00 2.297589943762801817e-02 1.457712495473478982e-04 3.122941442505496447e-05 1.897380005061883200e-07 3.57 0.00021856977787 1.6e-09
-3.424218065384156508e-06 3.564965405271215637e+00 2.039417867933400116e-02 2.183006035528151957e-04 1.626817171892652620e-06 -1.497197266059244947e-07 3.57 0.00021856977787 1.6e-09
-2.075163929767312037e-05 2.508133386277505927e+00 -8.837061709130846279e-04 1.638454277315731702e-04 -2.514535749577456115e-05 -2.467156610742895655e-07 3.57 0.00021856977787 1.6e-09
-1.784206876592166408e-05 4.102382791575001630e-01 -1.641445263862685014e-03 1.455912986880042437e-04 2.054887299877652718e-05 1.628361678030803256e-06 3.57 0.00021856977787 1.6e-09
-6.529863642178861149e-05 2.836447491239739271e+00 2.346528562114027355e-02 1.802537156771932998e-04 2.013479377694558204e-05 1.278923788758052596e-08 3.57 0.00021856977787 1.6e-09
-3.461234448617244363e-05 3.543953517798848374e+00 1.289212215576168198e-02 2.171600968920628827e-04 -4.685117794875948328e-06 -1.809632457123872326e-07 3.57 0.00021856977787 1.6e-09
4.124872402947158572e-05 1.751616115802119955e+00 -7.390255738776224312e-03 1.292694678205989355e-04 -3.784742883866344464e-05 -1.687423293923065840e-07 3.57 0.00021856977787 1.6e-09
5.127950120078079006e-05 7.520518111304934639e-01 2.248908162802493692e-03 1.104752807315368551e-04 5.549955417662023427e-05 2.150892219603903430e-07 3.57 0.00021856977787 1.6e-09
-6.739281308174510177e-05 3.261603980521312174e+00 3.982666493803162580e-03 2.022574573516321367e-04 1.237601360450950511e-05 -3.256800124252454590e-08 3.57 0.00021856977787 1.6e-09
6.329336886138194149e-05 3.313435411960452548e+00 -5.828791464346392767e-04 2.049791761156426759e-04 -1.125935083467831700e-05 -4.940402304111061267e-08 3.57 0.00021856977787 1.6e-09
2.573094070807091811e-05 8.627127170918406085e-01 -2.815110846382799792e-03 1.082091444856746795e-04 -5.446880911984333131e-05 1.107209072780920697e-07 3.57 0.00021856977787 1.6e-09
5.751617126087939588e-05 1.610890154311111599e+00 5.604425521048870401e-03 1.237583411875032343e-04 4.037097921538405904e-05 1.931755710473311565e-07 3.57 0.00021856977787 1.6e-09
-1.010895324678444819e-04 3.519406139726876326e+00 1.291775979690201921e-02 2.158577007641550815e-04 5.666811282044241117e-06 4.172422566472597903e-09 3.57 0.00021856977787 1.6e-09
8.425824116214609874e-05 2.914710355351566307e+00 8.142861787955327224e-03 1.842531292845150589e-04 -1.882904587454207887e-05 -9.961831036965465299e-08 3.57 0.00021856977787 1.6e-09
6.971831021004851127e-05 4.299983722214555937e-01 -2.084532914590561323e-03 1.413438947318804823e-04 -3.060533902659073240e-05 1.851322995700150495e-07 3.57 0.00021856977787 1.6e-09
-3.427376513144763596e-05 2.405890525749400766e+00 -4.877477658199638744e-03 1.588577310286202202e-04 2.676894765632812333e-05 3.092792734045994723e-08 3.57 0.00021856977787 1.6e-09
4.331231478581948921e-05 3.569916355142296105e+00 7.465081502753035964e-04 2.185641366066387375e-04 -6.959521201173541342e-07 6.303963563067832599e-08 3.57 0.00021856977787 1.6e-09
5.771415468497424458e-06 2.244528788558366905e+00 5.515590168716950903e-03 1.511446533391577328e-04 -2.935727223016521248e-05 9.505445280279348565e-09 3.57 0.00021856977787 1.6e-09
-2.882878106741654375e-06 4.771234011930882701e-01 -5.677477855787362200e-03 1.327599353387765176e-04 4.311014441082536492e-05 -7.301832281482228788e-07 3.57 0.00021856977787 1.6e-09
3.084389757638043817e-05 3.023391987401509606e+00 5.019049168599783693e-03 1.898413331007084751e-04 1.702799818598576333e-05 2.152793006744045170e-07 3.57 0.00021856977787 1.6e-09
4.033550433466448395e-05 3.485676865315082473e+00 2.162454037543579816e-02 2.140634706789853027e-04 -7.015907931983720455e-06 9.204430028611866687e-08 3.57 0.00021856977787 1.6e-09
-6.054003414461408357e-06 1.423228865060881976e+00 1.549074234542327858e-02 1.171578218122891084e-04 -4.396710428921375404e-05 -4.060188403777797711e-07 3.57 0.00021856977787 1.6e-09
-4.562841453676543262e-05 1.028561616208669705e+00 -1.027943339028322689e-02 1.082631399848451572e-04 5.166604297930792763e-05 -1.326685315227696779e-07 3.57 0.00021856977787 1.6e-09
1.000038521499206526e-05 3.374784483236757282e+00 4.346725999418932229e-03 2.082097158401477357e-04 9.831894036746450973e-06 1.998141657108154460e-07 3.57 0.00021856977787 1.6e-09
-8.720980774138287900e-05 3.188177794198251647e+00 2.021340832291254608e-02 1.984144329293520371e-04 -1.386097934919188461e-05 8.236873262137142746e-08 3.57 0.00021856977787 1.6e-09
4.369885170902198157e-05 6.330087515111588736e-01 6.741765511745786629e-03 1.161846501531935952e-04 -5.466109887851826511e-05 -1.037051488593336610e-06 3.57 0.00021856977787 1.6e-09
-5.539288178073190159e-05 1.925302783280298469e+00 -8.387358142139710732e-03 1.366186994754415966e-04 3.471869678482165618e-05 3.713396866166897631e-07 3.57 0.00021856977787 1.6e-09
-7.345700406835155663e-05 3.556072029040064031e+00 2.794542860292139816e-02 2.178173986940441743e-04 3.297759187192275923e-06 2.911517439341023024e-07 3.57 0.00021856977787 1.6e-09
-8.002270175721700721e-05 2.690871728073313207e+00 4.152126785987846069e-02 1.729108721322174334e-04 -2.232843560827123600e-05 -1.026299642265716535e-07 3.57 0.00021856977787 1.6e-09
-7.237653255632553570e-05 3.973736064842726678e-01 -5.192528506061324864e-03 1.487064511677241882e-04 -1.300458391005953609e-06 -2.145281432051745253e-06 3.57 0.00021856977787 1.6e-09
1.353382419296261780e-05 2.668713890242379705e+00 6.590092508781356107e-03 1.717992785663870659e-04 2.268928679858354507e-05 4.606797769023344590e-07 3.57 0.00021856977787 1.6e-09
-3.678550121951946908e-06 3.559810330125078082e+00 4.241054942116709997e-02 2.180158360548378066e-04 -3.060043341319477872e-06 2.154745933531233718e-07 3.57 0.00021856977787 1.6e-09
6.352584908876815321e-05 1.957828411761984633e+00 3.876513588471111604e-02 1.380384973035378091e-04 -3.416471081683751260e-05 -4.819621867321538369e-07 3.57 0.00021856977787 1.6e-09
-1.618081294699546816e-05 6.128340083012486783e-01 -1.661886498825694558e-02 1.176053031956515380e-04 5.413762175714760555e-05 -7.714957235065221981e-07 3.57 0.00021856977787 1.6e-09
-8.922830857345394578e-05 3.173669386589920816e+00 2.418220874046369054e-02 1.976534360181410256e-04 1.418225549226990244e-05 5.400707655757249726e-07 3.57 0.00021856977787 1.6e-09
-3.904665939802187414e-05 3.389126010869189631e+00 6.155427597924444799e-02 2.089635507362258820e-04 -9.519969449344919379e-06 1.453362919615173599e-07 3.57 0.00021856977787 1.6e-09
6.630540768699922760e-06 1.070994394174346942e+00 2.944860934584344475e-02 1.087291816107779522e-04 -5.083734994687396351e-05 -1.577006482815145447e-06 3.57 0.00021856977787 1.6e-09
-6.039342490913797467e-06 1.377744502738688759e+00 -9.275563590824806304e-03 1.157494507381162977e-04 4.480388435550433852e-05 7.715093206625649203e-07 3.57 0.00021856977787 1.6e-09
-3.229300488175102012e-05 3.471123989170167512e+00 5.653158190020985546e-02 2.132978205375752104e-04 7.278059894233113026e-06 4.815133912530859743e-07 3.57 0.00021856977787 1.6e-09
-8.991143458308735795e-05 3.033567676652314304e+00 7.655701502728017027e-02 1.903739410400080180e-04 -1.675384689216558124e-05 -1.649701597446424617e-07 3.57 0.00021856977787 1.6e-09
2.540096720150076536e-05 4.861434185718026546e-01 2.067196854027219047e-03 1.314418883901888780e-04 -4.427554640609981506e-05 -3.212421968988193536e-06 3.57 0.00021856977787 1.6e-09
-4.268638373538370347e-05 2.221553214148573652e+00 1.129075198096763342e-02 1.500661467095455227e-04 2.970521505867505899e-05 9.308645602655637116e-07 3.57 0.00021856977787 1.6e-09
-5.762732222444961252e-05 3.567204860899479524e+00 7.888389726364322674e-02 2.184205028037838913e-04 8.649169758447997751e-07 3.926738149259736120e-07 3.57 0.00021856977787 1.6e-09
