1.065851742825233599e-05 2.826138475995154664e+00 -3.535598516875729865e-05 1.795902663043599996e-04 -2.330553359511502103e-05 -6.821857036910949322e-10 3.91 0.00023666225697 1.6e-09
1.709862346971496058e-05 3.871571563639770730e-01 -9.631197441247467579e-04 1.502451517193801646e-04 -7.232688707389643649e-06 1.798136383154542420e-07 3.91 0.00023666225697 1.6e-09
-5.212564328868198667e-06 2.707067985292558099e+00 -9.939065080470660049e-03 1.735667391346673691e-04 2.496256299861220355e-05 -7.335002552275672288e-08 3.91 0.00023666225697 1.6e-09
6.625073292004903045e-06 3.903976290511523395e+00 -1.143747134570025428e-02 2.363404189186031797e-04 9.408159200246557523e-07 2.806558605298593594e-08 3.91 0.00023666225697 1.6e-09
8.180198847230640586e-05 2.928058421277358825e+00 -5.143710782432186872e-03 1.848043811147288070e-04 -2.182592571611108859e-05 9.526865121907314275e-08 3.91 0.00023666225697 1.6e-09
6.479699128986731078e-05 3.988367741356656504e-01 7.154905123795411888e-04 1.473929373264914761e-04 -2.050981881510986852e-05 -7.391935679100363290e-08 3.91 0.00023666225697 1.6e-09
4.242816546642458678e-05 2.586750701543395703e+00 -2.348730843509043778e-02 1.675699407461465993e-04 2.654547855904041537e-05 -1.692845713350235558e-07 3.91 0.00023666225697 1.6e-09
-3.611350712311923897e-06 3.881732820508705828e+00 -2.547617980391858605e-02 2.351553741713185161e-04 1.700745509741282889e-06 8.309157162064435313e-08 3.91 0.00023666225697 1.6e-09
6.525277103347670762e-05 2.985700870645247917e+00 -9.576637946887593331e-03 1.877880326630213068e-04 -2.083747423139324371e-05 2.224422984869116983e-07 3.91 0.00023666225697 1.6e-09
6.625699117190888209e-05 4.131611596620403670e-01 3.148473077499320920e-03 1.441942839589958794e-04 -2.832038504121889977e-05 -5.487378362806864567e-07 3.91 0.00023666225697 1.6e-09
3.213061318027027747e-05 2.503710326619159154e+00 -3.673736659823519102e-02 1.634934960239785794e-04 2.757803847640473636e-05 -2.381661981165685355e-07 3.91 0.00023666225697 1.6e-09
3.175314685935555389e-05 3.855780561680964169e+00 -3.614923570746969572e-02 2.337759975540273146e-04 2.095580226904875081e-06 1.634392443547618004e-07 3.91 0.00023666225697 1.6e-09
-1.505273599677203625e-05 2.995486086215136012e+00 -9.388790318965885978e-03 1.883164675233548325e-04 -2.047658940039426276e-05 3.425891067484775789e-07 3.91 0.00023666225697 1.6e-09
-2.598487826218693863e-05 4.192213973638815316e-01 5.566100649329566719e-03 1.430318419395337770e-04 -3.021587337974680770e-05 -1.260834184715781147e-06 3.91 0.00023666225697 1.6e-09
-3.311904166271329721e-05 2.476842839857718470e+00 -4.772514842693439951e-02 1.622031005450108262e-04 2.780411474777018814e-05 -2.522030068339882102e-07 3.91 0.00023666225697 1.6e-09
-4.401079406974949633e-05 3.833885815006913500e+00 -4.136103525192359742e-02 2.326165255521386432e-04 2.065571189401606443e-06 2.569601833606914260e-07 3.91 0.00023666225697 1.6e-09
-2.221777138297745301e-05 2.960245673448395287e+00 -4.311500291867402870e-03 1.865249766242918592e-04 -2.077535485274043669e-05 4.349226732628534756e-07 3.91 0.00023666225697 1.6e-09
-2.187992922914446187e-05 4.135687995719593557e-01 6.784737398835794138e-03 1.444449392800587081e-04 -2.663033878368490363e-05 -2.177570171198669482e-06 3.91 0.00023666225697 1.6e-09
7.558843589887550250e-05 2.508739747963220523e+00 -5.499068862748526798e-02 1.637953248697985426e-04 2.717147057616232773e-05 -2.008811225676171893e-07 3.91 0.00023666225697 1.6e-09
1.071048260884669697e-04 3.818063916139109004e+00 -4.056678719768061492e-02 2.317829555837194776e-04 1.591443775136063770e-06 3.464763703570723808e-07 3.91 0.00023666225697 1.6e-09
8.925212289201330277e-05 2.883062310738830014e+00 4.332763613527586266e-03 1.825881177146797133e-04 -2.172311594639854133e-05 4.823054778801945913e-07 3.91 0.00023666225697 1.6e-09
1.621864254765590366e-05 4.015186494769574788e-01 5.630125489840542841e-03 1.473824589755121572e-04 -1.751809216544694317e-05 -3.178133462032812524e-06 3.91 0.00023666225697 1.6e-09
-4.482407039809476645e-05 2.592023002048654767e+00 -5.585690263148780643e-02 1.679283470177834548e-04 2.584106159831264457e-05 -7.550719840045390325e-08 3.91 0.00023666225697 1.6e-09
-2.054958407062547175e-05 3.808519992222033856e+00 -3.179286772793332716e-02 2.312824380972188475e-04 7.700078634263246804e-07 4.146498897707822919e-07 3.91 0.00023666225697 1.6e-09
-4.068727249788704650e-05 2.772082040839669581e+00 1.606782840950002345e-02 1.769598574634398760e-04 -2.320917006741260035e-05 4.533072858034425395e-07 3.91 0.00023666225697 1.6e-09
-1.033955687740952542e-05 3.932999066466082994e-01 1.574605329705273038e-03 1.494666609626433499e-04 -3.679363234007309171e-06 -3.998626340421683889e-06 3.91 0.00023666225697 1.6e-09
4.738417210228675969e-05 2.709074443032618795e+00 -4.712291596371617763e-02 1.737845951166847340e-04 2.409799181010773250e-05 1.290419883025308745e-07 3.91 0.00023666225697 1.6e-09
-3.601287433307914288e-05 3.806870195704267879e+00 -1.177574969362658527e-02 2.311964174586792788e-04 -2.502016109656717377e-07 4.524687888908915442e-07 3.91 0.00023666225697 1.6e-09
-1.663354286176132974e-05 2.649997343606320221e+00 3.192091394224187695e-02 1.708210643115877763e-04 -2.497224853026568716e-05 3.069238634391228790e-07 3.91 0.00023666225697 1.6e-09
-2.490910323326725272e-05 3.961510171425653426e-01 -4.612665980748264019e-03 1.486793996086770446e-04 1.123373587852968912e-05 -4.350268967713668736e-06 3.91 0.00023666225697 1.6e-09
-6.456777759420596473e-05 2.830024215837716461e+00 -2.871025796232118399e-02 1.798898975198165223e-04 2.244287558388806739e-05 3.881173480601777988e-07 3.91 0.00023666225697 1.6e-09
1.046910886616349772e-04 3.815351966336791634e+00 1.924682494823757445e-02 2.316419057488681196e-04 -1.188050973242764126e-06 4.648208801096510274e-07 3.91 0.00023666225697 1.6e-09
3.279957419529887458e-06 2.553529019271163047e+00 5.209364681764393906e-02 1.660092983030679050e-04 -2.648062114690328487e-05 4.080717475162208266e-08 3.91 0.00023666225697 1.6e-09
-6.743417159854639918e-05 4.063001904090792760e-01 -1.101039878171912977e-02 1.460548068068403930e-04 2.222635098472773216e-05 -4.233418747797015142e-06 3.91 0.00023666225697 1.6e-09
1.070262416115989071e-05 2.922350554161464498e+00 -4.558598209997584069e-03 1.845814148825676050e-04 2.129980053365839606e-05 6.548050861023206142e-07 3.91 0.00023666225697 1.6e-09
3.533757648280134599e-05 3.834004478195730314e+00 5.586848589914140267e-02 2.326249399085270541e-04 -1.741939845428190414e-06 4.617607908286073674e-07 3.91 0.00023666225697 1.6e-09
4.984434628688767972e-05 2.515394122053472792e+00 7.456639111461701996e-02 1.640979182857406717e-04 -2.721183860728049162e-05 -2.802836171829752738e-07 3.91 0.00023666225697 1.6e-09
1.567413777126282532e-05 4.116662125479637613e-01 -1.581891667926469541e-02 1.446083804634138749e-04 2.658028333522120739e-05 -3.951367868862055811e-06 3.91 0.00023666225697 1.6e-09
-4.273671535702634018e-05 2.965151100814736651e+00 2.120584223134140342e-02 1.867494837370188088e-04 2.093670782641207732e-05 9.040818508675455116e-07 3.91 0.00023666225697 1.6e-09
7.019818399299281942e-05 3.861014576881956817e+00 9.292691118732591959e-02 2.340546725856406708e-04 -1.776417739314647036e-06 4.507885526221290406e-07 3.91 0.00023666225697 1.6e-09
-5.655824981582829826e-05 2.550917634123331723e+00 9.763172781826270907e-02 1.658160257154046857e-04 -2.688417647259321044e-05 -5.759505220444645247e-07 3.91 0.00023666225697 1.6e-09
6.801782549280560467e-05 4.046909089543574423e-01 -1.825315400573050348e-02 1.460099006793685482e-04 2.365777987893152867e-05 -3.811815439312281005e-06 3.91 0.00023666225697 1.6e-09
4.446074547252837068e-05 2.948917199057758509e+00 4.533044754252384123e-02 1.858860973767836812e-04 2.140415718524240897e-05 1.135162617058380448e-06 3.91 0.00023666225697 1.6e-09
-6.455331800287968840e-05 3.890855631168615325e+00 1.271913268589064949e-01 2.356398504019845065e-04 -1.261888535313228084e-06 4.394434262746575897e-07 3.91 0.00023666225697 1.6e-09
5.777478611612200617e-05 2.653542863750725012e+00 1.204019037676361120e-01 1.708885283308834177e-04 -2.560225528793862239e-05 -7.948436092182463020e-07 3.91 0.00023666225697 1.6e-09
4.688632180145809163e-05 3.913221377646572963e-01 -1.839344520929270602e-02 1.491261508164728306e-04 1.311953953157808629e-05 -3.968441116597826170e-06 3.91 0.00023666225697 1.6e-09
-8.370531249211044769e-05 2.870184821305699963e+00 6.394969761084072502e-02 1.818316329606899117e-04 2.266685680725473277e-05 1.347828234162204446e-06 3.91 0.00023666225697 1.6e-09
6.596959797648196142e-05 3.909957989848238391e+00 1.549618025327738069e-01 2.366563289662471385e-04 -3.609353300460002434e-07 4.351524944023992240e-07 3.91 0.00023666225697 1.6e-09
-3.311578091400343537e-05 2.788134996999518833e+00 1.405166249657761046e-01 1.776542032091191453e-04 -2.379475324828632534e-05 -9.229876592900648577e-07 3.91 0.00023666225697 1.6e-09
-4.210073619701692950e-05 3.864647502522213229e-01 -1.690051814649216194e-02 1.503548182325777798e-04 -2.856282309206029080e-06 -4.328839729606775836e-06 3.91 0.00023666225697 1.6e-09
4.631657885774481339e-05 2.742971939369071244e+00 7.445940942624927616e-02 1.753723108753718596e-04 2.441981263219347804e-05 1.537640705693343967e-06 3.91 0.00023666225697 1.6e-09
2.353707076550845870e-05 3.904624082801429807e+00 1.735430050470866958e-01 2.363715523425149643e-04 6.688606050815174908e-07 4.400743126347275477e-07 3.91 0.00023666225697 1.6e-09
-4.468822818974633071e-05 2.901842604270975290e+00 1.548949510900831938e-01 1.834558237165328197e-04 -2.213422905774625258e-05 -9.869740319576962805e-07 3.91 0.00023666225697 1.6e-09
3.704004418737894618e-05 3.961957918557958980e-01 -1.505821665088269076e-02 1.479893357917814881e-04 -1.768212061395495150e-05 -4.597815058168753990e-06 3.91 0.00023666225697 1.6e-09
1.478106903094905417e-05 2.611596258755826128e+00 7.987426984995041335e-02 1.688035925686582348e-04 2.612567801796593413e-05 1.705017992050731370e-06 3.91 0.00023666225697 1.6e-09
-6.976050524639879199e-05 3.879273563743462550e+00 1.857029228407185706e-01 2.350215178056991143e-04 1.495448162736704488e-06 4.446822274144144303e-07 3.91 0.00023666225697 1.6e-09
6.937118023613384886e-05 2.962828447762607453e+00 1.637162719833646918e-01 1.866080444219622562e-04 -2.107340548078236292e-05 -1.040828884312482324e-06 3.91 0.00023666225697 1.6e-09
-4.615008380503759990e-05 4.099650726180291693e-01 -1.434184336851445155e-02 1.449016294935467127e-04 -2.611634859695217243e-05 -4.613603617122896921e-06 3.91 0.00023666225697 1.6e-09
3.933807553530907492e-05 2.523641556554800935e+00 8.561494159854293740e-02 1.644777640069463893e-04 2.718232276246712508e-05 1.840620150797383094e-06 3.91 0.00023666225697 1.6e-09
-5.877182325497139280e-06 3.849096895337067448e+00 1.957304542856674323e-01 2.334184183222495551e-04 1.883661021462490807e-06 4.300839625412945747e-07 3.91 0.00023666225697 1.6e-09
-3.742366221992675986e-05 2.966553624356230934e+00 1.682798089351592585e-01 1.868285096928767115e-04 -2.075347815375177082e-05 -1.127629561845956357e-06 3.91 0.00023666225697 1.6e-09
6.744860504004635264e-06 4.146080807362028109e-01 -1.565916151818396579e-02 1.440481820041438800e-04 -2.750944401695437234e-05 -4.322955458247426735e-06 3.91 0.00023666225697 1.6e-09
-1.206018989522204761e-05 2.502168046341527230e+00 9.449638170266980164e-02 1.634543570380601928e-04 2.728490870759378936e-05 1.917218781709338725e-06 3.91 0.00023666225697 1.6e-09
-8.598648589769656257e-05 3.823326000882693698e+00 2.045898043671294242e-01 2.320545114146069362e-04 1.765146828520720156e-06 3.795910154923433556e-07 3.91 0.00023666225697 1.6e-09
-7.523633069437904864e-05 2.915890706740567495e+00 1.679484601352132511e-01 1.842551536586044530e-04 -2.122974276644762443e-05 -1.262020918965216293e-06 3.91 0.00023666225697 1.6e-09
-9.816478320235533684e-06 4.071045000820112114e-01 -1.876060144452213266e-02 1.459439673283112243e-04 -2.206907064762186882e-05 -3.587307900070990055e-06 3.91 0.00023666225697 1.6e-09
-7.919123485782952193e-05 2.549959321631376064e+00 1.069876746261912565e-01 1.658374925725510302e-04 2.639995016169082527e-05 1.906619349996328728e-06 3.91 0.00023666225697 1.6e-09
-1.001587454445113882e-04 3.805055275825035110e+00 2.112070081280502110e-01 2.310918843209334571e-04 1.139776721766950875e-06 2.849597806565271655e-07 3.91 0.00023666225697 1.6e-09
4.410862689602577773e-05 2.816713170959701973e+00 1.614711378029273503e-01 1.792169607711929910e-04 -2.247467988457457847e-05 -1.438789794386365319e-06 3.91 0.00023666225697 1.6e-09
3.388937714282663278e-05 3.960788187322467069e-01 -2.213349717508210357e-02 1.487200193862253173e-04 -1.001273594025125984e-05 -2.229342008869203090e-06 3.91 0.00023666225697 1.6e-09
-3.728959291481765434e-05 2.654302390146384472e+00 1.223824996071018745e-01 1.710397398428608576e-04 2.476869742264223466e-05 1.805712301196383288e-06 3.91 0.00023666225697 1.6e-09
-2.217388012562973787e-05 3.797223559261947656e+00 2.149238662567586056e-01 2.306806181478695411e-04 1.515297914911277458e-07 1.515057748762125781e-07 3.91 0.00023666225697 1.6e-09
-5.923040914134665717e-05 2.690396319034972450e+00 1.494975793901213434e-01 1.728487681700902230e-04 -2.422141303468521359e-05 -1.633332930456865765e-06 3.91 0.00023666225697 1.6e-09
-6.053920463088654000e-05 3.940056959282282611e-01 -2.372829028767164256e-02 1.492259913185399597e-04 5.798302827787891643e-06 -3.762511385477639213e-07 3.91 0.00023666225697 1.6e-09
-4.353427143079755012e-05 2.782448668587557350e+00 1.386884041716839877e-01 1.774818984835211484e-04 2.295714075754234112e-05 1.651088523866807923e-06 3.91 0.00023666225697 1.6e-09
7.714759813086746547e-05 3.803440438158175230e+00 2.162870137365118794e-01 2.310075643464113782e-04 -8.703287155396291622e-07 2.535622024579734969e-09 3.91 0.00023666225697 1.6e-09
-8.346391073335114391e-05 2.580231609633468537e+00 1.355261951078537974e-01 1.673408291254638498e-04 -2.590603988221229468e-05 -1.798694923987376710e-06 3.91 0.00023666225697 1.6e-09
-6.054807271250226919e-06 4.024889450415142789e-01 -2.277157551471883229e-02 1.469917044305565185e-04 1.894695168003187309e-05 1.402276846599419992e-06 3.91 0.00023666225697 1.6e-09
2.216623393107312520e-05 2.889884259445360648e+00 1.524968272752385001e-01 1.829252983755285365e-04 2.159626619452221973e-05 1.494953793388406188e-06 3.91 0.00023666225697 1.6e-09
9.029778329458104538e-05 3.823071156320592578e+00 2.155905847107356665e-01 2.320422188876609926e-04 -1.547615574134562376e-06 -1.305296201576885135e-07 3.91 0.00023666225697 1.6e-09
1.705707846455364397e-05 2.528686570489829144e+00 1.232773810268584097e-01 1.647608167636302413e-04 -2.686412164352445554e-05 -1.884548903819657651e-06 3.91 0.00023666225697 1.6e-09
-3.799915873195039450e-05 4.092557981294414615e-01 -2.055154920737046337e-02 1.451812944503339930e-04 2.509004011721405376e-05 2.657227536261833647e-06 3.91 0.00023666225697 1.6e-09
-7.074768224722158630e-05 2.945998637652907259e+00 1.604991589655683781e-01 1.857683826996932525e-04 2.107282676054155618e-05 1.366886523846099430e-06 3.91 0.00023666225697 1.6e-09
5.323853380111600155e-05 3.852763849718694456e+00 2.118959501015200142e-01 2.336137743397567854e-04 -1.664604495028030454e-06 -2.262339320375240932e-07 3.91 0.00023666225697 1.6e-09
-1.430725572032489018e-05 2.556302022411092167e+00 1.140666995920078391e-01 1.660866951862199729e-04 -2.670688789498618391e-05 -1.862954052159074029e-06 3.91 0.00023666225697 1.6e-09
6.422759839714809675e-05 4.039272913767608664e-01 -1.888828673473829170e-02 1.461998760146033193e-04 2.314442408392282892e-05 3.336765770475997889e-06 3.91 0.00023666225697 1.6e-09
-1.753777911263605871e-05 2.938661440562776228e+00 1.600983659148243476e-01 1.853595224249568766e-04 2.146334469899080759e-05 1.265571973509347043e-06 3.91 0.00023666225697 1.6e-09
4.523578382068836417e-05 3.886788307106169960e+00 2.028594005486107354e-01 2.354213769761820765e-04 -1.193830663111533976e-06 -2.787676219102394459e-07 3.91 0.00023666225697 1.6e-09
6.580051101580352538e-05 2.658692981210817763e+00 1.062619977796329246e-01 1.711473430724818744e-04 -2.548744595844893611e-05 -1.733378184427583348e-06 3.91 0.00023666225697 1.6e-09
4.071328561158608656e-05 3.909025103618315455e-01 -1.853539067746372976e-02 1.492205083875772459e-04 1.283449003042008021e-05 3.465590621458596848e-06 3.91 0.00023666225697 1.6e-09
1.804181582166392592e-05 2.863453720949425296e+00 1.489096497445777656e-01 1.814863117154714859e-04 2.272409665138607388e-05 1.169023716553455353e-06 3.91 0.00023666225697 1.6e-09
1.116012097350925925e-04 3.910873285730320781e+00 1.848880425689642393e-01 2.367040048744887951e-04 -2.736211252377673254e-07 -2.936289945173015164e-07 3.91 0.00023666225697 1.6e-09
5.011092817165631390e-05 2.799997180280782594e+00 9.569596658876503015e-02 1.782532802981984590e-04 -2.365509706000491684e-05 -1.518301985668895391e-06 3.91 0.00023666225697 1.6e-09
4.976680592992151756e-05 3.862591286881207342e-01 -1.879459539554824074e-02 1.503784505578086754e-04 -3.789227969238024935e-06 3.097707288053210370e-06 3.91 0.00023666225697 1.6e-09
-4.268400142774643013e-05 2.732791565670178002e+00 1.276159759655818293e-01 1.748538190688535277e-04 2.458385311449784634e-05 1.053092601297830840e-06 3.91 0.00023666225697 1.6e-09
-2.056144150149399625e-05 3.908441003270682224e+00 1.573158353492413175e-01 2.365747563819151653e-04 8.091846917457205740e-07 -2.818033050718152849e-07 3.91 0.00023666225697 1.6e-09
-4.799378465630396088e-06 2.921442164736598457e+00 7.968854311768427956e-02 1.844569435621361633e-04 -2.192971566408916752e-05 -1.262285502475457697e-06 3.91 0.00023666225697 1.6e-09
4.064609621948041875e-05 3.976706189673334668e-01 -1.835777950412587067e-02 1.475946991302311620e-04 -1.943583150465406047e-05 2.548284800611073014e-06 3.91 0.00023666225697 1.6e-09
-2.264804706019855624e-05 2.594144472023641512e+00 1.027297582727285247e-01 1.679321633027642461e-04 2.641849731079733008e-05 9.079665316171412830e-07 3.91 0.00023666225697 1.6e-09
-1.119674484768416083e-05 3.883104219076456864e+00 1.261119402012851609e-01 2.352261924026807565e-04 1.676093697776309759e-06 -2.561011158885459179e-07 3.91 0.00023666225697 1.6e-09
3.605198437096819889e-05 2.986346931504274771e+00 6.122192136695998183e-02 1.878175725096824645e-04 -2.082647083279840188e-05 -1.015807014907936637e-06 3.91 0.00023666225697 1.6e-09
-6.099375817830058835e-05 4.134258374802708413e-01 -1.659407109951348963e-02 1.440990856156165831e-04 -2.824724901498861077e-05 2.153027367688506742e-06 3.91 0.00023666225697 1.6e-09
7.172911098400455612e-05 2.501436036727157308e+00 7.979534275800465037e-02 1.633847473772933332e-04 2.756386448636806693e-05 7.283097700451000055e-07 3.91 0.00023666225697 1.6e-09
3.722845161129491331e-05 3.852486046229115946e+00 9.641783471619673473e-02 2.336003670253703683e-04 2.086672735531114809e-06 -2.269891169235506405e-07 3.91 0.00023666225697 1.6e-09
-5.257977205977022706e-05 2.990671593609576906e+00 4.363164282515811371e-02 1.880705592750818466e-04 -2.050613577251873972e-05 -7.986812500867312343e-07 3.91 0.00023666225697 1.6e-09
1.223107578199306207e-05 4.184978160450943951e-01 -1.360958606626876122e-02 1.431832387877802809e-04 -2.969918538029533083e-05 1.985448215241504940e-06 3.91 0.00023666225697 1.6e-09
-7.879965446185392133e-05 2.479966575672526208e+00 5.936642298021421738e-02 1.623645800042099359e-04 2.769946051085434431e-05 5.118598810174757429e-07 3.91 0.00023666225697 1.6e-09
-1.765543511659289542e-05 3.827557954784243321e+00 6.833785496395883285e-02 2.322821128410431464e-04 1.964341940616322423e-06 -1.991201076384074783e-07 3.91 0.00023666225697 1.6e-09
6.234628639970800183e-05 2.939874469988461581e+00 2.707388702149094578e-02 1.854848401060187426e-04 -2.100634367544040301e-05 -5.980111860418541812e-07 3.91 0.00023666225697 1.6e-09
-3.808304075685780329e-05 4.098653563210066242e-01 -9.749234488715311994e-03 1.453107613449659699e-04 -2.431321283919252136e-05 1.958842149888240355e-06 3.91 0.00023666225697 1.6e-09
-3.902154005572686861e-05 2.530381754654707827e+00 4.045771783324357551e-02 1.648704191953111794e-04 2.679919976918182696e-05 2.731047606837308041e-07 3.91 0.00023666225697 1.6e-09
9.296813921528073702e-05 3.811778832001266881e+00 4.083565708174395625e-02 2.314523794736606573e-04 1.329603119821601133e-06 -1.756399320250482148e-07 3.91 0.00023666225697 1.6e-09
7.794976857649013884e-05 2.843314851741806315e+00 1.084301143040534640e-02 1.805692833541175661e-04 -2.222832544533891581e-05 -3.971659306658417557e-07 3.91 0.00023666225697 1.6e-09
1.444420486163292957e-05 3.970462790425737243e-01 -5.604729982649236421e-03 1.484904491036748587e-04 -1.267130326138060493e-05 1.932056059547676735e-06 3.91 0.00023666225697 1.6e-09
9.670621267309042048e-06 2.635386906971303844e+00 2.403264621773913701e-02 1.700917747171284023e-04 2.518603578178730190e-05 5.806627633468806947e-08 3.91 0.00023666225697 1.6e-09
-8.214997230664863545e-05 3.807061705633170590e+00 1.616589483190585333e-02 2.312066972470038623e-04 3.833939944230494705e-07 -1.597740581978693951e-07 3.91 0.00023666225697 1.6e-09
5.785104926649637183e-05 2.724186697416669745e+00 -3.740873186124244951e-03 1.745439205281214333e-04 -2.389447880338733797e-05 -2.060195775794977384e-07 3.91 0.00023666225697 1.6e-09
-1.228609394458503215e-05 3.923502377346042569e-01 -2.110798766224983736e-03 1.496643004599069364e-04 2.279539019716939835e-06 1.780473238500069459e-06 3.91 0.00023666225697 1.6e-09
-6.423791898754005285e-05 2.759889113599561572e+00 1.279661626482112013e-02 1.763367508953879968e-04 2.343961171215463109e-05 -7.683875799924206399e-08 3.91 0.00023666225697 1.6e-09
-6.913113407308699599e-05 3.814657726599103071e+00 -3.644303393675018795e-04 2.316079310034503788e-04 -5.878402055265637003e-07 -1.485605038170190756e-07 3.91 0.00023666225697 1.6e-09
3.078625971908101913e-05 2.621318007239403336e+00 -1.317472218434816156e-02 1.693791023107550750e-04 -2.546732746966522040e-05 -6.624970512179796734e-08 3.91 0.00023666225697 1.6e-09
3.139622851032270649e-06 3.974662295219588692e-01 -5.206864505379778105e-05 1.482483002547322856e-04 1.483817332037303529e-05 1.519227668058249811e-06 3.91 0.00023666225697 1.6e-09
1.248438780067230960e-06 2.863114646714551625e+00 7.265306697280867615e-03 1.815572231155291141e-04 2.211904775563988936e-05 -1.229877087140923591e-07 3.91 0.00023666225697 1.6e-09
-2.406801138630191580e-05 3.832671618410594228e+00 -7.093823092306729070e-03 2.325583494664860279e-04 -1.251325363292427520e-06 -1.342619669177492371e-07 3.91 0.00023666225697 1.6e-09
-7.955479269898097742e-05 2.569660901668226582e+00 -1.611654760663545211e-02 1.667868218972449362e-04 -2.638573831625428028e-05 -1.450042239299199495e-09 3.91 0.00023666225697 1.6e-09
4.445413401006010002e-05 4.027015272891563136e-01 5.451936865973393363e-04 1.467818170534729641e-04 2.111822391396087282e-05 1.273589660727260949e-06 3.91 0.00023666225697 1.6e-09
6.289983420768103703e-05 2.919269264336929126e+00 5.212096525368688921e-03 1.844012629528945916e-04 2.154456876968886060e-05 -1.186522964432016361e-07 3.91 0.00023666225697 1.6e-09
6.979626035548574018e-05 3.858049024151238626e+00 -7.780887126834916054e-03 2.339013925446156912e-04 -1.427507989050540299e-06 -1.161645718975683627e-07 3.91 0.00023666225697 1.6e-09
5.726775845985645634e-05 2.585737397985354846e+00 -1.505495787604232104e-02 1.675498274779169074e-04 -2.637018592415997883e-05 1.060588564081687237e-08 3.91 0.00023666225697 1.6e-09
-1.977641972317175430e-06 3.994966592187482179e-01 3.215995392117093491e-04 1.473466481045059028e-04 2.016375112818414298e-05 1.134375008685477792e-06 3.91 0.00023666225697 1.6e-09
2.765077861371719619e-06 2.918707855993542655e+00 3.665660091141167802e-03 1.843435806007598593e-04 2.179852639694948094e-05 -1.102389144191078833e-07 3.91 0.00023666225697 1.6e-09
1.924112733100496661e-05 3.886484916866014494e+00 -7.890220764929139000e-03 2.354112319445177235e-04 -1.075546269653764524e-06 -9.983150807322053776e-08 3.91 0.00023666225697 1.6e-09
-3.915150912221701253e-05 2.666909564973190427e+00 -1.387217584070575202e-02 1.715690264069396470e-04 -2.540207722457426783e-05 1.334067913672772125e-08 3.91 0.00023666225697 1.6e-09
3.156368286164289150e-05 3.900361061389349127e-01 6.047118631252730678e-05 1.495464362016448400e-04 1.181377206101748409e-05 1.096606811833522186e-06 3.91 0.00023666225697 1.6e-09
-4.028347999999341356e-05 2.858746965436606224e+00 -1.197464674972209498e-03 1.812545610750210755e-04 2.282552024198153954e-05 -1.418264322406719920e-07 3.91 0.00023666225697 1.6e-09
-2.405045891709769117e-05 3.908028085350082392e+00 -1.334603641198680787e-02 2.365572316156006462e-04 -3.018329933170165343e-07 -8.600532080125518823e-08 3.91 0.00023666225697 1.6e-09
4.929781162135777375e-05 2.787799779368528519e+00 -1.642971131682004898e-02 1.776434103653348729e-04 -2.383737267310238184e-05 5.390777918250036330e-08 3.91 0.00023666225697 1.6e-09
4.913303805775758016e-05 3.857413007273390870e-01 3.516074855761547888e-04 1.505983778093150259e-04 -2.410488796105603469e-06 1.055217545600151732e-06 3.91 0.00023666225697 1.6e-09
1.855130163842184015e-05 2.747823663087760160e+00 -1.260116113778486299e-02 1.756168652289513590e-04 2.442098471963506697e-05 -2.396609089205501941e-07 3.91 0.00023666225697 1.6e-09
-6.275839675953147692e-05 3.910007623874782290e+00 -2.764237564107182438e-02 2.366615583899678798e-04 6.707189802653288545e-07 -6.229085616288102660e-08 3.91 0.00023666225697 1.6e-09
-3.148804535536262094e-05 2.904508818477531840e+00 -2.401599944267322068e-02 1.835919775222855403e-04 -2.219738516298526071e-05 1.607816510884183494e-07 3.91 0.00023666225697 1.6e-09
6.778254449892493426e-05 3.946815369405593521e-01 1.622995927280373053e-03 1.483637720081364434e-04 -1.733969826593679910e-05 8.635432542377557562e-07 3.91 0.00023666225697 1.6e-09
6.566435978933427128e-05 2.618246041205506636e+00 -2.898307920080060024e-02 1.691267511443953473e-04 2.615709899630190626e-05 -3.787150945726048440e-07 3.91 0.00023666225697 1.6e-09
-1.401114828530110340e-05 3.891629744983544192e+00 -4.664474552801504970e-02 2.356813565452861429e-04 1.553510498736272165e-06 -1.080790070366404914e-08 3.91 0.00023666225697 1.6e-09
-2.018609495959005647e-05 2.982600151339022787e+00 -3.221018637761324105e-02 1.876193511507924787e-04 -2.095690405612261092e-05 3.148001681434319143e-07 3.91 0.00023666225697 1.6e-09
-8.169364500634430698e-06 4.111514704717968427e-01 4.057401530115023469e-03 1.445827310409635827e-04 -2.765315240399298437e-05 4.153662086027089426e-07 3.91 0.00023666225697 1.6e-09
-6.061579838767308637e-05 2.513252230849462698e+00 -4.596889708998430635e-02 1.639489943307525783e-04 2.751438226292421689e-05 -5.002063999523007368e-07 3.91 0.00023666225697 1.6e-09
-6.059430461427923141e-05 3.865071651219482707e+00 -6.290784447261060786e-02 2.342677358232027687e-04 2.135137813083032047e-06 7.447108025838870218e-08 3.91 0.00023666225697 1.6e-09
2.136688610561275913e-05 3.013009626274805175e+00 -3.532304148808133870e-02 1.892100607645322264e-04 -2.031474391846614080e-05 4.735885412924567026e-07 3.91 0.00023666225697 1.6e-09
3.982348588955541890e-05 4.227197412532499587e-01 7.199136020759465404e-03 1.422009617527474697e-04 -3.203585224569261087e-05 -3.282495884793027837e-07 3.91 0.00023666225697 1.6e-09
4.878764741578965830e-05 2.459666444822846909e+00 -6.107552828831622205e-02 1.613505820773447033e-04 2.811712342257667544e-05 -5.600950405571788549e-07 3.91 0.00023666225697 1.6e-09
5.338887384442593488e-05 3.840901887210846244e+00 -7.286487793828730353e-02 2.329853527031504649e-04 2.296783445305072634e-06 1.854514939332708530e-07 3.91 0.00023666225697 1.6e-09
1.846214567340771063e-05 2.998506338251411663e+00 -3.170378500407404487e-02 1.884847319353295586e-04 -2.030736594859590324e-05 6.105994469500672298e-07 3.91 0.00023666225697 1.6e-09
4.709244305064450741e-05 4.221655912324558946e-01 9.891614079639579615e-03 1.424850092688641071e-04 -3.101110004667823603e-05 -1.362795682808009405e-06 3.91 0.00023666225697 1.6e-09
-7.012456597011201191e-05 2.464587046457394237e+00 -7.315646098204771353e-02 1.616168998431378881e-04 2.788913742638569090e-05 -5.397401612306303321e-07 3.91 0.00023666225697 1.6e-09
1.089155401242941233e-04 3.822781681206977922e+00 -7.602338627142223026e-02 2.320285168024259492e-04 2.032756124452568772e-06 3.058965389945667582e-07 3.91 0.00023666225697 1.6e-09
-8.466072814978507527e-05 2.942067861442888344e+00 -2.262402571288339714e-02 1.856025720645173823e-04 -2.092616402594928583e-05 7.107806574212158961e-07 3.91 0.00023666225697 1.6e-09
5.487006271217156428e-05 4.111016643575465812e-01 1.062469430208967495e-02 1.450821188284745033e-04 -2.473605356323329109e-05 -2.633764174682277357e-06 3.91 0.00023666225697 1.6e-09
5.970142766795161307e-05 2.524601030933664170e+00 -8.015056723692606799e-02 1.645866407471482506e-04 2.685578928902242522e-05 -4.304287307571651032e-07 3.91 0.00023666225697 1.6e-09
5.816841985634081165e-05 3.810520301538563803e+00 -7.140387108316385845e-02 2.313847840855611871e-04 1.373044034261806330e-06 4.158310745802564961e-07 3.91 0.00023666225697 1.6e-09
5.021272807632497790e-05 2.846617187163207774e+00 -9.437277296867625093e-03 1.807378082582334960e-04 -2.216849834039472575e-05 7.495819160226179317e-07 3.91 0.00023666225697 1.6e-09
-2.924895452066086443e-05 3.980654170883818344e-01 8.103053321975698525e-03 1.482843104409079437e-04 -1.306504353194121951e-05 -3.952472949149877271e-06 3.91 0.00023666225697 1.6e-09
-7.134436294516686777e-05 2.628898257564467489e+00 -7.826432816875414367e-02 1.697696187090699598e-04 2.524808780469317614e-05 -2.224885591994206093e-07 3.91 0.00023666225697 1.6e-09
-2.741071623230790876e-05 3.804061490859434791e+00 -5.563620831421224600e-02 2.310471805718811633e-04 4.052212974224316541e-07 4.977444357387199357e-07 3.91 0.00023666225697 1.6e-09
4.382848571309677849e-05 2.723017101539194851e+00 8.151124022098199182e-03 1.744874066000539443e-04 -2.388487207091260803e-05 6.803277305954603261e-07 3.91 0.00023666225697 1.6e-09
-6.435181372130918686e-05 3.934395395212207935e-01 2.051538179374185963e-03 1.494452928465101198e-04 2.379652579847158614e-06 -4.949702039047383556e-06 3.91 0.00023666225697 1.6e-09
2.803297433267407348e-05 2.756607806251580417e+00 -6.448171382574416355e-02 1.761810344742151214e-04 2.339668103539680941e-05 7.647111962038435285e-08 3.91 0.00023666225697 1.6e-09
-8.259821699260468195e-05 3.805630366545329935e+00 -2.573733940267273687e-02 2.311297286347209750e-04 -6.663407696731526012e-07 5.460911793241809266e-07 3.91 0.00023666225697 1.6e-09
-1.464760472968295235e-05 2.599150679120265650e+00 3.114990352417838781e-02 1.682861229208843217e-04 -2.571678710401295093e-05 4.593118758933247539e-07 3.91 0.00023666225697 1.6e-09
-6.701644103694132581e-05 4.011853106374460576e-01 -6.088057368921987594e-03 1.474111597907584400e-04 1.703040544050813662e-05 -5.314288069866953375e-06 3.91 0.00023666225697 1.6e-09
6.876789052455581721e-05 2.876038481055623652e+00 -4.070174714721444542e-02 1.822315188914995217e-04 2.180175457637162530e-05 4.156807708735885033e-07 3.91 0.00023666225697 1.6e-09
-9.784788880025942464e-05 3.817459507828775855e+00 1.503801073798919849e-02 2.317510232879581886e-04 -1.541945648275767672e-06 5.680986398651206454e-07 3.91 0.00023666225697 1.6e-09
-5.884790058441188236e-05 2.513696299170832038e+00 5.815007950911236373e-02 1.640390432881091195e-04 -2.709741263765812083e-05 1.112417618820415645e-07 3.91 0.00023666225697 1.6e-09
-3.982560395187289366e-06 4.129586996804933685e-01 -1.373814362937336025e-02 1.444683672194649326e-04 2.629481567066695088e-05 -5.166829055762192715e-06 3.91 0.00023666225697 1.6e-09
-7.199877811141119801e-05 2.957335537762851629e+00 -1.193288609335650501e-02 1.863688983837011597e-04 2.086565280729493982e-05 7.405351745506323518e-07 3.91 0.00023666225697 1.6e-09
-1.125657045344844809e-04 3.839401568273709042e+00 5.955661681441559718e-02 2.329085372925520162e-04 -1.965562626227487244e-06 5.720872906496207479e-07 3.91 0.00023666225697 1.6e-09
6.722614365268606994e-06 2.496055372760500823e+00 8.624267788334732954e-02 1.631374370314639627e-04 -2.754554089174824196e-05 -2.722561944606990381e-07 3.91 0.00023666225697 1.6e-09
-6.688791919778513311e-05 4.152567056473661089e-01 -1.889094454706257559e-02 1.437238899691470220e-04 2.854274495751159756e-05 -4.922311395347846164e-06 3.91 0.00023666225697 1.6e-09
8.838688728912050382e-05 2.983995917895740035e+00 1.802359651537201179e-02 1.877107587933916216e-04 2.074020314699593059e-05 1.037568219346379768e-06 3.91 0.00023666225697 1.6e-09
-4.912724620739210589e-05 3.869410991716858650e+00 1.033765363701916878e-01 2.344988498715353735e-04 -1.826932435204964457e-06 5.654972472097718327e-07 3.91 0.00023666225697 1.6e-09
6.522383545476654763e-05 2.556531130000220919e+00 1.144071855074830363e-01 1.660804779868739131e-04 -2.686971450553093634e-05 -6.065528185600579664e-07 3.91 0.00023666225697 1.6e-09
-4.357116598569608093e-05 4.037120137579776058e-01 -2.091805671024724034e-02 1.461589321422448128e-04 2.319744968870010392e-05 -4.918155492561747692e-06 3.91 0.00023666225697 1.6e-09
3.243128917769342337e-05 2.947863700038803714e+00 4.591583157391972148e-02 1.858219338946770266e-04 2.149483824194322172e-05 1.316404991446414323e-06 3.91 0.00023666225697 1.6e-09
9.324616458588931838e-05 3.899843878179352075e+00 1.438583549307909382e-01 2.361167226117792521e-04 -1.151203753063049791e-06 5.584471632716456963e-07 3.91 0.00023666225697 1.6e-09
6.427641177987950113e-05 2.681233736379286192e+00 1.422548437535557375e-01 1.722656551043008080e-04 -2.525899504052752758e-05 -8.473099380649559607e-07 3.91 0.00023666225697 1.6e-09
-3.836744196992077874e-06 3.892231217538160148e-01 -2.016218025135244063e-02 1.496078389038456476e-04 9.948949734265919153e-06 -5.264424272835714792e-06 3.91 0.00023666225697 1.6e-09
2.299586039523030141e-05 2.846956748710602447e+00 6.743460871167727966e-02 1.806410590898062027e-04 2.301764495618259710e-05 1.581326309223233036e-06 3.91 0.00023666225697 1.6e-09
-6.302987544167117746e-05 3.913881944269061108e+00 1.771015687852029452e-01 2.368638348719208624e-04 -1.020963811840065213e-07 5.594111779689692551e-07 3.91 0.00023666225697 1.6e-09
5.832964146618938045e-05 2.824354109721538997e+00 1.668989605238834217e-01 1.794883337639674187e-04 -2.330081769095403033e-05 -9.944231054138078024e-07 3.91 0.00023666225697 1.6e-09
-1.371536033143121706e-05 3.882079114599568115e-01 -1.776725560904241635e-02 1.498910041805923468e-04 -7.593260182954743754e-06 -5.726894713698151609e-06 3.91 0.00023666225697 1.6e-09
-7.402716538033083684e-05 2.703831552879545796e+00 8.067342595019647011e-02 1.733990227319400531e-04 2.495162462957492655e-05 1.830208513864375240e-06 3.91 0.00023666225697 1.6e-09
-8.422051357506670053e-05 3.900253803939940589e+00 2.010255953056041545e-01 2.361368145122407121e-04 9.653342837219234821e-07 5.669116007626694907e-07 3.91 0.00023666225697 1.6e-09
8.110593691345692263e-05 2.931323154525929287e+00 1.850264625034671595e-01 1.849681696111147395e-04 -2.167360490591374421e-05 -1.090754820179199784e-06 3.91 0.00023666225697 1.6e-09
-5.809616846362222363e-05 4.019960775612062553e-01 -1.566917022436734030e-02 1.466094410000991417e-04 -2.175497042134678401e-05 -5.943145507792622003e-06 3.91 0.00023666225697 1.6e-09
-3.214793370081654906e-05 2.571802871088984865e+00 9.017036389307234168e-02 1.668313497602782916e-04 2.663141133302217111e-05 2.058958172166317455e-06 3.91 0.00023666225697 1.6e-09
-7.978059748444882369e-05 3.869781681804673745e+00 2.193374383667888727e-01 2.345143431214376326e-04 1.734252782854744853e-06 5.642716836172632167e-07 3.91 0.00023666225697 1.6e-09
2.334733609274784212e-05 2.979465445078667507e+00 1.969860090845317879e-01 1.874704338164048562e-04 -2.073556669526427951e-05 -1.196876270580047345e-06 3.91 0.00023666225697 1.6e-09
9.382743705547604690e-06 4.158936511477653308e-01 -1.568954931859963334e-02 1.436079467446559207e-04 -2.865806007205430763e-05 -5.811141317249854385e-06 3.91 0.00023666225697 1.6e-09
-3.306571513128570759e-05 2.494963273029237705e+00 1.014011603113478405e-01 1.630744831904978984e-04 2.751493413049924515e-05 2.243959852332993722e-06 3.91 0.00023666225697 1.6e-09
-1.132158429622762683e-04 3.838339361242825376e+00 2.355738615416281267e-01 2.328449294446763968e-04 2.023165703916016747e-06 5.283259173876554070e-07 3.91 0.00023666225697 1.6e-09
6.545064818851718867e-05 2.969486308473620273e+00 2.033012192887877767e-01 1.869856112978185436e-04 -2.059885471038128561e-05 -1.351035759988083919e-06 3.91 0.00023666225697 1.6e-09
6.648066428766544352e-05 4.175302174392845345e-01 -1.853375086621881704e-02 1.434459040242576540e-04 -2.844617104012150735e-05 -5.276978351938124110e-06 3.91 0.00023666225697 1.6e-09
-7.589952524623670856e-05 2.489633862163553424e+00 1.166093217743272847e-01 1.628472615771290244e-04 2.736749511659677684e-05 2.343692965332129136e-06 3.91 0.00023666225697 1.6e-09
8.701364863216722555e-05 3.812926431089441071e+00 2.496378395280662021e-01 2.315014668725295737e-04 1.758397923526238229e-06 4.424941080816190489e-07 3.91 0.00023666225697 1.6e-09
3.142714479855555394e-05 2.904614118857107741e+00 2.026059795816410325e-01 1.836842028706944037e-04 -2.127233655988123760e-05 -1.562415475807232968e-06 3.91 0.00023666225697 1.6e-09
5.144880462504595282e-05 4.068611705389463817e-01 -2.331274965401746585e-02 1.460449570793796292e-04 -2.125556877278433562e-05 -4.126059603784328235e-06 3.91 0.00023666225697 1.6e-09
-2.466848011066864724e-05 2.554794537915279662e+00 1.356494717125382443e-01 1.660852036230913223e-04 2.621210505159597486e-05 2.321103074865578766e-06 3.91 0.00023666225697 1.6e-09
3.909765102117609070e-05 3.795558452243155578e+00 2.597361605005220619e-01 2.305873398232896046e-04 1.001461958726616127e-06 3.019883292756309198e-07 3.91 0.00023666225697 1.6e-09
-1.628291139479492436e-05 2.791376979402876657e+00 1.935245176291330027e-01 1.779386231697063921e-04 -2.271559413793111627e-05 -1.818564223468112513e-06 3.91 0.00023666225697 1.6e-09
5.296647908765590696e-05 3.954462382728533010e-01 -2.757763621821237437e-02 1.489097742112054741e-04 -7.287951260463943821e-06 -2.152862417980637679e-06 3.91 0.00023666225697 1.6e-09
3.176422290058370179e-05 2.674146229841519062e+00 1.567376050121639386e-01 1.720383690661997020e-04 2.437497205275960499e-05 2.173911045143351639e-06 3.91 0.00023666225697 1.6e-09
-1.674665931635155373e-05 3.789681920270606685e+00 2.645156547761547960e-01 2.302788343469643409e-04 -8.091897681928031356e-08 1.197293519491686323e-07 3.91 0.00023666225697 1.6e-09
-4.565867524341782324e-05 2.655943447679034897e+00 1.772525155191317925e-01 1.711265180282817166e-04 -2.462773902498516265e-05 -2.075657985521713257e-06 3.91 0.00023666225697 1.6e-09
-3.069208572146488282e-05 3.961886358881105963e-01 -2.866220632862457804e-02 1.486803966718696604e-04 9.611974067654436812e-06 3.322644499008207876e-07 3.91 0.00023666225697 1.6e-09
-3.221244018405262889e-06 2.809641114651675764e+00 1.765104038180038692e-01 1.788610173567969290e-04 2.249417961155557354e-05 1.953805751347298797e-06 3.91 0.00023666225697 1.6e-09
2.913901021056848151e-06 3.798900137844674951e+00 2.641102160056016390e-01 2.307632352691516128e-04 -1.124351751919252014e-06 -7.151713048746851945e-08 3.91 0.00023666225697 1.6e-09
7.606005635500367166e-05 2.546740275534505216e+00 1.582730364397870182e-01 1.656806775034463291e-04 -2.634977047059116752e-05 -2.261625620077577898e-06 3.91 0.00023666225697 1.6e-09
7.287973321591406824e-05 4.073321027112524750e-01 -2.625127575778060315e-02 1.458253625281059310e-04 2.237471862244920555e-05 2.513821115717313678e-06 3.91 0.00023666225697 1.6e-09
1.307653987408769045e-05 2.915055895255449503e+00 1.909840021282201428e-01 1.842099382155298274e-04 2.120142310138691601e-05 1.733628111317463948e-06 3.91 0.00023666225697 1.6e-09
3.042784482372441047e-05 3.821644389052921476e+00 2.593667212379882070e-01 2.319623319058904392e-04 -1.749756919598765751e-06 -2.343662871508410082e-07 3.91 0.00023666225697 1.6e-09
1.994700659129003135e-05 2.505339098270613185e+00 1.412387085430319988e-01 1.636066207395183857e-04 -2.718240351443295224e-05 -2.320589386214747945e-06 3.91 0.00023666225697 1.6e-09
5.234562288548574524e-05 4.135713754130561082e-01 -2.272088220608382142e-02 1.441640377229816503e-04 2.738311949577448004e-05 3.944800244459903684e-06 3.91 0.00023666225697 1.6e-09
1.988372609357533314e-05 2.963449866020859247e+00 1.970837122979392508e-01 1.866602277957585525e-04 2.081314571177653625e-05 1.552347680771905044e-06 3.91 0.00023666225697 1.6e-09
-5.321268023939467715e-05 3.854637977447610275e+00 2.501500241895951993e-01 2.337098512479958879e-04 -1.761570412490389331e-06 -3.457169045944798506e-07 3.91 0.00023666225697 1.6e-09
-6.114129837768175031e-05 2.548965230446235353e+00 1.278808746600650914e-01 1.657170098761110908e-04 -2.681308158931999889e-05 -2.237656951992091566e-06 3.91 0.00023666225697 1.6e-09
1.930887752866972663e-05 4.052234478684485497e-01 -2.059071434927724209e-02 1.458377207563728317e-04 2.401862557529793623e-05 4.665030943688816011e-06 3.91 0.00023666225697 1.6e-09
2.869339095169657142e-06 2.944839922441201630e+00 1.923819634813266621e-01 1.856696911608471292e-04 2.139209015179793731e-05 1.408037729125661012e-06 3.91 0.00023666225697 1.6e-09
5.552145205013462887e-06 3.891509484269427332e+00 2.342590502967812349e-01 2.356701185342062119e-04 -1.169135812241327152e-06 -4.012250898133911541e-07 3.91 0.00023666225697 1.6e-09
-6.187738817247344369e-05 2.669447825110255579e+00 1.161495754625542220e-01 1.716792228208771404e-04 -2.535083591941824537e-05 -2.029380474295894552e-06 3.91 0.00023666225697 1.6e-09
4.787525450856760720e-05 3.901533098628409135e-01 -2.060566296245931045e-02 1.493593997846964002e-04 1.178353021169444201e-05 4.712215133396208250e-06 3.91 0.00023666225697 1.6e-09
8.896974397068699845e-05 2.854599745831105206e+00 1.748324708144962658e-01 1.810285827025546264e-04 2.286081915271315405e-05 1.275587420379063140e-06 3.91 0.00023666225697 1.6e-09
-1.076808302154777308e-04 3.915087002019076223e+00 2.081282368103658520e-01 2.369266639678728036e-04 -1.210190619793463124e-07 -4.107995885753259406e-07 3.91 0.00023666225697 1.6e-09
-2.887387288261455661e-05 2.823125833108790506e+00 1.010437230569798672e-01 1.794235050258112703e-04 -2.335162965780115645e-05 -1.736939120890826534e-06 3.91 0.00023666225697 1.6e-09
1.668142554039546779e-05 3.872068800439532055e-01 -2.151185856424379580e-02 1.501010203982784490e-04 -6.521364469174520666e-06 4.159555388598831446e-06 3.91 0.00023666225697 1.6e-09
-6.572517637681343490e-05 2.708969000749305245e+00 1.469881430368853159e-01 1.736509693207370587e-04 2.491247387735862605e-05 1.129308252272917408e-06 3.91 0.00023666225697 1.6e-09
2.932399116899216790e-06 3.907931829365068221e+00 1.726292083933623489e-01 2.365460847941254919e-04 1.013122201121990160e-06 -3.921107474332842906e-07 3.91 0.00023666225697 1.6e-09
-8.889531280460611924e-05 2.945232526303910525e+00 8.025823952963462293e-02 1.856778152913065303e-04 -2.158796784152752486e-05 -1.421814662330958770e-06 3.91 0.00023666225697 1.6e-09
4.665983999666066355e-05 4.019313702255665199e-01 -2.139937858099462409e-02 1.465618026263501160e-04 -2.236997997352911544e-05 3.465418590279612973e-06 3.91 0.00023666225697 1.6e-09
7.323893740955718325e-05 2.564545906885002946e+00 1.174049659351341368e-01 1.664669849594163165e-04 2.680543105091316570e-05 9.525037194643693262e-07 3.91 0.00023666225697 1.6e-09
1.024708755667461942e-04 3.878324964469696656e+00 1.352688878910943693e-01 2.349706778524875551e-04 1.869342896347978293e-06 -3.634508302517865078e-07 3.91 0.00023666225697 1.6e-09
-1.333269410398747583e-05 3.003213441917221616e+00 5.773603773556891527e-02 1.886904981049436687e-04 -2.055116306406165692e-05 -1.136274666860546757e-06 3.91 0.00023666225697 1.6e-09
4.588269583389135303e-05 4.185031351512615849e-01 -1.946094665985501765e-02 1.429906811538216179e-04 -3.035265418220171917e-05 3.044557634785644962e-06 3.91 0.00023666225697 1.6e-09
1.362309894023746063e-05 2.476901696780026363e+00 9.111058772652191884e-02 1.621862850527756904e-04 2.788372226792853439e-05 7.295153197207831601e-07 3.91 0.00023666225697 1.6e-09
5.410284865232121911e-06 3.846167120335018286e+00 1.002601464892697858e-01 2.332640689850529756e-04 2.224365385981342244e-06 -3.350526556826559023e-07 3.91 0.00023666225697 1.6e-09
9.257573903903617272e-05 2.997582141094221164e+00 3.643840655803459033e-02 1.884307800667179905e-04 -2.036751127345566386e-05 -8.863476113074661921e-07 3.91 0.00023666225697 1.6e-09
5.458684253231577414e-07 4.213528484297875965e-01 -1.575141663839346381e-02 1.425993885475124775e-04 -3.064172557524311050e-05 2.940121585775419565e-06 3.91 0.00023666225697 1.6e-09
8.023241115145939570e-05 2.467502508713228071e+00 6.730210981369467993e-02 1.617636568181203354e-04 2.782634278155527070e-05 4.557205430704286900e-07 3.91 0.00023666225697 1.6e-09
-1.068892309257797184e-04 3.821484946143729466e+00 6.638257240841496931e-02 2.319603193166418350e-04 2.003495762403151306e-06 -3.078721376242803150e-07 3.91 0.00023666225697 1.6e-09
-5.325778917570091176e-05 2.935072549610907799e+00 1.601566379331595055e-02 1.852452345923394296e-04 -2.101525264748199060e-05 -6.453936670991195822e-07 3.91 0.00023666225697 1.6e-09
3.975217952554724137e-05 4.097292063860791811e-01 -1.058549904160966879e-02 1.453767043289669065e-04 -2.389352685803379983e-05 2.997355540304192787e-06 3.91 0.00023666225697 1.6e-09
7.442035764877090540e-05 2.533055772536541461e+00 4.431320568064905235e-02 1.650100865552412126e-04 2.671077099459123297e-05 1.542622791489237858e-07 3.91 0.00023666225697 1.6e-09
-2.889008564989445376e-05 3.807068874361053012e+00 3.228426612726877781e-02 2.312037055089866556e-04 1.256505777018883170e-06 -2.823348179000790386e-07 3.91 0.00023666225697 1.6e-09
5.860908743071028930e-05 2.827026937291366337e+00 -4.161941112874815996e-03 1.797461592007432423e-04 -2.241859039823023464e-05 -3.902964461224811954e-07 3.91 0.00023666225697 1.6e-09
-5.831614506038189426e-06 3.960862142025868837e-01 -4.811408246054828079e-03 1.487580766752600822e-04 -1.073801089037680583e-05 2.975227272666247897e-06 3.91 0.00023666225697 1.6e-09
6.941798381779885050e-05 2.651281762857784940e+00 2.346887853237840382e-02 1.708890868712516437e-04 2.493001532805444546e-05 -1.110044435848987079e-07 3.91 0.00023666225697 1.6e-09
-8.621169894896804425e-05 3.804969360004360368e+00 1.308984226305055657e-03 2.310962025380906533e-04 2.220104057567170278e-07 -2.605324126893266676e-07 3.91 0.00023666225697 1.6e-09
6.796522235930725414e-05 2.702241808530259526e+00 -2.199157055258413318e-02 1.734421041279570407e-04 -2.419582570457699941e-05 -1.376636968707265666e-07 3.91 0.00023666225697 1.6e-09
1.053514199863917215e-05 3.929894695109706348e-01 1.070154874699232370e-04 1.495030854303074628e-04 4.882305194574775202e-06 2.695991821210108194e-06 3.91 0.00023666225697 1.6e-09
1.047014068017481161e-06 2.780938837086392112e+00 8.123611112031253398e-03 1.774004581538835132e-04 2.314248303817460696e-05 -2.736404494575902216e-07 3.91 0.00023666225697 1.6e-09
-3.570799443605111238e-05 3.815730780255629728e+00 -2.002173570986740675e-02 2.316640099582085164e-04 -7.561753007441028100e-07 -2.386768997185125236e-07 3.91 0.00023666225697 1.6e-09
2.973027807836168992e-05 2.603498461930067176e+00 -3.332185593187571987e-02 1.684896107067370991e-04 -2.573931889349211346e-05 5.543832508045722862e-08 3.91 0.00023666225697 1.6e-09
5.182604966485020973e-06 3.992755021087910916e-01 3.006618508853795869e-03 1.477810937541907581e-04 1.684078641226170102e-05 2.247006152644711630e-06 3.91 0.00023666225697 1.6e-09
8.625325932173143564e-06 2.880014961848645250e+00 -1.201693872374832084e-03 1.824153611786133650e-04 2.191171146717478692e-05 -3.348942398463650364e-07 3.91 0.00023666225697 1.6e-09
7.677833269762457933e-05 3.836305845656166280e+00 -3.048363330434789020e-02 2.327499098318183690e-04 -1.356843610016511728e-06 -2.108663491323141953e-07 3.91 0.00023666225697 1.6e-09
-4.938154580420338818e-05 2.563399218495526100e+00 -3.743144487016339395e-02 1.664706409511115728e-04 -2.650974057805342415e-05 1.600230569474411801e-07 3.91 0.00023666225697 1.6e-09
-5.234322271908538565e-05 4.034325115806496331e-01 3.922581968442041475e-03 1.465681447513197326e-04 2.186973860413681263e-05 1.855480457602730863e-06 3.91 0.00023666225697 1.6e-09
-3.799729693016908733e-05 2.926652318438014433e+00 -6.797947284664419138e-03 1.847730606785413484e-04 2.149404968545949682e-05 -3.455292445909302145e-07 3.91 0.00023666225697 1.6e-09
-4.650541938474237727e-05 3.863481253811451577e+00 -3.469927660674210212e-02 2.341891346593372191e-04 -1.416754887736311841e-06 -1.808222830563098209e-07 3.91 0.00023666225697 1.6e-09
4.878838022766918890e-05 2.594091123078158034e+00 -3.778688619019080625e-02 1.679579353912499079e-04 -2.628755598429325985e-05 2.004229055466951219e-07 3.91 0.00023666225697 1.6e-09
-5.521508747896618826e-05 3.982190558927715118e-01 3.756642256319782380e-03 1.476200665567130484e-04 1.938032461543510198e-05 1.654962076446372709e-06 3.91 0.00023666225697 1.6e-09
-3.165522029690722957e-05 2.914079723733052241e+00 -1.179465648247387741e-02 1.840998447585749003e-04 2.191518627600323103e-05 -3.609650270929413207e-07 3.91 0.00023666225697 1.6e-09
-2.655072197995631710e-05 3.892430076076492718e+00 -3.885474969117282823e-02 2.357269892708358352e-04 -9.604017831370202382e-07 -1.568772400695127179e-07 3.91 0.00023666225697 1.6e-09
2.778938880286605656e-05 2.688736604716095879e+00 -3.895368998064334398e-02 1.726569953370989639e-04 -2.513340164219830865e-05 2.250963821305668751e-07 3.91 0.00023666225697 1.6e-09
-7.184069401841541283e-05 3.883535423087715044e-01 3.486113059453605986e-03 1.499510426400476085e-04 9.375472011512175907e-06 1.631712490681969278e-06 3.91 0.00023666225697 1.6e-09
-7.787321591320981481e-05 2.840749874326001123e+00 -2.045578150637676618e-02 1.803317350327297147e-04 2.311350133646958538e-05 -4.322773785308977735e-07 3.91 0.00023666225697 1.6e-09
2.320612837609897756e-05 3.911890512058596059e+00 -4.948379009277460716e-02 2.367622244889159352e-04 -1.028287017481094263e-07 -1.380648884848834050e-07 3.91 0.00023666225697 1.6e-09
-2.064985607260410661e-05 2.817306237490971643e+00 -4.495521865098238423e-02 1.791383461288479869e-04 -2.344035114685616617e-05 2.894173540304747537e-07 3.91 0.00023666225697 1.6e-09
-4.419683715847515964e-05 3.865810097205581997e-01 3.813453511789616397e-03 1.503707884233622535e-04 -6.086437286182465104e-06 1.625755083758382451e-06 3.91 0.00023666225697 1.6e-09
7.732416662677328578e-05 2.718121389720062453e+00 -3.573578978557048758e-02 1.741167971955143656e-04 2.484008233780295692e-05 -5.810691532431239190e-07 3.91 0.00023666225697 1.6e-09
-9.055888978049568474e-05 3.909625800228311299e+00 -6.913774830163352259e-02 2.366398509790868074e-04 9.252741059206375043e-07 -1.059752531802561408e-07 3.91 0.00023666225697 1.6e-09
-2.726113117156327804e-05 2.934197523223736948e+00 -5.572948288905493763e-02 1.851135801029195186e-04 -2.177463442275040300e-05 4.238186548825901004e-07 3.91 0.00023666225697 1.6e-09
6.848116911276857209e-05 3.993409864092822281e-01 5.311550558456897865e-03 1.472222826281473608e-04 -2.117782776316933961e-05 1.413390349820128985e-06 3.91 0.00023666225697 1.6e-09
1.378756058484402946e-05 2.582645279206585265e+00 -5.504974284213515895e-02 1.673552455354947676e-04 2.665173143947807677e-05 -7.632886712553608965e-07 3.91 0.00023666225697 1.6e-09
9.438580795181615341e-05 3.887926713785523791e+00 -9.149502787582008967e-02 2.354821220142541346e-04 1.813263956001385510e-06 -3.802743573941136628e-08 3.91 0.00023666225697 1.6e-09
4.072577540798987916e-05 3.009406770088111305e+00 -6.480915836910153272e-02 1.890024035087320333e-04 -2.055347473676356342e-05 6.020740363549139717e-07 3.91 0.00023666225697 1.6e-09
5.947599113681881943e-05 4.185705138691411809e-01 8.272134735053365828e-03 1.429388684672984618e-04 -3.102677611180647217e-05 8.488548656827827766e-07 3.91 0.00023666225697 1.6e-09
3.729599505100169318e-06 2.476854391427353974e+00 -7.398967039899738418e-02 1.621628130597809977e-04 2.801368796322046366e-05 -9.046398465454843509e-07 3.91 0.00023666225697 1.6e-09
3.109555839259112387e-05 3.860396400729233513e+00 -1.085069744887792176e-01 2.340163230684521212e-04 2.394637784246274157e-06 7.229539597490035610e-08 3.91 0.00023666225697 1.6e-09
2.833604837636306329e-05 3.038426988077060464e+00 -6.608965367551689063e-02 1.905243721646775689e-04 -1.992019025960764175e-05 7.788524024360660021e-07 3.91 0.00023666225697 1.6e-09
1.019820383145202174e-05 4.313914755904103560e-01 1.217348455771614067e-02 1.404083482901569569e-04 -3.507679110684271465e-05 -1.007500243206330394e-07 3.91 0.00023666225697 1.6e-09
1.462206945810493394e-05 2.423352319346216976e+00 -9.058181397859910167e-02 1.595795828612760062e-04 2.862909802008020477e-05 -9.559197878399567490e-07 3.91 0.00023666225697 1.6e-09
-4.237735413892092435e-05 3.836788591423681893e+00 -1.171718668270938513e-01 2.327634295858889229e-04 2.576168811658090013e-06 2.153143381917184697e-07 3.91 0.00023666225697 1.6e-09
1.157523497770776620e-06 3.025706383675033084e+00 -5.854946109422478479e-02 1.898887266368869001e-04 -1.989163642361229295e-05 9.285313966044298455e-07 3.91 0.00023666225697 1.6e-09
-1.553832763504779419e-05 4.310228429008417517e-01 1.563617181023324934e-02 1.406429630022070431e-04 -3.422475959211809636e-05 -1.423710345474503161e-06 3.91 0.00023666225697 1.6e-09
5.773655469183944152e-05 2.426495367073585374e+00 -1.038899340723564713e-01 1.597592141779004987e-04 2.842300156937515226e-05 -8.994158093400143581e-07 3.91 0.00023666225697 1.6e-09
3.864900352838539715e-05 3.819655734306063088e+00 -1.174939980851673615e-01 2.318590190178379268e-04 2.338625936331077226e-06 3.724428162482302739e-07 3.91 0.00023666225697 1.6e-09
-9.170962655717249058e-05 2.973844193648613299e+00 -4.406929193476798179e-02 1.872349517679139017e-04 -2.045409189204695462e-05 1.036232035812138345e-06 3.91 0.00023666225697 1.6e-09
7.084126852797109403e-05 4.189576460503339206e-01 1.681865028696719402e-02 1.433294905295257537e-04 -2.863345390688502474e-05 -3.073268311426921339e-06 3.91 0.00023666225697 1.6e-09
-4.595251689497561651e-05 2.482800166781313322e+00 -1.117926000100590012e-01 1.625303159708107450e-04 2.745602221278312251e-05 -7.305282686771636475e-07 3.91 0.00023666225697 1.6e-09
2.839872501677226683e-05 3.807737979183672739e+00 -1.088203504315187475e-01 2.312342380454020501e-04 1.710546402598769654e-06 5.207758139586820416e-07 3.91 0.00023666225697 1.6e-09
2.763613352903479818e-05 2.882671267411924809e+00 -2.451016052431505624e-02 1.825767172079132252e-04 -2.163211067483510622e-05 1.076728325039293586e-06 3.91 0.00023666225697 1.6e-09
-4.202287396548525325e-05 4.030687584123207046e-01 1.398041669730736361e-02 1.470907755009602449e-04 -1.765756670622946659e-05 -4.868045670820472205e-06 3.91 0.00023666225697 1.6e-09
-7.210693005874577470e-05 2.585233855522728330e+00 -1.100528944833885914e-01 1.676000112273038441e-04 2.584412095361423241e-05 -4.426976592965157335e-07 3.91 0.00023666225697 1.6e-09
-3.244310357989916172e-06 3.799728226190582259e+00 -8.773486151770235053e-02 2.308163241830015768e-04 7.330270020225365000e-07 6.383087719841297213e-07 3.91 0.00023666225697 1.6e-09
-9.297566073508721843e-06 2.755798224180276534e+00 -7.241202941846505025e-06 1.761444351805711438e-04 -2.336941883195410008e-05 9.983595862881112505e-07 3.91 0.00023666225697 1.6e-09
-4.653780941411617464e-05 3.943644589102582865e-01 6.299799773339552142e-03 1.492697703537585363e-04 -1.802900103048680446e-06 -6.372780303770935098e-06 3.91 0.00023666225697 1.6e-09
4.996582887251008404e-05 2.719481718119893365e+00 -9.432890390701606509e-02 1.743176250854463539e-04 2.385299588380868834e-05 -4.235883763630947366e-08 3.91 0.00023666225697 1.6e-09
6.531823307550559208e-05 3.797577264046742229e+00 -5.009619045926180791e-02 2.307038894786220132e-04 -4.522485521400449647e-07 7.134529911960271111e-07 3.91 0.00023666225697 1.6e-09
5.001200728100935417e-05 2.613831907008759003e+00 3.043821581462642645e-02 1.690256074584341151e-04 -2.543401962956864527e-05 7.376628667445825351e-07 3.91 0.00023666225697 1.6e-09
1.982721948930792565e-05 4.006834298309701059e-01 -4.935636176604115202e-03 1.476204916925446978e-04 1.508793345274789262e-05 -7.047856391792094170e-06 3.91 0.00023666225697 1.6e-09
6.914170936808701061e-05 2.857204628995487550e+00 -6.565937178315979506e-02 1.812830617803765424e-04 2.196156765768913312e-05 4.098621338066619280e-07 3.91 0.00023666225697 1.6e-09
6.161699269898887556e-05 3.805541931809708345e+00 1.432867348706672907e-03 2.311203787246217823e-04 -1.535680570333780110e-06 7.511119110481836851e-07 3.91 0.00023666225697 1.6e-09
8.093550041746826998e-05 2.498524481257994090e+00 6.528178615320268108e-02 1.633067079035663304e-04 -2.723539801192452782e-05 3.003687723813072614e-07 3.91 0.00023666225697 1.6e-09
3.026651291042622302e-05 4.167334437356354782e-01 -1.622709844145402147e-02 1.437124167912063612e-04 2.731998746185604484e-05 -6.870084454501753754e-06 3.91 0.00023666225697 1.6e-09
9.125019156704415125e-05 2.962830555806072574e+00 -3.029977452989407460e-02 1.866650666039315740e-04 2.065692842943463384e-05 8.323453944286581550e-07 3.91 0.00023666225697 1.6e-09
-8.930297695046547841e-05 3.825025206131424493e+00 5.746987801105344490e-02 2.321450316322044047e-04 -2.189146728644214324e-06 7.612643446177598264e-07 3.91 0.00023666225697 1.6e-09
-2.383134745853208915e-06 2.449884747353241465e+00 1.004685158785060817e-01 1.608927043875749239e-04 -2.812574718430541380e-05 -2.013375024969159741e-07 3.91 0.00023666225697 1.6e-09
4.958349056585326212e-05 4.257593150168102469e-01 -2.426635906419414429e-02 1.415359677215273211e-04 3.220610750976761840e-05 -6.427759323632202137e-06 3.91 0.00023666225697 1.6e-09
-4.966019560182025207e-05 3.013225583279661723e+00 6.971932602772540344e-03 1.892274652532302927e-04 2.022615031007687751e-05 1.204337612338114922e-06 3.91 0.00023666225697 1.6e-09
8.910415331250255125e-05 3.855029330650983965e+00 1.122679554852740180e-01 2.337319116242729663e-04 -2.258547675552038366e-06 7.536220430735198068e-07 3.91 0.00023666225697 1.6e-09
7.334654947729051671e-05 2.487431806973571025e+00 1.349341295456151779e-01 1.626867784272052297e-04 -2.778198862012007110e-05 -6.487706683435098110e-07 3.91 0.00023666225697 1.6e-09
-2.780049349122663409e-05 4.165967890960050601e-01 -2.782746132882240458e-02 1.432506305813528529e-04 2.940384288921561441e-05 -6.296657985754047947e-06 3.91 0.00023666225697 1.6e-09
2.004429443353579335e-05 2.998354718675848574e+00 4.332959460173137212e-02 1.884261011839463143e-04 2.072313687619750118e-05 1.553005907901878473e-06 3.91 0.00023666225697 1.6e-09
-1.028707532460211625e-04 3.890983795804966228e+00 1.645865030007139795e-01 2.356418438070509002e-04 -1.672802388905806529e-06 7.437006679181294582e-07 3.91 0.00023666225697 1.6e-09
3.773080961402888722e-05 2.607738101342542691e+00 1.703527678087948805e-01 1.685944643322514059e-04 -2.624071250100106271e-05 -9.794402447335684099e-07 3.91 0.00023666225697 1.6e-09
-3.101457353374832389e-05 3.964594010237082466e-01 -2.722631628863709380e-02 1.477481413131189847e-04 1.781084206099631351e-05 -6.749487982095906313e-06 3.91 0.00023666225697 1.6e-09
-7.114368129181261754e-05 2.910654247909782555e+00 7.481843739995736042e-02 1.838904820673621329e-04 2.214826312439102836e-05 1.906378278170230596e-06 3.91 0.00023666225697 1.6e-09
8.868852127192104274e-05 3.916797218267349390e+00 2.121786752561367617e-01 2.370157331430361686e-04 -6.096744070212454701e-07 7.461336772669389616e-07 3.91 0.00023666225697 1.6e-09
-3.548567939204699123e-06 2.772582330528803318e+00 2.058246800163297530e-01 1.768521923325135428e-04 -2.402394738960350455e-05 -1.191184778835142058e-06 3.91 0.00023666225697 1.6e-09
2.205051695383651621e-05 3.869576526955429419e-01 -2.364309503580317579e-02 1.501172348399557629e-04 -1.374903659023184769e-06 -7.565904402992081767e-06 3.91 0.00023666225697 1.6e-09
1.805158445352951876e-05 2.758440607378461529e+00 9.721840951162571964e-02 1.761393175351314239e-04 2.423688938237680325e-05 2.270845873937654666e-06 3.91 0.00023666225697 1.6e-09
6.041616144727944695e-05 3.911494089351085002e+00 2.507981626272685061e-01 2.367315744696527632e-04 6.443882201816743431e-07 7.601677665171281258e-07 3.91 0.00023666225697 1.6e-09
1.214715412971402789e-06 2.914256681247719527e+00 2.358258084100232910e-01 1.840778470169867882e-04 -2.195540166553593416e-05 -1.336007554838238288e-06 3.91 0.00023666225697 1.6e-09
3.361750556992080082e-05 3.994687379225581036e-01 -1.963915470701011259e-02 1.470954915656404335e-04 -1.978789431411461056e-05 -8.077228013149384648e-06 3.91 0.00023666225697 1.6e-09
-7.283640217078929781e-05 2.593706359544089679e+00 1.130631299743776741e-01 1.678999283923176395e-04 2.636622769437962148e-05 2.633748844144719415e-06 3.91 0.00023666225697 1.6e-09
-8.753750629545368068e-05 3.879697942456277193e+00 2.812526533813426433e-01 2.350360298164732827e-04 1.695639747953046946e-06 7.637448100238506609e-07 3.91 0.00023666225697 1.6e-09
-8.788102722211116975e-05 2.993714333396575444e+00 2.572840903461617312e-01 1.881898366001376463e-04 -2.056197369433000689e-05 -1.486316542383261591e-06 3.91 0.00023666225697 1.6e-09
-9.028461087489013316e-06 4.203087459739675014e-01 -1.823931892534774030e-02 1.425360529272514136e-04 -3.056245943940686462e-05 -8.010536497592692188e-06 3.91 0.00023666225697 1.6e-09
-6.083624073129798536e-05 2.476438405790446495e+00 1.295971129368570507e-01 1.621475910665861556e-04 2.780051754454737742e-05 2.957129105215884180e-06 3.91 0.00023666225697 1.6e-09
1.107962736900107735e-04 3.842759808606117211e+00 3.077559761982002762e-01 2.330710538103891738e-04 2.261398446937060414e-06 7.243258505545824961e-07 3.91 0.00023666225697 1.6e-09
5.812831731874657903e-05 3.011230646174478220e+00 2.703786181589595827e-01 1.891230775482827080e-04 -1.999886671804027117e-05 -1.692748226528680839e-06 3.91 0.00023666225697 1.6e-09
-1.215038952724699267e-05 4.307484476590854316e-01 -2.103529743024369625e-02 1.405599676697812800e-04 -3.369869400399342154e-05 -7.425226076295158594e-06 3.91 0.00023666225697 1.6e-09
1.920380416980716992e-05 2.431944238358205723e+00 1.507640804995181716e-01 1.600133513925725112e-04 2.818748753855324996e-05 3.180088959927889573e-06 3.91 0.00023666225697 1.6e-09
-8.532472918603576978e-05 3.811896569786858535e+00 3.309984339017092436e-01 2.314352937395542146e-04 2.303545314327513652e-06 6.188789528287086637e-07 3.91 0.00023666225697 1.6e-09
-7.664007397554739262e-05 2.972861573049276451e+00 2.739014683164800457e-01 1.871757491621280404e-04 -2.023814128034003213e-05 -1.970581025998728415e-06 3.91 0.00023666225697 1.6e-09
6.017119388388511971e-05 4.237508408465360255e-01 -2.747029926659603702e-02 1.422074280275385588e-04 -3.019146088839552553e-05 -6.167660185205809666e-06 3.91 0.00023666225697 1.6e-09
-3.156692684224379796e-05 2.463277313369398591e+00 1.768698374162785969e-01 1.615763037663184407e-04 2.747681505826340043e-05 3.237950419011928756e-06 3.91 0.00023666225697 1.6e-09
1.051325672793808141e-05 3.788784247287038554e+00 3.486971242937304538e-01 2.302169694080390778e-04 1.768835217522549517e-06 4.387698909895944972e-07 3.91 0.00023666225697 1.6e-09
5.712591683347785032e-05 2.879411597458694239e+00 2.656211167763474212e-01 1.824107903395845594e-04 -2.133707731351191833e-05 -2.313703016277133412e-06 3.91 0.00023666225697 1.6e-09
1.491300855888108971e-05 4.063682699879456184e-01 -3.468586489401014050e-02 1.462599574941310572e-04 -1.932434438270511941e-05 -3.861432370739994554e-06 3.91 0.00023666225697 1.6e-09
-2.371952593353845082e-05 2.564312735901330687e+00 2.056272577200586316e-01 1.665722909646161470e-04 2.579180497781164631e-05 3.085484059030120728e-06 3.91 0.00023666225697 1.6e-09
-1.010791646236155875e-04 3.774188264479557908e+00 3.572610353536107008e-01 2.294511894046898039e-04 7.461758319538201311e-07 1.918764741824781236e-07 3.91 0.00023666225697 1.6e-09
2.149696063947311217e-05 2.738512939754223829e+00 2.443451341551901024e-01 1.752795337528800291e-04 -2.321321915646528322e-05 -2.683871893904966873e-06 3.91 0.00023666225697 1.6e-09
2.544479748962604924e-05 3.956064777199928550e-01 -3.822968190452476211e-02 1.489347401730533086e-04 -1.484503462937581613e-06 -4.098101273516525828e-07 3.91 0.00023666225697 1.6e-09
-6.655772534975139287e-05 2.712568142190816101e+00 2.324771823705323870e-01 1.739752316364669930e-04 2.358781461607969331e-05 2.741060780083651630e-06 3.91 0.00023666225697 1.6e-09
-7.051550174003149199e-05 3.773018993360915729e+00 3.539200029546244464e-01 2.293904474476668063e-04 -5.355650177329348040e-07 -9.101970813721589968e-08 3.91 0.00023666225697 1.6e-09
2.061721860421262208e-05 2.586222762039381173e+00 2.128659746375053397e-01 1.676604343388644121e-04 -2.545358863015452185e-05 -2.985287284192034294e-06 3.91 0.00023666225697 1.6e-09
-6.415077684440285250e-05 4.034909112933671715e-01 -3.518823857157103024e-02 1.469063508304932703e-04 1.720473547302356788e-05 3.246812353786129803e-06 3.91 0.00023666225697 1.6e-09
1.864314413531847165e-05 2.860887074176903688e+00 2.525569183544843499e-01 1.814691640170998355e-04 2.159680903851623229e-05 2.315818025281570245e-06 3.91 0.00023666225697 1.6e-09
-6.416039975773405878e-05 3.788206310143743760e+00 3.402193667567428026e-01 2.301884423676000559e-04 -1.625148991029381730e-06 -3.610422820941690750e-07 3.91 0.00023666225697 1.6e-09
5.779579964274249553e-05 2.478451127705872281e+00 1.786758969118732165e-01 1.623212254697604224e-04 -2.724739858527911647e-05 -3.114124104238702090e-06 3.91 0.00023666225697 1.6e-09
5.540242602384936574e-05 4.203074363337034880e-01 -2.767650827935628707e-02 1.428764268987983265e-04 2.905229406809395771e-05 5.925028828656370901e-06 3.91 0.00023666225697 1.6e-09
-8.803361632074074232e-05 2.963342278503790173e+00 2.625255756231286153e-01 1.866824229255814637e-04 2.043297935712753716e-05 1.929600908819502291e-06 3.91 0.00023666225697 1.6e-09
-4.888413169353951823e-05 3.817088994267142432e+00 3.202725833935805566e-01 2.317123945860758024e-04 -2.162563982431757524e-06 -5.719979519008700094e-07 3.91 0.00023666225697 1.6e-09
-7.939574550187563989e-05 2.454090877507568713e+00 1.489097511613776126e-01 1.610894369935091163e-04 -2.789676103145731316e-05 -3.039725931273036867e-06 3.91 0.00023666225697 1.6e-09
5.108574765220828112e-05 4.251480573807030483e-01 -2.085170012726922720e-02 1.415857276034011478e-04 3.220433764046375677e-05 7.485001965450445078e-06 3.91 0.00023666225697 1.6e-09
1.069346510960503282e-05 3.000446886232915666e+00 2.600651002585718796e-01 1.885558554789445464e-04 2.027775013843193707e-05 1.621556186966299373e-06 3.91 0.00023666225697 1.6e-09
6.509948267617845304e-06 3.857699657471423293e+00 2.949972716628817548e-01 2.338660911829196134e-04 -2.007403001206546677e-06 -7.008215872589282157e-07 3.91 0.00023666225697 1.6e-09
3.926547302175875670e-05 2.527167118939995127e+00 1.252436694901550851e-01 1.646266731808847261e-04 -2.716676426753654260e-05 -2.784345517487035909e-06 3.91 0.00023666225697 1.6e-09
6.534574159403558900e-05 4.098750614611503806e-01 -1.840559840873687986e-02 1.446638833416552549e-04 2.645718990306439148e-05 8.245048743915614812e-06 3.91 0.00023666225697 1.6e-09
-3.906508944836237891e-05 2.963647404972348465e+00 2.426421191581578651e-01 1.866216180453309924e-04 2.119140069565246754e-05 1.372187326809893671e-06 3.91 0.00023666225697 1.6e-09
2.860486834907896103e-05 3.902742948119297672e+00 2.610647838922132147e-01 2.362640142318844154e-04 -1.172878700832761766e-06 -7.501839283372988622e-07 3.91 0.00023666225697 1.6e-09
-1.324517822060688473e-05 2.685734963007528897e+00 1.035045168048168707e-01 1.724792981171189492e-04 -2.521439480903928164e-05 -2.392307854306661353e-06 3.91 0.00023666225697 1.6e-09
-3.425029009948754230e-05 3.895999220345377489e-01 -2.063535759065839026e-02 1.493861467539694325e-04 1.044958578504822272e-05 8.170525740015939194e-06 3.91 0.00023666225697 1.6e-09
3.399175327106437362e-05 2.843752620555584976e+00 2.083895655891786769e-01 1.804597795336476489e-04 2.309916683993221349e-05 1.141019947392638525e-06 3.91 0.00023666225697 1.6e-09
7.041911209623567293e-05 3.927457673275791983e+00 2.139424758335181087e-01 2.375830711125457347e-04 1.188427220830338572e-07 -7.408002613691982194e-07 3.91 0.00023666225697 1.6e-09
6.990931504897044345e-05 2.869554839658484902e+00 7.631819776610308803e-02 1.817756433427453015e-04 -2.281718578895608712e-05 -1.929891263335458618e-06 3.91 0.00023666225697 1.6e-09
-4.365477003140592725e-05 3.905079934865686164e-01 -2.437737919188031482e-02 1.491728799125950037e-04 -1.179006933123047832e-05 7.216064203277936171e-06 3.91 0.00023666225697 1.6e-09
-2.117545582227474784e-05 2.662919753495760489e+00 1.642879009453541150e-01 1.713313720459217837e-04 2.559759979895805847e-05 9.011376058477597830e-07 3.91 0.00023666225697 1.6e-09
-6.907058958111201425e-05 3.910823324430267256e+00 1.585830078303546720e-01 2.366972709600378413e-04 1.445267185809128888e-06 -7.006844005697179317e-07 3.91 0.00023666225697 1.6e-09
7.121032773723969510e-06 2.998518117836505681e+00 4.353621412500655041e-02 1.884157920834265087e-04 -2.089535162582723953e-05 -1.482595287816715472e-06 3.91 0.00023666225697 1.6e-09
3.645820105852311103e-06 4.137341187523518871e-01 -2.568489741134391893e-02 1.438112668283627184e-04 -2.856418342565738688e-05 6.118683952836782774e-06 3.91 0.00023666225697 1.6e-09
-6.760773641197869734e-05 2.499330208704704681e+00 1.231317546374508659e-01 1.632493107335430851e-04 2.774891637244664987e-05 6.286335773520215364e-07 3.91 0.00023666225697 1.6e-09
-4.714969305664487543e-05 3.871976488598571464e+00 1.064203043536749993e-01 2.346298203254991856e-04 2.353911768394289966e-06 -6.530211083654781494e-07 3.91 0.00023666225697 1.6e-09
-1.534151539832457852e-05 3.048959592673436525e+00 1.243950212010407584e-02 1.910572789236752913e-04 -1.988174894847347855e-05 -1.099258009889082669e-06 3.91 0.00023666225697 1.6e-09
3.650519120518700886e-06 4.339441377206057493e-01 -2.317947217268466475e-02 1.397897900907702873e-04 -3.557205968009633196e-05 5.482612391777757916e-06 3.91 0.00023666225697 1.6e-09
-3.674587769108794114e-05 2.413280007187269316e+00 8.778339258667396117e-02 1.590909983465670064e-04 2.879055516935127347e-05 2.994563205463410165e-07 3.91 0.00023666225697 1.6e-09
5.040031689535855164e-05 3.835838152099528386e+00 5.949471233968982309e-02 2.327131252898875205e-04 2.633913517106769461e-06 -6.013476651706304147e-07 3.91 0.00023666225697 1.6e-09
7.268780748696187534e-05 3.030436708709232985e+00 -1.458157026716137145e-02 1.901337694666364756e-04 -1.983428971362664455e-05 -7.551709948203355385e-07 3.91 0.00023666225697 1.6e-09
5.258327831274045615e-05 4.333358801164098884e-01 -1.700972286186332866e-02 1.401502434246197268e-04 -3.462090025846513024e-05 5.265399185806581540e-06 3.91 0.00023666225697 1.6e-09
-1.313335011991642815e-05 2.419126987928184924e+00 5.419672996468821030e-02 1.594159279026446312e-04 2.849782909379344848e-05 -8.299077047848239167e-08 3.91 0.00023666225697 1.6e-09
-9.403336119261578680e-05 3.810632658937601835e+00 1.386651720920212619e-02 2.313839269889918508e-04 2.278550452310799182e-06 -5.376533597153509377e-07 3.91 0.00023666225697 1.6e-09
-7.237874081977128146e-05 2.951542144903222198e+00 -3.895287599982594912e-02 1.861001976357629767e-04 -2.069365804260158971e-05 -3.977971997282937833e-07 3.91 0.00023666225697 1.6e-09
7.148892231468839925e-05 4.150811627402002935e-01 -8.051841065027893346e-03 1.442264573450920389e-04 -2.628632388057348241e-05 5.110731207639491514e-06 3.91 0.00023666225697 1.6e-09
2.717108980033477203e-05 2.507341262929234205e+00 1.941780247334678328e-02 1.637544397602251471e-04 2.703018776973959697e-05 -4.741645996749472049e-07 3.91 0.00023666225697 1.6e-09
5.392190773213023305e-05 3.797700989677235128e+00 -3.260035528940447014e-02 2.307077082273536334e-04 1.354786207786191605e-06 -4.611469136564070661e-07 3.91 0.00023666225697 1.6e-09
3.920110816773143781e-05 2.826037567135537998e+00 -6.176313946045651482e-02 1.797055627280031939e-04 -2.234462987871145312e-05 4.051952594701295498e-09 3.91 0.00023666225697 1.6e-09
-2.366420134340603440e-05 3.971773732877907914e-01 1.459285813723540642e-03 1.485544257533797773e-04 -1.107430343538583608e-05 4.565688725823375995e-06 3.91 0.00023666225697 1.6e-09
2.676729993222610242e-05 2.647602996808875453e+00 -1.352039192410251639e-02 1.707113299145704205e-04 2.493110207267468286e-05 -7.777494807189720534e-07 3.91 0.00023666225697 1.6e-09
5.044200710857189884e-06 3.798560064816100201e+00 -7.404792055556461139e-02 2.307565403973461861e-04 1.735998361486654062e-07 -3.808438326001095998e-07 3.91 0.00023666225697 1.6e-09
-7.347530368875461492e-06 2.689203207515395988e+00 -8.017706745908065313e-02 1.727942366910878848e-04 -2.431073889197176677e-05 4.051425118292204696e-07 3.91 0.00023666225697 1.6e-09
2.911239128088549826e-05 3.939580046662443102e-01 8.521359488443359595e-03 1.493049320759324465e-04 6.050580318065738335e-06 3.490471560762859089e-06 3.91 0.00023666225697 1.6e-09
8.727691858429027988e-05 2.789904303403935248e+00 -3.826355749814214918e-02 1.778575661088991667e-04 2.296813862219326420e-05 -9.173457798112850135e-07 3.91 0.00023666225697 1.6e-09
2.104986305121307765e-06 3.811808253168206484e+00 -1.005377306234209456e-01 2.314547134579997886e-04 -8.735108736297284793e-07 -2.998898456003614294e-07 3.91 0.00023666225697 1.6e-09
-1.112123827204326078e-05 2.586185046261637588e+00 -8.900028395738607268e-02 1.676319469999672761e-04 -2.593962738549087965e-05 6.985193817179595938e-07 3.91 0.00023666225697 1.6e-09
-5.957269039496885344e-05 4.014775963335738274e-01 1.167088507142394552e-02 1.472732113196509708e-04 1.847828396194867639e-05 2.286297356924633628e-06 3.91 0.00023666225697 1.6e-09
7.880134260144476554e-05 2.892291925020271215e+00 -5.331475207132559818e-02 1.830442886933546134e-04 2.169606956277476072e-05 -9.236671629868681743e-07 3.91 0.00023666225697 1.6e-09
4.553773334839537093e-05 3.832913604439136535e+00 -1.111552421694372572e-01 2.325679325105612120e-04 -1.489341215382904190e-06 -2.184146965735355871e-07 3.91 0.00023666225697 1.6e-09
2.379171177608852843e-05 2.544733518302749076e+00 -8.851445769761995264e-02 1.655473946594342486e-04 -2.674409333474910244e-05 8.385859282238321548e-07 3.91 0.00023666225697 1.6e-09
-3.242978334731963188e-05 4.063784633804486957e-01 1.180208808885249185e-02 1.459004362925943061e-04 2.359466462498920744e-05 1.363811689302383053e-06 3.91 0.00023666225697 1.6e-09
8.543969665875366781e-05 2.939550986346351813e+00 -6.120555788777971851e-02 1.854372542328370599e-04 2.126218500759157357e-05 -8.738675218447038546e-07 3.91 0.00023666225697 1.6e-09
1.113833852041153506e-04 3.859541167957782903e+00 -1.122569593334483834e-01 2.339777806416128885e-04 -1.572311131652309815e-06 -1.463069385212060022e-07 3.91 0.00023666225697 1.6e-09
-2.662002305621409591e-05 2.573196851388901418e+00 -8.375805020524867972e-02 1.669225812295142375e-04 -2.654201022916144860e-05 8.597706571439381911e-07 3.91 0.00023666225697 1.6e-09
4.353559127708237902e-05 4.011797437137853972e-01 1.074379377052010059e-02 1.469335453530036116e-04 2.141256516079261321e-05 8.691150896000190445e-07 3.91 0.00023666225697 1.6e-09
1.419770135343932101e-05 2.929200596206346319e+00 -6.526778192673653167e-02 1.848772384921656986e-04 2.165760153858422598e-05 -8.344400606347589258e-07 3.91 0.00023666225697 1.6e-09
9.305149466323814659e-05 3.888638436714786373e+00 -1.110302863580127641e-01 2.355235942472524405e-04 -1.130995278242522764e-06 -9.585060877810901269e-08 3.91 0.00023666225697 1.6e-09
6.646988164918143970e-05 2.665768000239825852e+00 -8.001940145394767501e-02 1.715054929404938354e-04 -2.542394943400882627e-05 8.262597396589077713e-07 3.91 0.00023666225697 1.6e-09
-1.873409845524940284e-05 3.900833314989510248e-01 9.976555547193958345e-03 1.495253196239899971e-04 1.189935652658906991e-05 7.753857596388010458e-07 3.91 0.00023666225697 1.6e-09
8.628363387509528973e-06 2.859754358071203484e+00 -7.037412450680274878e-02 1.813012977701538350e-04 2.281515302265763951e-05 -8.639161760411730223e-07 3.91 0.00023666225697 1.6e-09
1.469176428268395996e-05 3.910575116698198350e+00 -1.150695514898553984e-01 2.366908496406344990e-04 -2.683341593669320459e-07 -6.645088101694397664e-08 3.91 0.00023666225697 1.6e-09
-7.363965907611546506e-05 2.797397324281344133e+00 -8.167499155215121598e-02 1.781263676454644413e-04 -2.369549355593359970e-05 8.152469116645728016e-07 3.91 0.00023666225697 1.6e-09
-4.985044735345690967e-05 3.859526996263836773e-01 1.021767897841877049e-02 1.505335045811974121e-04 -3.654221425766812781e-06 8.901467133397985970e-07 3.91 0.00023666225697 1.6e-09
-6.799464648792901311e-05 2.737898850450237287e+00 -8.138837987456479239e-02 1.751085154522669064e-04 2.456910501457977005e-05 -9.940170897914715878e-07 3.91 0.00023666225697 1.6e-09
-6.765253749036652733e-05 3.912347126113862039e+00 -1.290382554384980895e-01 2.367833670831015046e-04 8.014761591837751177e-07 -3.411656176683959613e-08 3.91 0.00023666225697 1.6e-09
3.084717152157218469e-05 2.925141907804807762e+00 -8.929652957301476013e-02 1.846438592376392510e-04 -2.191394969944866522e-05 8.848992628525698551e-07 3.91 0.00023666225697 1.6e-09
7.212081526982791892e-05 3.977070663341122914e-01 1.180651356468096630e-02 1.475954855178544757e-04 -2.001762417554705170e-05 8.694811546685455607e-07 3.91 0.00023666225697 1.6e-09
-5.177696282499470021e-05 2.593951828512022217e+00 -9.750925068096505388e-02 1.679076378658586198e-04 2.650842829267786765e-05 -1.179211626517737564e-06 3.91 0.00023666225697 1.6e-09
5.976310160003382320e-05 3.893111394264769487e+00 -1.476111025741143612e-01 2.357556730928659305e-04 1.798172977606582012e-06 3.523501128734944000e-08 3.91 0.00023666225697 1.6e-09
-3.410248342042767754e-05 3.016319092710959104e+00 -9.605428579365235531e-02 1.893525013732536770e-04 -2.048499236674543813e-05 1.022423615247337595e-06 3.91 0.00023666225697 1.6e-09
-5.616113605329655837e-05 4.200029872979904599e-01 1.499877091628499040e-02 1.425914428960285175e-04 -3.170154103632614648e-05 4.228469603304495640e-07 3.91 0.00023666225697 1.6e-09
3.824593059068892348e-05 2.469711191475552958e+00 -1.140685676586618291e-01 1.618013491751841735e-04 2.813709221316558896e-05 -1.322609011715794319e-06 3.91 0.00023666225697 1.6e-09
-5.366982543974829550e-05 3.865625883277323815e+00 -1.608700544518740227e-01 2.342900349673560046e-04 2.544032312174819150e-06 1.571830523701560602e-07 3.91 0.00023666225697 1.6e-09
9.450355492623620137e-05 3.064354633800830729e+00 -9.388462791123056150e-02 1.918570216541286614e-04 -1.960441092213055519e-05 1.171861577124770934e-06 3.91 0.00023666225697 1.6e-09
-6.460153508923646985e-06 4.398489134035581394e-01 1.944116757801916257e-02 1.386745832032536014e-04 -3.776664470237457911e-05 -5.331294405948772643e-07 3.91 0.00023666225697 1.6e-09
-1.943835685463729369e-05 2.390338842352628390e+00 -1.282487309836216616e-01 1.579630512346156222e-04 2.915025860922870770e-05 -1.352514190035330788e-06 3.91 0.00023666225697 1.6e-09
3.430431815207626698e-05 3.840977710874412754e+00 -1.639025864836107793e-01 2.329791819096521297e-04 2.925942700906766248e-06 3.241739545133158033e-07 3.91 0.00023666225697 1.6e-09
3.067200984216767644e-05 3.074651231974615762e+00 -8.041333050112689507e-02 1.924109139505549492e-04 -1.925453345140155752e-05 1.293262303656008083e-06 3.91 0.00023666225697 1.6e-09
2.676687169064469871e-05 4.481432123248506594e-01 2.386645267608827892e-02 1.372426128976592585e-04 -3.935330362867450402e-05 -1.959244296392772122e-06 3.91 0.00023666225697 1.6e-09
-7.229836835476578880e-05 2.361923263901309689e+00 -1.389183963832451019e-01 1.566150833114640954e-04 2.943752868273094144e-05 -1.243360759838698022e-06 3.91 0.00023666225697 1.6e-09
-1.087207243961804264e-04 3.822829751329649639e+00 -1.563675977451149945e-01 2.320180766878629692e-04 2.959288982550257416e-06 5.163254633798643906e-07 3.91 0.00023666225697 1.6e-09
-6.821360265529744350e-06 3.051151403421227037e+00 -5.748576599128983611e-02 1.912118697177505862e-04 -1.942272155023524563e-05 1.366667761115127473e-06 3.91 0.00023666225697 1.6e-09
-1.035650789346067370e-05 4.426034540287481223e-01 2.638542903929858019e-02 1.384204594594736068e-04 -3.718362842464387869e-05 -3.798691485597821531e-06 3.91 0.00023666225697 1.6e-09
-2.191029424943024688e-05 2.382892520378255163e+00 -1.446478631455770381e-01 1.576512709613664344e-04 2.899363176713329614e-05 -9.976749235250367377e-07 3.91 0.00023666225697 1.6e-09
-3.812583990331651812e-05 3.810021264257270168e+00 -1.388738684341822571e-01 2.313449261216022311e-04 2.614831511343444329e-06 7.088886218865218523e-07 3.91 0.00023666225697 1.6e-09
-9.133430792438141743e-05 2.992173222268258659e+00 -2.799048125934999048e-02 1.881840657816755027e-04 -2.012139002545924844e-05 1.373740713366686555e-06 3.91 0.00023666225697 1.6e-09
-9.404055089811523972e-06 4.261791913739382265e-01 2.483820193680978672e-02 1.418438113755591916e-04 -3.081285102004326982e-05 -5.957749454716814946e-06 3.91 0.00023666225697 1.6e-09
4.544334478816979472e-05 2.451907461986807757e+00 -1.424403081530002946e-01 1.610281070718010956e-04 2.783434597218418133e-05 -6.238169378629698621e-07 3.91 0.00023666225697 1.6e-09
1.987811376109210101e-07 3.799518274950984154e+00 -1.104440956866068746e-01 2.307972577114716082e-04 1.883120198653870492e-06 8.750985252028453763e-07 3.91 0.00023666225697 1.6e-09
8.340900515321574525e-05 2.890673157513789171e+00 5.975227114103056486e-03 1.829914377027800775e-04 -2.145696502716768628e-05 1.279422806312887531e-06 3.91 0.00023666225697 1.6e-09
-1.427998882515138859e-07 4.065271774856125675e-01 1.720147930587482415e-02 1.463334958912263395e-04 -1.878893521694877480e-05 -8.157600026968812071e-06 3.91 0.00023666225697 1.6e-09
-1.766876146784245581e-05 2.568739135512834615e+00 -1.271626294668526669e-01 1.667944230363754094e-04 2.599548925299049825e-05 -1.253942624438321240e-07 3.91 0.00023666225697 1.6e-09
-2.957304214202857148e-05 3.789593792553097806e+00 -6.713893826906358608e-02 2.302800137290208745e-04 7.503543921743794035e-07 9.894538965986295840e-07 3.91 0.00023666225697 1.6e-09
9.193183760593376104e-07 2.742684779027610986e+00 4.400632965888069681e-02 1.754929378054515335e-04 -2.347347997134744031e-05 1.014702416368062791e-06 3.91 0.00023666225697 1.6e-09
-1.776320999325127207e-05 3.964616592960944486e-01 2.758807470671618706e-03 1.488174096600898219e-04 -6.130272949207828439e-07 -9.687152509039841645e-06 3.91 0.00023666225697 1.6e-09
3.827737971852876876e-05 2.725119249530966847e+00 -9.449111000834972685e-02 1.746148813111269335e-04 2.366710121726598234e-05 4.685432081310399962e-07 3.91 0.00023666225697 1.6e-09
-1.109119583382708370e-04 3.784750109384765082e+00 -5.522874174827302474e-03 2.300249295445789014e-04 -6.510669107978323308e-07 1.039343742668608855e-06 3.91 0.00023666225697 1.6e-09
5.412478414241115150e-05 2.571093588809355346e+00 8.620195177486203453e-02 1.669172152229056742e-04 -2.595141986635064041e-05 5.049358128823020447e-07 3.91 0.00023666225697 1.6e-09
4.352099829531032576e-05 4.072752055480743927e-01 -1.551796166249478498e-02 1.460979997906168668e-04 1.899599198754850439e-05 -9.694828615213894511e-06 3.91 0.00023666225697 1.6e-09
-7.954179126193600786e-05 2.887244331808015652e+00 -4.881091393925385269e-02 1.828236464389924312e-04 2.144780376598732688e-05 1.048070136768419030e-06 3.91 0.00023666225697 1.6e-09
2.192267482227057759e-05 3.793172528491302486e+00 6.672875289859681036e-02 2.304618979362428588e-04 -1.940487353890068217e-06 1.036738946441898987e-06 3.91 0.00023666225697 1.6e-09
6.810280612585498539e-05 2.435086292611002179e+00 1.289649074208505386e-01 1.602149029456006080e-04 -2.806922923541818946e-05 -1.886878453234719519e-07 3.91 0.00023666225697 1.6e-09
-4.434012886353903339e-05 4.306644556770662380e-01 -3.120459440580400368e-02 1.407527283027360009e-04 3.227852010165527079e-05 -8.525614198876830927e-06 3.91 0.00023666225697 1.6e-09
3.652002344906504620e-05 3.006076785486198055e+00 2.654541641242156658e-04 1.888935593931943997e-04 1.997901491497294286e-05 1.519178376630414555e-06 3.91 0.00023666225697 1.6e-09
-1.157205704473359846e-05 3.815193313164602973e+00 1.363394973524222065e-01 2.316167955798035063e-04 -2.672327451025853529e-06 1.000205177743222504e-06 3.91 0.00023666225697 1.6e-09
-3.919846297658108363e-05 2.383909055799711130e+00 1.679284197143166568e-01 1.576905919669811199e-04 -2.900337725943708911e-05 -8.635918525411608406e-07 3.91 0.00023666225697 1.6e-09
2.111056870007393699e-05 4.420118491146182160e-01 -4.025122650535133129e-02 1.382542389406293619e-04 3.687148028634433918e-05 -7.418868039905160609e-06 3.91 0.00023666225697 1.6e-09
8.739071776464093762e-05 3.057194220712251997e+00 4.787002604228966784e-02 1.914979912399721561e-04 1.955426334469045820e-05 1.909255567177228884e-06 3.91 0.00023666225697 1.6e-09
-5.403946896718080561e-05 3.849006331227014410e+00 2.000716962303185076e-01 2.334039650446018219e-04 -2.676043048811318404e-06 9.526125347354945225e-07 3.91 0.00023666225697 1.6e-09
-3.348432501143335470e-05 2.434769358421851493e+00 2.055516344888478619e-01 1.601079964144098478e-04 -2.844909305744997501e-05 -1.376413415763822894e-06 3.91 0.00023666225697 1.6e-09
-4.067366816996524734e-05 4.278257952877529968e-01 -4.277875728458079008e-02 1.407901937591140174e-04 3.329880859446176513e-05 -7.183920394352626615e-06 3.91 0.00023666225697 1.6e-09
8.304739879187901519e-05 3.034834813633429107e+00 9.155234972268733173e-02 1.903012722754920624e-04 2.019678540680963825e-05 2.291949726234933261e-06 3.91 0.00023666225697 1.6e-09
2.222009678609330753e-05 3.891102496654047727e+00 2.601299346549253988e-01 2.356401104435709693e-04 -1.956375607038697281e-06 9.265072793751385895e-07 3.91 0.00023666225697 1.6e-09
3.871548540179620211e-05 2.582800235924982424e+00 2.472268184784394696e-01 1.673421735462555572e-04 -2.651436527570966042e-05 -1.683577250191981839e-06 3.91 0.00023666225697 1.6e-09
2.785193180981304043e-05 3.997469391363591140e-01 -4.006568561159078168e-02 1.468386247144901188e-04 1.960356569819726518e-05 -8.155605685829184773e-06 3.91 0.00023666225697 1.6e-09
-5.857444585657199773e-05 2.928639389036752583e+00 1.278912213944714549e-01 1.847977298988895921e-04 2.190096179477394431e-05 2.733687001366106635e-06 3.91 0.00023666225697 1.6e-09
-1.352819999408677863e-05 3.921873950634128025e+00 3.169155055745698224e-01 2.372778994486253738e-04 -6.480838204168276170e-07 9.435846932936580774e-07 3.91 0.00023666225697 1.6e-09
-6.683508555621660448e-05 2.783210465332897510e+00 2.934651313337577894e-01 1.773750661106553226e-04 -2.380218474093101527e-05 -1.836282174403575228e-06 3.91 0.00023666225697 1.6e-09
2.715962761080242138e-05 3.884041157036911551e-01 -3.328044906716292467e-02 1.496263147166400440e-04 -3.708270085618691012e-06 -9.843107759250853595e-06 3.91 0.00023666225697 1.6e-09
3.604470279171841215e-06 2.741757052295876740e+00 1.532528219596170915e-01 1.752805307569074342e-04 2.442203290846115741e-05 3.258658531467330791e-06 3.91 0.00023666225697 1.6e-09
5.074683393664599425e-05 3.911846439428161126e+00 3.662269707682518916e-01 2.367399295498851962e-04 8.570544221747217890e-07 9.845443481087818969e-07 3.91 0.00023666225697 1.6e-09
-9.273245920179603306e-06 2.950096314427176125e+00 3.351459705555687174e-01 1.859045344936417570e-04 -2.134075868081721137e-05 -1.956375657133529365e-06 3.91 0.00023666225697 1.6e-09
-1.986013157325908270e-05 4.092549056080733716e-01 -2.599412993321059684e-02 1.447049724382259202e-04 -2.537025141168933493e-05 -1.081734011280636053e-05 3.91 0.00023666225697 1.6e-09
-2.972316951899227797e-05 2.539162765741541428e+00 1.717671232922612090e-01 1.651847285929596964e-04 2.701814943897572490e-05 3.819317269071162490e-06 3.91 0.00023666225697 1.6e-09
3.277654218046174015e-06 3.870542522014575937e+00 4.068526896918809865e-01 2.345347291177203564e-04 2.133733021643217162e-06 9.970100104324171375e-07 3.91 0.00023666225697 1.6e-09
5.332446344112443148e-06 3.045187686253625792e+00 3.647964991353482289e-01 1.908391629062212210e-04 -1.965578695035324430e-05 -2.129374639632963483e-06 3.91 0.00023666225697 1.6e-09
-1.417182648285593920e-05 4.427532254918690180e-01 -2.285927432489102962e-02 1.379280290989096948e-04 -3.759373005452673730e-05 -1.068592981590660551e-05 3.91 0.00023666225697 1.6e-09
-7.651922495520053504e-05 2.390190723679764151e+00 1.923689483993965832e-01 1.579341615673289425e-04 2.888891237303834134e-05 4.322850337818231595e-06 3.91 0.00023666225697 1.6e-09
-5.242346449415006860e-05 3.827604598731002561e+00 4.416177852981102991e-01 2.322467261395288758e-04 2.940231915560303477e-06 9.340958101532006532e-07 3.91 0.00023666225697 1.6e-09
7.403437594463808057e-05 3.082310459561661276e+00 3.814499158480574303e-01 1.927917650312942731e-04 -1.876481895348562848e-05 -2.379735840660510201e-06 3.91 0.00023666225697 1.6e-09
3.000396978602549536e-05 4.657919557324636806e-01 -2.583943487634469613e-02 1.340042880307918576e-04 -4.243997615072459467e-05 -9.834799232911566714e-06 3.91 0.00023666225697 1.6e-09
-4.874157803676864399e-05 2.312329770193671585e+00 2.185447911604768978e-01 1.542238238140130366e-04 2.977001899762621377e-05 4.680204943663684544e-06 3.91 0.00023666225697 1.6e-09
-8.040969692678696002e-05 3.794853788770127245e+00 4.702752941740797610e-01 2.305067092867594310e-04 3.261235385368863089e-06 7.783341218095965548e-07 3.91 0.00023666225697 1.6e-09
3.643240481056741109e-05 3.076341153295307329e+00 3.844096686609145275e-01 1.925070405821477685e-04 -1.854507880384067680e-05 -2.696224671528261774e-06 3.91 0.00023666225697 1.6e-09
-4.106455990551093066e-05 4.686324141428145351e-01 -3.408917667593319711e-02 1.336962692637581158e-04 -4.258291922129454757e-05 -8.338981337142390126e-06 3.91 0.00023666225697 1.6e-09
2.084329027310907387e-05 2.300511596404109405e+00 2.497598880476266936e-01 1.536924828482298558e-04 2.968720705810202015e-05 4.821565155832046866e-06 3.91 0.00023666225697 1.6e-09
5.502040977251677943e-05 3.771976603034184805e+00 4.905705147490243556e-01 2.292979053691091072e-04 3.118239131924273696e-06 5.319514041478356841e-07 3.91 0.00023666225697 1.6e-09
-4.519525147893509165e-05 3.029995163570116556e+00 3.724918533755979810e-01 1.901311413174676694e-04 -1.896604067562072314e-05 -3.062136420732222561e-06 3.91 0.00023666225697 1.6e-09
-5.898171139788308979e-05 4.515764260438055455e-01 -4.478974273468984413e-02 1.368054372625684002e-04 -3.831922890620667631e-05 -5.926669676300036064e-06 3.91 0.00023666225697 1.6e-09
5.805366331792350494e-06 2.350896516466709940e+00 2.835774891669669562e-01 1.561373874771152393e-04 2.868670408934946889e-05 4.685891853245582260e-06 3.91 0.00023666225697 1.6e-09
-6.897433248215632958e-05 3.755203759761056581e+00 4.989331344344943853e-01 2.284193203570300166e-04 2.514633661490698526e-06 2.049694524989198089e-07 3.91 0.00023666225697 1.6e-09
-5.780785195545659860e-05 2.934819111570335703e+00 3.438327778139088631e-01 1.852547326317666534e-04 -2.013701370847082817e-05 -3.460679989900341710e-06 3.91 0.00023666225697 1.6e-09
2.366854341048005696e-05 4.228295775039742632e-01 -5.322531811718204942e-02 1.426363610291325008e-04 -2.750484525372274040e-05 -2.103258337688989097e-06 3.91 0.00023666225697 1.6e-09
1.115563813537599996e-05 2.465547572890868455e+00 3.152544855392567236e-01 1.617284118232309876e-04 2.677105724175939596e-05 4.213379768442760697e-06 3.91 0.00023666225697 1.6e-09
4.135793116173722519e-06 3.742015489899155334e+00 4.891346734723112100e-01 2.277349174268044458e-04 1.364092319702594747e-06 -1.875218617096321349e-07 3.91 0.00023666225697 1.6e-09
-6.469552695805122662e-05 2.779658197358953586e+00 2.956302066389678851e-01 1.773720281314222086e-04 -2.223689692204505297e-05 -3.846053594063066175e-06 3.91 0.00023666225697 1.6e-09
-3.668614898257033371e-05 4.008847350163831647e-01 -5.290604672054374791e-02 1.477688241542977031e-04 -7.456689634632494317e-06 3.351339754104110089e-06 3.91 0.00023666225697 1.6e-09
-6.897212583184307653e-05 2.640842884448705519e+00 3.379057881465594715e-01 1.704063276614499012e-04 2.413992157859208538e-05 3.402434434544905187e-06 3.91 0.00023666225697 1.6e-09
9.444578507238154225e-05 3.737647040877098092e+00 4.544850238726310665e-01 2.275125985493417361e-04 -2.322858317257258007e-07 -6.158123026105788751e-07 3.91 0.00023666225697 1.6e-09
-3.533684965954992686e-05 2.581854537435178898e+00 2.285288526891937622e-01 1.674713511080919647e-04 -2.515377404614876241e-05 -4.084319904903152483e-06 3.91 0.00023666225697 1.6e-09
7.160852098093543102e-05 4.079282719777194144e-01 -3.917192083446057599e-02 1.460467615332742837e-04 1.712997731438980792e-05 8.986808104920192711e-06 3.91 0.00023666225697 1.6e-09
3.269847905006366683e-05 2.838650540874745776e+00 3.483217811267210751e-01 1.803640832997748162e-04 2.147067120405340315e-05 2.452614420675092283e-06 3.91 0.00023666225697 1.6e-09
-5.695306422334752127e-05 3.752344766876080762e+00 4.010014227009377485e-01 2.282857754798624272e-04 -1.789793037201159148e-06 -1.023728994843567073e-06 3.91 0.00023666225697 1.6e-09
6.304280495360886530e-05 2.412269282651723579e+00 1.558142877265238646e-01 1.591288471049266489e-04 -2.796090857143192337e-05 -4.025213781307888781e-06 3.91 0.00023666225697 1.6e-09
-6.275010209643481585e-05 4.396973194206495461e-01 -1.707671309943283033e-02 1.390513148535758360e-04 3.421005281821183977e-05 1.241064657615913949e-05 3.91 0.00023666225697 1.6e-09
6.262908125242229755e-05 2.992111864935510290e+00 3.467323571792835235e-01 1.881856114451894578e-04 1.966324044600808622e-05 1.653266391728944767e-06 3.91 0.00023666225697 1.6e-09
-1.014343945592063704e-04 3.784261281498332075e+00 3.453191925982816435e-01 2.299651106269414433e-04 -2.759156633558812524e-06 -1.333621318985521421e-06 3.91 0.00023666225697 1.6e-09
5.956684801914187899e-05 2.337487565283884017e+00 9.538076576410589591e-02 1.554705050925397338e-04 -2.948838955688990916e-05 -3.699568650175756484e-06 3.91 0.00023666225697 1.6e-09
3.747887550336771582e-05 4.609535106653030456e-01 1.120608234980605871e-03 1.348919730421481509e-04 4.039730628793356660e-05 1.389199390129623192e-05 3.91 0.00023666225697 1.6e-09
5.842560806242022315e-05 3.067968277003786604e+00 3.308675556331125978e-01 1.920608974760624078e-04 1.907595631778399826e-05 1.069461410622740398e-06 3.91 0.00023666225697 1.6e-09
-9.064214834274857060e-05 3.830851735081305165e+00 2.911955142106704697e-01 2.324310850164440371e-04 -2.884385379561899927e-06 -1.506295273613725756e-06 3.91 0.00023666225697 1.6e-09
2.505710567902913723e-05 2.383687108869817273e+00 5.031616631061398837e-02 1.576348044238642465e-04 -2.920177793677583653e-05 -3.205196186712680991e-06 3.91 0.00023666225697 1.6e-09
2.252798250224835808e-05 4.470734597727242798e-01 7.452237315513133425e-03 1.370424583280617080e-04 3.787976509999495028e-05 1.493957086344649049e-05 3.91 0.00023666225697 1.6e-09
8.696133225581180839e-05 3.062258131205549461e+00 2.991816697124079494e-01 1.917142335989680240e-04 1.974130730885936577e-05 6.209861138341782552e-07 3.91 0.00023666225697 1.6e-09
2.829650975526977572e-05 3.894696739233500793e+00 2.328010410351713244e-01 2.358279193141147190e-04 -2.111001625927265240e-06 -1.564170570768335076e-06 3.91 0.00023666225697 1.6e-09
-8.426849976512191891e-06 2.561222526910145625e+00 1.238300371254205841e-02 1.662633056832421097e-04 -2.703665997812137149e-05 -2.615495753822767929e-06 3.91 0.00023666225697 1.6e-09
-1.538240766143955085e-05 4.075309638230443232e-01 6.443933735832149223e-05 1.448774356296125040e-04 2.364847326675555597e-05 1.603098251421460703e-05 3.91 0.00023666225697 1.6e-09
3.681106548986053410e-05 2.955118172163691881e+00 2.463306981097906079e-01 1.861320558228611035e-04 2.178660363814135517e-05 1.942256840768569375e-07 3.91 0.00023666225697 1.6e-09
