-3.002945033841413586e-05 2.083840296641232381e+00 -5.720190348868029731e-05 1.438388477211346907e-04 -3.073216092280432786e-05 -1.039377016016949724e-09 3.41 0.00021016830205 1.6e-09
-2.794668361931636723e-06 5.386524596538454501e-01 -4.539430486084987046e-03 1.250758839197808935e-04 4.858418293168875279e-05 -4.294387786221167156e-07 3.41 0.00021016830205 1.6e-09
-6.290771391810545882e-05 3.022738468035627513e+00 2.774303217506721934e-03 1.899148759811832184e-04 1.454712628052287816e-05 1.444045487017683882e-07 3.41 0.00021016830205 1.6e-09
-4.043429803330041725e-05 3.186165850321263093e+00 1.380294970729951942e-02 1.983985049811320717e-04 -1.094903396228347045e-05 5.526731825881794803e-08 3.41 0.00021016830205 1.6e-09
2.692938255691680800e-06 7.772305471583867975e-01 5.510660540522262923e-03 1.101004209238071820e-04 -5.430798905015887779e-05 -5.528305714026088032e-07 3.41 0.00021016830205 1.6e-09
-6.202063253309165211e-05 1.704849496317740742e+00 -2.099328319658158581e-03 1.275659405783774209e-04 3.759320328500229320e-05 3.458821162281021846e-07 3.41 0.00021016830205 1.6e-09
-7.131990118290707902e-05 3.406111889278962579e+00 2.539362198022833417e-02 2.099410653137641640e-04 3.310723217445409481e-06 1.844399046144128696e-07 3.41 0.00021016830205 1.6e-09
-7.876685703806146144e-05 2.462546322822818823e+00 2.900028819476429751e-02 1.617018430677759529e-04 -2.453929622852032399e-05 -1.787237772317385442e-07 3.41 0.00021016830205 1.6e-09
2.357714852951057127e-05 4.176809056804811071e-01 -7.029343355161372930e-03 1.444329370306181391e-04 2.107221508511253257e-05 -9.153869092035851138e-07 3.41 0.00021016830205 1.6e-09
5.552541830569073943e-05 2.793405291808465751e+00 1.969231844711874513e-02 1.781487618958413008e-04 1.914823953133949275e-05 3.929794521770841356e-07 3.41 0.00021016830205 1.6e-09
-6.976383044945443155e-05 3.350856010302974752e+00 4.282725440450461940e-02 2.070051330826695735e-04 -6.832698372814049751e-06 5.133774890959962346e-08 3.41 0.00021016830205 1.6e-09
8.783919447814102644e-07 1.264844119630794683e+00 1.899578895122280148e-02 1.127354682547386240e-04 -4.623218781631703762e-05 -8.689848666059456776e-07 3.41 0.00021016830205 1.6e-09
4.627239091840329319e-05 1.169035229133792875e+00 -4.153946408443395799e-03 1.105728081988927632e-04 4.810967260419458599e-05 4.883594044433603070e-07 3.41 0.00021016830205 1.6e-09
6.132879970219689842e-05 3.325618889683098267e+00 3.328289834043096640e-02 2.056827978716471966e-04 7.529297361009580067e-06 2.526789459944210158e-07 3.41 0.00021016830205 1.6e-09
-1.876130960221413771e-05 2.837039206155520077e+00 4.024563139332835993e-02 1.803708359204983307e-04 -1.831529606785967156e-05 -1.610300578996924843e-07 3.41 0.00021016830205 1.6e-09
-2.202140139050352884e-05 4.294724634615683656e-01 -3.050641200067302772e-03 1.419939311447146447e-04 -2.701865914458222948e-05 -1.417879350872289841e-06 3.41 0.00021016830205 1.6e-09
-3.587789004876236216e-06 2.401882623121601945e+00 7.214198289505048198e-03 1.587605040282717608e-04 2.551610890361183408e-05 4.320982235782563408e-07 3.41 0.00021016830205 1.6e-09
8.741593192296314482e-05 3.409595879060806300e+00 3.790822825766370502e-02 2.101290380074727457e-04 -2.751052756269186170e-06 1.595492234755153066e-07 3.41 0.00021016830205 1.6e-09
-2.813625755231770898e-05 1.772479067692322996e+00 2.933673815758131020e-02 1.303002541968827500e-04 -3.632310671878530924e-05 -5.243487972306108449e-07 3.41 0.00021016830205 1.6e-09
-3.787086252297313711e-05 7.263296769087610461e-01 -1.356415343420549341e-02 1.117694136565740347e-04 5.437969792566958423e-05 -2.477868182149399263e-07 3.41 0.00021016830205 1.6e-09
7.255520199645767261e-05 3.158279759668817022e+00 2.185809885303242189e-02 1.969505207303065748e-04 1.150754203710476724e-05 4.060995296173116849e-07 3.41 0.00021016830205 1.6e-09
2.454982966559363068e-05 3.045457264240891249e+00 4.670554029220432696e-02 1.910944108718352495e-04 -1.399697358559739306e-05 3.153400276181378661e-08 3.41 0.00021016830205 1.6e-09
3.192949638320958638e-05 5.640644713022908707e-01 6.565621076417957683e-03 1.224018060889583417e-04 -5.031625820580014249e-05 -2.149600313027994335e-06 3.41 0.00021016830205 1.6e-09
6.700925564782527811e-05 2.033433761228789827e+00 -2.061493818950042509e-03 1.415650654865871722e-04 3.158322738246187083e-05 6.716627121252585024e-07 3.41 0.00021016830205 1.6e-09
4.967061526868629066e-05 3.408941026366200333e+00 5.196595274256048114e-02 2.101122662506885804e-04 4.228878499549941019e-07 3.562138462983856329e-07 3.41 0.00021016830205 1.6e-09
6.297368432591519754e-05 2.132268587175357943e+00 5.456624629356963269e-02 1.460507790506534954e-04 -2.988983418248535688e-05 -5.098921408974664030e-07 3.41 0.00021016830205 1.6e-09
1.846529363394615797e-05 5.162212865681972129e-01 -1.784512670286044281e-02 1.277621576068067161e-04 4.636899926863120695e-05 -1.205183456788906621e-06 3.41 0.00021016830205 1.6e-09
-8.911873861998855927e-05 2.998510759986215746e+00 3.932281826146896697e-02 1.886581423153890964e-04 1.509589991634204617e-05 7.362183384004164728e-07 3.41 0.00021016830205 1.6e-09
8.716267260961567170e-05 3.212212177702665095e+00 8.363922410042493039e-02 1.997517566016157424e-04 -1.039477935109410297e-05 7.918185140870102305e-08 3.41 0.00021016830205 1.6e-09
-1.490027144931461468e-05 8.340612456592384483e-01 2.416382664668992666e-02 1.088906630658407820e-04 -5.376356215121406740e-05 -2.637886178429365049e-06 3.41 0.00021016830205 1.6e-09
7.960971123212114050e-06 1.634262146604219978e+00 2.436422240111523699e-03 1.248033496533145935e-04 3.893800641667933410e-05 1.262241754645758029e-06 3.41 0.00021016830205 1.6e-09
5.912649601096505109e-05 3.402780852018397084e+00 9.042176378608735021e-02 2.097563826595877888e-04 3.914292744478365974e-06 5.189496763122733213e-07 3.41 0.00021016830205 1.6e-09
2.717654167885701731e-05 2.531314578249077574e+00 9.291940490765225602e-02 1.650598816772993723e-04 -2.343710286522756572e-05 -6.454605507912706978e-07 3.41 0.00021016830205 1.6e-09
-9.147106292634232447e-06 4.085606614293506578e-01 -1.608513442355051504e-02 1.464595479810439386e-04 1.321411105561066355e-05 -2.391385966873716820e-06 3.41 0.00021016830205 1.6e-09
-5.779117599289921870e-05 2.736290869241607915e+00 6.095891317318122976e-02 1.752588452217587885e-04 2.012641261441612816e-05 1.085006437673221725e-06 3.41 0.00021016830205 1.6e-09
-9.049025190821403800e-05 3.370014489305640737e+00 1.202097980749875367e-01 2.080127562020141067e-04 -6.079332185992310679e-06 7.747809681658942326e-08 3.41 0.00021016830205 1.6e-09
3.825783572002184143e-05 1.366115070873014314e+00 5.217177778126437515e-02 1.155418905683887657e-04 -4.414338876374600214e-05 -2.198059425485677954e-06 3.41 0.00021016830205 1.6e-09
2.721911230856309582e-05 1.071249632987715028e+00 -4.918883868503342791e-03 1.089606609778370934e-04 4.998174455707545297e-05 1.715001833223304431e-06 3.41 0.00021016830205 1.6e-09
6.308830962902924684e-05 3.295679528831312322e+00 1.051281499828448096e-01 2.041139759760519988e-04 8.272514062326277484e-06 6.552185486634557485e-07 3.41 0.00021016830205 1.6e-09
-2.628746548912683212e-05 2.881238713016384345e+00 1.149286807579401049e-01 1.826292887365075926e-04 -1.740650732871567468e-05 -5.615946913803948316e-07 3.41 0.00021016830205 1.6e-09
-6.289341922531372037e-06 4.471245574884054053e-01 -8.350069949431934008e-03 1.385472531468991001e-04 -3.327521571594126691e-05 -3.559985515739062802e-06 3.41 0.00021016830205 1.6e-09
-6.107231903706877743e-05 2.330402006633388812e+00 5.326895490387405924e-02 1.553342544524619225e-04 2.659732925303031996e-05 1.383835972023193491e-06 3.41 0.00021016830205 1.6e-09
-2.954096045217954457e-06 3.405755620501252245e+00 1.292505887076599858e-01 2.099342178672184062e-04 -2.159095203250943536e-06 1.860539053570036672e-07 3.41 0.00021016830205 1.6e-09
-1.018370338102020755e-05 1.836301383453793790e+00 7.484447460953908005e-02 1.329650775161107432e-04 -3.504481403820865193e-05 -1.698541401846026104e-06 3.41 0.00021016830205 1.6e-09
-2.322099997009878161e-05 6.807718593335626567e-01 -1.575071111307296129e-02 1.138316312819671726e-04 5.404621437077915469e-05 1.608414113113879111e-06 3.41 0.00021016830205 1.6e-09
4.197130625276607543e-05 3.128016786209216527e+00 1.085394274586761326e-01 1.953801049979750121e-04 1.205790419071717893e-05 8.574941765622672386e-07 3.41 0.00021016830205 1.6e-09
-5.737258138651947877e-05 3.065663225025599736e+00 1.320794774680600914e-01 1.921449207134095886e-04 -1.342644662530382473e-05 -4.495201568476121602e-07 3.41 0.00021016830205 1.6e-09
2.434319814105839790e-05 5.934966799630830847e-01 2.331091407350639744e-03 1.197063793704575155e-04 -5.173265871300113572e-05 -3.976713541741715696e-06 3.41 0.00021016830205 1.6e-09
-5.983743143299576387e-05 1.979274096711773012e+00 5.054503982273896023e-02 1.391520460573563052e-04 3.246840219452264896e-05 1.866453370439327068e-06 3.41 0.00021016830205 1.6e-09
-4.163264141372439731e-05 3.404345876495777468e+00 1.502594643550172471e-01 2.098692706267702942e-04 8.767600161406070746e-07 2.963987272525020784e-07 3.41 0.00021016830205 1.6e-09
-6.299285654416863698e-06 2.181752891290721585e+00 1.007777222653534199e-01 1.483384894263302216e-04 -2.896740946105458975e-05 -1.579675696065021451e-06 3.41 0.00021016830205 1.6e-09
-6.267267488065763725e-05 4.953024620463920558e-01 -2.040191428480959274e-02 1.305846472609049165e-04 4.370000232965879630e-05 1.367768596512449071e-06 3.41 0.00021016830205 1.6e-09
-1.987819387942873508e-05 2.968555554464756163e+00 1.256434167302072913e-01 1.871116158638405072e-04 1.564909881658720534e-05 1.118747539118945186e-06 3.41 0.00021016830205 1.6e-09
-3.316721152920168241e-05 3.233813837588574991e+00 1.607341058600036954e-01 2.008773717947605819e-04 -9.808534383452081901e-06 -4.248382430337306158e-07 3.41 0.00021016830205 1.6e-09
-5.069004283326703462e-05 8.943735404749449946e-01 2.038625181869008207e-02 1.082295317829189390e-04 -5.294132466668708293e-05 -3.756349599478325823e-06 3.41 0.00021016830205 1.6e-09
1.858972670548727759e-05 1.563005537185585103e+00 4.586708421016913451e-02 1.221364101229952545e-04 4.023494498269117282e-05 2.564366401388626710e-06 3.41 0.00021016830205 1.6e-09
-6.914946136903744140e-05 3.393970600391486236e+00 1.703199602746315877e-01 2.092850692036048958e-04 4.513102263490250272e-06 3.846395201541195913e-07 3.41 0.00021016830205 1.6e-09
-2.862790564094023715e-05 2.591437568906509004e+00 1.266503863236065897e-01 1.680245287966999120e-04 -2.241810542142267770e-05 -1.402404130477415361e-06 3.41 0.00021016830205 1.6e-09
5.361155140254660712e-05 4.040984263527982456e-01 -2.167832599190122611e-02 1.474962770925119387e-04 5.819806185148501443e-06 9.537089500159532412e-08 3.41 0.00021016830205 1.6e-09
-7.882175421658858003e-05 2.679352130921815345e+00 1.229486533267581949e-01 1.723981872942266622e-04 2.102408762205694285e-05 1.362236290801268805e-06 3.41 0.00021016830205 1.6e-09
-1.303789574053414526e-05 3.382253618287941244e+00 1.698577403841439737e-01 2.086590129415620836e-04 -5.411832673900793966e-06 -3.291633652719407165e-07 3.41 0.00021016830205 1.6e-09
1.926603321072503462e-05 1.452595971576579714e+00 4.691179047826808668e-02 1.182744805981517290e-04 -4.241370026765486613e-05 -2.736771253287174246e-06 3.41 0.00021016830205 1.6e-09
3.138619379533885375e-05 9.919448638486654257e-01 1.775553931173958280e-02 1.082299584752753814e-04 5.135603897872665328e-05 3.238350068409746172e-06 3.41 0.00021016830205 1.6e-09
8.485863644230207819e-05 3.267709102191758141e+00 1.560855091906073466e-01 2.026509499659437646e-04 8.920705979273390655e-06 5.062637873312848108e-07 3.41 0.00021016830205 1.6e-09
-5.169798222001706838e-05 2.917126562406935353e+00 1.304207536195686190e-01 1.844700246340324448e-04 -1.664822712657046785e-05 -1.053988764437286999e-06 3.41 0.00021016830205 1.6e-09
3.899131196972048307e-05 4.646526346712018807e-01 -1.782348872829939840e-02 1.354298327464879305e-04 -3.790750980238757580e-05 -1.829497942224894199e-06 3.41 0.00021016830205 1.6e-09
3.787648993634233825e-05 2.269247828986850735e+00 9.635372507916585560e-02 1.524361962081594089e-04 2.751952041673767682e-05 1.629719108257293145e-06 3.41 0.00021016830205 1.6e-09
-6.024840451867885153e-05 3.403305466503966592e+00 1.589928795036147369e-01 2.098105075438845774e-04 -1.639450723950649437e-06 -1.637954633957236854e-07 3.41 0.00021016830205 1.6e-09
3.466139700026688145e-05 1.891732955955326201e+00 6.349084373719610097e-02 1.353306218433251713e-04 -3.401701125561335394e-05 -2.040356377182937121e-06 3.41 0.00021016830205 1.6e-09
-2.100911728846434280e-05 6.452077663753189585e-01 -2.001137705933627581e-03 1.158867196310488918e-04 5.339067527218248598e-05 3.631267472621550684e-06 3.41 0.00021016830205 1.6e-09
4.088046220454005791e-05 3.102363934602192508e+00 1.455175437713864539e-01 1.940498472917856270e-04 1.256722611945453071e-05 6.626332357188053746e-07 3.41 0.00021016830205 1.6e-09
-4.012505037060471369e-05 3.086821358259673964e+00 1.347419393723116587e-01 1.932433786742675946e-04 -1.291477989290804294e-05 -8.594562137601327354e-07 3.41 0.00021016830205 1.6e-09
-4.166955310227440679e-05 6.220388979756492631e-01 -1.147590435386654922e-02 1.174719180045862346e-04 -5.281997084691819502e-05 -2.622403971398192500e-06 3.41 0.00021016830205 1.6e-09
2.146711344124335404e-05 1.928535029060318706e+00 8.471878179287503641e-02 1.369282786633375774e-04 3.331382249013236193e-05 2.039319425488991861e-06 3.41 0.00021016830205 1.6e-09
2.072600186265740561e-05 3.402671438314018193e+00 1.635193220859170737e-01 2.097797703725226624e-04 1.315512349233592790e-06 -7.605806120727301351e-08 3.41 0.00021016830205 1.6e-09
4.724085384781015256e-05 2.230354204081218761e+00 7.866180487007370936e-02 1.506059655765312733e-04 -2.817086843361848406e-05 -1.776787971257453721e-06 3.41 0.00021016830205 1.6e-09
-5.037469307719229261e-05 4.778882596963660023e-01 -1.095294467257793523e-02 1.332043877027328134e-04 4.077517489636672555e-05 4.025243532508154505e-06 3.41 0.00021016830205 1.6e-09
7.173445938775002315e-06 2.940879820800516242e+00 1.462181562453607753e-01 1.856857297796508217e-04 1.622144542045506955e-05 7.950290490183302535e-07 3.41 0.00021016830205 1.6e-09
-1.878821935558576899e-05 3.257053168620242634e+00 1.427704849857075464e-01 2.020902670914117162e-04 -9.271542222897281627e-06 -7.768613249864512034e-07 3.41 0.00021016830205 1.6e-09
2.072428570562806737e-05 9.530104808453092602e-01 -1.722968653826479355e-03 1.080763867715559174e-04 -5.212450530887031259e-05 -2.590185871575834053e-06 3.41 0.00021016830205 1.6e-09
-7.257790146753858299e-06 1.494958508723937873e+00 6.828855535163544377e-02 1.197160537935401014e-04 4.154012252859688649e-05 2.551586026375509800e-06 3.41 0.00021016830205 1.6e-09
-3.392979988455634306e-05 3.387937493245170018e+00 1.551819485133198728e-01 2.089619512227836127e-04 5.081325345154233571e-06 -5.133916153243109577e-08 3.41 0.00021016830205 1.6e-09
-5.823557763387333746e-05 2.647317202299890315e+00 8.222854138370910837e-02 1.708001408307591412e-04 -2.156363089428936947e-05 -1.417495008900604265e-06 3.41 0.00021016830205 1.6e-09
-9.224633829870165791e-06 4.030961208926979733e-01 -1.771869580373958142e-02 1.477329369886306470e-04 -9.559251041129967745e-07 3.322277939568122848e-06 3.41 0.00021016830205 1.6e-09
-1.278407584840471041e-05 2.627956667348363418e+00 1.163288940247832748e-01 1.698322069812509554e-04 2.190869233210657931e-05 7.938845773392421933e-07 3.41 0.00021016830205 1.6e-09
-5.612593723404429570e-05 3.396013815470496855e+00 1.166716015102224335e-01 2.093866229588769382e-04 -4.815686243996614388e-06 -6.092085486062672341e-07 3.41 0.00021016830205 1.6e-09
-2.321282296853938572e-05 1.529220540286751806e+00 6.679489114937762692e-03 1.209061736065788443e-04 -4.100232561371760045e-05 -1.691344815255074495e-06 3.41 0.00021016830205 1.6e-09
3.743308819126148245e-05 9.237306763255666020e-01 2.964376657310047875e-02 1.081159507775984339e-04 5.250280802558629381e-05 2.902145073330124366e-06 3.41 0.00021016830205 1.6e-09
-6.933219583378859069e-05 3.246611373919164212e+00 1.073827419092713426e-01 2.015477025226842047e-04 9.543253267474722745e-06 -6.826878793627688351e-09 3.41 0.00021016830205 1.6e-09
-1.411238805262013065e-05 2.953156134361451191e+00 5.905392365167509011e-02 1.863207240213475601e-04 -1.600488233780860184e-05 -9.000428566433427937e-07 3.41 0.00021016830205 1.6e-09
-3.102774229244631345e-06 4.835733096737652170e-01 -1.884257980754933115e-02 1.323777686785065173e-04 -4.169175041977862166e-05 1.209329494156456787e-06 3.41 0.00021016830205 1.6e-09
4.624373787829241388e-05 2.213939919849306825e+00 7.223769950052685851e-02 1.498393076826005617e-04 2.848461263850141925e-05 7.927942162075371948e-07 3.41 0.00021016830205 1.6e-09
9.162260145903485073e-05 3.406908650422749041e+00 8.203609560999666761e-02 2.100035725930118522e-04 -1.157217749618807565e-06 -3.726405628278143065e-07 3.41 0.00021016830205 1.6e-09
-2.663901389267677363e-05 1.948556120768909494e+00 1.111185499361057663e-02 1.377998154850780380e-04 -3.306665984560106268e-05 -1.053733053258241192e-06 3.41 0.00021016830205 1.6e-09
6.460970693969949230e-06 6.107783861736536535e-01 7.126659430690232208e-03 1.183098321120282297e-04 5.246659909251098086e-05 2.929207900731221218e-06 3.41 0.00021016830205 1.6e-09
5.967327705652317313e-05 3.081055718727328419e+00 8.160850504341760070e-02 1.929444158302200986e-04 1.312201304220811725e-05 1.272313314070857211e-07 3.41 0.00021016830205 1.6e-09
-1.491835306483461985e-05 3.114274150256203022e+00 5.429271393765696535e-02 1.946675722058867158e-04 -1.240017317323682138e-05 -6.118932422343415808e-07 3.41 0.00021016830205 1.6e-09
-5.559945740383923172e-05 6.566317902944263096e-01 -1.508865665784260568e-02 1.151876817162562471e-04 -5.369574518832738577e-05 -2.429323543996661250e-07 3.41 0.00021016830205 1.6e-09
-4.130296807577606204e-05 1.872957742265963343e+00 5.450513652227358119e-02 1.345305645647339936e-04 3.439051588094768890e-05 1.014958321335499085e-06 3.41 0.00021016830205 1.6e-09
6.392051011278566887e-05 3.404942353431618329e+00 7.935530197207839309e-02 2.098977959792094243e-04 1.794979177159915508e-06 -2.222464212826351833e-07 3.41 0.00021016830205 1.6e-09
4.719881910857617104e-05 2.285536801217128211e+00 2.357884189329494118e-02 1.532067454013634868e-04 -2.733185463225190311e-05 -8.965423376716727355e-07 3.41 0.00021016830205 1.6e-09
-5.135662267286079702e-06 4.596590186372330189e-01 -2.814296997689125310e-03 1.362436608389208333e-04 3.696873850490087768e-05 3.158746803520189173e-06 3.41 0.00021016830205 1.6e-09
-5.767207853066809247e-05 2.911530895290285414e+00 7.855083496254661179e-02 1.841785331179895979e-04 1.688389831988681446e-05 2.530373844696764155e-07 3.41 0.00021016830205 1.6e-09
5.491438249918500461e-05 3.281735846005747081e+00 6.119221165766183107e-02 2.033820851038891579e-04 -8.738195944104146240e-06 -5.174818564727933118e-07 3.41 0.00021016830205 1.6e-09
1.177498446510332595e-05 1.017522045354921190e+00 -1.081405132352959361e-02 1.083834415995945202e-04 -5.103700492639306026e-05 -8.438107677573379415e-07 3.41 0.00021016830205 1.6e-09
-2.635150827679922893e-06 1.423408693572229655e+00 4.140344769265617841e-02 1.173344668533608998e-04 4.302850942941120738e-05 1.279005223882917867e-06 3.41 0.00021016830205 1.6e-09
2.702239325394594079e-05 3.379681327229046239e+00 6.939991148257075582e-02 2.085262478680269141e-04 5.618763995067837428e-06 -1.988624470419072771e-07 3.41 0.00021016830205 1.6e-09
-6.942102045445921023e-05 2.694814376340466833e+00 2.198728892979964766e-02 1.731778415798701357e-04 -2.082246828234812804e-05 -7.039317378414620963e-07 3.41 0.00021016830205 1.6e-09
2.273369542576495836e-05 4.045457240184866521e-01 -8.583160707592876054e-03 1.474237825784962966e-04 -7.271032930757898983e-06 2.997080643194374842e-06 3.41 0.00021016830205 1.6e-09
-4.895757870019339596e-05 2.581130393434193593e+00 4.971237540530934473e-02 1.675108527952220267e-04 2.271440488560526728e-05 1.328244988561819142e-07 3.41 0.00021016830205 1.6e-09
-1.096475530366153252e-06 3.403916551560160819e+00 3.156085614890270785e-02 2.098083627245958776e-04 -4.346073067775226166e-06 -3.848496961256116682e-07 3.41 0.00021016830205 1.6e-09
-4.998117379738836107e-05 1.588712121682660072e+00 -1.378580890961529637e-02 1.230730148599239659e-04 -3.986906439699771081e-05 -4.029695889568639001e-07 3.41 0.00021016830205 1.6e-09
2.176244368482203263e-05 8.721052378269553707e-01 1.489526723042716022e-02 1.084178866054789502e-04 5.336184299161132337e-05 9.558201347982192871e-07 3.41 0.00021016830205 1.6e-09
-3.285865242639417628e-05 3.229370776545884780e+00 2.200773951525606537e-02 2.006475734392677824e-04 1.001226443741786370e-05 -1.845929252385285112e-07 3.41 0.00021016830205 1.6e-09
-6.611876930886817537e-05 2.979753771567696496e+00 -3.708362890468732374e-03 1.876908325552625921e-04 -1.550027801160449822e-05 -2.791181645478720650e-07 3.41 0.00021016830205 1.6e-09
3.540630629248390875e-05 5.008310046815027672e-01 -8.074903513597790627e-03 1.298481868380468320e-04 -4.446574499285769615e-05 1.504267072098246428e-06 3.41 0.00021016830205 1.6e-09
6.495813304747795271e-05 2.170418169312559264e+00 1.199123956832559568e-02 1.478113884020218060e-04 2.926604355625192185e-05 4.295520666731194760e-09 3.41 0.00021016830205 1.6e-09
-9.659235917926849396e-05 3.410801949622734419e+00 3.055005402888497697e-03 2.102083824757895692e-04 -7.361774263690447362e-07 -1.315000440899898461e-07 3.41 0.00021016830205 1.6e-09
1.284885564505159347e-05 1.999907838526133741e+00 -8.756995880062894144e-03 1.400620141592608830e-04 -3.219809850024140285e-05 -5.544803062514763505e-08 3.41 0.00021016830205 1.6e-09
-1.226346165435450913e-05 5.815640421051428977e-01 -2.690584177395083203e-04 1.207233840965286876e-04 5.139264617219733164e-05 1.868682263087431937e-07 3.41 0.00021016830205 1.6e-09
4.180697425459293376e-05 3.061946852056304014e+00 5.643404807053750520e-03 1.919481643172046446e-04 1.365305877970054480e-05 1.993385601817635969e-08 3.41 0.00021016830205 1.6e-09
-7.316786349279728386e-05 3.144668109366412168e+00 4.650073208838959374e-03 1.962417954385694435e-04 -1.183463005871529956e-05 -3.687917713203647758e-08 3.41 0.00021016830205 1.6e-09
-2.752443072241094027e-06 7.006453460650723386e-01 -8.096675068547911280e-04 1.128493430760888221e-04 -5.430173460040510350e-05 -5.186314618744749736e-08 3.41 0.00021016830205 1.6e-09
2.027516773407709390e-06 1.808718637134100637e+00 2.979039893500030206e-03 1.318095230165696537e-04 3.563123337058534637e-05 2.505921835347793867e-07 3.41 0.00021016830205 1.6e-09
-1.889813603270667938e-05 3.408227804046507714e+00 1.862449413380734553e-02 2.100628977720197664e-04 2.398864789684481484e-06 7.552271478845980056e-08 3.41 0.00021016830205 1.6e-09
6.982643294293758220e-05 2.359332754896432682e+00 1.604359874295722618e-02 1.567168318641753034e-04 -2.618465495075965435e-05 -1.648648911947271200e-07 3.41 0.00021016830205 1.6e-09
2.988506160002795463e-05 4.389701496278632376e-01 -5.593500752842281085e-03 1.400382943720392126e-04 3.108124365986188897e-05 -2.422503928221739939e-07 3.41 0.00021016830205 1.6e-09
2.878582591796486842e-05 2.867058225754175460e+00 1.973867419000458617e-02 1.818993118485984185e-04 1.778874580257989692e-05 2.744961644922414822e-07 3.41 0.00021016830205 1.6e-09
-2.595179662986833648e-05 3.313877407231862193e+00 3.318975267616482150e-02 2.050642063704084198e-04 -7.942962435617702391e-06 -1.319964303434649227e-08 3.41 0.00021016830205 1.6e-09
8.528574738418746425e-07 1.118951603233437897e+00 1.013250514763309323e-02 1.096428249758279040e-04 -4.912508505732595722e-05 -7.204833198496545930e-07 3.41 0.00021016830205 1.6e-09
4.622165665409955481e-05 1.316249424344359875e+00 2.039974231693836813e-03 1.141196947259831448e-04 4.517983867015349563e-05 5.002441694112858673e-07 3.41 0.00021016830205 1.6e-09
5.358369642445204761e-05 3.359740189467621541e+00 3.127850969447322493e-02 2.074761437591789897e-04 6.414210151026044158e-06 1.491665703465636397e-07 3.41 0.00021016830205 1.6e-09
-5.238522737275339101e-05 2.757796395836386694e+00 3.020956840623292144e-02 1.763503180005617323e-04 -1.973927501770033314e-05 -2.028631899773163873e-07 3.41 0.00021016830205 1.6e-09
6.594914138696619625e-05 4.114222352304481856e-01 -4.253694466317142590e-03 1.458745933227482386e-04 -1.606945724691392755e-05 -6.017551260101253901e-07 3.41 0.00021016830205 1.6e-09
3.709636315855347995e-06 2.506882820026151037e+00 1.023831228437166972e-02 1.638626711984043352e-04 2.386294281444613938e-05 2.937350437987024119e-07 3.41 0.00021016830205 1.6e-09
-8.921682200124336597e-05 3.406401288823625695e+00 2.830196770223365049e-02 2.099498997438932057e-04 -3.678293322998187801e-06 6.260230136128292515e-08 3.41 0.00021016830205 1.6e-09
3.182025240347285478e-05 1.664173705945114268e+00 1.711394290457760731e-02 1.259549047651360287e-04 -3.839211947924151751e-05 -4.224544903494079294e-07 3.41 0.00021016830205 1.6e-09
-1.391039838729436938e-05 8.093171723208829604e-01 -8.941350663359718537e-03 1.093581109767582791e-04 5.405385649751346901e-05 -1.038839169131584854e-07 3.41 0.00021016830205 1.6e-09
-6.356697633670045926e-05 3.200340298451062271e+00 1.250939891271024562e-02 1.991379409169879338e-04 1.060409580092688258e-05 2.436258388397127911e-07 3.41 0.00021016830205 1.6e-09
-4.016614513588958853e-05 3.003931492822150773e+00 2.774246970983672289e-02 1.889445848847839959e-04 -1.492112059245788940e-05 2.184396934458909687e-08 3.41 0.00021016830205 1.6e-09
-1.461088625572001015e-05 5.223178830376241644e-01 3.071458595086276264e-03 1.270540344190149813e-04 -4.695107462878910182e-05 -1.370843727304161040e-06 3.41 0.00021016830205 1.6e-09
5.960528576350979541e-05 2.120024759520786617e+00 -6.288956360429986264e-03 1.454920163290966532e-04 3.010216055294117178e-05 3.909570487758956133e-07 3.41 0.00021016830205 1.6e-09
-4.368269955531063110e-06 3.409384110428774761e+00 2.951867661707936047e-02 2.101358248542144658e-04 -3.233318899530077745e-07 2.679057582759276919e-07 3.41 0.00021016830205 1.6e-09
-3.769901473947612528e-05 2.046121917579477589e+00 3.557910783572212909e-02 1.421334311711849538e-04 -3.136889823661476932e-05 -3.043891119945922201e-07 3.41 0.00021016830205 1.6e-09
3.362325923611815385e-05 5.569464314551069162e-01 -1.529567445858264797e-02 1.230878450919795455e-04 4.992224281561790072e-05 -1.130433418300362439e-06 3.41 0.00021016830205 1.6e-09
2.763507071449709248e-05 3.040789200696023542e+00 1.991963884393763845e-02 1.908488707765646506e-04 1.414760358041435808e-05 5.357030008922855660e-07 3.41 0.00021016830205 1.6e-09
2.085333068765204419e-05 3.169116723536344438e+00 5.645956143453322029e-02 1.975102066907239145e-04 -1.132919838272275982e-05 1.264055362705022330e-07 3.41 0.00021016830205 1.6e-09
4.735733966577108283e-05 7.444714843879134403e-01 1.734939061614301781e-02 1.110909516155391444e-04 -5.437106155826062348e-05 -2.173835102682833396e-06 3.41 0.00021016830205 1.6e-09
3.019403215309350412e-05 1.748657732693856381e+00 -3.911334456929706563e-03 1.293267725869964955e-04 3.676675849870032439e-05 8.751825987091125644e-07 3.41 0.00021016830205 1.6e-09
2.061930331294037030e-06 3.408648286917555836e+00 6.483181425237838358e-02 2.100763657516073989e-04 2.945657900141649935e-06 4.541415021058755296e-07 3.41 0.00021016830205 1.6e-09
5.244783910446982792e-05 2.425253647242341160e+00 7.238170205228131038e-02 1.598875743558317167e-04 -2.513199582374118674e-05 -4.770839782495096072e-07 3.41 0.00021016830205 1.6e-09
-5.481378133391413170e-05 4.243535325997358498e-01 -1.535964411666136502e-02 1.429614972056566808e-04 2.481354479745934372e-05 -2.156833841182746598e-06 3.41 0.00021016830205 1.6e-09
-3.652596426137885374e-05 2.821058302970436582e+00 4.632028293658528584e-02 1.795498442151051421e-04 1.865748149048250223e-05 8.976048169634476639e-07 3.41 0.00021016830205 1.6e-09
-8.463274552610829452e-05 3.339881872945602126e+00 9.901335809062274118e-02 2.064260734698977870e-04 -7.197782441165600953e-06 1.104422354304064077e-07 3.41 0.00021016830205 1.6e-09
-4.162746908756452730e-05 1.219056988306572720e+00 4.230674045201998634e-02 1.116243374105696046e-04 -4.708691012896633506e-05 -2.086915389501306396e-06 3.41 0.00021016830205 1.6e-09
1.381278176568843867e-05 1.214493434370134128e+00 -4.873497056079149209e-03 1.115383173548091815e-04 4.719753315349767113e-05 1.371476012119889184e-06 3.41 0.00021016830205 1.6e-09
-6.092061675965747150e-05 3.335819865329487932e+00 8.946720283853162869e-02 2.062172489968413960e-04 7.183521817792327079e-06 5.839133607317722023e-07 3.41 0.00021016830205 1.6e-09
-3.935501448169109295e-05 2.812947824211436298e+00 1.000867167793283025e-01 1.791442581468623166e-04 -1.872175097362970968e-05 -4.850261301333237668e-07 3.41 0.00021016830205 1.6e-09
-4.346905186526716736e-05 4.236441053257218314e-01 -8.792032277560247328e-03 1.432015670114688915e-04 -2.395985277133506571e-05 -3.300727601257263040e-06 3.41 0.00021016830205 1.6e-09
7.579254473894950033e-05 2.431890854797627455e+00 4.448283389879312266e-02 1.602128613123615924e-04 2.499576801762611655e-05 1.159363020460588535e-06 3.41 0.00021016830205 1.6e-09
8.835495793214257312e-05 3.405771043080476179e+00 1.113519195435533904e-01 2.099249771442407160e-04 -3.040564329538722951e-06 1.893622587840796402e-07 3.41 0.00021016830205 1.6e-09
2.977630463004140118e-05 1.737756585368258833e+00 6.485054651928273683e-02 1.288839907130079885e-04 -3.691238454798494850e-05 -1.565585750284101700e-06 3.41 0.00021016830205 1.6e-09
-2.846296563062520360e-05 7.513418465073300467e-01 -1.539640282114060343e-02 1.108901854171213578e-04 5.433252579542462943e-05 1.232717429088106336e-06 3.41 0.00021016830205 1.6e-09
1.321158689584830547e-05 3.168519079475287992e+00 9.060671403889822284e-02 1.974848267774872881e-04 1.119231835571556937e-05 7.621181241211906901e-07 3.41 0.00021016830205 1.6e-09
8.267965472243421238e-05 3.026343617014153775e+00 1.147304390485908016e-01 1.901075906251703139e-04 -1.432470833405526826e-05 -3.562543962914538617e-07 3.41 0.00021016830205 1.6e-09
-1.366858679044612000e-05 5.482889027678305993e-01 1.480615222643042687e-03 1.240590490906922716e-04 -4.908256757603849773e-05 -3.813824967135757206e-06 3.41 0.00021016830205 1.6e-09
-2.693361916418177961e-05 2.065109889539065158e+00 3.952140165591846999e-02 1.429944575475536848e-04 3.098221513200752743e-05 1.560292939138746986e-06 3.41 0.00021016830205 1.6e-09
2.991357881332415728e-05 3.404397919580289145e+00 1.290923953488783138e-01 2.098749552539828521e-04 1.117654565050889708e-07 3.177197845897101872e-07 3.41 0.00021016830205 1.6e-09
-6.065146859209948218e-05 2.092924248871989690e+00 8.990962008791422710e-02 1.442566288470642879e-04 -3.047058823411007744e-05 -1.421714866130007288e-06 3.41 0.00021016830205 1.6e-09
-2.295302683911910462e-05 5.334234198253552384e-01 -2.044291948455750560e-02 1.256681228060255520e-04 4.804587623265153221e-05 8.708277043666320760e-07 3.41 0.00021016830205 1.6e-09
2.962341518464315976e-05 3.014277961044554033e+00 1.072229625228421912e-01 1.894772294622469079e-04 1.464342765605300627e-05 1.032074013619352928e-06 3.41 0.00021016830205 1.6e-09
2.175889176450581031e-05 3.188529353395856969e+00 1.446133640777452212e-01 1.985202388856442744e-04 -1.081050497311246842e-05 -3.249199608923763027e-07 3.41 0.00021016830205 1.6e-09
-2.170462349071022016e-05 7.912667442921481609e-01 1.746235936150643611e-02 1.097457324429489708e-04 -5.406806083938121295e-05 -3.850867887631791635e-06 3.41 0.00021016830205 1.6e-09
2.632737868099259331e-05 1.688205891063755626e+00 3.999503657182031102e-02 1.269012116920119663e-04 3.784641146701530256e-05 2.218471907942318087e-06 3.41 0.00021016830205 1.6e-09
2.149644368148196098e-05 3.403255420955551891e+00 1.574360526062354992e-01 2.097855166254176148e-04 3.459603467482799740e-06 4.217542132364562991e-07 3.41 0.00021016830205 1.6e-09
-6.124709144427148508e-05 2.481906366661894126e+00 1.208100822715611478e-01 1.626409910579849471e-04 -2.415828534802670293e-05 -1.350220419709186661e-06 3.41 0.00021016830205 1.6e-09
3.424495591702394223e-06 4.146040009629364809e-01 -2.171524100002879959e-02 1.450661658839456415e-04 1.870917455619901037e-05 -1.010371001321173392e-07 3.41 0.00021016830205 1.6e-09
5.050471307046327499e-05 2.774338062795580928e+00 1.183448489883029142e-01 1.771786605645778395e-04 1.942353693334123027e-05 1.320909706481969562e-06 3.41 0.00021016830205 1.6e-09
5.903683103757111718e-05 3.356564012224014348e+00 1.683380665971150325e-01 2.073017238626472176e-04 -6.558189422654157733e-06 -2.759842699973447551e-07 3.41 0.00021016830205 1.6e-09
-5.411334423750890861e-05 1.304774180280312557e+00 4.563150619790810880e-02 1.137815314618077225e-04 -4.533043958783610394e-05 -3.007126458959812867e-06 3.41 0.00021016830205 1.6e-09
6.250918167338460907e-06 1.131131026467974143e+00 1.986819217769227736e-02 1.098609377841697177e-04 4.877087228745101286e-05 2.931712878660172128e-06 3.41 0.00021016830205 1.6e-09
1.513818492960410393e-06 3.311466795735741542e+00 1.574750680274659975e-01 2.049387668882814704e-04 7.821001542958040892e-06 5.428680202065154808e-07 3.41 0.00021016830205 1.6e-09
6.115792018772121114e-05 2.854607104375953774e+00 1.348197643426021219e-01 1.812650843279296016e-04 -1.790191023700425321e-05 -1.067404709942775382e-06 3.41 0.00021016830205 1.6e-09
-1.456731202503101089e-05 4.368461180252701803e-01 -1.788785349902893840e-02 1.404942353613954802e-04 -2.981932534430458429e-05 -2.069915443088886455e-06 3.41 0.00021016830205 1.6e-09
6.812402396831703682e-05 2.368930286078080538e+00 9.717654032723026247e-02 1.571776424270546852e-04 2.593175656532750649e-05 1.599510690889865414e-06 3.41 0.00021016830205 1.6e-09
-8.155527759957997499e-05 3.404177965150488649e+00 1.629084416747336728e-01 2.098470288553996627e-04 -2.482399417541106296e-06 -1.250741161706011138e-07 3.41 0.00021016830205 1.6e-09
5.938933152301548461e-05 1.798638513697610186e+00 6.649962241606463542e-02 1.313839021773768575e-04 -3.573534355854770899e-05 -2.190807038402228594e-06 3.41 0.00021016830205 1.6e-09
2.239752746174960028e-05 7.076554336942284529e-01 -1.989147651377846764e-03 1.125611023606295027e-04 5.418558673541720684e-05 3.348738562067864418e-06 3.41 0.00021016830205 1.6e-09
1.436450846008303808e-05 3.141315109340190759e+00 1.468836778666720855e-01 1.960717349278019652e-04 1.171303835502499322e-05 7.062202285761941757e-07 3.41 0.00021016830205 1.6e-09
4.754574187856467704e-05 3.047867962576477296e+00 1.400515265882184002e-01 1.912237516026951700e-04 -1.377694036795805924e-05 -8.521454552434776034e-07 3.41 0.00021016830205 1.6e-09
-5.572973438671214235e-05 5.735757565785666312e-01 -1.096071846796371069e-02 1.215053757781750933e-04 -5.075366696274620824e-05 -2.968397108074320705e-06 3.41 0.00021016830205 1.6e-09
6.780182433286062189e-05 2.014117012230616233e+00 8.463456549237621807e-02 1.407062899747150205e-04 3.178909984054800291e-05 2.007473235055391135e-06 3.41 0.00021016830205 1.6e-09
-8.157277430723295297e-05 3.401458743107723226e+00 1.681370595620869379e-01 2.097201633876225415e-04 5.551682759028107057e-07 -2.248207652205338487e-08 3.41 0.00021016830205 1.6e-09
-1.177229878218858761e-05 2.140410040869967112e+00 8.364130020321855485e-02 1.464312019606591418e-04 -2.964203465875778898e-05 -1.891390796236674426e-06 3.41 0.00021016830205 1.6e-09
5.631895832546975278e-06 5.128170880430549250e-01 -1.145306589294634719e-02 1.282192334002335479e-04 4.585927689340998405e-05 3.694413076430602904e-06 3.41 0.00021016830205 1.6e-09
4.589266120260262571e-05 2.988083568428105963e+00 1.505453162237170850e-01 1.881235067451361427e-04 1.516991160297227075e-05 8.665159691350896800e-07 3.41 0.00021016830205 1.6e-09
-8.807457690028075838e-05 3.210833476191259361e+00 1.523956159268867738e-01 1.996819529478617084e-04 -1.027290197698057183e-05 -7.747049365876376640e-07 3.41 0.00021016830205 1.6e-09
-2.067972511147986249e-06 8.412233818221661608e-01 -1.010134522130927241e-03 1.087881476792523609e-04 -5.368107171528597532e-05 -3.040889355138935430e-06 3.41 0.00021016830205 1.6e-09
-5.717936814236167031e-05 1.624942034728700690e+00 7.403220447983782648e-02 1.244440535063177336e-04 3.900756221558891122e-05 2.556268263097109103e-06 3.41 0.00021016830205 1.6e-09
-2.885592095739019064e-05 3.399323605055213804e+00 1.710543125823630328e-01 2.095719504856585801e-04 4.014643562126829538e-06 1.694582683646563134e-08 3.41 0.00021016830205 1.6e-09
-1.475826200280746023e-05 2.540486983034691004e+00 9.551704623663934135e-02 1.655098561242461660e-04 -2.324987229807397651e-05 -1.594658115755557152e-06 3.41 0.00021016830205 1.6e-09
-5.221011654547769214e-05 4.078423795656855311e-01 -1.798854876017644960e-02 1.465994128544001593e-04 1.231771077358850053e-05 3.322504996946370295e-06 3.41 0.00021016830205 1.6e-09
-1.106992499549829320e-05 2.726560227937324221e+00 1.341711907124755465e-01 1.747651951564858181e-04 2.026825902426243706e-05 9.400866225172109944e-07 3.41 0.00021016830205 1.6e-09
3.143468375394370032e-05 3.374798026139615104e+00 1.413846195087462010e-01 2.082617052786132927e-04 -5.921665889701515038e-06 -6.434159069278575182e-07 3.41 0.00021016830205 1.6e-09
-5.290642326515074360e-05 1.388115333203767676e+00 1.278872213278236733e-02 1.162054433223045421e-04 -4.375996302233177285e-05 -2.196759402245672364e-06 3.41 0.00021016830205 1.6e-09
-2.960833260530787734e-06 1.051989107998259954e+00 3.792198098188497013e-02 1.087193378392599451e-04 5.026349377387759657e-05 3.057799717848957727e-06 3.41 0.00021016830205 1.6e-09
-4.983897412670775743e-05 3.290520810704157917e+00 1.326599965459148156e-01 2.038404700736615280e-04 8.477745570844270011e-06 6.095240903743165993e-08 3.41 0.00021016830205 1.6e-09
-5.153034768731683366e-05 2.896970746506063232e+00 7.953109521758980338e-02 1.834306604114812765e-04 -1.714969043037014801e-05 -1.084195248296718872e-06 3.41 0.00021016830205 1.6e-09
1.784860467723266853e-05 4.523737220199400277e-01 -2.012887363744477603e-02 1.375485869877417840e-04 -3.490429552517121869e-05 1.201142036863951631e-06 3.41 0.00021016830205 1.6e-09
-3.905645438742072907e-05 2.309132059006905990e+00 8.887812916948192865e-02 1.543202532366701857e-04 2.693935881641091733e-05 9.605348276958284333e-07 3.41 0.00021016830205 1.6e-09
-2.365152839269036840e-05 3.407948868199769166e+00 1.049133672501708636e-01 2.100504654072566074e-04 -1.947192339658346216e-06 -4.129889561423188652e-07 3.41 0.00021016830205 1.6e-09
-6.689568218081941786e-05 1.860577035740528018e+00 1.845703670407833688e-02 1.339927062470877626e-04 -3.466143652460320669e-05 -1.378718663872985475e-06 3.41 0.00021016830205 1.6e-09
-4.537463310984263070e-05 6.658753380137627520e-01 1.012293899946337811e-02 1.146445984814095404e-04 5.378151598929022765e-05 3.262021859044746266e-06 3.41 0.00021016830205 1.6e-09
2.776231669077931639e-05 3.118564341958861341e+00 1.006782715788711591e-01 1.948903679206930159e-04 1.228399318953634148e-05 1.795993357304031179e-07 3.41 0.00021016830205 1.6e-09
5.529083182989868442e-05 3.075786293706354257e+00 6.950761144446319928e-02 1.926703290173811941e-04 -1.323803125449567967e-05 -7.436296986833447950e-07 3.41 0.00021016830205 1.6e-09
4.608860849653801821e-05 6.031914253669716786e-01 -1.683651851705708635e-02 1.189056582781072364e-04 -5.223091031052720038e-05 -3.429109988553070416e-07 3.41 0.00021016830205 1.6e-09
5.603807442881400427e-05 1.959838684710884849e+00 6.631219077337716095e-02 1.383032554645944592e-04 3.279708906717246526e-05 1.161526706041055595e-06 3.41 0.00021016830205 1.6e-09
-4.032148384740946723e-05 3.403715829768868328e+00 9.651198245164493983e-02 2.098388846933428955e-04 1.025611554400900438e-06 -2.523421257901485711e-07 3.41 0.00021016830205 1.6e-09
4.321732971485562735e-05 2.194150687922902687e+00 2.940651032860171210e-02 1.489191327909561435e-04 -2.881367257621978513e-05 -1.118218074360167586e-06 3.41 0.00021016830205 1.6e-09
-5.992679573571300071e-05 4.912809515542934102e-01 -1.712738788331161308e-03 1.312070616276478287e-04 4.301583091265048678e-05 3.510688526592243953e-06 3.41 0.00021016830205 1.6e-09
-3.288176561768909868e-05 2.962413848271118422e+00 9.506389492375914851e-02 1.867995547840487500e-04 1.578856746684657243e-05 3.120190901841133497e-07 3.41 0.00021016830205 1.6e-09
7.842081062161960462e-05 3.237052196699148787e+00 7.551700204892611290e-02 2.010499373821213252e-04 -9.754831503472719564e-06 -6.204711494963139616e-07 3.41 0.00021016830205 1.6e-09
4.999697836508278331e-05 8.973427885581762853e-01 -1.231060841327375616e-02 1.082174130478029352e-04 -5.301875898694414162e-05 -1.061801900716344924e-06 3.41 0.00021016830205 1.6e-09
-3.990976721469890315e-05 1.557502054392533974e+00 5.395554227755059579e-02 1.219389512936959539e-04 4.037749579961351929e-05 1.488606173604221504e-06 3.41 0.00021016830205 1.6e-09
-8.045790803968351675e-07 3.395711446409000800e+00 9.176627661701917960e-02 2.093787287983402265e-04 4.553777174540268024e-06 -2.081699647215232239e-07 3.41 0.00021016830205 1.6e-09
-5.586753601393884718e-05 2.594304605115983708e+00 3.332724609469987775e-02 1.681692011957747440e-04 -2.244360731853447716e-05 -9.291152604552653948e-07 3.41 0.00021016830205 1.6e-09
-5.419769803203843071e-05 4.039017699297764441e-01 -8.975631837656733447e-03 1.475558171545243366e-04 5.864749755738263019e-06 3.600247509938780305e-06 3.41 0.00021016830205 1.6e-09
7.807720426051374066e-05 2.681901275947615737e+00 7.309867486496392230e-02 1.725252403949807287e-04 2.107123097658491996e-05 2.563832861209238848e-07 3.41 0.00021016830205 1.6e-09
7.939684524105033862e-05 3.388456283245536049e+00 5.417166379724639574e-02 2.089846258801215234e-04 -5.402484126183982080e-06 -5.054245059846431032e-07 3.41 0.00021016830205 1.6e-09
-6.813793496671358320e-06 1.456777880081501886e+00 -1.254129783244649701e-02 1.184101729749414988e-04 -4.244974680110822387e-05 -7.222909016330569438e-07 3.41 0.00021016830205 1.6e-09
-4.161494461783231727e-05 9.879997503928297231e-01 2.522280615496767103e-02 1.081901686276309484e-04 5.153678574351939188e-05 1.425331291255973611e-06 3.41 0.00021016830205 1.6e-09
-3.277738383790673894e-05 3.273365353234993336e+00 4.499440700342352550e-02 2.029427602561683589e-04 9.004622294286366511e-06 -2.178776281866386950e-07 3.41 0.00021016830205 1.6e-09
3.496491509878648019e-05 2.929561826245454803e+00 6.412931336501410257e-03 1.851016897258413434e-04 -1.657601895907081962e-05 -4.870122455179479507e-07 3.41 0.00021016830205 1.6e-09
4.487455653343567347e-05 4.675315916819778872e-01 -1.118878745523405743e-02 1.349083886039741846e-04 -3.875978859722556521e-05 2.148168081205242620e-06 3.41 0.00021016830205 1.6e-09
-2.632073047134519085e-05 2.261456839136634756e+00 2.836460234027312829e-02 1.520609619936801136e-04 2.778356293190360093e-05 7.898878740980618827e-08 3.41 0.00021016830205 1.6e-09
-2.756256430489537849e-05 3.412474436653420984e+00 1.424648282509129171e-02 2.102905488042227094e-04 -1.503269501955489670e-06 -2.596814891511989890e-07 3.41 0.00021016830205 1.6e-09
-5.990084464010872868e-05 1.915547579544506274e+00 -1.304945091508652802e-02 1.363514359898861713e-04 -3.371010611750860711e-05 -2.004588331602855649e-07 3.41 0.00021016830205 1.6e-09
2.299772615643607169e-05 6.307030350644133865e-01 4.714298082870431450e-03 1.168300077303169066e-04 5.320417936850552296e-05 8.280189959129881532e-07 3.41 0.00021016830205 1.6e-09
-9.299097690157084298e-05 3.099534792030858021e+00 1.524696986658532864e-02 1.938976553201922121e-04 1.282572286299071430e-05 -6.801709615229241814e-08 3.41 0.00021016830205 1.6e-09
8.055633328840191491e-05 3.106251509403214150e+00 2.272897302574050302e-03 1.942461446270839329e-04 -1.268040175559717801e-05 -1.638721009693917190e-07 3.41 0.00021016830205 1.6e-09
3.133619765972292569e-05 6.400687859449408768e-01 -6.090844440028475235e-03 1.161959080341116822e-04 -5.344296668025621562e-05 4.375646319479678011e-07 3.41 0.00021016830205 1.6e-09
1.628071524023057428e-05 1.899867338756398016e+00 1.117810480793329439e-02 1.356831685318444537e-04 3.395192566118301327e-05 2.257350746764907048e-07 3.41 0.00021016830205 1.6e-09
4.334633402616431413e-06 3.408296820413802219e+00 1.781837126314248648e-02 2.100741366380692757e-04 1.588460454470974701e-06 -3.542646169972975578e-08 3.41 0.00021016830205 1.6e-09
5.368372646385260284e-05 2.265143702262223613e+00 6.400408118272956325e-03 1.522401420340473849e-04 -2.769761146484540053e-05 -1.991985650926639944e-07 3.41 0.00021016830205 1.6e-09
2.399579334720887365e-05 4.659916348944915798e-01 -3.503967476769957907e-03 1.351632658869125780e-04 3.855345315930700314e-05 4.287260443106183616e-07 3.41 0.00021016830205 1.6e-09
2.587221227398766601e-06 2.925596868103031323e+00 2.277356347750920593e-02 1.849014209695695439e-04 1.662096427159214662e-05 1.754633172524586987e-07 3.41 0.00021016830205 1.6e-09
-1.008760024943917115e-04 3.272905940721841489e+00 2.652375138878280969e-02 2.029211040405944490e-04 -8.972117181256170291e-06 -9.330205243396077432e-08 3.41 0.00021016830205 1.6e-09
5.066821526063378431e-05 9.888212355410953558e-01 2.532028420076424570e-03 1.081935855673807838e-04 -5.156247841438450254e-05 -5.388069674760030832e-07 3.41 0.00021016830205 1.6e-09
2.576544532963660566e-05 1.454780677526794630e+00 9.383835680526118189e-03 1.183664858279867386e-04 4.242951025399610218e-05 5.270496863651533860e-07 3.41 0.00021016830205 1.6e-09
-5.400706207310197510e-05 3.383523627650922627e+00 3.242690831528085432e-02 2.087322566143947115e-04 5.356317001723915030e-06 5.538546957354699573e-08 3.41 0.00021016830205 1.6e-09
-5.692030171289441827e-05 2.668682728525433756e+00 2.273629525204581836e-02 1.718723724221099395e-04 -2.124129162795554087e-05 -2.661139445195168107e-07 3.41 0.00021016830205 1.6e-09
4.366053667450215298e-05 4.031868226380659337e-01 -4.825027965424651642e-03 1.477731697596710789e-04 -3.875551819355588275e-06 2.455396608409756008e-07 3.41 0.00021016830205 1.6e-09
-5.013140757779053992e-05 2.608192030321888844e+00 1.725499208755105693e-02 1.688549914634496088e-04 2.226270011598791739e-05 2.080196895625218754e-07 3.41 0.00021016830205 1.6e-09
1.430041431815349081e-05 3.397772391656325830e+00 2.467939820538875631e-02 2.094846319342353160e-04 -4.658810092904971644e-06 -4.274500172615112199e-08 3.41 0.00021016830205 1.6e-09
-1.468782055987401258e-05 1.547028627568684644e+00 7.452324249582505458e-03 1.215530018942663802e-04 -4.066047055709549321e-05 -3.788489410814255461e-07 3.41 0.00021016830205 1.6e-09
1.442541565511062306e-05 9.072825432846222116e-01 -2.790196339277428630e-03 1.081737811363571314e-04 5.287099764775379709e-05 1.119973036535769294e-07 3.41 0.00021016830205 1.6e-09
-8.559972239952673184e-06 3.242519661043682166e+00 9.869017681983878118e-03 2.013353805035232981e-04 9.673326557606826132e-06 1.011327410472095102e-07 3.41 0.00021016830205 1.6e-09
-2.081718817443133291e-05 2.960442973905032638e+00 1.410960991420144583e-02 1.866970448667710971e-04 -1.588166067292972748e-05 -3.125741135855046459e-08 3.41 0.00021016830205 1.6e-09
-1.243407766386937435e-05 4.876572104829921539e-01 -8.777642727281877784e-05 1.317716316224406116e-04 -4.250241422611104728e-05 -5.113147859310525116e-07 3.41 0.00021016830205 1.6e-09
-6.407304505279865804e-06 2.204437979836805006e+00 -6.229193842617988461e-03 1.493908951306102640e-04 2.870732496631692895e-05 1.824811390960860205e-07 3.41 0.00021016830205 1.6e-09
1.122451214721174466e-05 3.410931674728260976e+00 1.295116003902999427e-02 2.102137294145924756e-04 -1.035275196931890700e-06 1.606648912202473777e-07 3.41 0.00021016830205 1.6e-09
4.296496310384513302e-05 1.966821946494434981e+00 1.866068301387121403e-02 1.385959917696030308e-04 -3.278407959030505970e-05 -1.416876543932427287e-07 3.41 0.00021016830205 1.6e-09
-1.358973337008701762e-06 5.999421953231561799e-01 -1.179012072338420786e-02 1.191297896140356869e-04 5.220982473407543379e-05 -9.374500667961875129e-07 3.41 0.00021016830205 1.6e-09
8.653937957749876532e-05 3.077568511027695131e+00 5.117289445566523473e-03 1.927564670910667075e-04 1.332809966902340256e-05 3.422213418428806831e-07 3.41 0.00021016830205 1.6e-09
-1.056131898774800246e-05 3.131758658287343788e+00 3.207035605968981684e-02 1.955690353224893562e-04 -1.214325601566925308e-05 1.416933694210288028e-07 3.41 0.00021016830205 1.6e-09
3.311765183754489315e-06 6.783487427908132528e-01 1.146980403607513604e-02 1.139362883778494606e-04 -5.408210563750394070e-05 -1.552457694257301100e-06 3.41 0.00021016830205 1.6e-09
4.556778450002899083e-06 1.841748793426872588e+00 -8.949541466614557850e-03 1.331919238259065674e-04 3.503849124181197756e-05 5.400065358346230742e-07 3.41 0.00021016830205 1.6e-09
-6.731206421890877751e-05 3.410586243135716344e+00 4.039449878011285022e-02 2.101869730192003241e-04 2.138025177566400624e-06 3.707030884887230113e-07 3.41 0.00021016830205 1.6e-09
5.100646210795999682e-05 2.332589447296813390e+00 5.158269302899340381e-02 1.554346206926528499e-04 -2.662009226519266409e-05 -2.981061149433724623e-07 3.41 0.00021016830205 1.6e-09
-4.361091405663380645e-05 4.459023514243269926e-01 -1.385934114458793609e-02 1.386786937676478388e-04 3.335325543565108275e-05 -1.897774689238662381e-06 3.41 0.00021016830205 1.6e-09
5.886419606023112410e-05 2.885294854605457537e+00 3.045044817516716351e-02 1.828290434124950825e-04 1.745658819902308836e-05 7.020728578287662850e-07 3.41 0.00021016830205 1.6e-09
-3.726044867712085314e-05 3.305652513388898317e+00 7.528066370776675953e-02 2.046307704292139938e-04 -8.198450412452589663e-06 1.378791844982053168e-07 3.41 0.00021016830205 1.6e-09
5.071219966576321687e-06 1.088954969217521551e+00 3.243690218384616408e-02 1.091738810578355822e-04 -4.966695881827458875e-05 -1.855625238174825203e-06 3.41 0.00021016830205 1.6e-09
-3.433257373302419301e-05 1.347643920543486917e+00 -5.586146337361284908e-03 1.150096446084933425e-04 4.455787327696939442e-05 1.045279508158990376e-06 3.41 0.00021016830205 1.6e-09
-4.723901829756693878e-07 3.365482332497321760e+00 7.188475977960429031e-02 2.077776313965031419e-04 6.178051493631662425e-06 5.035044933042495975e-07 3.41 0.00021016830205 1.6e-09
-6.316903771019740960e-05 2.739593711687447808e+00 8.308877583692608759e-02 1.754305886112694454e-04 -2.003477859754633814e-05 -3.956484232572900920e-07 3.41 0.00021016830205 1.6e-09
-6.179787037084925037e-05 4.093563525664904446e-01 -8.864725474391019905e-03 1.463399425090890541e-04 -1.369512593570826621e-05 -2.910800348125913284e-06 3.41 0.00021016830205 1.6e-09
2.360772678276216289e-05 2.526628878929630950e+00 3.562416886713744291e-02 1.648317981094624379e-04 2.352059432982213084e-05 9.433225192926157750e-07 3.41 0.00021016830205 1.6e-09
2.823743317944119090e-05 3.402649185559851741e+00 9.252292768166248127e-02 2.097504086120428586e-04 -3.891539047749422361e-06 1.812795035894986310e-07 3.41 0.00021016830205 1.6e-09
-5.144196452942503622e-05 1.638713541356901171e+00 5.393738130283654009e-02 1.249738839039455447e-04 -3.881763760799281635e-05 -1.401754514548147239e-06 3.41 0.00021016830205 1.6e-09
4.430231483245929407e-05 8.292211640116369242e-01 -1.456478780079644222e-02 1.090016957947316951e-04 5.382437697085078036e-05 9.143329658507501690e-07 3.41 0.00021016830205 1.6e-09
6.942413964052721422e-05 3.206907081119740432e+00 7.231967054022764296e-02 1.994821369488202433e-04 1.037127070358140706e-05 6.505579206786290285e-07 3.41 0.00021016830205 1.6e-09
-2.462432778340297969e-05 2.989353815386336599e+00 9.556051653897407183e-02 1.881941985658314284e-04 -1.516053011838076432e-05 -2.670769711233286892e-07 3.41 0.00021016830205 1.6e-09
5.561206646534599230e-05 5.129923088419873212e-01 7.284573783443036490e-04 1.282517149380089840e-04 -4.578817196373252240e-05 -3.485539926037629556e-06 3.41 0.00021016830205 1.6e-09
4.070091377930082919e-05 2.141903572830003988e+00 2.802152294694289225e-02 1.464994953382355925e-04 2.969042063913423732e-05 1.251981466543356325e-06 3.41 0.00021016830205 1.6e-09
-9.881557080374677956e-05 3.405615304742472205e+00 1.053270391499264019e-01 2.099383337146106681e-04 -5.407507355704354906e-07 3.213965282523475372e-07 3.41 0.00021016830205 1.6e-09
2.045602939618959966e-05 2.017676692131506577e+00 7.698432476572386607e-02 1.408600075856336490e-04 -3.179884434438540707e-05 -1.210522942563916944e-06 3.41 0.00021016830205 1.6e-09
1.215473205967182609e-05 5.709918198510844922e-01 -2.017075503395972247e-02 1.217022627445187092e-04 5.075232552152847908e-05 3.947342210253851014e-07 3.41 0.00021016830205 1.6e-09
-3.120689449365502115e-05 3.050758646275657959e+00 8.545770010536526962e-02 1.913677350622554612e-04 1.384400957961992907e-05 9.171377016474634523e-07 3.41 0.00021016830205 1.6e-09
-1.537134732413485849e-05 3.151312224333249645e+00 1.238365759168789798e-01 1.965862966685544733e-04 -1.162598956349801439e-05 -2.121922783330432445e-07 3.41 0.00021016830205 1.6e-09
5.043210947728902447e-05 7.185598813474687319e-01 1.523769377409367118e-02 1.120706235243894039e-04 -5.424766813397837746e-05 -3.742093156788563408e-06 3.41 0.00021016830205 1.6e-09
8.281331308202237885e-07 1.784761413480125292e+00 3.015246585185264727e-02 1.308072044239731745e-04 3.604766198449433669e-05 1.847494479421489183e-06 3.41 0.00021016830205 1.6e-09
1.548953340980132795e-05 3.406921704024413078e+00 1.368915359306897561e-01 2.099883075194956361e-04 2.621716184313558125e-06 4.469725992301052247e-07 3.41 0.00021016830205 1.6e-09
8.770245268493983475e-06 2.388215821996751753e+00 1.100575706295537637e-01 1.581000480256152169e-04 -2.565890759401399246e-05 -1.214947785293776036e-06 3.41 0.00021016830205 1.6e-09
1.190242848488709692e-05 4.318612996315100983e-01 -2.153413525176541693e-02 1.413975193264380831e-04 2.823193270207933236e-05 -4.450361949528844092e-07 3.41 0.00021016830205 1.6e-09
8.200565540768974785e-05 2.844880916779342073e+00 1.055571814748803988e-01 1.807622831328963887e-04 1.816862485627823714e-05 1.240547482989041726e-06 3.41 0.00021016830205 1.6e-09
-4.663153601339905239e-05 3.326449650056067853e+00 1.577540622338987619e-01 2.057191872732514176e-04 -7.549108536754968839e-06 -1.951401222997820644e-07 3.41 0.00021016830205 1.6e-09
1.197411276170206947e-05 1.173720018401618326e+00 4.259711782098210553e-02 1.106391315239943008e-04 -4.793895512110422376e-05 -3.152804356256135815e-06 3.41 0.00021016830205 1.6e-09
1.545090240574203632e-05 1.261110834979244810e+00 1.895360246993857412e-02 1.126502004082280991e-04 4.622077990654361755e-05 2.571269487544934213e-06 3.41 0.00021016830205 1.6e-09
-2.406415345987255466e-05 3.344987748303408281e+00 1.513328183350627909e-01 2.066972837081066934e-04 6.835994927061528667e-06 5.711518539077573488e-07 3.41 0.00021016830205 1.6e-09
-1.915997222728341859e-06 2.789493236633086681e+00 1.337810084398039501e-01 1.779513643801719275e-04 -1.910988666861350693e-05 -1.029805998216796200e-06 3.41 0.00021016830205 1.6e-09
6.967815683067266790e-05 4.183955286351675462e-01 -1.765384864917460966e-02 1.443005019218570337e-04 -2.091248828584043017e-05 -2.315317883943364581e-06 3.41 0.00021016830205 1.6e-09
6.647337796435150647e-05 2.460349447806562395e+00 9.380629158756073616e-02 1.615929372696244958e-04 2.450066344575806755e-05 1.535640967200129129e-06 3.41 0.00021016830205 1.6e-09
-2.457738061917724042e-05 3.403126817686763950e+00 1.614894812415184344e-01 2.097817850192003092e-04 -3.284240111438121186e-06 -7.434675207321449484e-08 3.41 0.00021016830205 1.6e-09
-5.774984943871948984e-05 1.708837750234032393e+00 6.767958287533776263e-02 1.277210858815232123e-04 -3.741889561331998386e-05 -2.285641122383880061e-06 3.41 0.00021016830205 1.6e-09
-4.901911577036203955e-05 7.739790360408660419e-01 -2.665240321556768769e-03 1.102123953626625520e-04 5.419749920969503532e-05 2.995561035656165892e-06 3.41 0.00021016830205 1.6e-09
3.433972734710163320e-05 3.177221204333829263e+00 1.435476076106995680e-01 1.979375583965240870e-04 1.093683709127447597e-05 7.368140822696544499e-07 3.41 0.00021016830205 1.6e-09
2.554414260661608911e-05 3.012941173589637422e+00 1.415993736940828196e-01 1.894150757480850928e-04 -1.455740025029954093e-05 -8.128931291116512674e-07 3.41 0.00021016830205 1.6e-09
5.924149932979169101e-05 5.367879770621100111e-01 -1.008775742892145319e-02 1.253368838567021362e-04 -4.816720589159953383e-05 -3.301323408010045227e-06 3.41 0.00021016830205 1.6e-09
-1.762884190778557072e-05 2.087710277139097848e+00 8.101547275781034729e-02 1.440216925173883598e-04 3.052961725506829829e-05 1.938736945748251373e-06 3.41 0.00021016830205 1.6e-09
-4.565949877166546674e-05 3.401265961607472299e+00 1.676662852360239486e-01 2.097109146332192832e-04 -9.450102983907240550e-08 3.958040787986436294e-08 3.41 0.00021016830205 1.6e-09
1.274862821216420460e-05 2.065855066435506870e+00 8.681256260919709145e-02 1.430291882532405267e-04 -3.090382526352122882e-05 -1.945580191260921604e-06 3.41 0.00021016830205 1.6e-09
-6.198911282118673837e-05 5.467639237054706669e-01 -1.256269937141852450e-02 1.241755302903358360e-04 4.908848884376990854e-05 3.254298948357535478e-06 3.41 0.00021016830205 1.6e-09
6.027482525559495251e-07 3.024426659365925474e+00 1.490338036423579093e-01 1.900050909549061851e-04 1.434448154808244598e-05 9.195417234959609688e-07 3.41 0.00021016830205 1.6e-09
-8.724575997999693884e-05 3.171999677098932935e+00 1.570212195284955703e-01 1.976623997593456136e-04 -1.109570004307985802e-05 -7.373411162716238607e-07 3.41 0.00021016830205 1.6e-09
5.422320273466348122e-05 7.614267744528877557e-01 9.594732743524369482e-05 1.105541621179453014e-04 -5.426718969586060988e-05 -3.446492359386423075e-06 3.41 0.00021016830205 1.6e-09
-5.464595775724744194e-05 1.725743760000728599e+00 7.459589534374955200e-02 1.283970033685731180e-04 3.708175909855054441e-05 2.503579512667034481e-06 3.41 0.00021016830205 1.6e-09
-2.189254303636853035e-06 3.403396907450566999e+00 1.787284370749977480e-01 2.097966140686971450e-04 3.144874810636889209e-06 9.262774994780489711e-08 3.41 0.00021016830205 1.6e-09
-1.687214178295381664e-05 2.445719718074008675e+00 1.044697774297762977e-01 1.608796361308324199e-04 -2.472599875971692311e-05 -1.706456654238631820e-06 3.41 0.00021016830205 1.6e-09
-3.875037196732875093e-05 4.206928568809973346e-01 -1.850998144241768409e-02 1.437215339397910100e-04 2.272394102574085343e-05 3.061795753960848136e-06 3.41 0.00021016830205 1.6e-09
2.879064566667460283e-05 2.801904410977872573e+00 1.445628010879728698e-01 1.785739774229792637e-04 1.893963814224414156e-05 1.056330726747847318e-06 3.41 0.00021016830205 1.6e-09
-9.632738173974715449e-05 3.347393503612386301e+00 1.594526154280790642e-01 2.068182217056213342e-04 -6.899428779197656686e-06 -6.400281933861831829e-07 3.41 0.00021016830205 1.6e-09
1.364329146229544513e-06 1.257567164671475890e+00 1.758169232216749006e-02 1.125395238464029835e-04 -4.633888280090876614e-05 -2.685315736980776754e-06 3.41 0.00021016830205 1.6e-09
-1.123893894525660123e-05 1.177596951275023063e+00 4.442018299469382980e-02 1.107329929538202509e-04 4.782718373270578168e-05 3.106125546927689460e-06 3.41 0.00021016830205 1.6e-09
-7.604417487151237732e-05 3.325735887928213508e+00 1.538059243379880370e-01 2.056844865750756188e-04 7.503609029877181464e-06 1.441874167143536994e-07 3.41 0.00021016830205 1.6e-09
6.126217300199217797e-05 2.837469726213763366e+00 9.884166731993956900e-02 1.803873498273605535e-04 -1.828411294419387688e-05 -1.236504798748540143e-06 3.41 0.00021016830205 1.6e-09
-5.073307495887786038e-05 4.299676736860543191e-01 -2.094075324055383325e-02 1.418503485432310663e-04 -2.707119972598493569e-05 1.028892080741206846e-06 3.41 0.00021016830205 1.6e-09
-3.647940914245845277e-05 2.397955645483227372e+00 1.035447695494627618e-01 1.585695131255255284e-04 2.551340448018277416e-05 1.122311654728192491e-06 3.41 0.00021016830205 1.6e-09
7.256596866660965952e-05 3.407354989223628117e+00 1.276187675013476241e-01 2.100101002291932754e-04 -2.712463973777324190e-06 -4.262866247643980244e-07 3.41 0.00021016830205 1.6e-09
-3.382630545228579051e-05 1.775691788013159300e+00 2.730254514813783978e-02 1.304309204619224041e-04 -3.623172246960360498e-05 -1.727756567435989347e-06 3.41 0.00021016830205 1.6e-09
5.573763983240262806e-06 7.248284311839032767e-01 1.255089518689756628e-02 1.118474915996059275e-04 5.423075635333215257e-05 3.478539041184032606e-06 3.41 0.00021016830205 1.6e-09
2.159521379559274656e-06 3.152796705894232776e+00 1.196464669263249125e-01 1.966678491172422637e-04 1.152260376004094610e-05 2.571563203252895561e-07 3.41 0.00021016830205 1.6e-09
6.575155018444898557e-05 3.041014878855825998e+00 8.697221490062390092e-02 1.908678281081425520e-04 -1.399492383135122495e-05 -8.620046918997940333e-07 3.41 0.00021016830205 1.6e-09
3.342491474407887492e-05 5.625035974017780216e-01 -1.782277431501631121e-02 1.225726367962981381e-04 -5.015775500788288808e-05 -5.956090587731648932e-07 3.41 0.00021016830205 1.6e-09
-6.559022914145896802e-05 2.034147688840389101e+00 7.743288416529672813e-02 1.416037919751361534e-04 3.147957370638723490e-05 1.325088031260074392e-06 3.41 0.00021016830205 1.6e-09
-3.378857263723558538e-05 3.402531190457662724e+00 1.153252594550960991e-01 2.097789752967259042e-04 3.667549919914195843e-07 -2.609928369695929772e-07 3.41 0.00021016830205 1.6e-09
-4.127554321212507568e-05 2.117088376437477493e+00 3.759190618355413849e-02 1.453640226694498264e-04 -3.008341018833360979e-05 -1.363669679381784836e-06 3.41 0.00021016830205 1.6e-09
1.532377191025575196e-05 5.233419122798683709e-01 -1.080819547296460979e-03 1.269132855914345439e-04 4.696200856869087739e-05 3.764611961200582489e-06 3.41 0.00021016830205 1.6e-09
-4.008341063574025719e-05 3.001119064778484447e+00 1.116177772841702998e-01 1.888005757410649119e-04 1.490761232891053251e-05 3.901880784273942348e-07 3.41 0.00021016830205 1.6e-09
6.619470444891270599e-05 3.197024413052145242e+00 9.146990640213045753e-02 1.989656556873824851e-04 -1.060650718410523010e-05 -7.158272452481222448e-07 3.41 0.00021016830205 1.6e-09
-4.353254257372551390e-05 8.073531274294966087e-01 -1.307530873688619519e-02 1.094000375416333384e-04 -5.404453208445192402e-05 -1.350978645054179403e-06 3.41 0.00021016830205 1.6e-09
5.212792403291661352e-05 1.665656994958003123e+00 6.530583285761634715e-02 1.260217874498605582e-04 3.825947088024190374e-05 1.682348234915654077e-06 3.41 0.00021016830205 1.6e-09
5.246140172421111155e-05 3.402558813929177362e+00 1.135023679569828470e-01 2.097491786548627275e-04 3.646613218412065688e-06 -2.024899178898634316e-07 3.41 0.00021016830205 1.6e-09
3.628825458377720484e-05 2.499362247280767946e+00 4.513941199548571204e-02 1.634956120677986719e-04 -2.393921595475460674e-05 -1.159275575648317619e-06 3.41 0.00021016830205 1.6e-09
-2.309654587416183161e-05 4.125181375189022059e-01 -9.250609985148913750e-03 1.455493933775380889e-04 1.708222956031558773e-05 4.025768945987096582e-06 3.41 0.00021016830205 1.6e-09
4.769130160677833132e-05 2.763346728419926457e+00 9.605349208905819558e-02 1.766217986458976672e-04 1.968429129563253289e-05 3.931281958234287769e-07 3.41 0.00021016830205 1.6e-09
5.980746703672430871e-05 3.365594128424379328e+00 7.844788441187153238e-02 2.077767200677135557e-04 -6.381488915820815939e-06 -6.092666528670801860e-07 3.41 0.00021016830205 1.6e-09
-5.442769259861034598e-06 1.328044732482491774e+00 -1.003149667222829992e-02 1.144255823425577778e-04 -4.499651276276517796e-05 -1.109076610260711408e-06 3.41 0.00021016830205 1.6e-09
5.826756901363401797e-06 1.108428828750568584e+00 3.651703149947718718e-02 1.094736709937765601e-04 4.926778458451801517e-05 1.829054684969797172e-06 3.41 0.00021016830205 1.6e-09
1.671604824530716391e-05 3.311118912874530196e+00 7.208629286536853698e-02 2.049174795886918559e-04 8.044191610860475201e-06 -2.161359302356642940e-07 3.41 0.00021016830205 1.6e-09
-2.816561315574563773e-05 2.875532463207359335e+00 2.197868529949265071e-02 1.823292844415329175e-04 -1.764739811327628526e-05 -7.149022007270762098e-07 3.41 0.00021016830205 1.6e-09
-3.593903262087780342e-05 4.419715801045909775e-01 -1.362824426734463024e-02 1.394663965529669325e-04 -3.185171949512700116e-05 2.661424021758236200e-06 3.41 0.00021016830205 1.6e-09
-1.397735090985020075e-05 2.348671605133175966e+00 4.808953818080868858e-02 1.562001464516621330e-04 2.638106920393690983e-05 2.141486138646526551e-07 3.41 0.00021016830205 1.6e-09
4.366464859137082435e-05 3.413269391322959478e+00 3.284906224932840346e-02 2.103246548383531261e-04 -2.243478521317661606e-06 -3.751878764894184273e-07 3.41 0.00021016830205 1.6e-09
3.582198835931288470e-05 1.833719247150546128e+00 -1.282812920061631237e-02 1.328436216067252419e-04 -3.522162085570554454e-05 -4.399293956454344190e-07 3.41 0.00021016830205 1.6e-09
-2.340301673842668751e-05 6.838788236818125199e-01 1.013780615669700527e-02 1.136606555298525742e-04 5.412748948562354120e-05 1.460839948231667237e-06 3.41 0.00021016830205 1.6e-09
-3.393752615448383000e-05 3.134081645942275784e+00 3.146644971708457278e-02 1.956917420603224850e-04 1.205970714186346146e-05 -1.114556859060885718e-07 3.41 0.00021016830205 1.6e-09
-6.633498603142869946e-05 3.071413698400601078e+00 7.389962476987770382e-03 1.924392281033895620e-04 -1.343568977275417582e-05 -3.212574713326385641e-07 3.41 0.00021016830205 1.6e-09
5.409196547898061189e-05 5.932847159707188567e-01 -1.044011396225423202e-02 1.197009693740943507e-04 -5.190168402631274074e-05 8.327856791596446707e-07 3.41 0.00021016830205 1.6e-09
6.839403918623014383e-05 1.978279762127660657e+00 2.280254076700979904e-02 1.391120667680270531e-04 3.253496119944646996e-05 2.821751920177856592e-07 3.41 0.00021016830205 1.6e-09
-1.049232194803583921e-04 3.407536376438029091e+00 2.442816485187157549e-02 2.100387956505896407e-04 8.963518734294463603e-07 -1.412418166879244084e-07 3.41 0.00021016830205 1.6e-09
5.816964006976099889e-05 2.182928525657627183e+00 1.215378068285136040e-03 1.483938694337915906e-04 -2.904398360390711724e-05 -3.033108957179770469e-07 3.41 0.00021016830205 1.6e-09
2.615510834528061586e-05 4.955147708810060947e-01 -1.023919494618194363e-03 1.306001344621762869e-04 4.375683987065078818e-05 1.110500865786576883e-06 3.41 0.00021016830205 1.6e-09
-8.109053248106825576e-05 2.970946333293969843e+00 3.058905296777450489e-02 1.872389197981279610e-04 1.565334123548069574e-05 1.075248965753677741e-07 3.41 0.00021016830205 1.6e-09
8.227383575000737025e-05 3.232575258517023542e+00 2.491864687777455012e-02 2.008165044839972841e-04 -9.899966398671937212e-06 -1.961039608163716590e-07 3.41 0.00021016830205 1.6e-09
-2.641510825975925084e-05 8.827698482270018854e-01 -3.687602296875743500e-03 1.083241870059208279e-04 -5.323231571775586125e-05 -3.615172469078357643e-07 3.41 0.00021016830205 1.6e-09
-2.508672341599753610e-05 1.574853822984942919e+00 1.826675853600614671e-02 1.225787831133509176e-04 4.007704564911186685e-05 5.884072505697484431e-07 3.41 0.00021016830205 1.6e-09
8.081341469560291715e-05 3.397130270448558420e+00 3.744130488555703906e-02 2.094571784730697348e-04 4.384945822686740993e-06 -3.100933351286729276e-08 3.41 0.00021016830205 1.6e-09
4.505190266842749891e-05 2.576131294820990902e+00 1.803537993059524391e-02 1.672718589941715609e-04 -2.274093777715858274e-05 -3.595487418751152650e-07 3.41 0.00021016830205 1.6e-09
-1.415578975080251749e-05 4.046540006729115180e-01 -4.848587630307886302e-03 1.474077602503901278e-04 8.042971122821154366e-06 1.090645551415167214e-06 3.41 0.00021016830205 1.6e-09
-1.798981968837575521e-05 2.698592300490797680e+00 2.805851800725794529e-02 1.733647695688749228e-04 2.078993327636330916e-05 1.674003221225705977e-07 3.41 0.00021016830205 1.6e-09
-9.185667813760623238e-05 3.382009788714262832e+00 2.673404842005716597e-02 2.086471023536727208e-04 -5.623638559203898238e-06 -1.547786207767290377e-07 3.41 0.00021016830205 1.6e-09
5.332316882539838115e-05 1.424195954224892979e+00 1.986700442531409943e-04 1.173491514449258045e-04 -4.308291421970252368e-05 -3.960090063806866277e-07 3.41 0.00021016830205 1.6e-09
-4.708004996181179059e-05 1.017383348555116473e+00 5.183552520740947016e-03 1.083876954774462944e-04 5.103670493921961854e-05 3.772512777749610776e-07 3.41 0.00021016830205 1.6e-09
8.053716223455545235e-05 3.282523008650806595e+00 1.446860432173170154e-02 2.034239124575104758e-04 8.736742783459684367e-06 -1.629890815830457793e-08 3.41 0.00021016830205 1.6e-09
-5.307661274058208720e-05 2.912772102225233084e+00 6.650032932543157443e-03 1.842424485743421564e-04 -1.688329720986299034e-05 -1.302512961339362191e-07 3.41 0.00021016830205 1.6e-09
2.461869563693227424e-05 4.589731667660091330e-01 -2.903934189209486996e-03 1.363899307714594162e-04 -3.683403525373381759e-05 3.890599750301366180e-07 3.41 0.00021016830205 1.6e-09
2.885669264418583499e-05 2.288529016914713665e+00 -1.065118098151513273e-03 1.533404822802351085e-04 2.734471897965650266e-05 5.308284673361809119e-08 3.41 0.00021016830205 1.6e-09
5.678077026374754176e-05 3.412576283255464471e+00 3.902562445825119922e-03 2.102941340834978612e-04 -1.740969977020766893e-06 3.786086468107196244e-08 3.41 0.00021016830205 1.6e-09
-3.242357251530913846e-05 1.889386353776173255e+00 4.688761255533624266e-03 1.352203632080514945e-04 -3.418753747956073937e-05 -4.872211424812070717e-08 3.41 0.00021016830205 1.6e-09
3.393098090188614651e-05 6.470145135942980685e-01 -7.257376407381428349e-03 1.157420088742232192e-04 5.360634010214660144e-05 -6.121917727833545459e-07 3.41 0.00021016830205 1.6e-09
8.656594637027772532e-05 3.111802102356408639e+00 -3.199534748491108041e-03 1.945331022107036484e-04 1.257626743893555977e-05 1.657780483327369940e-07 3.41 0.00021016830205 1.6e-09
7.898602388900505126e-05 3.097676709848768528e+00 1.246957540701385848e-02 1.937989501643809487e-04 -1.290011964120519537e-05 1.144460919815875228e-07 3.41 0.00021016830205 1.6e-09
-5.762345725612327862e-05 6.265797780030128994e-01 6.095908727924114791e-03 1.171138175797711113e-04 -5.310008091077971377e-05 -8.319825196153295677e-07 3.41 0.00021016830205 1.6e-09
-1.697065950023883538e-05 1.922280074530976268e+00 -1.085025960550364127e-02 1.366476799600097329e-04 3.357304989141834034e-05 2.764535173681520874e-07 3.41 0.00021016830205 1.6e-09
2.938265345694867145e-05 3.410865900628285985e+00 2.015421175388228819e-02 2.102078785484682026e-04 1.421098827486524204e-06 2.680122457079719154e-07 3.41 0.00021016830205 1.6e-09
1.155815856892369810e-05 2.249851839220391447e+00 3.205588045059239860e-02 1.515162096926342189e-04 -2.796241895450358742e-05 -1.417250768927608328e-07 3.41 0.00021016830205 1.6e-09
5.885799927386503897e-05 4.711220266593071915e-01 -1.162517201045427592e-02 1.342872477667459731e-04 3.963422407051285664e-05 -1.550040646614043237e-06 3.41 0.00021016830205 1.6e-09
-5.963531096528643311e-06 2.935964628913919849e+00 1.646784745789871968e-02 1.854306801489203575e-04 1.644686656233236690e-05 5.075316835814274062e-07 3.41 0.00021016830205 1.6e-09
-3.661596985754136501e-06 3.269400051333180901e+00 5.188323748217323061e-02 2.027349462555856478e-04 -9.110164373402515853e-06 1.453785810301603913e-07 3.41 0.00021016830205 1.6e-09
4.260089591956557826e-05 9.757494773944088706e-01 2.299746051407969283e-02 1.081273293785764867e-04 -5.177061147306422702e-05 -1.517169821118212089e-06 3.41 0.00021016830205 1.6e-09
1.045503071014768239e-05 1.469456214159945207e+00 -6.089416509923482185e-03 1.188539657956735331e-04 4.214763633724072790e-05 7.591448935979541955e-07 3.41 0.00021016830205 1.6e-09
1.013671680606133117e-04 3.385923206056253854e+00 5.426501948242078155e-02 2.088582650552770143e-04 5.236542729430594345e-06 4.117143586020483657e-07 3.41 0.00021016830205 1.6e-09
3.928649161813724109e-05 2.660039319264174473e+00 6.499702791286419978e-02 1.714381402521936962e-04 -2.138520313210458799e-05 -3.065895736165595512e-07 3.41 0.00021016830205 1.6e-09
-6.976893964598229324e-05 4.031805844047711140e-01 -8.633144599338796188e-03 1.477667320823105386e-04 -2.797991397335318495e-06 -2.380775730417527934e-06 3.41 0.00021016830205 1.6e-09
-7.796138867919646129e-05 2.615990238830566028e+00 2.792630076675133022e-02 1.692427723498374638e-04 2.211816763080923150e-05 7.420559297973940288e-07 3.41 0.00021016830205 1.6e-09
-6.424344684919467839e-05 3.394704859591817669e+00 7.416170416782315311e-02 2.093229295980145719e-04 -4.753571870312921422e-06 1.574587872101521587e-07 3.41 0.00021016830205 1.6e-09
-3.439315978328159776e-05 1.533765982087801127e+00 4.246009136302389408e-02 1.210798832461164201e-04 -4.087382803228974788e-05 -1.223421754373374177e-06 3.41 0.00021016830205 1.6e-09
-2.482948532396412450e-05 9.181164276394251367e-01 -1.280757696160615342e-02 1.081370818142562686e-04 5.268328524336120873e-05 6.787408302750302694e-07 3.41 0.00021016830205 1.6e-09
5.742031758528249685e-05 3.244585776579341108e+00 5.549640643411489493e-02 2.014453439043746162e-04 9.549202700494501260e-06 5.256576386348461827e-07 3.41 0.00021016830205 1.6e-09
1.484750191132197457e-05 2.950482101028538473e+00 7.583251631130605297e-02 1.861869327791234143e-04 -1.602785992102999352e-05 -1.962327360275619520e-07 3.41 0.00021016830205 1.6e-09
-5.184308850629656875e-05 4.832091401868631175e-01 -2.116889499734367981e-04 1.324675821895392441e-04 -4.158489520557251298e-05 -2.983868484681353253e-06 3.41 0.00021016830205 1.6e-09
4.258965794215951658e-05 2.217052873093893872e+00 1.770554369715385962e-02 1.499837710365958614e-04 2.846087446225964483e-05 9.523341108163466756e-07 3.41 0.00021016830205 1.6e-09
5.895239476505929259e-05 3.407465872889841485e+00 8.085229632075030537e-02 2.100322847735022758e-04 -1.183256823904504912e-06 3.001518075908697374e-07 3.41 0.00021016830205 1.6e-09
-4.255835041045390985e-05 1.947136752875478827e+00 6.226546729927232016e-02 1.377367926866599206e-04 -3.307019193627915341e-05 -9.722900030358928531e-07 3.41 0.00021016830205 1.6e-09
-5.074361852084176787e-05 6.106198607552386637e-01 -1.921446770053773095e-02 1.182880120162895508e-04 5.256441304639850308e-05 1.564596513145661369e-08 3.41 0.00021016830205 1.6e-09
8.128495863117489169e-05 3.083533612967811699e+00 6.264919921088649146e-02 1.930683653168724985e-04 1.312342274438816208e-05 7.739633711374043373e-07 3.41 0.00021016830205 1.6e-09
-9.451692156591712561e-05 3.118605238918467304e+00 9.979811977793484612e-02 1.948883715331111832e-04 -1.234900577202402612e-05 -1.044408178148579639e-07 3.41 0.00021016830205 1.6e-09
-8.950320976094638519e-06 6.627434898310062827e-01 1.300859295834707816e-02 1.148072798093460360e-04 -5.374952475690702547e-05 -3.430005173500327334e-06 3.41 0.00021016830205 1.6e-09
-9.121763689664119098e-06 1.865892935526032304e+00 1.871728641645355184e-02 1.342180543594537006e-04 3.456522299212127418e-05 1.460925520097575755e-06 3.41 0.00021016830205 1.6e-09
3.693434004455212292e-05 3.408424832916206348e+00 1.113080683709552071e-01 2.100750241789616727e-04 1.904621307039519005e-06 4.502583311254210061e-07 3.41 0.00021016830205 1.6e-09
-2.801990091489843911e-05 2.305648987971877339e+00 9.525130236783839466e-02 1.541533656168708440e-04 -2.699478372190800831e-05 -1.017581399575374634e-06 3.41 0.00021016830205 1.6e-09
5.205295147271956431e-05 4.531348304617311973e-01 -2.097686346749044750e-02 1.373463936395941153e-04 3.535865176580356851e-05 -8.067449848197143979e-07 3.41 0.00021016830205 1.6e-09
-5.602599123559908769e-05 2.900150719985402858e+00 8.691759014797420524e-02 1.835884825378758588e-04 1.713472384856292596e-05 1.118134454700054074e-06 3.41 0.00021016830205 1.6e-09
6.695327693258208484e-05 3.294037795151054659e+00 1.394391898337947189e-01 2.040210307288121852e-04 -8.458936549388913420e-06 -1.011074941109111810e-07 3.41 0.00021016830205 1.6e-09
5.201852756262169669e-05 1.057674908877009878e+00 3.802371009414087788e-02 1.087634881729886209e-04 -5.019547738648239189e-05 -3.150328654407878241e-06 3.41 0.00021016830205 1.6e-09
-3.290962629009894387e-05 1.381503033775612455e+00 1.532681847475695150e-02 1.160179183339373745e-04 4.385012530649048013e-05 2.171127705295389479e-06 3.41 0.00021016830205 1.6e-09
5.524004880064658141e-05 3.370112538379022471e+00 1.377939466986837502e-01 2.080204772331636356e-04 5.920293012764636491e-06 5.812320577959578875e-07 3.41 0.00021016830205 1.6e-09
-4.161876911307886855e-05 2.719857780457385132e+00 1.266018578522926652e-01 1.744347099667656385e-04 -2.033122245791833013e-05 -9.438515895973583574e-07 3.41 0.00021016830205 1.6e-09
3.868323328865776227e-05 4.073752304197501006e-01 -1.721918582329837535e-02 1.467689605095047522e-04 -1.123044621093278550e-05 -2.492332669123449624e-06 3.41 0.00021016830205 1.6e-09
2.731364512002421485e-07 2.546774334548330465e+00 8.637307928042819993e-02 1.658205079204883373e-04 2.315876892648572027e-05 1.430257336697497243e-06 3.41 0.00021016830205 1.6e-09
-3.132146375184009172e-05 3.399204120978663202e+00 1.539535460431903369e-01 2.095656926275008079e-04 -4.077336585075478213e-06 -1.958720280360243816e-08 3.41 0.00021016830205 1.6e-09
1.707817040865189565e-05 1.616496558799372263e+00 6.608888702648321734e-02 1.241227889784880128e-04 -3.919862409825369419e-05 -2.312845583031036114e-06 3.41 0.00021016830205 1.6e-09
1.770408252229438244e-06 8.478437767397093427e-01 -3.694708887768946570e-03 1.087186143074447142e-04 5.357950193710143028e-05 2.590219551609239116e-06 3.41 0.00021016830205 1.6e-09
-7.128576639930468879e-05 3.212255900692977839e+00 1.351090650541232618e-01 1.997600276316617682e-04 1.019016979296479252e-05 7.429304014134410910e-07 3.41 0.00021016830205 1.6e-09
-3.855463159697473669e-05 2.978520648446507657e+00 1.381369294601622888e-01 1.876353789640277086e-04 -1.532734206428565328e-05 -7.449737002348711798e-07 3.41 0.00021016830205 1.6e-09
-3.001490642622927889e-05 5.063279117847013788e-01 -9.134147526688989743e-03 1.291431918746054172e-04 -4.492140323277834342e-05 -3.551376684335392135e-06 3.41 0.00021016830205 1.6e-09
2.575117045019077744e-05 2.157093662552159952e+00 7.406512432858104733e-02 1.472010860468593509e-04 2.937079338835944713e-05 1.816240761661636094e-06 3.41 0.00021016830205 1.6e-09
-8.015464093437052397e-05 3.402112418026015384e+00 1.611096171402819355e-01 2.097539325824993386e-04 -6.895394102558211517e-07 1.017323289954088197e-07 3.41 0.00021016830205 1.6e-09
3.609235409371310395e-05 1.998537845973470617e+00 8.702133915933155106e-02 1.400084058952128993e-04 -3.208031249375151519e-05 -1.928609855903599832e-06 3.41 0.00021016830205 1.6e-09
2.506152866867272533e-06 5.814602989143460299e-01 -1.392586738739267152e-02 1.207404418420218316e-04 5.125748085246388574e-05 2.733309241182037235e-06 3.41 0.00021016830205 1.6e-09
6.825255234869377055e-05 3.055951858934509602e+00 1.414569166207473305e-01 1.916397999122545028e-04 1.362797884092234361e-05 9.433336367875673944e-07 3.41 0.00021016830205 1.6e-09
4.689167077102357321e-05 3.138240623924918982e+00 1.557478317772486576e-01 1.959086103643884347e-04 -1.182522324714186365e-05 -6.663373655424815035e-07 3.41 0.00021016830205 1.6e-09
-5.215440180577843050e-05 7.007482663813775492e-01 1.352543648510718972e-03 1.128568914505713656e-04 -5.414591372961419246e-05 -3.766976685537238818e-06 3.41 0.00021016830205 1.6e-09
2.083334662334368733e-05 1.809234704166475804e+00 7.048315502047410031e-02 1.318264517338591760e-04 3.551790405549204742e-05 2.380815128991588400e-06 3.41 0.00021016830205 1.6e-09
-8.603511466884596406e-05 3.404500335906992969e+00 1.780848036119772604e-01 2.098633353397202591e-04 2.408868279765763260e-06 1.699172489935126296e-07 3.41 0.00021016830205 1.6e-09
-4.191626342508362275e-05 2.361044734605911799e+00 1.088553664896048656e-01 1.567965015820233193e-04 -2.605343551849490077e-05 -1.743586281047545885e-06 3.41 0.00021016830205 1.6e-09
6.174359772008881876e-05 4.384697905129104623e-01 -1.920850015301347677e-02 1.400874958328431562e-04 3.075144690464809872e-05 2.603359589430163331e-06 3.41 0.00021016830205 1.6e-09
6.258511975274596618e-05 2.861406254710203712e+00 1.467406462277554557e-01 1.816052672391324551e-04 1.782544719160732540e-05 1.131959059116405363e-06 3.41 0.00021016830205 1.6e-09
6.179193692373441545e-05 3.316184316155471823e+00 1.693474068246362263e-01 2.051800608649916057e-04 -7.815813452341883541e-06 -6.003239562804946117e-07 3.41 0.00021016830205 1.6e-09
-3.276668851377070700e-05 1.137881993830957672e+00 2.069898319452482399e-02 1.099567052739842493e-04 -4.867783971105525513e-05 -3.119970954497841998e-06 3.41 0.00021016830205 1.6e-09
1.279488901083221478e-05 1.298119048804805775e+00 4.814931430873972684e-02 1.136115131778226448e-04 4.542900858155761239e-05 3.046977063321053569e-06 3.41 0.00021016830205 1.6e-09
-4.318665606463605153e-05 3.353348510908188196e+00 1.681909279958888614e-01 2.071352516720350743e-04 6.584838229515460751e-06 2.319282154952015830e-07 3.41 0.00021016830205 1.6e-09
6.248265437574798090e-05 2.772851088425017707e+00 1.143777752786751672e-01 1.771056514329504624e-04 -1.943077329538601299e-05 -1.342923631516987565e-06 3.41 0.00021016830205 1.6e-09
-5.129787341789282035e-05 4.145678760081682457e-01 -2.138605674717516947e-02 1.451271973872123912e-04 -1.827049718609102003e-05 7.382268276555478001e-07 3.41 0.00021016830205 1.6e-09
6.259586419839156530e-05 2.483329858456091443e+00 1.145933236692465856e-01 1.627103014767969694e-04 2.414832355555906768e-05 1.254124382336553848e-06 3.41 0.00021016830205 1.6e-09
6.219232422769177678e-05 3.404407598035596116e+00 1.472162411781362534e-01 2.098454722882042668e-04 -3.470327406649566420e-06 -4.136145391892929744e-07 3.41 0.00021016830205 1.6e-09
3.107822312549513391e-05 1.688791228161791391e+00 3.602740657778252809e-02 1.269187465267522063e-04 -3.786477035093441858e-05 -2.071304762496377495e-06 3.41 0.00021016830205 1.6e-09
3.206768012764625570e-05 7.905297537429583077e-01 1.433842372171317825e-02 1.097909053574958862e-04 5.404365745680589979e-05 3.552332417022547196e-06 3.41 0.00021016830205 1.6e-09
-2.801328519805736767e-05 3.186009524643456103e+00 1.360200022773300488e-01 1.983940858804997720e-04 1.078449399359746608e-05 3.462768478009630886e-07 3.41 0.00021016830205 1.6e-09
8.743848104249001983e-05 3.007073123111942969e+00 1.041525240854469236e-01 1.891103235853282749e-04 -1.473420363999079357e-05 -9.541493574641919496e-07 3.41 0.00021016830205 1.6e-09
-4.778306184646973804e-05 5.290153289807904002e-01 -1.814759737040703286e-02 1.262544786903902112e-04 -4.748513137297504281e-05 -9.676853872299271996e-07 3.41 0.00021016830205 1.6e-09
-3.910050055910277504e-05 2.103089455405230623e+00 8.649646191813611940e-02 1.447241562284580594e-04 3.027819494369652454e-05 1.474998044882028495e-06 3.41 0.00021016830205 1.6e-09
1.022491795259863109e-04 3.401839431979277517e+00 1.332650837199231275e-01 2.097424497472671098e-04 -2.430489936901552415e-07 -2.463569101248516553e-07 3.41 0.00021016830205 1.6e-09
-1.392142638070303375e-06 2.047864537474792357e+00 4.692804065894336935e-02 1.422196643804122455e-04 -3.125685708447171378e-05 -1.608072844116857161e-06 3.41 0.00021016830205 1.6e-09
-8.835344439251845638e-06 5.562942588121125853e-01 -1.031292058496004107e-03 1.231913338495661629e-04 4.970439798716339106e-05 3.881581821239569976e-06 3.41 0.00021016830205 1.6e-09
-4.202592319448271170e-05 3.033488346000393854e+00 1.265340831965285351e-01 1.904774311022230243e-04 1.414977350683170066e-05 4.821103956426362976e-07 3.41 0.00021016830205 1.6e-09
2.020482473225572646e-05 3.160952867501750418e+00 1.077647814757282385e-01 1.970906534214296468e-04 -1.135157448132715033e-05 -7.918917395994759093e-07 3.41 0.00021016830205 1.6e-09
-1.152593836938991785e-06 7.378504801240151068e-01 -1.305249479030402837e-02 1.113485504373038285e-04 -5.434543026768084127e-05 -1.718314776346081092e-06 3.41 0.00021016830205 1.6e-09
-3.707582040954464792e-05 1.755908893495003564e+00 7.461528502939274166e-02 1.296263057485129964e-04 3.652989059674222961e-05 1.851957086172236300e-06 3.41 0.00021016830205 1.6e-09
8.043736690623391327e-05 3.404441992340178302e+00 1.335862518537697108e-01 2.098576174700120581e-04 2.858730885924291203e-06 -1.787741504850734530e-07 3.41 0.00021016830205 1.6e-09
-1.637496586959832088e-05 2.411134583862425629e+00 5.712033494026459712e-02 1.592085037637136708e-04 -2.530884533735347730e-05 -1.383876292221351703e-06 3.41 0.00021016830205 1.6e-09
-3.639260221462455562e-05 4.275173155115114532e-01 -9.632131721497145388e-03 1.423004150370226970e-04 2.624599566841809536e-05 4.242658986793408280e-06 3.41 0.00021016830205 1.6e-09
7.777814918441534984e-06 2.829112755115148481e+00 1.167231688519515947e-01 1.799583722134806595e-04 1.848790925141885128e-05 5.334738561764981446e-07 3.41 0.00021016830205 1.6e-09
-7.018789409937652396e-06 3.336606764893477184e+00 1.022649911293168068e-01 2.062525403641753650e-04 -7.302781350425155578e-06 -6.913861941531867127e-07 3.41 0.00021016830205 1.6e-09
4.632330376239916921e-05 1.204121642977712181e+00 -7.041638243022212834e-03 1.112805787261979777e-04 -4.745801486158930020e-05 -1.549614186736335649e-06 3.41 0.00021016830205 1.6e-09
-2.832856453982556609e-05 1.230000716168595964e+00 4.791504051099787498e-02 1.118818000501269863e-04 4.684813792470064145e-05 2.157809385032515864e-06 3.41 0.00021016830205 1.6e-09
1.024426474598544269e-04 3.342247560749719515e+00 1.007626837869822212e-01 2.065505365019388554e-04 7.111866952012615726e-06 -1.847273641783874223e-07 3.41 0.00021016830205 1.6e-09
6.345983660251879131e-06 2.814952466151968480e+00 4.096615322783282720e-02 1.792392886752855084e-04 -1.876750547585089197e-05 -9.494757171417919163e-07 3.41 0.00021016830205 1.6e-09
2.408434779444173986e-05 4.227629659691372055e-01 -1.546492900703900705e-02 1.433309431732031651e-04 -2.368484766553535131e-05 3.024188602848923248e-06 3.41 0.00021016830205 1.6e-09
-6.280046259630252693e-05 2.434824916930524275e+00 6.981049992891642797e-02 1.603469758951281486e-04 2.500989993751442610e-05 3.888592217935640809e-07 3.41 0.00021016830205 1.6e-09
-2.364129644031099823e-05 3.412025736032723522e+00 5.699202990916977379e-02 2.102504259757741732e-04 -2.986939337591656340e-06 -4.725155561316545674e-07 3.41 0.00021016830205 1.6e-09
-2.599320327360050731e-05 1.748736874758046955e+00 -8.837458879232757206e-03 1.293190598689000119e-04 -3.680505186161233278e-05 -7.645082071781084391e-07 3.41 0.00021016830205 1.6e-09
-5.061542211155006847e-05 7.446248576246263795e-01 1.587397136328691505e-02 1.111014341412047083e-04 5.434735757423304035e-05 2.036574287058799881e-06 3.41 0.00021016830205 1.6e-09
4.882671030387765595e-05 3.167929053861236799e+00 5.275411624062148475e-02 1.974512669474371004e-04 1.130615073169814950e-05 -1.126652414546470627e-07 3.41 0.00021016830205 1.6e-09
6.008869247821079808e-05 3.036974978703836037e+00 1.905037293819957303e-02 1.906537699711207626e-04 -1.419863869388542001e-05 -4.983026237315204645e-07 3.41 0.00021016830205 1.6e-09
2.741708735753665914e-05 5.541430256757543527e-01 -1.392215753218321861e-02 1.234068427093361819e-04 -4.966925826998847297e-05 1.096501813986458081e-06 3.41 0.00021016830205 1.6e-09
4.533986646581178621e-05 2.051621296959801555e+00 3.705386542815289341e-02 1.423877130730623526e-04 3.124153529544167478e-05 4.048661706550705339e-07 3.41 0.00021016830205 1.6e-09
-4.088409580186616566e-05 3.406635870749954442e+00 3.772789029649792347e-02 2.099937442786442565e-04 2.419576476684886376e-07 -2.343018001029415734e-07 3.41 0.00021016830205 1.6e-09
1.487058699565658852e-05 2.106582886854778902e+00 4.903782395903091536e-04 1.448794799022679286e-04 -3.031750914346380355e-05 -4.778992795637966073e-07 3.41 0.00021016830205 1.6e-09
-4.290793154148772029e-05 5.279416825070926134e-01 1.600922640220803954e-03 1.263487451535929131e-04 4.754623262259747641e-05 1.764569738225767030e-06 3.41 0.00021016830205 1.6e-09
9.389935593055815581e-05 3.009206071407765748e+00 4.312407390328870660e-02 1.892191475530136363e-04 1.477662880151954278e-05 7.648109714285015066e-08 3.41 0.00021016830205 1.6e-09
-9.130864920410800727e-05 3.192915780165565209e+00 2.898239694580904968e-02 1.987526008054040275e-04 -1.073884165197956056e-05 -3.177225085175878015e-07 3.41 0.00021016830205 1.6e-09
5.113391881094367641e-05 7.947203590002982487e-01 -8.520770167998552996e-03 1.096713008860114873e-04 -5.417894913530274379e-05 -2.312079382294838586e-07 3.41 0.00021016830205 1.6e-09
-1.414533476887039817e-05 1.681838876777148606e+00 2.865692419924250126e-02 1.266591065303397201e-04 3.800386731276938931e-05 6.894504462806687605e-07 3.41 0.00021016830205 1.6e-09
4.545824642819586012e-05 3.403595022020069472e+00 4.676704692843577926e-02 2.098077656934436324e-04 3.485836241876874984e-06 -1.063829359689566129e-07 3.41 0.00021016830205 1.6e-09
-2.304211836012142779e-05 2.480253052666319569e+00 1.658637481264595842e-02 1.625655935000389226e-04 -2.424940524999076528e-05 -4.899334952797294737e-07 3.41 0.00021016830205 1.6e-09
2.277121049268948411e-07 4.149139490630191496e-01 -4.456221307522574906e-03 1.450457746850689197e-04 1.914965770367505328e-05 1.865911477727628640e-06 3.41 0.00021016830205 1.6e-09
-2.253737761714225157e-05 2.779306443247930858e+00 4.216917103393770516e-02 1.774327323940386907e-04 1.940810338322206222e-05 1.668860301851141596e-07 3.41 0.00021016830205 1.6e-09
-1.623410762603341847e-06 3.357332854428206836e+00 3.408178338517627720e-02 2.073449876156040293e-04 -6.632985274915198355e-06 -2.701558859254158214e-07 3.41 0.00021016830205 1.6e-09
-4.683063186556006162e-06 1.292152935300934002e+00 -4.805019903218596920e-03 1.134449758816332543e-04 -4.570348055565353110e-05 -4.808838474882053137e-07 3.41 0.00021016830205 1.6e-09
1.159305007302823887e-05 1.142671847731628887e+00 1.515216467620100760e-02 1.100614652909711596e-04 4.864213847925753364e-05 6.734510615127215592e-07 3.41 0.00021016830205 1.6e-09
-7.265492948415756868e-05 3.320285083790325942e+00 2.654233098398767199e-02 2.054001520290291009e-04 7.762505398722204113e-06 -1.036060415029548477e-07 3.41 0.00021016830205 1.6e-09
4.185233873931337842e-06 2.855098764528588795e+00 6.013621446439086464e-03 1.812880860363257855e-04 -1.801907152074416589e-05 -2.762892933302102068e-07 3.41 0.00021016830205 1.6e-09
6.947423695689050301e-05 4.345681896446326742e-01 -5.319490951115326757e-03 1.409294440013260537e-04 -2.930567927408212370e-05 1.281820618820296555e-06 3.41 0.00021016830205 1.6e-09
-3.660699868763957969e-06 2.378846509278358390e+00 9.809355576056628251e-03 1.576474033982837612e-04 2.590915820920371181e-05 6.612349060307493817e-09 3.41 0.00021016830205 1.6e-09
3.122956762567726441e-06 3.413102166038363361e+00 3.738891750586438752e-03 2.103135507577687680e-04 -2.505276877573208634e-06 -9.582841164466197776e-08 3.41 0.00021016830205 1.6e-09
4.475528558603218633e-05 1.803790883405566259e+00 -5.490058786381011441e-03 1.315887741286613215e-04 -3.577868108892971624e-05 -5.043012151395153224e-08 3.41 0.00021016830205 1.6e-09
2.278289295043267466e-05 7.045442770575172098e-01 -1.607186348042347144e-03 1.126691549596105609e-04 5.433282669780508859e-05 -1.649723563237003087e-07 3.41 0.00021016830205 1.6e-09
2.355595502847432680e-06 3.147623693677548129e+00 -3.749278209847537770e-03 1.963936233361628255e-04 1.179763637718852715e-05 1.557424227253103304e-08 3.41 0.00021016830205 1.6e-09
-1.205061081893049824e-05 3.062064491716478987e+00 -7.477666896603186227e-04 1.919519265748796948e-04 -1.368163211684169202e-05 3.850744605860455381e-08 3.41 0.00021016830205 1.6e-09
-5.565708240378509545e-06 5.805614875840345857e-01 1.036560771554792234e-03 1.208153855732725705e-04 -5.133961571964371166e-05 -6.773398536058069621e-08 3.41 0.00021016830205 1.6e-09
-5.394348170660209877e-05 2.001937111007663361e+00 -8.597493562015766713e-03 1.401538359663736914e-04 3.215497600345611868e-05 9.554088320351641510e-08 3.41 0.00021016830205 1.6e-09
1.140670051149901955e-05 3.410376042395361296e+00 6.139197282144587958e-03 2.101863067569136902e-04 7.160299131238389586e-07 1.489936190172881128e-07 3.41 0.00021016830205 1.6e-09
-6.995525511414229863e-05 2.167102106994891031e+00 1.495460370780058237e-02 1.476572844653377186e-04 -2.932310312781445828e-05 -3.437563554100369123e-08 3.41 0.00021016830205 1.6e-09
2.698814364589831723e-05 5.019271536968992198e-01 -8.754053596173908339e-03 1.296705833538939687e-04 4.469425873042509449e-05 -1.090172193208198993e-06 3.41 0.00021016830205 1.6e-09
-8.193192297688908917e-06 2.981300343868009683e+00 6.504533835232680604e-03 1.877697283227374716e-04 1.547619091242689805e-05 3.243977879938608535e-07 3.41 0.00021016830205 1.6e-09
-3.986554613618782639e-06 3.228926542581697312e+00 3.116970975197983287e-02 2.006237717810361947e-04 -1.003101284754611251e-05 1.247919182165740066e-07 3.41 0.00021016830205 1.6e-09
4.576574009252764707e-05 8.703484088496125093e-01 1.422201284076072408e-02 1.084213136255226444e-04 -5.341058828876967316e-05 -1.104250037028763207e-06 3.41 0.00021016830205 1.6e-09
4.410447998067164625e-05 1.589905800670897928e+00 -5.509222964072591974e-03 1.231339386748277957e-04 3.979452793938276797e-05 5.283374310095897131e-07 3.41 0.00021016830205 1.6e-09
-3.656291509975732288e-05 3.399399878406764053e+00 3.864477101685484528e-02 2.095762960706002744e-04 4.279176442256113465e-06 3.115158985362262466e-07 3.41 0.00021016830205 1.6e-09
-7.188048769506178066e-05 2.566525454842945475e+00 4.734786386556937010e-02 1.667967364706058882e-04 -2.289213380778531059e-05 -2.325396089739313443e-07 3.41 0.00021016830205 1.6e-09
3.068192431732683371e-06 4.053942197561488658e-01 -8.230527706938668697e-03 1.472270317588631090e-04 9.184575681699569906e-06 -1.743520794041478733e-06 3.41 0.00021016830205 1.6e-09
-7.761536621585319652e-05 2.706840328870665058e+00 2.276215335590010824e-02 1.737792358060105051e-04 2.064170712689723986e-05 5.676243146071063935e-07 3.41 0.00021016830205 1.6e-09
-1.953541207630686940e-05 3.378386590103429121e+00 5.833730524974799214e-02 2.084563448314571282e-04 -5.742239243697803530e-06 1.169230909740582992e-07 3.41 0.00021016830205 1.6e-09
-3.675573461620143680e-05 1.408749079262880066e+00 3.118176708739096512e-02 1.168612960942474869e-04 -4.335005007865362967e-05 -1.066746899514201377e-06 3.41 0.00021016830205 1.6e-09
-3.976623632119661883e-05 1.031148873047201153e+00 -9.615570383852901221e-03 1.085147638435940870e-04 5.076235225394512177e-05 5.556236122513952709e-07 3.41 0.00021016830205 1.6e-09
-7.659536626624237300e-05 3.285017683621416218e+00 4.291864439940454301e-02 2.035562179592807514e-04 8.611502229206244037e-06 3.974022183151439522e-07 3.41 0.00021016830205 1.6e-09
-3.755791464775296940e-05 2.901258117117735402e+00 5.799656587376750272e-02 1.836551765513686472e-04 -1.705961167740994278e-05 -1.625419802402321567e-07 3.41 0.00021016830205 1.6e-09
-6.417108810837405066e-06 4.547489121688866320e-01 -1.617844504429629803e-03 1.371624938935457161e-04 -3.558354087123752883e-05 -2.337361871640363391e-06 3.41 0.00021016830205 1.6e-09
4.255710291841124649e-05 2.303032741411300766e+00 1.077830506814821815e-02 1.540320944500380871e-04 2.707822696020898903e-05 6.856336088049645177e-07 3.41 0.00021016830205 1.6e-09
-4.521802822400090849e-06 3.409135702095090537e+00 5.878668028744234858e-02 2.101139903429677066e-04 -1.901785121445459148e-06 2.483433314925697481e-07 3.41 0.00021016830205 1.6e-09
-6.543494178917138606e-05 1.866932112011039147e+00 4.669684643223394327e-02 1.342643990880576185e-04 -3.454659909172301877e-05 -7.513069690348389802e-07 3.41 0.00021016830205 1.6e-09
1.691051677152460571e-07 6.607684141469765127e-01 -1.725162200530896278e-02 1.149188082734533081e-04 5.381189988569295008e-05 -1.828154378830803499e-07 3.41 0.00021016830205 1.6e-09
-9.162487569969907672e-05 3.118864767183427311e+00 4.175166922529355978e-02 1.949018576252451633e-04 1.236685181054293162e-05 6.078409928264056508e-07 3.41 0.00021016830205 1.6e-09
-9.008714035955396940e-05 3.083637041297429882e+00 7.460920882065227855e-02 1.930741250058918429e-04 -1.313001516085804057e-05 -2.369930032865872856e-08 3.41 0.00021016830205 1.6e-09
-7.275304318638099808e-06 6.113881316095440832e-01 1.005088161058638810e-02 1.182475103093878267e-04 -5.251481319851504233e-05 -2.938723599573551498e-06 3.41 0.00021016830205 1.6e-09
-3.139707366542172852e-05 1.948169882253560914e+00 8.051540743192139166e-03 1.377791376141770355e-04 3.308801069971683444e-05 1.077480490622358743e-06 3.41 0.00021016830205 1.6e-09
7.401513405917633246e-05 3.408796895307908859e+00 8.353762287922668339e-02 2.101007918012690392e-04 1.171851426134780239e-06 4.221435594430774155e-07 3.41 0.00021016830205 1.6e-09
2.492856431184053482e-05 2.220023246686453788e+00 7.711400658687170284e-02 1.501181081381953129e-04 -2.840843952515583701e-05 -7.918234588671943989e-07 3.41 0.00021016830205 1.6e-09
6.067726081915945772e-05 4.811436215876320199e-01 -1.994954348832162286e-02 1.326879648861035911e-04 4.145620678523005665e-05 -1.043806981037484895e-06 3.41 0.00021016830205 1.6e-09
-2.528503340803539773e-05 2.951320848450250445e+00 6.531291503801411880e-02 1.862204885053317426e-04 1.610092496506163785e-05 9.546933981517676831e-07 3.41 0.00021016830205 1.6e-09
-4.170424548606109104e-05 3.255330661405993808e+00 1.153456003993522383e-01 2.019991567189254500e-04 -9.405522800144107095e-06 -1.223984627268835706e-08 3.41 0.00021016830205 1.6e-09
3.837083277760474943e-06 9.418665175419527191e-01 3.157841031236870155e-02 1.080671795002916859e-04 -5.225389896117140171e-05 -3.019375327321128631e-06 3.41 0.00021016830205 1.6e-09
4.860031109699383049e-05 1.508117667629827352e+00 1.031474300349796182e-02 1.201779690710082108e-04 4.136615044990109627e-05 1.749257210203525420e-06 3.41 0.00021016830205 1.6e-09
-2.549813304765791166e-05 3.389930534495911640e+00 1.185632510070642881e-01 2.090694291562057033e-04 4.943357193150863355e-06 5.644217868401053704e-07 3.41 0.00021016830205 1.6e-09
-3.523727608367361089e-05 2.633432596874573761e+00 1.135371793281863273e-01 1.701101171696366870e-04 -2.177813356461604294e-05 -8.289554553642539291e-07 3.41 0.00021016830205 1.6e-09
-1.585767584603653557e-05 4.030941223162575193e-01 -1.690136868097555020e-02 1.477575013310695280e-04 4.552459499106415474e-07 -2.489149304652853756e-06 3.41 0.00021016830205 1.6e-09
3.318305304441068510e-05 2.640658630248855943e+00 7.657795108611793744e-02 1.704690268508516173e-04 2.167709436657727884e-05 1.284665394510236338e-06 3.41 0.00021016830205 1.6e-09
-9.696872505557979529e-05 3.389434338367377286e+00 1.412967749804205919e-01 2.090418082747771121e-04 -5.005617869997047039e-06 2.557335395982896661e-08 3.41 0.00021016830205 1.6e-09
-1.638836178838242813e-05 1.503116191886879616e+00 6.091722184035265608e-02 1.199964686127894632e-04 -4.141292506288793364e-05 -2.303072749460280412e-06 3.41 0.00021016830205 1.6e-09
-4.481695746990066567e-05 9.453206991055549402e-01 -4.109949415543707844e-03 1.080958012248832211e-04 5.221817992638790328e-05 2.183763186444153827e-06 3.41 0.00021016830205 1.6e-09
2.828371017395566014e-05 3.252213419342941059e+00 1.231698459369187371e-01 2.018428705550122837e-04 9.302082257662768302e-06 7.149000385810218876e-07 3.41 0.00021016830205 1.6e-09
3.476221688358373463e-05 2.936062542287837474e+00 1.297150534368097519e-01 1.854447486374445663e-04 -1.626534039029145485e-05 -6.684958516560517088e-07 3.41 0.00021016830205 1.6e-09
2.294302900748340028e-05 4.760103709492242707e-01 -8.733149008402737654e-03 1.335812071211152016e-04 -4.021602183327003741e-05 -3.638314279592657290e-06 3.41 0.00021016830205 1.6e-09
3.571177429311266961e-05 2.237017284253314031e+00 6.539060273426927639e-02 1.509197534449945824e-04 2.807229054976331735e-05 1.634436040350184012e-06 3.41 0.00021016830205 1.6e-09
4.057260065164771344e-05 3.403786648392921776e+00 1.488944534768105177e-01 2.098378050323342959e-04 -1.374025239899647316e-06 1.479628031161932926e-07 3.41 0.00021016830205 1.6e-09
-1.303080772565332561e-05 1.923373015994704005e+00 8.307905635508983089e-02 1.367007339396450233e-04 -3.343002357902337407e-05 -1.855830302047181958e-06 3.41 0.00021016830205 1.6e-09
-4.374002064207032638e-05 6.247311840852206588e-01 -1.488996318185288256e-02 1.172537138504674091e-04 5.295861580244942820e-05 2.207011443640552051e-06 3.41 0.00021016830205 1.6e-09
