-7.672200314063450978e-05 2.666424344460212481e+00 -3.905392575870296641e-05 1.715720426674137000e-04 -2.470070104561308835e-05 -7.511029030679857145e-10 3.8 0.00023077721563 1.6e-09
2.429707565867878283e-05 3.909447426651670998e-01 -1.521433195631918204e-03 1.495105283213204995e-04 9.317192448609618982e-06 1.224423081263317987e-07 3.8 0.00023077721563 1.6e-09
5.578490227091881319e-05 2.814985713250647059e+00 -1.798967420958028692e-03 1.790556242843674862e-04 2.264131823439369354e-05 1.276936243969579105e-09 3.8 0.00023077721563 1.6e-09
-3.730882457516353668e-05 3.810983563855215639e+00 -8.741573495809672276e-04 2.313551638605644773e-04 -1.131032763169200338e-06 1.358440073545198639e-08 3.8 0.00023077721563 1.6e-09
-3.396650785755256786e-05 2.549273645764653651e+00 5.874415972275657573e-04 1.657214996827336339e-04 -2.654481008884442971e-05 1.252101604654719699e-08 3.8 0.00023077721563 1.6e-09
-3.983522958697565211e-06 4.027188423043431831e-01 -2.334769945818171606e-03 1.464171204775149859e-04 2.294906657305869089e-05 -1.198752038615070743e-07 3.8 0.00023077721563 1.6e-09
8.008686697243677232e-05 2.927243491149592813e+00 3.330602558953318741e-03 1.847614300972843138e-04 2.123967377689553815e-05 8.003275966973034180e-08 3.8 0.00023077721563 1.6e-09
1.085111103631301795e-04 3.832233665396468592e+00 8.928118052692063031e-03 2.324750716160838850e-04 -1.836690631428755085e-06 2.796646469632644589e-08 3.8 0.00023077721563 1.6e-09
1.978689097983654395e-05 2.498006564819156949e+00 7.913209133416991906e-03 1.631596395079990881e-04 -2.751016119349423419e-05 -6.585438596091580794e-08 3.8 0.00023077721563 1.6e-09
2.700765678138940351e-05 4.107047245248410805e-01 -3.945084742564845294e-03 1.443284092402506464e-04 2.875921767311897755e-05 -2.470962931415749747e-07 3.8 0.00023077721563 1.6e-09
2.487928764882442738e-05 2.982045567391624630e+00 1.162491090200312369e-02 1.875469633038042610e-04 2.073626115667239774e-05 1.877895585735312504e-07 3.8 0.00023077721563 1.6e-09
5.764971180554379093e-05 3.861915934544780882e+00 2.339306752388137928e-02 2.340467528795050654e-04 -1.939159494309163875e-06 4.332543452826717065e-08 3.8 0.00023077721563 1.6e-09
5.195774782127847088e-05 2.527902337133507871e+00 1.841144685661728897e-02 1.645920803098166029e-04 -2.730830706992294578e-05 -1.791086456515227366e-07 3.8 0.00023077721563 1.6e-09
2.027059236367873585e-05 4.042762161406036614e-01 -5.402146789711133323e-03 1.455737883558048148e-04 2.664895727922892153e-05 -2.950302603115763107e-07 3.8 0.00023077721563 1.6e-09
7.142493588366673283e-05 2.973202071587560003e+00 2.002076144834968180e-02 1.870589503663251706e-04 2.115008676270407263e-05 2.890710672089977429e-07 3.8 0.00023077721563 1.6e-09
-6.266655499299406606e-05 3.896638234179803817e+00 3.728232870156011902e-02 2.358926471631601625e-04 -1.435508404320610072e-06 5.429864116598435474e-08 3.8 0.00023077721563 1.6e-09
6.831789766510480905e-05 2.635430011125160288e+00 2.868472423710282521e-02 1.698956747792757622e-04 -2.598909810991937013e-05 -2.718671761075673460e-07 3.8 0.00023077721563 1.6e-09
-4.492609125028439073e-05 3.884048083143752939e-01 -6.021828335891429157e-03 1.492815491696074357e-04 1.606843176690851441e-05 -3.398984822620479250e-07 3.8 0.00023077721563 1.6e-09
6.750902253814250193e-05 2.895822140868985706e+00 2.390443693750511633e-02 1.830590897225872261e-04 2.245396848131834885e-05 3.477956981799969788e-07 3.8 0.00023077721563 1.6e-09
3.735938548070213353e-05 3.923428309597461805e+00 4.422036245502142249e-02 2.373199724496806722e-04 -4.592553759820721302e-07 6.201530261886863526e-08 3.8 0.00023077721563 1.6e-09
7.660856778451049782e-05 2.788722723378385115e+00 3.461218294802896611e-02 1.775946159840433350e-04 -2.398285649737337595e-05 -2.956873223989030687e-07 3.8 0.00023077721563 1.6e-09
4.847662690408442498e-05 3.808326896828105879e-01 -5.510347132471848236e-03 1.512153111221285567e-04 -1.873886755845984838e-06 -4.779740755442126300e-07 3.8 0.00023077721563 1.6e-09
-8.333923973018125895e-05 2.756598628847496624e+00 1.862853873136214450e-02 1.759653762398797597e-04 2.444539757909150961e-05 3.371266792675516341e-07 3.8 0.00023077721563 1.6e-09
8.550406882772139492e-05 3.923658854403078600e+00 3.933342980203663464e-02 2.373316087029863665e-04 7.254863349070556700e-07 8.078033131800730581e-08 3.8 0.00023077721563 1.6e-09
7.219919502869981865e-05 2.928485354617063940e+00 3.354797377452092833e-02 1.847322490908400827e-04 -2.201103921092802579e-05 -2.304476149220412379e-07 3.8 0.00023077721563 1.6e-09
-3.918637857297810150e-05 3.927582543079401467e-01 -3.872941820389673266e-03 1.482130051220315005e-04 -1.989985672478710111e-05 -7.425039920340256975e-07 3.8 0.00023077721563 1.6e-09
6.983129219733136988e-05 2.598774380130867812e+00 6.939397141261384461e-03 1.680640856811887833e-04 2.653658987098573042e-05 2.860014597056116831e-07 3.8 0.00023077721563 1.6e-09
-4.905453371280148764e-05 3.898091903168805494e+00 2.808202994026741395e-02 2.359676175700042085e-04 1.769841346414735955e-06 1.260578284146482647e-07 3.8 0.00023077721563 1.6e-09
6.166901342143188912e-05 3.013894365712207701e+00 3.020686472629275504e-02 1.891535697277087322e-04 -2.061393718092111856e-05 -1.189927940632672791e-07 3.8 0.00023077721563 1.6e-09
-6.512872495798888064e-05 4.139384123134243199e-01 -1.439242224534041398e-03 1.433936771071518017e-04 -3.123568724993765829e-05 -1.145741289708353171e-06 3.8 0.00023077721563 1.6e-09
3.648367077725033674e-05 2.478831361939784816e+00 -4.668898601066676785e-03 1.621691194461874637e-04 2.807880222834899497e-05 2.496940135136072220e-07 3.8 0.00023077721563 1.6e-09
-4.778200349504852033e-05 3.865237009283345238e+00 1.947730579043961685e-02 2.342185543883782621e-04 2.395862703216650831e-06 1.952589605647848954e-07 3.8 0.00023077721563 1.6e-09
-3.407572231480108561e-05 3.040730490970535271e+00 3.061336594172289413e-02 1.905698741546031389e-04 -1.996174268648747495e-05 -1.966280880773650186e-08 3.8 0.00023077721563 1.6e-09
-7.261497192474152776e-06 4.268015824995389229e-01 9.413413710682998377e-04 1.408308649379491086e-04 -3.526538410232355099e-05 -1.705054699554351602e-06 3.8 0.00023077721563 1.6e-09
4.850467301678749787e-05 2.425553816111352567e+00 -1.336920210071688639e-02 1.596013355836598652e-04 2.866532725758706826e-05 2.530740838945779292e-07 3.8 0.00023077721563 1.6e-09
6.231361797494041005e-05 3.837337627023723385e+00 1.629593411666142855e-02 2.327388813263570207e-04 2.506111289664087174e-06 2.736221391278758903e-07 3.8 0.00023077721563 1.6e-09
-7.050894731830089409e-05 3.014702959747060262e+00 3.537003180401437213e-02 1.892517124864748288e-04 -2.007726475516628123e-05 4.323221522945503014e-08 3.8 0.00023077721563 1.6e-09
-2.734000557281906758e-05 4.230311214608900583e-01 2.101826289405208346e-03 1.418164260811973550e-04 -3.307409364045251767e-05 -2.391666521498707490e-06 3.8 0.00023077721563 1.6e-09
4.549454124714400892e-05 2.443987703333879935e+00 -1.845688136765797488e-02 1.605326098995914024e-04 2.820356665883238311e-05 2.937500010398653379e-07 3.8 0.00023077721563 1.6e-09
-4.755023324354572430e-05 3.816915997613810063e+00 1.768180861968820725e-02 2.316618270862203974e-04 2.106690783821058902e-06 3.427802013067822483e-07 3.8 0.00023077721563 1.6e-09
-5.319722482190123423e-05 2.937813932086778657e+00 4.214053194698232085e-02 1.853171788159707124e-04 -2.096454334691623140e-05 6.194526779714922374e-08 3.8 0.00023077721563 1.6e-09
-6.876941787057621355e-05 4.067849343956587149e-01 9.729840397794276702e-04 1.456035037563027938e-04 -2.446109011511873806e-05 -3.092018132434734495e-06 3.8 0.00023077721563 1.6e-09
6.867268185275438920e-05 2.528987734952134581e+00 -1.828335586851595820e-02 1.647294908175234661e-04 2.677975890506098142e-05 3.688102466456504115e-07 3.8 0.00023077721563 1.6e-09
1.653205861664454156e-05 3.803276137198817075e+00 2.384560566447982422e-02 2.309468130722410395e-04 1.209947142605909310e-06 3.837057822309246187e-07 3.8 0.00023077721563 1.6e-09
-4.620865095709470773e-05 2.813474227448430121e+00 4.919209947475626510e-02 1.789860918421267962e-04 -2.259704434026420835e-05 1.810581273861677634e-08 3.8 0.00023077721563 1.6e-09
1.203093851811527911e-05 3.917201785168259454e-01 -2.859654474528748429e-03 1.493705900013008142e-04 -9.118573523459816090e-06 -3.541831940268702510e-06 3.8 0.00023077721563 1.6e-09
8.391202239820533932e-05 2.664499871911345075e+00 -9.509390350316119372e-03 1.714777410815520394e-04 2.470894635963385424e-05 4.913281706891959530e-07 3.8 0.00023077721563 1.6e-09
-3.056405666874873487e-05 3.798166667762513882e+00 3.825319602356574977e-02 2.306797721957102253e-04 -5.216745727743796229e-09 3.855503530062647266e-07 3.8 0.00023077721563 1.6e-09
5.220453174312017464e-05 2.663366543376190609e+00 5.768377968999467004e-02 1.714191385786228538e-04 -2.473060519179127520e-05 -1.262387606414680029e-07 3.8 0.00023077721563 1.6e-09
6.859107825101440001e-05 3.916572877402365593e-01 -8.497625217804609388e-03 1.493405657205701376e-04 9.491849031298589274e-06 -3.447264926365502811e-06 3.8 0.00023077721563 1.6e-09
-1.859637570368988886e-05 2.815201689528513462e+00 8.923307127596190672e-03 1.790708550995689843e-04 2.259436446972329647e-05 6.620164945192467432e-07 3.8 0.00023077721563 1.6e-09
3.202388428723966670e-06 3.805415270717604770e+00 6.305198172654177813e-02 2.310595195175448534e-04 -1.200563522968739528e-06 3.583084102553779319e-07 3.8 0.00023077721563 1.6e-09
4.650303078156533762e-05 2.534367864698957806e+00 6.996400659873813765e-02 1.649896890948804838e-04 -2.671371858869341486e-05 -3.829009023475050709e-07 3.8 0.00023077721563 1.6e-09
1.033066117123041997e-05 4.054520182106560178e-01 -1.397756073084929079e-02 1.457840846150672710e-04 2.417541683655279435e-05 -2.890438329070343453e-06 3.8 0.00023077721563 1.6e-09
-1.060178002406895212e-05 2.935864017922286351e+00 3.253124515299810060e-02 1.852080909951733031e-04 2.105738402663310339e-05 8.463477791302123054e-07 3.8 0.00023077721563 1.6e-09
4.102509989865523322e-05 3.824820102308474468e+00 9.347835079510322109e-02 2.320799756612282935e-04 -1.988905691730709198e-06 3.222363941087003214e-07 3.8 0.00023077721563 1.6e-09
5.029590549283883692e-05 2.470872062087196674e+00 8.537354522564066794e-02 1.618338805565434598e-04 -2.784089467312054567e-05 -6.837898850930685560e-07 3.8 0.00023077721563 1.6e-09
3.301785792837390418e-05 4.163377450757490550e-01 -1.781930707372057082e-02 1.430725796356869975e-04 3.093793135815689623e-05 -2.283821700239617148e-06 3.8 0.00023077721563 1.6e-09
-3.323776277376433799e-06 2.999149868594633617e+00 5.638890490151676760e-02 1.884318485590223908e-04 2.042886478723266347e-05 1.022456405784932827e-06 3.8 0.00023077721563 1.6e-09
-8.804022364128122509e-05 3.854490292788872896e+00 1.239665952232905516e-01 2.336491077980096124e-04 -2.152535177188995660e-06 2.896544119721129422e-07 3.8 0.00023077721563 1.6e-09
-4.066142612559083664e-05 2.493993419784191090e+00 1.023900249589508593e-01 1.629267237349506909e-04 -2.772099009894717054e-05 -9.401841691560158201e-07 3.8 0.00023077721563 1.6e-09
3.178289129341057201e-05 4.106507128072883206e-01 -1.973185505125831657e-02 1.440873248775431529e-04 2.954087611905598107e-05 -1.945453692198378073e-06 3.8 0.00023077721563 1.6e-09
2.290634391835685396e-05 2.996105244197472040e+00 7.743525445158609688e-02 1.882398859924988609e-04 2.077314286734481183e-05 1.192473733552931169e-06 3.8 0.00023077721563 1.6e-09
3.313549735641604813e-05 3.891111248886415908e+00 1.516104451919860208e-01 2.355946292809222870e-04 -1.683163658940378228e-06 2.680049145481387924e-07 3.8 0.00023077721563 1.6e-09
-5.328625147630644445e-05 2.602765321756118411e+00 1.203909286394619360e-01 1.682669996867812228e-04 -2.637636035804070584e-05 -1.100797037294139664e-06 3.8 0.00023077721563 1.6e-09
8.261335109034388040e-06 3.922449350855330419e-01 -1.994856244083394875e-02 1.482655882496060535e-04 1.927466577076385220e-05 -2.046841333200229637e-06 3.8 0.00023077721563 1.6e-09
1.625813048082030044e-05 2.920415954648491130e+00 9.179994334915204945e-02 1.843170530443035728e-04 2.206838126132226301e-05 1.355520126649176571e-06 3.8 0.00023077721563 1.6e-09
-3.667004107710913452e-06 3.921064454519220366e+00 1.725854146647746168e-01 2.371902063655499172e-04 -6.682890631872686612e-07 2.632830805852408066e-07 3.8 0.00023077721563 1.6e-09
-4.456296998871445625e-06 2.764688663181471995e+00 1.367960929898426325e-01 1.763733505659954089e-04 -2.425464927941928679e-05 -1.153452471992089999e-06 3.8 0.00023077721563 1.6e-09
-7.141613192012690359e-05 3.811407371189793336e-01 -1.868542666183926892e-02 1.510790718687240878e-04 7.608072005404366157e-07 -2.568310695355185459e-06 3.8 0.00023077721563 1.6e-09
-7.933518310715213350e-05 2.776570146569145692e+00 9.565895497358148369e-02 1.769735874675994159e-04 2.411492141740137609e-05 1.499928720251233387e-06 3.8 0.00023077721563 1.6e-09
4.144406825851096332e-06 3.922346241755508167e+00 1.825739122010514026e-01 2.372581420356405029e-04 5.759301600211840765e-07 2.764139715553587170e-07 3.8 0.00023077721563 1.6e-09
7.884542279157401648e-05 2.912973286695413666e+00 1.468945675862535494e-01 1.839323048626944831e-04 -2.216747252784112142e-05 -1.128214671162588205e-06 3.8 0.00023077721563 1.6e-09
-3.859767452487388654e-05 3.914711354442237390e-01 -1.655763545550166874e-02 1.484972282140999459e-04 -1.836247969327654004e-05 -3.114686507251692751e-06 3.8 0.00023077721563 1.6e-09
-2.187238850499164923e-05 2.611138965415054081e+00 9.246318833738387255e-02 1.686780424965180641e-04 2.629141929371766896e-05 1.623729852830488370e-06 3.8 0.00023077721563 1.6e-09
-7.058295351246619159e-05 3.894578466091504154e+00 1.847465248690454143e-01 2.357774530383703842e-04 1.657914692865694540e-06 2.974994532437314391e-07 3.8 0.00023077721563 1.6e-09
-2.777569064326564470e-05 3.000301768904185984e+00 1.508250595973824049e-01 1.884509692323841842e-04 -2.071588442281693170e-05 -1.090658477128233623e-06 3.8 0.00023077721563 1.6e-09
4.884795515155217248e-07 4.120664838794053653e-01 -1.485488702114540205e-02 1.437924510753354037e-04 -3.011188185669845733e-05 -3.365353383109530663e-06 3.8 0.00023077721563 1.6e-09
-1.973518760575426864e-05 2.488431387883120571e+00 8.988829880048920806e-02 1.626424095016667127e-04 2.784001422633120427e-05 1.721455206587837144e-06 3.8 0.00023077721563 1.6e-09
-7.938670097844128300e-05 3.858866569159453697e+00 1.858306601555079762e-01 2.338773656319263576e-04 2.275989573046235373e-06 3.055650492371277629e-07 3.8 0.00023077721563 1.6e-09
5.621351662947620428e-05 3.022199295036982036e+00 1.516386745867453201e-01 1.896127604045504426e-04 -2.011683674468612096e-05 -1.093668877071285315e-06 3.8 0.00023077721563 1.6e-09
-4.114147360714451437e-05 4.232829878042576599e-01 -1.472497149644058645e-02 1.415765285404803179e-04 -3.368694903495454761e-05 -3.297589308357863116e-06 3.8 0.00023077721563 1.6e-09
-7.610403493335526903e-05 2.440384967902484270e+00 9.124641708471945001e-02 1.603296794506238725e-04 2.832353425980329453e-05 1.765965575225503536e-06 3.8 0.00023077721563 1.6e-09
-7.405242076539737958e-05 3.828524002874173604e+00 1.872418947369390851e-01 2.322694208270726876e-04 2.320161951176218403e-06 2.826336437075292316e-07 3.8 0.00023077721563 1.6e-09
7.163410679423441111e-05 2.984286921735878728e+00 1.490944243228068955e-01 1.876867770104082771e-04 -2.037890500081776559e-05 -1.149036136079928924e-06 3.8 0.00023077721563 1.6e-09
5.786637841851312314e-06 4.167740791089417085e-01 -1.636257659277037119e-02 1.431888103532257504e-04 -3.013015268314955504e-05 -2.849655736365589961e-06 3.8 0.00023077721563 1.6e-09
3.613856157107164579e-05 2.472597826529066012e+00 9.646323041218965444e-02 1.619418035613898730e-04 2.762484612851727605e-05 1.724047615777398753e-06 3.8 0.00023077721563 1.6e-09
-1.089681106018773246e-04 3.806248630624676554e+00 1.870013996489335306e-01 2.310957305612972848e-04 1.776913475139449311e-06 2.184914983209448343e-07 3.8 0.00023077721563 1.6e-09
6.871784509115449861e-05 2.888381313856497989e+00 1.410829330463173048e-01 1.827913690649667305e-04 -2.152219812148017432e-05 -1.247731887276992141e-06 3.8 0.00023077721563 1.6e-09
-3.795255753342158928e-05 3.997232573023372648e-01 -1.872236872269649605e-02 1.473061582645124865e-04 -1.890208637534175753e-05 -1.841936294585853982e-06 3.8 0.00023077721563 1.6e-09
5.420852885069893742e-05 2.577730676271742016e+00 1.048839380608441729e-01 1.671498797915677860e-04 2.591269163919085426e-05 1.585448459506549228e-06 3.8 0.00023077721563 1.6e-09
-2.172191985783640338e-07 3.793217867940383403e+00 1.837443791819059757e-01 2.304128851018131738e-04 7.126748675439035340e-07 1.114075414981391135e-07 3.8 0.00023077721563 1.6e-09
-3.830692061418697022e-05 2.745354907118294108e+00 1.268989181136209732e-01 1.755428131982078219e-04 -2.344316554761291635e-05 -1.372402116376543871e-06 3.8 0.00023077721563 1.6e-09
-1.130475827017374783e-05 3.896242439756786857e-01 -1.989889450408688365e-02 1.498870916414635386e-04 -8.931170874365499953e-07 -2.335854175791759176e-07 3.8 0.00023077721563 1.6e-09
-2.956011182123213923e-05 2.728796805563695749e+00 1.160694259458512900e-01 1.747067003068424680e-04 2.369847033993797237e-05 1.391660457986674983e-06 3.8 0.00023077721563 1.6e-09
-8.978249828601764671e-05 3.794287980786046344e+00 1.792938880754993414e-01 2.304701121253987085e-04 -5.582204615817193680e-07 -2.306826943953946656e-08 3.8 0.00023077721563 1.6e-09
-3.027881978152738407e-05 2.596838806294598179e+00 1.100748741849013612e-01 1.680976415067844611e-04 -2.563990733413786611e-05 -1.496041813099399217e-06 3.8 0.00023077721563 1.6e-09
2.260688070345408029e-05 3.971407131244578670e-01 -1.867816634596953379e-02 1.478727804734427742e-04 1.715152177414815159e-05 1.484266546471469450e-06 3.8 0.00023077721563 1.6e-09
8.067787826719609800e-05 2.873755070135777689e+00 1.279216566534883692e-01 1.820419266122923489e-04 2.176456243834077434e-05 1.211115100606041772e-06 3.8 0.00023077721563 1.6e-09
-6.863453587618803542e-05 3.811173802116241127e+00 1.760942706673208069e-01 2.313581667668790365e-04 -1.588842466695794398e-06 -1.515352637082243786e-07 3.8 0.00023077721563 1.6e-09
-7.858981834790743982e-05 2.500072750751739292e+00 9.600083727280780965e-02 1.632856570424926173e-04 -2.724995657937230245e-05 -1.582101534515333487e-06 3.8 0.00023077721563 1.6e-09
3.321106201862344975e-05 4.109072136672782261e-01 -1.603089390047738802e-02 1.443874742366958372e-04 2.793207926424947062e-05 2.738962721432734872e-06 3.8 0.00023077721563 1.6e-09
-9.591862503664501209e-06 2.967065443774527189e+00 1.366601212318557523e-01 1.867918461141264159e-04 2.071648089210930909e-05 1.077671424151881655e-06 3.8 0.00023077721563 1.6e-09
2.451507182857759601e-05 3.840216406767890778e+00 1.732919852516274783e-01 2.328919360979840028e-04 -2.036558258724925631e-06 -2.465330764092935852e-07 3.8 0.00023077721563 1.6e-09
5.069259437826514794e-05 2.489295870950201550e+00 8.667382959899365413e-02 1.627121006181311738e-04 -2.767746839022279298e-05 -1.595046650516026027e-06 3.8 0.00023077721563 1.6e-09
1.202681873613405141e-05 4.121263384103031058e-01 -1.393837688604073616e-02 1.438459608616214722e-04 2.983093794965656619e-05 3.472644622853312304e-06 3.8 0.00023077721563 1.6e-09
2.223605166882193962e-05 2.992109922295463242e+00 1.393494193622601407e-01 1.880449932731067533e-04 2.069640578226735215e-05 9.845992463377199572e-07 3.8 0.00023077721563 1.6e-09
7.654078595987820325e-05 3.878534576823230218e+00 1.680319434650728305e-01 2.349255680216479785e-04 -1.790458229105013280e-06 -3.007361497767157510e-07 3.8 0.00023077721563 1.6e-09
8.183337666936898178e-05 2.572380690762225086e+00 8.062634914406122122e-02 1.667681082581121642e-04 -2.675007834550461016e-05 -1.516054127019187746e-06 3.8 0.00023077721563 1.6e-09
4.527339619891206226e-05 3.968435984386922688e-01 -1.350442318781100437e-02 1.471826240315220278e-04 2.254252197174150019e-05 3.787697826618923286e-06 3.8 0.00023077721563 1.6e-09
-3.793523770842489266e-05 2.942233212406945242e+00 1.328632067058599930e-01 1.854420676896794003e-04 2.171760796804510484e-05 9.023880426980469064e-07 3.8 0.00023077721563 1.6e-09
-5.820307760744828447e-05 3.916680738091764979e+00 1.555674227899754569e-01 2.369570065747692001e-04 -9.015891653900944102e-07 -3.189709377185220227e-07 3.8 0.00023077721563 1.6e-09
-5.535182959512553865e-05 2.728999697582718653e+00 7.349403867495776788e-02 1.745736800153565758e-04 -2.475978570915956007e-05 -1.342788938981487127e-06 3.8 0.00023077721563 1.6e-09
6.873905928043686257e-05 3.817448204794717803e-01 -1.436864080758223396e-02 1.509045324949982269e-04 5.547266050799863065e-06 3.615887730010395356e-06 3.8 0.00023077721563 1.6e-09
-7.471747083892765718e-05 2.814051612528253976e+00 1.138926891011764336e-01 1.788713067776445632e-04 2.365404237057734378e-05 7.916648179238831215e-07 3.8 0.00023077721563 1.6e-09
-1.139404156310959161e-04 3.931177194572969213e+00 1.306543515284273871e-01 2.377301206529796478e-04 3.599899912677104308e-07 -3.074836974117043494e-07 3.8 0.00023077721563 1.6e-09
3.601395879398396787e-05 2.896295164816413248e+00 5.973389602292206169e-02 1.830712012354139215e-04 -2.251208960734466712e-05 -1.091999821028850124e-06 3.8 0.00023077721563 1.6e-09
6.779116689132239190e-05 3.877932722956909384e-01 -1.496161510821616275e-02 1.493603193977677214e-04 -1.542204395517924424e-05 3.003601116821922815e-06 3.8 0.00023077721563 1.6e-09
-8.104760988551445804e-05 2.639761943369104635e+00 8.653613359232487090e-02 1.700938129893217097e-04 2.601635236749026114e-05 6.443429914764743584e-07 3.8 0.00023077721563 1.6e-09
-1.667113877963627812e-05 3.910001131643905392e+00 9.752124648747481639e-02 2.366003850020759604e-04 1.575078064179012801e-06 -2.695940372786926866e-07 3.8 0.00023077721563 1.6e-09
-2.394226238305305804e-05 3.008938576012651467e+00 4.131058087642554971e-02 1.888857529974857807e-04 -2.077344865560667382e-05 -8.177505237899899551e-07 3.8 0.00023077721563 1.6e-09
-5.285821061207209503e-05 4.111024886814877988e-01 -1.387831743936870227e-02 1.439249364479219459e-04 -3.019968051770109620e-05 2.323462714745437195e-06 3.8 0.00023077721563 1.6e-09
6.530632856757610197e-05 2.490967139180258361e+00 6.026397729969337758e-02 1.627539615924507581e-04 2.794576377456580726e-05 4.820250244307282555e-07 3.8 0.00023077721563 1.6e-09
-1.037878069746452563e-04 3.873167531392657459e+00 6.682065549736923571e-02 2.346385579120096535e-04 2.398721602974355356e-06 -2.133996316098146768e-07 3.8 0.00023077721563 1.6e-09
7.634017143589292469e-05 3.052271853048808659e+00 2.555083454836627396e-02 1.911579798880921758e-04 -1.987797065475879895e-05 -5.754640187057079977e-07 3.8 0.00023077721563 1.6e-09
3.928882070181403111e-05 4.293284251819394215e-01 -1.107900995477522667e-02 1.402349026938251651e-04 -3.628442492521465079e-05 1.777376660996211919e-06 3.8 0.00023077721563 1.6e-09
1.447199425404289736e-05 2.414339901888518547e+00 3.814458043569199375e-02 1.590493512216766350e-04 2.886253173045366313e-05 3.154255115311724368e-07 3.8 0.00023077721563 1.6e-09
4.928855265399915612e-05 3.840242243692137514e+00 4.163287923454384726e-02 2.328911039411127597e-04 2.641096261831374585e-06 -1.474208008027066770e-07 3.8 0.00023077721563 1.6e-09
-9.374220215798757284e-05 3.034690022323446534e+00 1.439911754479553455e-02 1.902803021235318953e-04 -1.982819082059731356e-05 -3.707172781103198999e-07 3.8 0.00023077721563 1.6e-09
-5.098069270340581513e-05 4.285889483883406625e-01 -7.302657559452168344e-03 1.406140118446896773e-04 -3.522004544856741342e-05 1.325897578811700434e-06 3.8 0.00023077721563 1.6e-09
1.881974698174251380e-05 2.419968682118704528e+00 1.867780500990143255e-02 1.593602402487460197e-04 2.857795226304342057e-05 1.464684206212328099e-07 3.8 0.00023077721563 1.6e-09
-1.399250006536498225e-05 3.816839182647445039e+00 1.965579435557080618e-02 2.316560234405510470e-04 2.309880462814081847e-06 -7.851742178926206377e-08 3.8 0.00023077721563 1.6e-09
-7.917242893042540533e-05 2.961730214336488309e+00 5.854322187344553410e-03 1.865449146796378257e-04 -2.063315929190277862e-05 -1.837788685081922051e-07 3.8 0.00023077721563 1.6e-09
-1.894232108963359298e-05 4.115328489139847834e-01 -3.510796208612138904e-03 1.444878902944961394e-04 -2.737813621097444993e-05 8.687184037375030010e-07 3.8 0.00023077721563 1.6e-09
-9.342568083276091740e-07 2.501013910062931167e+00 1.187632425312483463e-03 1.633507224908702581e-04 2.720731586155366753e-05 -9.885380400458709041e-09 3.8 0.00023077721563 1.6e-09
6.470467199864381972e-05 3.802827730877158530e+00 -4.188169768214029766e-04 2.309221503426764008e-04 1.440312601079085213e-06 -1.730808010342243589e-08 3.8 0.00023077721563 1.6e-09
3.591615466349074091e-05 2.840014286154239453e+00 -1.839053392344094495e-03 1.803353865201875745e-04 -2.222566088385199927e-05 -6.666596741151925176e-09 3.8 0.00023077721563 1.6e-09
-5.970774524480371685e-05 3.934499265777172683e-01 -8.307953485640409697e-04 1.489337957104311307e-04 -1.246790191642772311e-05 3.448125485409746980e-07 3.8 0.00023077721563 1.6e-09
-4.831621076959820218e-05 2.636903114654273850e+00 -1.125974994478166902e-02 1.700952671158994308e-04 2.513331458783124686e-05 -1.043028146988262603e-07 3.8 0.00023077721563 1.6e-09
4.114881109888842494e-05 3.799195176788323636e+00 -1.436165746761024209e-02 2.307344741025961748e-04 2.376992361511127414e-07 2.526014146209493115e-08 3.8 0.00023077721563 1.6e-09
3.788690820842411858e-05 2.693462844320273497e+00 -6.926981414241716040e-03 1.729284606142189216e-04 -2.430436852712737305e-05 1.255805686759313780e-07 3.8 0.00023077721563 1.6e-09
6.484994757259134415e-05 3.897277428292460488e-01 -1.478549905848153441e-04 1.498522079079742987e-04 5.990011531131053615e-06 -1.815704291307264313e-07 3.8 0.00023077721563 1.6e-09
-4.052773001166217696e-05 2.788246764519088927e+00 -1.443172378429611116e-02 1.777019058986687133e-04 2.300043964021034862e-05 -8.889501805884331470e-08 3.8 0.00023077721563 1.6e-09
-2.913799912383208520e-05 3.807636675718647279e+00 -1.527064526601640271e-02 2.311789238095601415e-04 -9.444550927809859356e-07 5.207216327548049932e-08 3.8 0.00023077721563 1.6e-09
-8.087670376747909708e-05 2.566437121648675657e+00 -5.066690869878346867e-03 1.665769231602660981e-04 -2.625396351243396918e-05 1.502618590827754913e-07 3.8 0.00023077721563 1.6e-09
-1.212546110405842212e-05 4.004315350142690355e-01 -1.408155045489768763e-03 1.470131057991564739e-04 2.102086292665366821e-05 -5.699504663801582744e-07 3.8 0.00023077721563 1.6e-09
3.559974807511793988e-05 2.910379074710470970e+00 -9.244788884268096557e-03 1.839030129866600779e-04 2.142903503502884769e-05 1.420131616042867951e-08 3.8 0.00023077721563 1.6e-09
-8.572223041951775241e-05 3.826520350174560381e+00 -3.828005869530821254e-03 2.321732486225206978e-04 -1.750831950927482755e-06 7.525026483964179760e-08 3.8 0.00023077721563 1.6e-09
4.319212521175994893e-06 2.498504967162450185e+00 4.051286271606417341e-03 1.631924972132352844e-04 -2.745291703335040360e-05 6.368495046719429147e-08 3.8 0.00023077721563 1.6e-09
-5.920554046807231449e-05 4.108345814844234223e-01 -3.625944788184750842e-03 1.443473837041267050e-04 2.857160355982265625e-05 -7.794699917418176890e-07 3.8 0.00023077721563 1.6e-09
7.066876976206025397e-05 2.978386709072278205e+00 3.612297212731340130e-04 1.873663942828378867e-04 2.071717137995480866e-05 1.510443302947943772e-07 3.8 0.00023077721563 1.6e-09
-5.683421088572791215e-05 3.854036227538360393e+00 1.370984911237821055e-02 2.336285595478593746e-04 -1.996955056477362909e-06 9.695151819847949197e-08 3.8 0.00023077721563 1.6e-09
-1.080188613997585108e-05 2.509083723146744660e+00 1.689902324814309895e-02 1.636744578368375526e-04 -2.752429924482532292e-05 -7.629209822281044577e-08 3.8 0.00023077721563 1.6e-09
6.161354937186219163e-05 4.079616314663827570e-01 -5.632301944823340373e-03 1.447735182241746774e-04 2.828626583989276254e-05 -8.703730512824648754e-07 3.8 0.00023077721563 1.6e-09
-7.594055924861785518e-05 2.984665913633389955e+00 1.128909236317801948e-02 1.876562868687529754e-04 2.092887758591198763e-05 2.853644601054318200e-07 3.8 0.00023077721563 1.6e-09
4.558866585914764312e-05 3.888049643413514556e+00 3.203855684466197506e-02 2.354352687717335051e-04 -1.644168646436282580e-06 1.122221831853974989e-07 3.8 0.00023077721563 1.6e-09
6.504457460055086530e-05 2.599541676625137576e+00 3.020837418398880647e-02 1.681137150905853326e-04 -2.645006514155291759e-05 -2.088510876005259711e-07 3.8 0.00023077721563 1.6e-09
4.147839399564174045e-05 3.927724588669501693e-01 -6.607419574078920478e-03 1.482120837639718837e-04 1.982350934313649823e-05 -9.337240513640971687e-07 3.8 0.00023077721563 1.6e-09
5.218319312445226691e-05 2.924157919482934354e+00 1.947802385103558631e-02 1.845165393098178530e-04 2.201740905938591862e-05 3.859848908742150515e-07 3.8 0.00023077721563 1.6e-09
-6.718677913834278208e-05 3.918499972580482549e+00 4.540731128253609750e-02 2.370571399789856142e-04 -7.536014654194512370e-07 1.207642368104305272e-07 3.8 0.00023077721563 1.6e-09
6.485944405990348271e-05 2.746488304573296624e+00 4.039242475234261498e-02 1.754590591384674403e-04 -2.454717191448449329e-05 -2.819163489018423976e-07 3.8 0.00023077721563 1.6e-09
4.080140648786519575e-05 3.810710990233753259e-01 -6.242733097129624098e-03 1.511503257594321937e-04 3.313629516771229267e-06 -1.064895797468738782e-06 3.8 0.00023077721563 1.6e-09
-6.731802326846196755e-05 2.797980271119465900e+00 1.944255763496106904e-02 1.780621166704808296e-04 2.387230410915526166e-05 4.218240814775493226e-07 3.8 0.00023077721563 1.6e-09
1.385825449006315968e-05 3.926312261202720144e+00 4.761812440904725219e-02 2.374732839963606703e-04 4.099110995555478522e-07 1.344280281037989247e-07 3.8 0.00023077721563 1.6e-09
9.095123076462574162e-05 2.894777473953238811e+00 4.378348628885629645e-02 1.830007693184892872e-04 -2.250407793215196981e-05 -2.638847857298861709e-07 3.8 0.00023077721563 1.6e-09
7.436333216125643256e-05 3.879126044570482268e-01 -4.675842786121345469e-03 1.494073324465037037e-04 -1.552889543892762078e-05 -1.294546788704699175e-06 3.8 0.00023077721563 1.6e-09
5.258837721915344762e-05 2.639610529675276318e+00 1.139482936891707786e-02 1.700948509147283015e-04 2.599407567872720313e-05 4.057695586956788513e-07 3.8 0.00023077721563 1.6e-09
-4.576108229877171778e-05 3.905675881097650848e+00 4.089134257612916934e-02 2.363720411085658171e-04 1.513634480095310616e-06 1.703585341331648826e-07 3.8 0.00023077721563 1.6e-09
-3.737958962623688951e-05 2.994727837792262815e+00 4.278477273196931718e-02 1.881583143028237135e-04 -2.093349928199221251e-05 -1.827608935437783043e-07 3.8 0.00023077721563 1.6e-09
-1.175817349659917239e-05 4.080703413052433337e-01 -2.356525813208374710e-03 1.446690598276608852e-04 -2.874727530815219555e-05 -1.626546531199127208e-06 3.8 0.00023077721563 1.6e-09
-5.792510595489831635e-05 2.507096256608014162e+00 1.770606632544254261e-03 1.635485566908720704e-04 2.771801824543922851e-05 3.907840483829645885e-07 3.8 0.00023077721563 1.6e-09
-4.399457282615385341e-05 3.873088016133686473e+00 3.442370634962985121e-02 2.346362104517443368e-04 2.249647187758552935e-06 2.296479876885870157e-07 3.8 0.00023077721563 1.6e-09
-6.246691733980107991e-05 3.034895404559095233e+00 4.374496489505219632e-02 1.902613583310872958e-04 -2.010456662958892818e-05 -1.013596813733503484e-07 3.8 0.00023077721563 1.6e-09
-3.870678461020343275e-05 4.238430615530285328e-01 -1.281439357926294174e-04 1.414036031148610192e-04 -3.439985671809948469e-05 -2.090847102389544875e-06 3.8 0.00023077721563 1.6e-09
-1.929148164546358631e-05 2.437231864419073801e+00 -5.391902440220801285e-03 1.601613657639614635e-04 2.853965554073318640e-05 4.075001044375581320e-07 3.8 0.00023077721563 1.6e-09
-6.543605771278782459e-05 3.843384546633645371e+00 3.264042006787815087e-02 2.330591625858148260e-04 2.487863993417122722e-06 2.983128289289212510e-07 3.8 0.00023077721563 1.6e-09
6.565587000806914818e-05 3.020410839782446288e+00 4.849866440822793445e-02 1.895394871741837685e-04 -2.005712202209315525e-05 -5.411303715452812298e-08 3.8 0.00023077721563 1.6e-09
-6.591696717863332171e-06 4.239529813426076710e-01 8.980782795791086327e-04 1.415761967882071229e-04 -3.358709517693733780e-05 -2.666512529807006228e-06 3.8 0.00023077721563 1.6e-09
-1.230741973886276947e-05 2.439515413642903585e+00 -8.992492734120775821e-03 1.603069601664380091e-04 2.831162719509244580e-05 4.546655455231814608e-07 3.8 0.00023077721563 1.6e-09
1.215547708311007945e-05 3.820934693037251861e+00 3.519528069200929254e-02 2.318734727622087286e-04 2.190610158628647145e-06 3.580563905624073764e-07 3.8 0.00023077721563 1.6e-09
-7.695714357191001857e-05 2.954047172212372896e+00 5.508852879701352234e-02 1.861460633153416201e-04 -2.076946309861597392e-05 -5.146336999244383859e-08 3.8 0.00023077721563 1.6e-09
-6.222659831679112799e-05 4.097967345054981947e-01 -2.645949957138313139e-04 1.448715117521511562e-04 -2.636833934452560260e-05 -3.242704699218261430e-06 3.8 0.00023077721563 1.6e-09
-4.244281410399778156e-05 2.510977922844632282e+00 -7.758236941671593084e-03 1.638365046870715884e-04 2.707954395386362735e-05 5.242885722636792916e-07 3.8 0.00023077721563 1.6e-09
-1.110404147102060434e-04 3.805382216776322046e+00 4.170948229533257695e-02 2.310568745035453619e-04 1.397939010652504676e-06 3.900766692464001869e-07 3.8 0.00023077721563 1.6e-09
-3.000258572964328331e-06 2.837880750936383034e+00 6.142090855302932695e-02 1.802237025767217614e-04 -2.226771217678084788e-05 -1.073878965660842436e-07 3.8 0.00023077721563 1.6e-09
7.290319453077521268e-05 3.935459015085319701e-01 -3.976608461152437816e-03 1.488912065338365907e-04 -1.224267323228446754e-05 -3.567904732435169509e-06 3.8 0.00023077721563 1.6e-09
-1.076426180497875879e-06 2.638445766670783232e+00 1.117695851359812439e-03 1.701732065974361245e-04 2.509740934096669164e-05 6.240128275676684830e-07 3.8 0.00023077721563 1.6e-09
-2.548876707533577647e-05 3.798036120378408320e+00 5.470966691428186257e-02 2.306725117208748108e-04 2.161701436904433943e-07 3.822337548480635359e-07 3.8 0.00023077721563 1.6e-09
1.104788430553724828e-05 2.689479713270593209e+00 6.797425719903074648e-02 1.727290281154516909e-04 -2.433992399535096768e-05 -2.521461181125529883e-07 3.8 0.00023077721563 1.6e-09
-7.354186587471451826e-05 3.903372047078198515e-01 -9.358116718867290004e-03 1.496895059777305487e-04 6.326649575165132107e-06 -3.352684131675841903e-06 3.8 0.00023077721563 1.6e-09
-6.710501339089759156e-05 2.789671081623077420e+00 1.909336559476506809e-02 1.777775145235707785e-04 2.294027346896034762e-05 7.618123140742843065e-07 3.8 0.00023077721563 1.6e-09
-6.802473635605569115e-05 3.803031487261517629e+00 7.685193563650320747e-02 2.309341244555094782e-04 -1.006011494921385248e-06 3.425385794618437375e-07 3.8 0.00023077721563 1.6e-09
-8.200288757141491614e-06 2.553563617645047579e+00 7.733104927107090076e-02 1.659427434763654651e-04 -2.639538175631385794e-05 -4.993988099115661170e-07 3.8 0.00023077721563 1.6e-09
-6.447735137681165254e-06 4.025515235534801173e-01 -1.452967209907398555e-02 1.465011280586491871e-04 2.207962213625868825e-05 -2.663085579489016112e-06 3.8 0.00023077721563 1.6e-09
-7.814060353718738387e-05 2.917911781377504621e+00 4.232118581041371952e-02 1.842912809840734122e-04 2.127534116680815485e-05 9.150141470378973070e-07 3.8 0.00023077721563 1.6e-09
1.056312290574524680e-05 3.820834634771038907e+00 1.046827060918359698e-01 2.318696558543456034e-04 -1.880366683463633417e-06 2.932203945663144505e-07 3.8 0.00023077721563 1.6e-09
6.294087930308180719e-05 2.478005301836818219e+00 8.983536546228848563e-02 1.621892448850390336e-04 -2.769429664850197611e-05 -7.902798857279037582e-07 3.8 0.00023077721563 1.6e-09
2.805555176665312772e-05 4.149144376846579663e-01 -1.808200821204958980e-02 1.434227144585956213e-04 3.016058767427628995e-05 -1.927735204113390179e-06 3.8 0.00023077721563 1.6e-09
5.959511412511028284e-06 2.991060563106295866e+00 6.565589241352481897e-02 1.880197616975683714e-04 2.049186335745902177e-05 1.063831558439853838e-06 3.8 0.00023077721563 1.6e-09
-5.279795161049248911e-05 3.849247294664523089e+00 1.327346344123794264e-01 2.333710044544228457e-04 -2.146752635151500054e-06 2.497985328134904909e-07 3.8 0.00023077721563 1.6e-09
1.910465529147364297e-05 2.487772842049038147e+00 1.042457139379808218e-01 1.626269732281117591e-04 -2.777292905952789565e-05 -1.037212311768930448e-06 3.8 0.00023077721563 1.6e-09
8.577749115022918617e-06 4.119614849339738316e-01 -1.985743461065335447e-02 1.438255301341485881e-04 3.000922908579061051e-05 -1.475170810177875510e-06 3.8 0.00023077721563 1.6e-09
8.936805580160288331e-06 2.998303072647544365e+00 8.588523190583027822e-02 1.883580699372638132e-04 2.069253567181906053e-05 1.209512758713109344e-06 3.8 0.00023077721563 1.6e-09
7.552981669165587315e-05 3.885458727038412441e+00 1.579753927065427610e-01 2.352936690703790682e-04 -1.770215554638486127e-06 2.205895245967587053e-07 3.8 0.00023077721563 1.6e-09
2.203318634261952077e-05 2.585077626870235790e+00 1.199297755888127370e-01 1.673917794121460132e-04 -2.659621215897308908e-05 -1.187298707200190432e-06 3.8 0.00023077721563 1.6e-09
-3.414367577437144697e-05 3.946151167771514978e-01 -2.020287997271154323e-02 1.476955006504826473e-04 2.108880576031203777e-05 -1.473739564600543733e-06 3.8 0.00023077721563 1.6e-09
8.896542236320562091e-05 2.933468734747032514e+00 9.943441203094753600e-02 1.849906683734964437e-04 2.185089242928147735e-05 1.351674123072499833e-06 3.8 0.00023077721563 1.6e-09
8.228818627008412361e-05 3.917766426059719365e+00 1.768837026098720178e-01 2.370142136622390154e-04 -8.221484304751777104e-07 2.111616541886017961e-07 3.8 0.00023077721563 1.6e-09
7.608178931134256938e-05 2.742709124714039159e+00 1.345830682666216971e-01 1.752631684181487769e-04 -2.454850730390146203e-05 -1.227231226388794752e-06 3.8 0.00023077721563 1.6e-09
-4.149245992271647688e-06 3.814016909779336384e-01 -1.928888291123819626e-02 1.510079701339650635e-04 3.448852132895760768e-06 -1.943480037260136111e-06 3.8 0.00023077721563 1.6e-09
2.347868242248205678e-05 2.797837630382316476e+00 1.024079095559195518e-01 1.780526263165031319e-04 2.381457253837537867e-05 1.478037642310882732e-06 3.8 0.00023077721563 1.6e-09
1.091134854982490085e-04 3.923949022682390542e+00 1.849936591176999934e-01 2.373436061396672070e-04 4.093444834997135932e-07 2.218656795050325520e-07 3.8 0.00023077721563 1.6e-09
7.816917765448745128e-05 2.896457853034632102e+00 1.434160577227467370e-01 1.830840638894902939e-04 -2.241280542816516353e-05 -1.184557362423715712e-06 3.8 0.00023077721563 1.6e-09
5.224286762571966100e-05 3.889796233449236973e-01 -1.743858780347101387e-02 1.491046446940850914e-04 -1.616796043637858316e-05 -2.533694477056118646e-06 3.8 0.00023077721563 1.6e-09
-4.912493747286140366e-05 2.631658186986598924e+00 9.747387395676251898e-02 1.696976822884467811e-04 2.602524148358378284e-05 1.583604653259226185e-06 3.8 0.00023077721563 1.6e-09
-5.204295569801133716e-05 3.899155590139050886e+00 1.845670425322118169e-01 2.360213707083881900e-04 1.537584161619012460e-06 2.433127752104922740e-07 3.8 0.00023077721563 1.6e-09
6.169262725915457529e-05 2.992667992658935017e+00 1.458263131299117887e-01 1.880525194900880940e-04 -2.086752607201024256e-05 -1.123275015245445167e-06 3.8 0.00023077721563 1.6e-09
-3.513710640717165407e-05 4.093816231501871128e-01 -1.568025346217784277e-02 1.443721527419081305e-04 -2.901333255531101540e-05 -2.856291535980380046e-06 3.8 0.00023077721563 1.6e-09
7.914589849490128500e-05 2.500970853996210330e+00 9.252057012087362697e-02 1.632547050426065105e-04 2.768076047291941777e-05 1.663532304070508836e-06 3.8 0.00023077721563 1.6e-09
3.250456100173414794e-05 3.863540992170976907e+00 1.826414132847500038e-01 2.341259298857063440e-04 2.218053132302685760e-06 2.552446294996016956e-07 3.8 0.00023077721563 1.6e-09
3.646478392259943691e-05 3.022590812993986020e+00 1.450972759119411037e-01 1.896290505040863425e-04 -2.015363412163331727e-05 -1.099270484799285996e-06 3.8 0.00023077721563 1.6e-09
4.279294905252655499e-05 4.224959903838642061e-01 -1.514713251418296769e-02 1.417072528527251439e-04 -3.357892966781858091e-05 -2.848365480489598010e-06 3.8 0.00023077721563 1.6e-09
-3.238352883123419288e-05 2.442893233272771525e+00 9.136336732676257621e-02 1.604476241120663662e-04 2.831516755709263355e-05 1.693328231871737058e-06 3.8 0.00023077721563 1.6e-09
8.816611729745107192e-05 3.832307295382236134e+00 1.812731087179542677e-01 2.324698900644752071e-04 2.332784269683311996e-06 2.397098534558258736e-07 3.8 0.00023077721563 1.6e-09
5.432489782715312874e-05 2.991942296363157894e+00 1.415009091892032167e-01 1.880777288358832290e-04 -2.030954452210558905e-05 -1.126369291599258462e-06 3.8 0.00023077721563 1.6e-09
-3.004045076578750666e-05 4.181284099642470498e-01 -1.615210452841254335e-02 1.428685106792593391e-04 -3.086836451334568543e-05 -2.476743162896879159e-06 3.8 0.00023077721563 1.6e-09
-6.126057207536957203e-05 2.465432383067437172e+00 9.398192950032906168e-02 1.615857091382820097e-04 2.776939433253929637e-05 1.641549525465577221e-06 3.8 0.00023077721563 1.6e-09
9.521245100828144403e-05 3.809161811214776705e+00 1.786060538085685601e-01 2.312495557371925601e-04 1.857772320725531355e-06 1.865722177438640739e-07 3.8 0.00023077721563 1.6e-09
3.438963886901660741e-05 2.903008310614614729e+00 1.330602746448978912e-01 1.835367882915773987e-04 -2.134584379671928417e-05 -1.194711231231863994e-06 3.8 0.00023077721563 1.6e-09
-1.905101524647898680e-05 4.015990296008100091e-01 -1.788091786695802238e-02 1.468339030479978388e-04 -2.061705782240052972e-05 -1.596827535231083020e-06 3.8 0.00023077721563 1.6e-09
6.601560307853234139e-05 2.562641651278545041e+00 9.965131263599347200e-02 1.663997134613809750e-04 2.615911496943595384e-05 1.497340312342616522e-06 3.8 0.00023077721563 1.6e-09
6.851971677661566722e-05 3.795089467901396674e+00 1.731033366488209380e-01 2.305117949086299975e-04 8.558432949154664898e-07 9.306049435173472555e-08 3.8 0.00023077721563 1.6e-09
7.545427325001872153e-05 2.764709715194015871e+00 1.188158222752158932e-01 1.765181615167935036e-04 -2.319398836353608759e-05 -1.287282962201301371e-06 3.8 0.00023077721563 1.6e-09
3.506714415810961152e-05 3.898171808016236417e-01 -1.868298708456105073e-02 1.498376865232672124e-04 -3.267120069143772283e-06 -1.596031924735484184e-07 3.8 0.00023077721563 1.6e-09
8.367070061575599326e-05 2.710135486626237267e+00 1.082057758251718516e-01 1.737684567732835110e-04 2.396999175370667206e-05 1.300279178360571897e-06 3.8 0.00023077721563 1.6e-09
1.111358411627457387e-04 3.794533842532413992e+00 1.665861419335327720e-01 2.304839753822380535e-04 -4.135670373629533155e-07 -2.870795630212222683e-08 3.8 0.00023077721563 1.6e-09
-2.256528552029064979e-05 2.614915560093493685e+00 1.018806110377802332e-01 1.689983078009574214e-04 -2.538010632663275455e-05 -1.382870028365447749e-06 3.8 0.00023077721563 1.6e-09
5.657845653920354928e-05 3.952528518159054149e-01 -1.741463660535749747e-02 1.483615738214651006e-04 1.511601483355591165e-05 1.421848655295661596e-06 3.8 0.00023077721563 1.6e-09
1.551217013504014013e-05 2.857837086896389156e+00 1.182458291414230367e-01 1.812317738305379915e-04 2.198814804571771401e-05 1.119324431339751506e-06 3.8 0.00023077721563 1.6e-09
5.764476897360959343e-05 3.809876583675750439e+00 1.620878540919669375e-01 2.312908685275836369e-04 -1.482542659928222587e-06 -1.481496521824692881e-07 3.8 0.00023077721563 1.6e-09
8.008814965810145947e-05 2.510855907557485001e+00 8.770764026320607143e-02 1.638179695269682237e-04 -2.709149667868944390e-05 -1.454416881070846403e-06 3.8 0.00023077721563 1.6e-09
4.709650808524455624e-05 4.089882683007075581e-01 -1.485162291271510324e-02 1.448548770397589929e-04 2.683033083723919486e-05 2.602505927808095767e-06 3.8 0.00023077721563 1.6e-09
-5.446636702464340094e-05 2.957729180640427114e+00 1.262220685407834941e-01 1.863149862423722531e-04 2.083271281886781506e-05 9.883593647255232253e-07 3.8 0.00023077721563 1.6e-09
-4.689129214810751323e-05 3.837620328087032906e+00 1.590154144054134744e-01 2.327554372254743214e-04 -1.989876502769713124e-06 -2.377144632074941330e-07 3.8 0.00023077721563 1.6e-09
4.607022143496296068e-05 2.489909742582141483e+00 7.847132417030718010e-02 1.627471184726614556e-04 -2.765188914786096666e-05 -1.469259061415897516e-06 3.8 0.00023077721563 1.6e-09
-4.289796113618930633e-05 4.120601298123767742e-01 -1.278260800900690025e-02 1.438886664112358482e-04 2.971445899536268032e-05 3.302647835624319535e-06 3.8 0.00023077721563 1.6e-09
9.022445732538622836e-05 2.990525666696291829e+00 1.290861066254718192e-01 1.879679533141811608e-04 2.068873151402694706e-05 8.991840816704132001e-07 3.8 0.00023077721563 1.6e-09
-7.172180822215163960e-05 3.874841506361703658e+00 1.543599115314264747e-01 2.347299457472038398e-04 -1.817704234300343362e-06 -2.896201196470150406e-07 3.8 0.00023077721563 1.6e-09
-1.699582778558148417e-05 2.562349282522384364e+00 7.270046427887147389e-02 1.662765870136967709e-04 -2.686837943293649407e-05 -1.404832189377970519e-06 3.8 0.00023077721563 1.6e-09
-7.110505793407686538e-05 3.983842703393820628e-01 -1.225566833221936741e-02 1.468292970327119166e-04 2.352605584622906066e-05 3.632118487206467840e-06 3.8 0.00023077721563 1.6e-09
7.145405351732731284e-05 2.949455957509159454e+00 1.237910897615065592e-01 1.858177876798192780e-04 2.158872685318648910e-05 8.215426085796842234e-07 3.8 0.00023077721563 1.6e-09
-2.901446500905389015e-05 3.913458459884112894e+00 1.434090662544997286e-01 2.367857313130962795e-04 -1.007972521237508335e-06 -3.086036780121991787e-07 3.8 0.00023077721563 1.6e-09
3.867879831102659605e-05 2.711733840565631937e+00 6.623321382007577030e-02 1.737056222069078681e-04 -2.499304267662415279e-05 -1.252749214139464291e-06 3.8 0.00023077721563 1.6e-09
2.692629525191861300e-05 3.824786191599087726e-01 -1.300418144344191521e-02 1.507210896124512307e-04 7.577192049490929620e-06 3.539270182511367110e-06 3.8 0.00023077721563 1.6e-09
-4.172933583962017178e-05 2.830103396679089833e+00 1.066248648677815408e-01 1.796893184791339818e-04 2.343050552243960066e-05 7.138612173067027772e-07 3.8 0.00023077721563 1.6e-09
1.191607853536408345e-05 3.931447416608722989e+00 1.204172285909639734e-01 2.377449429910816702e-04 2.155660868294371153e-07 -3.000518388562536821e-07 3.8 0.00023077721563 1.6e-09
-1.289366226834380287e-05 2.880342890283619006e+00 5.344757485344554804e-02 1.822549785788931233e-04 -2.273745354151231890e-05 -1.020020073357398827e-06 3.8 0.00023077721563 1.6e-09
-5.412156879493351544e-05 3.859661795412366869e-01 -1.362649255003449585e-02 1.498295976996223309e-04 -1.332229196921200335e-05 3.008531798189069207e-06 3.8 0.00023077721563 1.6e-09
-6.239790330417410117e-05 2.658760277158704888e+00 8.021223049718251286e-02 1.710421258591501620e-04 2.577047272904923005e-05 5.641599900751805872e-07 3.8 0.00023077721563 1.6e-09
1.064840149894927528e-04 3.913806752849759540e+00 8.808523512726873506e-02 2.368036004229067900e-04 1.449012894177157992e-06 -2.643669374059218893e-07 3.8 0.00023077721563 1.6e-09
7.032544008799042497e-05 3.000202782080367836e+00 3.542564479963186685e-02 1.884310551598469309e-04 -2.093306316447514668e-05 -7.517210052257925173e-07 3.8 0.00023077721563 1.6e-09
1.017587258460675334e-05 4.083459706131385980e-01 -1.265994496837969177e-02 1.445249238207120274e-04 -2.905948195660839874e-05 2.346231698361737363e-06 3.8 0.00023077721563 1.6e-09
5.819620580009281799e-05 2.504505407257009431e+00 5.386039904980535753e-02 1.634146759265780189e-04 2.778110516485740356e-05 3.992254973269020753e-07 3.8 0.00023077721563 1.6e-09
-1.302798705690589166e-05 3.877799585044741981e+00 5.733425569666800170e-02 2.348850868875242462e-04 2.331721694631981633e-06 -2.065574635813329260e-07 3.8 0.00023077721563 1.6e-09
-5.005669184377655964e-05 3.051524571723488677e+00 1.982916546380318959e-02 1.911161817339435587e-04 -1.992051410159616584e-05 -5.072052467511528015e-07 3.8 0.00023077721563 1.6e-09
2.093283273240036481e-05 4.283177369859388905e-01 -9.931734001040505577e-03 1.404159200827869401e-04 -3.607742101775927087e-05 1.759331268178029556e-06 3.8 0.00023077721563 1.6e-09
-5.920408236125130052e-05 2.418143930320216128e+00 3.150404378264934357e-02 1.592279043988874981e-04 2.884334761377845490e-05 2.374452458681303493e-07 3.8 0.00023077721563 1.6e-09
-1.744089826093896079e-05 3.844174042898067967e+00 3.247623040297285824e-02 2.330992140737713359e-04 2.659153263908422788e-06 -1.351529725134087686e-07 3.8 0.00023077721563 1.6e-09
-4.402476874137049124e-05 3.041863123687876147e+00 9.435172322253845487e-03 1.906469705708600001e-04 -1.976743141308312968e-05 -3.003600532336077209e-07 3.8 0.00023077721563 1.6e-09
-5.872429261089132980e-05 4.303386135922296352e-01 -6.181984730984134944e-03 1.402289806720380958e-04 -3.591741512769944310e-05 1.231115877358027964e-06 3.8 0.00023077721563 1.6e-09
-3.160633473542708884e-06 2.412760771833647677e+00 1.202262387929794660e-02 1.590042663594441285e-04 2.871830389816203182e-05 8.316266169932453885e-08 3.8 0.00023077721563 1.6e-09
-7.215675285306271942e-05 3.819800021518690691e+00 1.164350750241899789e-02 2.318116373015969190e-04 2.410729417542786697e-06 -5.801662553287438171e-08 3.8 0.00023077721563 1.6e-09
-7.743993797916386460e-05 2.977369792114453517e+00 2.436123020284080079e-03 1.873457658763420580e-04 -2.044257857678083049e-05 -1.152138008550328336e-07 3.8 0.00023077721563 1.6e-09
4.351207549389652724e-05 4.149067365582697064e-01 -2.464963224000057788e-03 1.437003963638625991e-04 -2.919601842048407422e-05 6.726441636245217663e-07 3.8 0.00023077721563 1.6e-09
1.411422253500021389e-05 2.483112487785864353e+00 -5.365662551980949872e-03 1.624679827176903329e-04 2.749641650328003514e-05 -5.270687843329637317e-08 3.8 0.00023077721563 1.6e-09
-5.744815712715838074e-05 3.804646729007674644e+00 -6.791588314693029760e-03 2.310170479878095819e-04 1.623110047329926419e-06 1.334610355140910709e-08 3.8 0.00023077721563 1.6e-09
6.433527955998266635e-05 2.863211293429571036e+00 -3.251961264530089067e-03 1.815146336322704832e-04 -2.191493106212559153e-05 5.662496332874209341e-08 3.8 0.00023077721563 1.6e-09
-7.262356134205873170e-05 3.957799626268797000e-01 1.100779627385639966e-05 1.483413483837227168e-04 -1.538803796481660240e-05 3.666109884784039265e-08 3.8 0.00023077721563 1.6e-09
6.528571655817874176e-05 2.611666763109661282e+00 -1.793763704134307413e-02 1.688371861715648957e-04 2.549951782412654571e-05 -1.293398526471274654e-07 3.8 0.00023077721563 1.6e-09
8.385928082480840584e-05 3.799097418862954267e+00 -1.946839932114821647e-02 2.307289090619318275e-04 4.495505955800552957e-07 6.579010965618009950e-08 3.8 0.00023077721563 1.6e-09
-8.620583490940500460e-05 2.718522380571440245e+00 -6.646864502156317987e-03 1.741899631606005330e-04 -2.393005921267993502e-05 1.845930284997660218e-07 3.8 0.00023077721563 1.6e-09
4.349836342725504218e-05 3.891067062896249040e-01 3.200794823298377142e-04 1.500301855723640602e-04 2.893405229157067779e-06 -5.862551472621746253e-07 3.8 0.00023077721563 1.6e-09
4.475862229526331420e-05 2.763238851099705684e+00 -2.111108027505135404e-02 1.764395469277094705e-04 2.333182007063527738e-05 -9.893952840132895475e-08 3.8 0.00023077721563 1.6e-09
8.906066765525016884e-05 3.805069877763473940e+00 -1.939829767135679145e-02 2.310437700030190048e-04 -7.697086063462774456e-07 9.851838445932899930e-08 3.8 0.00023077721563 1.6e-09
2.300687098554920346e-06 2.584090158122099190e+00 -3.637511129992544896e-03 1.674557921527881910e-04 -2.597212188962109199e-05 2.047866786542304236e-07 3.8 0.00023077721563 1.6e-09
-4.005456683121447279e-06 3.982856190489798554e-01 -1.462472349541313029e-03 1.475734302783988125e-04 1.901276709722011916e-05 -1.025250048103424219e-06 3.8 0.00023077721563 1.6e-09
4.734113794674763194e-05 2.893274202098636394e+00 -1.501958489769999669e-02 1.830329176392803364e-04 2.162732046798103804e-05 2.300306624910786224e-08 3.8 0.00023077721563 1.6e-09
2.452656892311637636e-05 3.821799734178488617e+00 -6.127481660860229981e-03 2.319239532921386503e-04 -1.669419882593879335e-06 1.234979130553585403e-07 3.8 0.00023077721563 1.6e-09
-2.857957354338864687e-05 2.502106006310084840e+00 6.773374117765268432e-03 1.633768486898675852e-04 -2.735529604362335675e-05 1.037778116123390109e-07 3.8 0.00023077721563 1.6e-09
-4.900257013508407106e-06 4.103705015472949302e-01 -4.241699955684978887e-03 1.445012724390747224e-04 2.807111365388064144e-05 -1.239862184500459485e-06 3.8 0.00023077721563 1.6e-09
-1.066544611141792824e-05 2.972727890740168633e+00 -3.737266901232198617e-03 1.870808425448538767e-04 2.074463518083667258e-05 1.814373610439593139e-07 3.8 0.00023077721563 1.6e-09
3.784050385067008591e-05 3.847480993712268926e+00 1.411736137933313449e-02 2.332807987092425594e-04 -2.034301050026394760e-06 1.455461652321306909e-07 3.8 0.00023077721563 1.6e-09
-3.126256119084969045e-06 2.496093303046521328e+00 2.129102479279436355e-02 1.630433838924838594e-04 -2.766729890770138029e-05 -6.079057550785980421e-08 3.8 0.00023077721563 1.6e-09
3.089996099122101062e-07 4.106588401392393672e-01 -6.726735345164176066e-03 1.441974866890900861e-04 2.937204883723285801e-05 -1.322970354101228174e-06 3.8 0.00023077721563 1.6e-09
-1.561742051424208990e-05 2.991806023268381409e+00 9.455634020738217654e-03 1.880313704735479602e-04 2.076354514310032966e-05 3.397908292297961113e-07 3.8 0.00023077721563 1.6e-09
5.869287435344729663e-05 3.880612743103287521e+00 3.590612687230165107e-02 2.350393494416251963e-04 -1.795527086845078209e-06 1.611275440414265274e-07 3.8 0.00023077721563 1.6e-09
-7.710915225923425627e-05 2.571441550368165352e+00 3.677370677573378599e-02 1.667258751314754247e-04 -2.679784323715278307e-05 -2.235719114018800823e-07 3.8 0.00023077721563 1.6e-09
2.257192002768463614e-06 3.968226203258429230e-01 -8.035210462732342990e-03 1.472378217745157181e-04 2.265202764379865014e-05 -1.388555404012910415e-06 3.8 0.00023077721563 1.6e-09
-1.008448772414489823e-05 2.945218726609793336e+00 2.097168195805034635e-02 1.856025041495618490e-04 2.168395688432834737e-05 4.723329774111077529e-07 3.8 0.00023077721563 1.6e-09
-7.470848244547704500e-05 3.913313844081689030e+00 5.413995235845391052e-02 2.367804265168598279e-04 -9.943821063284029892e-07 1.694507421627338130e-07 3.8 0.00023077721563 1.6e-09
7.280981093827497321e-05 2.710993138660752422e+00 5.018130721754426177e-02 1.736715684151357586e-04 -2.501649324308636459e-05 -3.316883542438296428e-07 3.8 0.00023077721563 1.6e-09
2.964311580013697679e-05 3.824092084046347706e-01 -7.835697800780198202e-03 1.507945733581894784e-04 7.533323471983721677e-06 -1.535003858856862486e-06 3.8 0.00023077721563 1.6e-09
7.965117285351467789e-05 2.830954189408398491e+00 2.524706587372624322e-02 1.797404590856374086e-04 2.339876667935808345e-05 5.491527378111339369e-07 3.8 0.00023077721563 1.6e-09
-9.289050984121965753e-06 3.927106689102301651e+00 6.233533827638108177e-02 2.375155606111765320e-04 1.416158070169891552e-07 1.797741502210578583e-07 3.8 0.00023077721563 1.6e-09
6.922354114468556462e-05 2.864483135348426135e+00 5.750106913830369676e-02 1.814499284262618452e-04 -2.293219073988934730e-05 -3.498926960832941537e-07 3.8 0.00023077721563 1.6e-09
3.211576701086253156e-05 3.847756559040082514e-01 -6.324616119102635658e-03 1.501992472820533981e-04 -1.159935230073508700e-05 -1.775543267522081167e-06 3.8 0.00023077721563 1.6e-09
-3.919181791420732838e-05 2.674365256749883457e+00 2.061081437276343631e-02 1.718304481029051911e-04 2.553286302013344416e-05 5.702091513555644326e-07 3.8 0.00023077721563 1.6e-09
9.391199120623665276e-05 3.911202275688393293e+00 6.007675128205647308e-02 2.366667413376551501e-04 1.277071857906117836e-06 2.081031899698269080e-07 3.8 0.00023077721563 1.6e-09
-2.329715186495191954e-05 2.976068998781277841e+00 5.902374826685594794e-02 1.871912048894348087e-04 -2.123488857111963823e-05 -2.955174001883674024e-07 3.8 0.00023077721563 1.6e-09
5.901613709601056813e-05 4.031964513230313907e-01 -4.087070626830857992e-03 1.457613184442669435e-04 -2.634921736493556140e-05 -2.070216528079628638e-06 3.8 0.00023077721563 1.6e-09
-6.405528401946052031e-05 2.533001606041503706e+00 1.293512163466940985e-02 1.648194403313009036e-04 2.737521701373367522e-05 5.801239485727779830e-07 3.8 0.00023077721563 1.6e-09
-7.687823152600675898e-05 3.879294651411087091e+00 5.580493344356768359e-02 2.349664917639393568e-04 2.107254926816678147e-06 2.572941492561254640e-07 3.8 0.00023077721563 1.6e-09
6.339055441953072624e-05 3.027046238170587156e+00 6.058153879276562126e-02 1.898491413408906698e-04 -2.026895238963195796e-05 -2.312732072022970034e-07 3.8 0.00023077721563 1.6e-09
3.786519792384482536e-06 4.206453386522097659e-01 -2.017933394340167257e-03 1.420405823820777185e-04 -3.337234792051136902e-05 -2.443775073798688863e-06 3.8 0.00023077721563 1.6e-09
-6.548156182549626041e-05 2.450380443873083625e+00 7.227665939678416113e-03 1.607963885879593058e-04 2.837817795970284658e-05 6.102841173754198136e-07 3.8 0.00023077721563 1.6e-09
-6.907333071310836831e-05 3.848158291906861983e+00 5.512762788775577016e-02 2.333122909380642811e-04 2.435202783661744098e-06 3.138873066059399297e-07 3.8 0.00023077721563 1.6e-09
-7.892247017666650878e-05 3.021349247604924848e+00 6.490586082561058956e-02 1.895841695026857787e-04 -2.007204658422656845e-05 -1.989776968356026139e-07 3.8 0.00023077721563 1.6e-09
5.833828464391698052e-05 4.236314590454368645e-01 -1.183035228015566313e-03 1.416045200982931631e-04 -3.361090799390872407e-05 -2.886210935327419274e-06 3.8 0.00023077721563 1.6e-09
5.326243760112880118e-05 2.440439449011832629e+00 5.035209036312901162e-03 1.603477554060254127e-04 2.831778593516392085e-05 6.591591013817352523e-07 3.8 0.00023077721563 1.6e-09
-4.894473242217608127e-05 3.823948629418417067e+00 5.823815414002860014e-02 2.320322891447479299e-04 2.225118934255829738e-06 3.598698394232687205e-07 3.8 0.00023077721563 1.6e-09
-9.100412911636923284e-05 2.962339401380854831e+00 7.047933571879336223e-02 1.865686991409815109e-04 -2.067521527329575223e-05 -2.114747023296026853e-07 3.8 0.00023077721563 1.6e-09
3.737827145772490368e-06 4.113547152688789010e-01 -2.433453798468168672e-03 1.444837077643736849e-04 -2.734783994053103858e-05 -3.289536627797289668e-06 3.8 0.00023077721563 1.6e-09
-5.229924004335474957e-06 2.501929409408663929e+00 7.359447811867877477e-03 1.633885155927561404e-04 2.722678860415872010e-05 7.149823932900851857e-07 3.8 0.00023077721563 1.6e-09
2.511322021726764751e-05 3.806864952893830534e+00 6.440153532646217260e-02 2.311343519177829734e-04 1.487202410594890704e-06 3.773732911149711408e-07 3.8 0.00023077721563 1.6e-09
4.247242608151838435e-06 2.851882696791463445e+00 7.508413584961058651e-02 1.809344232970705175e-04 -2.207787191088825545e-05 -2.789927297512896222e-07 3.8 0.00023077721563 1.6e-09
4.967056968794916218e-05 3.948211176306589687e-01 -5.957158938976798816e-03 1.485555825555412717e-04 -1.403313020660173902e-05 -3.414232714650838245e-06 3.8 0.00023077721563 1.6e-09
8.855012230889575630e-06 2.623226858029330089e+00 1.641732078549262147e-02 1.694128306187019897e-04 2.532079657490995093e-05 7.814370019807700413e-07 3.8 0.00023077721563 1.6e-09
5.410180633762790947e-05 3.798082279044712628e+00 7.533894642933393337e-02 2.306744129880076912e-04 3.443403577998375383e-07 3.548130350982958277e-07 3.8 0.00023077721563 1.6e-09
3.094036546992997975e-05 2.705598539708143235e+00 7.878911529540834346e-02 1.735383405015056713e-04 -2.410123686382488489e-05 -4.234903237642442607e-07 3.8 0.00023077721563 1.6e-09
-2.024481237604259699e-05 3.897525338074608880e-01 -1.079708824600696809e-02 1.498433020316298852e-04 4.300124490313322811e-06 -3.002955207485013734e-06 3.8 0.00023077721563 1.6e-09
-1.299147044548845794e-05 2.773622464649319941e+00 3.360452898079678563e-02 1.769660717816415568e-04 2.315377461149343105e-05 8.725624075306766457e-07 3.8 0.00023077721563 1.6e-09
-4.153467474854456688e-05 3.801838606346332305e+00 9.377351062715094665e-02 2.308711753766844264e-04 -8.822427044255297708e-07 3.000457397920777591e-07 3.8 0.00023077721563 1.6e-09
-8.254647347488170285e-05 2.566996345484863440e+00 8.432726995532319192e-02 1.666102569740305207e-04 -2.617335329377013577e-05 -6.546395952160471923e-07 3.8 0.00023077721563 1.6e-09
-6.704395396730154463e-05 4.006161082158966602e-01 -1.518677700143305706e-02 1.469769644623024991e-04 2.061439998923488584e-05 -2.158421156253618220e-06 3.8 0.00023077721563 1.6e-09
6.361064285650070750e-05 2.905450903844584154e+00 5.555683012249849201e-02 1.836560472434441333e-04 2.142022882766651327e-05 9.796272753919554498e-07 3.8 0.00023077721563 1.6e-09
-2.040677321152266203e-05 3.818908450439799207e+00 1.174158799309494849e-01 2.317680620100024194e-04 -1.792274793962990610e-06 2.369681321723420720e-07 3.8 0.00023077721563 1.6e-09
2.957685683412700201e-05 2.485724759678785478e+00 9.295476613485871564e-02 1.625710879337244016e-04 -2.755377870613719561e-05 -9.201199477018736581e-07 3.8 0.00023077721563 1.6e-09
2.548572061056909752e-05 4.133457893493819868e-01 -1.799993090151313924e-02 1.437899114124646660e-04 2.939216925730274584e-05 -1.317934191217293973e-06 3.8 0.00023077721563 1.6e-09
-4.746712158967128568e-05 2.983615608147082376e+00 7.720469055271994563e-02 1.876380761778509822e-04 2.057300186271749067e-05 1.088767724020757684e-06 3.8 0.00023077721563 1.6e-09
2.953713342033841525e-05 3.846810007180364366e+00 1.413195082715918427e-01 2.332418525494736974e-04 -2.114893176119795539e-06 1.835003811132823198e-07 3.8 0.00023077721563 1.6e-09
9.807842452168595744e-06 2.488884452911138467e+00 1.038654361610406723e-01 1.626848364471412760e-04 -2.773327043008025952e-05 -1.138619802040722417e-06 3.8 0.00023077721563 1.6e-09
-4.862405428136392993e-05 4.117461006433840720e-01 -1.932921670415380794e-02 1.438884255687597317e-04 2.988478590005240660e-05 -7.885945877357075251e-07 3.8 0.00023077721563 1.6e-09
-8.327451757794715145e-05 2.996024252957751877e+00 9.526592927174193370e-02 1.882422727584450936e-04 2.070339129679557870e-05 1.199736675461515937e-06 3.8 0.00023077721563 1.6e-09
9.051762194592510055e-05 3.882792086688024114e+00 1.623663289702845236e-01 2.351518747138963794e-04 -1.781676683560213445e-06 1.482472839437550421e-07 3.8 0.00023077721563 1.6e-09
3.512562438898029788e-06 2.580139566024485465e+00 1.162937005539352864e-01 1.671494943687271161e-04 -2.664750584693735341e-05 -1.260129016196537292e-06 3.8 0.00023077721563 1.6e-09
-5.916691250913662099e-06 3.953281583060675453e-01 -1.963821209821352276e-02 1.475350896896946795e-04 2.159328611519560715e-05 -7.103559064854259411e-07 3.8 0.00023077721563 1.6e-09
3.624775179619282503e-05 2.936611476690383693e+00 1.063022658184970271e-01 1.851534402860371422e-04 2.179302878437187519e-05 1.309251222283032023e-06 3.8 0.00023077721563 1.6e-09
3.556602563281791480e-05 3.916010926042645224e+00 1.770025800782139558e-01 2.369207444821308387e-04 -8.661375998871789980e-07 1.355787987216628408e-07 3.8 0.00023077721563 1.6e-09
-4.493360880473759177e-05 2.734610090564238316e+00 1.278028340364559812e-01 1.748567592651425735e-04 -2.464641702917324607e-05 -1.272242890126521964e-06 3.8 0.00023077721563 1.6e-09
3.221598931102673854e-05 3.815647553976849737e-01 -1.902965886472414436e-02 1.509681809107540646e-04 4.474529845514701952e-06 -1.121711300426429957e-06 3.8 0.00023077721563 1.6e-09
7.052808013435605964e-05 2.805637322383419452e+00 1.065738048483197697e-01 1.784493006461245715e-04 2.370379795935628563e-05 1.402467261289024848e-06 3.8 0.00023077721563 1.6e-09
5.590115595330574923e-06 3.924493221115250563e+00 1.807742278200470398e-01 2.373728300139276413e-04 3.553407924970765919e-07 1.449268086005160812e-07 3.8 0.00023077721563 1.6e-09
8.621616419059871463e-05 2.889793695287981468e+00 1.336097873448681694e-01 1.827424229564323624e-04 -2.251659891316902065e-05 -1.200954318935663203e-06 3.8 0.00023077721563 1.6e-09
5.152784246587216617e-05 3.879508304999657597e-01 -1.753247820034135873e-02 1.493614178750391592e-04 -1.520484969303188427e-05 -1.719699055006280418e-06 3.8 0.00023077721563 1.6e-09
3.575748883154050283e-05 2.640347810918906912e+00 9.866789264258404857e-02 1.701313191626566048e-04 2.591139596217232141e-05 1.473057611853091350e-06 3.8 0.00023077721563 1.6e-09
6.212200220379142910e-06 3.901428688761138908e+00 1.758634589258683267e-01 2.361428571286407446e-04 1.485077731086643194e-06 1.675054904683065906e-07 3.8 0.00023077721563 1.6e-09
4.919861629400420491e-05 2.989592863046546256e+00 1.331475365561435587e-01 1.878924663656778970e-04 -2.093531529890282311e-05 -1.108397823590539185e-06 3.8 0.00023077721563 1.6e-09
-3.631571192355733117e-05 4.080739076756310091e-01 -1.582877565309153203e-02 1.446588327159923889e-04 -2.849182537378924850e-05 -2.097414712070059821e-06 3.8 0.00023077721563 1.6e-09
-1.177101196369602468e-05 2.506900120372548280e+00 9.056077514152516272e-02 1.635433579382817595e-04 2.762181214505807160e-05 1.518493900818287666e-06 3.8 0.00023077721563 1.6e-09
8.717527184873250803e-05 3.866170127123770506e+00 1.696078363594694660e-01 2.342662200663254426e-04 2.191442452643687166e-06 1.846301748005938121e-07 3.8 0.00023077721563 1.6e-09
-2.777077926672302235e-05 3.022865807765542812e+00 1.300628184316385272e-01 1.896420015770812506e-04 -2.017669242160311522e-05 -1.050629003329131395e-06 3.8 0.00023077721563 1.6e-09
-1.468301048469121804e-05 4.218856513018050536e-01 -1.490943180499653201e-02 1.418286278393218573e-04 -3.344290037371806286e-05 -2.162309429755758197e-06 3.8 0.00023077721563 1.6e-09
-5.237917266417303340e-05 2.444961735585438944e+00 8.614713622361898360e-02 1.605462262669316953e-04 2.831115710326680438e-05 1.518703437011797515e-06 3.8 0.00023077721563 1.6e-09
-4.793078021787435395e-06 3.834753728003502893e+00 1.643715581305765783e-01 2.326001067328655359e-04 2.344354073932978525e-06 1.794657147445572555e-07 3.8 0.00023077721563 1.6e-09
9.129444037346284445e-05 2.995211321249469538e+00 1.249759443380938639e-01 1.882444519204213142e-04 -2.029760367443449217e-05 -1.041145489730789345e-06 3.8 0.00023077721563 1.6e-09
3.627389993853682797e-07 4.183841556000015283e-01 -1.516568017088885945e-02 1.427992116489864628e-04 -3.110698482918121464e-05 -1.895806165113008110e-06 3.8 0.00023077721563 1.6e-09
-4.033149291979638064e-05 2.463677654752486568e+00 8.531799433800829613e-02 1.614980435166956361e-04 2.782309412611093562e-05 1.447148279715020310e-06 3.8 0.00023077721563 1.6e-09
-3.264386834849286823e-05 3.811478910989752222e+00 1.583798447951974275e-01 2.313726761799517727e-04 1.901167016194914879e-06 1.423274914571033240e-07 3.8 0.00023077721563 1.6e-09
4.029431320473289845e-05 2.909456492595951183e+00 1.160356509435287453e-01 1.838654006914652395e-04 -2.128672151144871702e-05 -1.068804032067721611e-06 3.8 0.00023077721563 1.6e-09
-3.698476268582258884e-05 4.022426813559526471e-01 -1.603850624795585822e-02 1.466713984951683333e-04 -2.127078533910431633e-05 -1.197365194381962219e-06 3.8 0.00023077721563 1.6e-09
-7.024238726664405546e-05 2.557303268936310658e+00 8.740680903962852466e-02 1.661322995636885127e-04 2.627725058237866148e-05 1.297413697814848964e-06 3.8 0.00023077721563 1.6e-09
-5.248872596341586322e-06 3.797318374354601289e+00 1.502310057310755620e-01 2.306303249634102993e-04 9.241594789433629841e-07 6.947668213351398379e-08 3.8 0.00023077721563 1.6e-09
7.866404541430528250e-05 2.774272736923585114e+00 1.022569594082682332e-01 1.770006917395202848e-04 -2.308716438017220494e-05 -1.118156672700557127e-06 3.8 0.00023077721563 1.6e-09
1.176863306701062440e-05 3.898722021344702693e-01 -1.629012421323206006e-02 1.498210593342182444e-04 -4.348832081672915574e-06 -3.354607285962342816e-08 3.8 0.00023077721563 1.6e-09
5.814090012837036151e-05 2.702180720759152166e+00 9.275073932046580538e-02 1.733674252006556454e-04 2.411329534623065117e-05 1.110992745414372623e-06 3.8 0.00023077721563 1.6e-09
3.754954717478938773e-05 3.796319991806679894e+00 1.421704822448209282e-01 2.305795133209575338e-04 -3.286904358869037974e-07 -3.016366211017386936e-08 3.8 0.00023077721563 1.6e-09
-7.573605629205922463e-05 2.625783724951806342e+00 8.658903495841434317e-02 1.695400706118916387e-04 -2.524159660364398426e-05 -1.177494280134916419e-06 3.8 0.00023077721563 1.6e-09
-8.906054806229771149e-06 3.941306155143958767e-01 -1.505839018511112917e-02 1.486460029081621546e-04 1.396230494557329368e-05 1.262546255092178738e-06 3.8 0.00023077721563 1.6e-09
-2.443238057510198997e-05 2.849489505563713276e+00 1.006716124102823851e-01 1.808063537299011271e-04 2.212774466945782476e-05 9.526517695325101938e-07 3.8 0.00023077721563 1.6e-09
-3.291108346056518402e-06 3.810887941022505832e+00 1.376601923837481589e-01 2.313458171245098079e-04 -1.404475357090724990e-06 -1.298305716360221627e-07 3.8 0.00023077721563 1.6e-09
-2.604072406786327198e-06 2.519975659058996342e+00 7.423499445517980910e-02 1.642687772545865592e-04 -2.696579817151242831e-05 -1.232743450546411353e-06 3.8 0.00023077721563 1.6e-09
1.605393698208880404e-05 4.073405898573564388e-01 -1.294376499536105916e-02 1.452455421878460075e-04 2.595878846000349531e-05 2.242480329826802653e-06 3.8 0.00023077721563 1.6e-09
-2.057344783701562778e-05 2.951189388839540406e+00 1.078711714166525060e-01 1.859804032471545042e-04 2.093185732770727354e-05 8.472928622319329383e-07 3.8 0.00023077721563 1.6e-09
2.698728192194299575e-05 3.837686076512905942e+00 1.358827524500832162e-01 2.327601860380499156e-04 -1.946358730194124406e-06 -2.044303498379069153e-07 3.8 0.00023077721563 1.6e-09
-3.890336416249783546e-05 2.494741996562965802e+00 6.696822919732550727e-02 1.629872818635563292e-04 -2.758112426614910725e-05 -1.254275225824652876e-06 3.8 0.00023077721563 1.6e-09
-4.833699077739052937e-05 4.110743513853416520e-01 -1.131192010980885607e-02 1.441279320980859142e-04 2.925300724299302577e-05 2.831408749894142361e-06 3.8 0.00023077721563 1.6e-09
-3.745111040836964612e-05 2.987032506605716620e+00 1.112088639242950761e-01 1.877890994558320255e-04 2.074512624827887897e-05 7.810788183067817319e-07 3.8 0.00023077721563 1.6e-09
-4.058809164453919830e-05 3.873765581081710430e+00 1.333996929065652259e-01 2.346737024235953845e-04 -1.810527516077572696e-06 -2.474072834048652390e-07 3.8 0.00023077721563 1.6e-09
6.691262451276013532e-05 2.561145576662257284e+00 6.302484073712766310e-02 1.662186694294956826e-04 -2.688907486473804867e-05 -1.213926458879086561e-06 3.8 0.00023077721563 1.6e-09
3.091415626155481847e-05 3.985456237094889831e-01 -1.092309293640845481e-02 1.468166667358575760e-04 2.358504511673688997e-05 3.121535992550791437e-06 3.8 0.00023077721563 1.6e-09
-7.919189302078403776e-06 2.950312068784160857e+00 1.076153851887304003e-01 1.858637616149012243e-04 2.157487364270299139e-05 7.224407011019206201e-07 3.8 0.00023077721563 1.6e-09
-5.462575468519553453e-06 3.911661112375909077e+00 1.253846081945563795e-01 2.366906657360635111e-04 -1.044615563023430564e-06 -2.634789542132283601e-07 3.8 0.00023077721563 1.6e-09
7.219385401670192534e-05 2.704523801963725660e+00 5.836396026883199084e-02 1.733448210491122968e-04 -2.508917864326117074e-05 -1.095237955796092226e-06 3.8 0.00023077721563 1.6e-09
2.134366850929261971e-05 3.828070995880867855e-01 -1.150981663530486511e-02 1.506503919506187194e-04 8.384233549356528620e-06 3.065269429204419614e-06 3.8 0.00023077721563 1.6e-09
-2.206632079801760073e-05 2.836714260852368330e+00 9.308253620780072846e-02 1.800279077232313271e-04 2.333576589220352570e-05 6.293170690123953033e-07 3.8 0.00023077721563 1.6e-09
-1.068490379421095030e-04 3.930707373074523225e+00 1.058313641948128159e-01 2.377060382941176232e-04 1.531737564811991069e-07 -2.562594263281606564e-07 3.8 0.00023077721563 1.6e-09
-6.608992137364648359e-05 2.870789458409485295e+00 4.756192345257855003e-02 1.817681147839632437e-04 -2.286453757870761635e-05 -8.950252638656443359e-07 3.8 0.00023077721563 1.6e-09
5.117323373611755069e-05 3.850021702338684570e-01 -1.189555354832321291e-02 1.500840096139518414e-04 -1.215738712576644501e-05 2.622149740757062240e-06 3.8 0.00023077721563 1.6e-09
4.901607984057391689e-05 2.669695055592946176e+00 6.905317617065609426e-02 1.715909075872064002e-04 2.561946490117429623e-05 4.886621429196568879e-07 3.8 0.00023077721563 1.6e-09
-9.184564795614201462e-05 3.915259061367052151e+00 7.636549167442638342e-02 2.368814170276329505e-04 1.382688053035647468e-06 -2.225739296653809867e-07 3.8 0.00023077721563 1.6e-09
4.574201097841726869e-05 2.992860099097748083e+00 3.128609456705579162e-02 1.880515150766932171e-04 -2.104593141398500771e-05 -6.489742594906016533e-07 3.8 0.00023077721563 1.6e-09
1.025926690515338569e-05 4.063226841274022449e-01 -1.082288066816580567e-02 1.449856897652150329e-04 -2.814628538928274005e-05 2.016963728425835280e-06 3.8 0.00023077721563 1.6e-09
-3.336617810239081206e-05 2.514905958924457341e+00 4.418965478358435894e-02 1.639235012366913220e-04 2.765388918357830400e-05 3.325431141812715145e-07 3.8 0.00023077721563 1.6e-09
-8.795625612756011570e-05 3.880447109112187931e+00 4.766752971417932694e-02 2.350262156171682129e-04 2.277627925939405686e-06 -1.640769635963965522e-07 3.8 0.00023077721563 1.6e-09
-3.932752172584846857e-05 3.048298360163723686e+00 1.717830145353645144e-02 1.909470679581236254e-04 -1.998813297318058845e-05 -4.174282924259617497e-07 3.8 0.00023077721563 1.6e-09
4.252855858811060454e-05 4.267754416714056864e-01 -8.127570901513933577e-03 1.407191387990817445e-04 -3.566785251497188794e-05 1.426090473097546910e-06 3.8 0.00023077721563 1.6e-09
-1.974969403315823490e-05 2.424136788597894387e+00 2.294066280145202336e-02 1.595165266367366700e-04 2.877235016281591323e-05 1.868046961658517443e-07 3.8 0.00023077721563 1.6e-09
5.760184324265887857e-05 3.846932635598180106e+00 2.488877181181489012e-02 2.332456542060111482e-04 2.635923595529076022e-06 -8.923686048355762521e-08 3.8 0.00023077721563 1.6e-09
-7.427511465820793915e-05 3.043574355903047035e+00 8.524890707633776474e-03 1.907331665190152429e-04 -1.976585964654602314e-05 -2.218596413755943645e-07 3.8 0.00023077721563 1.6e-09
-7.872769851755784883e-06 4.304356439781643062e-01 -4.577741574219241355e-03 1.401885377490410633e-04 -3.605481887080421713e-05 8.446158367175499701e-07 3.8 0.00023077721563 1.6e-09
2.092735865514214674e-05 2.412116721861258917e+00 4.703733219460937143e-03 1.589694123310915138e-04 2.874791136223712941e-05 5.824982052675041833e-08 3.8 0.00023077721563 1.6e-09
-3.008706883651983633e-05 3.822212863299552232e+00 6.701589414669747308e-03 2.319389457438247805e-04 2.442828886871723640e-06 -7.541680124765533996e-09 3.8 0.00023077721563 1.6e-09
-3.165946649388182247e-05 2.984883628551450840e+00 3.707119298227604977e-03 1.877296050414874564e-04 -2.036245111694136826e-05 -5.192313430004059399e-08 3.8 0.00023077721563 1.6e-09
-5.619866081023530008e-05 4.165250916358073097e-01 -1.286243691635779529e-03 1.433309465630294537e-04 -3.000161655461662616e-05 2.086776346947423063e-07 3.8 0.00023077721563 1.6e-09
7.813188749175247979e-05 2.474902245570180792e+00 -1.110952025906592616e-02 1.620629907494638413e-04 2.763330599291305992e-05 -4.559300323993959306e-08 3.8 0.00023077721563 1.6e-09
1.818965708835324310e-05 3.806395003233668195e+00 -8.510692803684018898e-03 2.311087928671667479e-04 1.710127559791955120e-06 6.812381612025266136e-08 3.8 0.00023077721563 1.6e-09
8.587755733821302040e-05 2.876480259251785299e+00 4.878832935259734289e-04 1.821893755099354294e-04 -2.174429285542551837e-05 9.834568417121878121e-08 3.8 0.00023077721563 1.6e-09
5.230249630573058443e-05 3.972894752817062169e-01 5.432765998417826703e-04 1.479520026882588180e-04 -1.706040215547227978e-05 -4.941214331547956851e-07 3.8 0.00023077721563 1.6e-09
-5.003398952688501919e-05 2.597216443639668970e+00 -2.194896946044745320e-02 1.681159027667325024e-04 2.572582075242084930e-05 -9.227430495828188454e-08 3.8 0.00023077721563 1.6e-09
-5.508099428620736449e-05 3.799504317323932678e+00 -1.796990017008528312e-02 2.307500431271439169e-04 5.862347114709799834e-07 1.232708093607000747e-07 3.8 0.00023077721563 1.6e-09
-7.189453995049983870e-05 2.734124080776387800e+00 -6.699977524205480428e-04 1.749754397000783334e-04 -2.370813009727458466e-05 2.006299863475159323e-07 3.8 0.00023077721563 1.6e-09
2.604603834641711389e-05 3.889829554524012467e-01 8.306671249997447340e-05 1.500688831752255525e-04 9.586617055207005080e-07 -1.136492595086589608e-06 3.8 0.00023077721563 1.6e-09
-4.125029863632587320e-05 2.747487399691938670e+00 -2.330830942555102078e-02 1.756445292406837492e-04 2.355212148839622106e-05 -3.897108791033640121e-08 3.8 0.00023077721563 1.6e-09
-4.855745937045998157e-07 3.803616891690183355e+00 -1.511811295489737250e-02 2.309672656131144019e-04 -6.479944110639564212e-07 1.551183784461023105e-07 3.8 0.00023077721563 1.6e-09
-1.714445973378952732e-05 2.595606908267179769e+00 3.937131429805148033e-03 1.680304582767961795e-04 -2.578612953083244416e-05 1.944805094074637420e-07 3.8 0.00023077721563 1.6e-09
-1.809083465033466757e-05 3.970299485199647593e-01 -2.438032272403234217e-03 1.479025377671352873e-04 1.768863070474070652e-05 -1.531679448381324569e-06 3.8 0.00023077721563 1.6e-09
-7.707616144495009253e-05 2.882044213870804228e+00 -1.506760640850030378e-02 1.824612096437347995e-04 2.176740795717651417e-05 1.017848821900557207e-07 3.8 0.00023077721563 1.6e-09
5.059618978187195462e-05 3.818799938465188948e+00 8.933822252710048317e-04 2.317655564703309566e-04 -1.612221077470371275e-06 1.756872023226235421e-07 3.8 0.00023077721563 1.6e-09
-1.394227022193274398e-05 2.504718078257999636e+00 1.561441435661180266e-02 1.635095222785742800e-04 -2.729024304607484438e-05 6.540287640575468928e-08 3.8 0.00023077721563 1.6e-09
-6.521390957374673906e-05 4.100094996489241916e-01 -5.787662045366293029e-03 1.446050609165639095e-04 2.773321373849521224e-05 -1.667434215381479750e-06 3.8 0.00023077721563 1.6e-09
4.384011313545643437e-05 2.968857106358106179e+00 -1.459086885481859341e-03 1.868859369102146637e-04 2.075952227237444229e-05 2.764767544091360006e-07 3.8 0.00023077721563 1.6e-09
3.020909737759642583e-05 3.843357240391194196e+00 2.390792070647931172e-02 2.330620592301530891e-04 -2.050724766883315563e-06 1.922930529152624207e-07 3.8 0.00023077721563 1.6e-09
-5.208489061349011332e-05 2.488354339863927844e+00 3.137142693183707365e-02 1.626687610976136253e-04 -2.774605762486462561e-05 -1.266829309252625886e-07 3.8 0.00023077721563 1.6e-09
1.012554753786747846e-05 4.123269609263224833e-01 -8.633731849477936302e-03 1.438461201963477662e-04 2.997760406378336312e-05 -1.683674411332080221e-06 3.8 0.00023077721563 1.6e-09
3.107336362295956810e-05 2.995860732742897881e+00 1.403434480315904342e-02 1.882446873168439646e-04 2.066474757282873862e-05 4.506318456972660624e-07 3.8 0.00023077721563 1.6e-09
2.843638886875976063e-05 3.875960646883396699e+00 4.849451619564769389e-02 2.347916055155485724e-04 -1.883627148689481713e-06 2.035139164142862148e-07 3.8 0.00023077721563 1.6e-09
-3.457803936742150661e-05 2.554501989751895685e+00 4.831804822300948127e-02 1.658901789158783954e-04 -2.701338112124253350e-05 -3.127556007800054068e-07 3.8 0.00023077721563 1.6e-09
-5.756930493323128442e-05 3.995093131645190421e-01 -1.013410312224066398e-02 1.465974777021415622e-04 2.429053631885479136e-05 -1.725676384873206838e-06 3.8 0.00023077721563 1.6e-09
3.509612006217998291e-05 2.957428838235421686e+00 2.807819842641306671e-02 1.862335308962962484e-04 2.148076609711024681e-05 6.042348149732362481e-07 3.8 0.00023077721563 1.6e-09
5.111894601133906940e-06 3.909812431916225961e+00 7.008830396230097959e-02 2.365933615608584043e-04 -1.143727668207029195e-06 2.093319329217865723e-07 3.8 0.00023077721563 1.6e-09
2.882439625973675835e-05 2.689426263922773064e+00 6.390014234101554225e-02 1.725890269864545313e-04 -2.529451497154957363e-05 -4.409934695159477438e-07 3.8 0.00023077721563 1.6e-09
-6.694723348094961573e-05 3.837010941736122005e-01 -1.000203196419513149e-02 1.504482603450587371e-04 1.003261798723304207e-05 -1.897572157247226848e-06 3.8 0.00023077721563 1.6e-09
-1.941491375243154904e-06 2.850085549411952357e+00 3.531399032059584497e-02 1.807151742062687344e-04 2.312909277570292715e-05 7.116635562623894624e-07 3.8 0.00023077721563 1.6e-09
1.144649277245916679e-04 3.926936705936785454e+00 8.245670215086498001e-02 2.375061233120491695e-04 -2.841463739598182812e-08 2.174460964018287289e-07 3.8 0.00023077721563 1.6e-09
-5.625422967259561928e-05 2.845626961640228547e+00 7.411556171688821193e-02 1.804876616897194640e-04 -2.318385596492610686e-05 -4.791759752623679169e-07 3.8 0.00023077721563 1.6e-09
1.271215071131214652e-07 3.833734560258245661e-01 -8.479150899241529732e-03 1.505522050264096186e-04 -9.198642668201095459e-06 -2.183591051996161126e-06 3.8 0.00023077721563 1.6e-09
4.983986814348514115e-05 2.694943394417243177e+00 3.324169892743834842e-02 1.728626859085054214e-04 2.524504462528508175e-05 7.665751510478031105e-07 3.8 0.00023077721563 1.6e-09
2.646328986663636383e-05 3.913845196775286084e+00 8.382602611469718024e-02 2.368073783028001216e-04 1.141023277198333411e-06 2.410721331053763339e-07 3.8 0.00023077721563 1.6e-09
-1.714673281888057113e-05 2.963849572065972104e+00 7.788236212345139853e-02 1.865589966084704710e-04 -2.142082372420481430e-05 -4.429432301849110363e-07 3.8 0.00023077721563 1.6e-09
-5.241747360353924919e-05 4.004964986528090631e-01 -6.274204383844789526e-03 1.463869132312809113e-04 -2.477623669300515596e-05 -2.478613283373812033e-06 3.8 0.00023077721563 1.6e-09
5.691609045887454407e-05 2.548870014992793642e+00 2.730407985621273459e-02 1.656018566724871011e-04 2.714938650727236844e-05 8.038316159074287794e-07 3.8 0.00023077721563 1.6e-09
-7.036475752409895607e-05 3.882323794045218435e+00 8.172505122369472241e-02 2.351275362665487052e-04 2.011664946613294044e-06 2.817452860370278777e-07 3.8 0.00023077721563 1.6e-09
3.519151059242345335e-05 3.020702493884947604e+00 8.016391488718685454e-02 1.895184227843178739e-04 -2.037386212361596893e-05 -3.943622307329671314e-07 3.8 0.00023077721563 1.6e-09
-5.745159872351900793e-05 4.185345772204449033e-01 -4.392731769270203507e-03 1.424779502880404894e-04 -3.258707559301933011e-05 -2.779309595497509444e-06 3.8 0.00023077721563 1.6e-09
6.781837917874940040e-05 2.459570491602327102e+00 2.307496994370002164e-02 1.612442081342842248e-04 2.824153627520129158e-05 8.494248601257331929e-07 3.8 0.00023077721563 1.6e-09
1.838520571214368403e-05 3.850238176280608826e+00 8.216863652182918032e-02 2.334225051002700971e-04 2.380378339353498607e-06 3.253127300175071083e-07 3.8 0.00023077721563 1.6e-09
-7.075352235188690168e-05 3.019069423414499909e+00 8.395460254621726903e-02 1.894639811064328700e-04 -2.011533909481822712e-05 -3.781789242041986035e-07 3.8 0.00023077721563 1.6e-09
-5.087115837448545668e-05 4.228254623982381499e-01 -3.865151292581683537e-03 1.417654356199157047e-04 -3.331771826326138103e-05 -3.082048865962157436e-06 3.8 0.00023077721563 1.6e-09
6.692792689836664496e-05 2.443813177119618540e+00 2.239225399801303418e-02 1.605105083256823210e-04 2.826873297890752386e-05 8.980004709160710345e-07 3.8 0.00023077721563 1.6e-09
1.092266580743077618e-04 3.824867345522107609e+00 8.559798662960456384e-02 2.320805558012424465e-04 2.201764113255518481e-06 3.540437920572245436e-07 3.8 0.00023077721563 1.6e-09
-2.817949301611855350e-05 2.962652757149436322e+00 8.798868955000657688e-02 1.865828101122424764e-04 -2.067616444844915799e-05 -4.076529698533019416e-07 3.8 0.00023077721563 1.6e-09
4.606055583968166452e-05 4.114001803084241793e-01 -5.357347257394593637e-03 1.444569694821766677e-04 -2.742644772804798020e-05 -3.276119849122799626e-06 3.8 0.00023077721563 1.6e-09
-8.041146631784727825e-05 2.501374877173129896e+00 2.603628308704651617e-02 1.633594774265153605e-04 2.723604674220889710e-05 9.341525846359367066e-07 3.8 0.00023077721563 1.6e-09
1.323825015173353992e-05 3.806857602373039384e+00 9.103591552576895118e-02 2.311333158847776021e-04 1.496929432659049286e-06 3.516046510094867513e-07 3.8 0.00023077721563 1.6e-09
7.393223191692801372e-05 2.853562877306685230e+00 9.006890405762008056e-02 1.810187472476798239e-04 -2.205175530073349960e-05 -4.893976149972099320e-07 3.8 0.00023077721563 1.6e-09
-7.378950500120836622e-05 3.950134705209532582e-01 -8.748579363622992211e-03 1.485022778823205701e-04 -1.427010855237771451e-05 -3.129014156261352995e-06 3.8 0.00023077721563 1.6e-09
-5.212185354966100226e-05 2.620859277882489735e+00 3.565303069642623834e-02 1.692939022323994075e-04 2.535102846232405887e-05 9.598531996726391002e-07 3.8 0.00023077721563 1.6e-09
-5.159610817875613989e-05 3.797601239605474355e+00 9.964115428115619122e-02 2.306483693853815129e-04 3.699273367256690101e-07 3.087151007686354297e-07 3.8 0.00023077721563 1.6e-09
-5.781482067081677756e-05 2.707805412080608320e+00 9.020217306149858061e-02 1.736499040365197476e-04 -2.405272737019723510e-05 -6.368596284455241634e-07 3.8 0.00023077721563 1.6e-09
-7.214139128528104447e-06 3.896442447169535250e-01 -1.287896748674540251e-02 1.498656707533675648e-04 3.984472976613989559e-06 -2.439904072416534042e-06 3.8 0.00023077721563 1.6e-09
5.954103812154299573e-05 2.770957897577470241e+00 5.218746225291672619e-02 1.768315425797102342e-04 2.317866950767288395e-05 9.955040032379559627e-07 3.8 0.00023077721563 1.6e-09
3.894387538835514316e-05 3.801455438220867844e+00 1.139621245210769296e-01 2.308504279666591548e-04 -8.640384345938685474e-07 2.356319180968559632e-07 3.8 0.00023077721563 1.6e-09
-4.331434959500362030e-05 2.569750584710029706e+00 9.138570694395323213e-02 1.667461388871420273e-04 -2.612561725725518098e-05 -8.508538178440851152e-07 3.8 0.00023077721563 1.6e-09
5.150566624855846160e-05 4.001723422074645597e-01 -1.612429460632367959e-02 1.470858944792871668e-04 2.028106330161192229e-05 -1.407120175782303605e-06 3.8 0.00023077721563 1.6e-09
3.618049204391180927e-05 2.902681455793377552e+00 7.238366183269084875e-02 1.835135159449949012e-04 2.145553110640421407e-05 1.046626556396393046e-06 3.8 0.00023077721563 1.6e-09
-1.020421109118217426e-04 3.818979055952687496e+00 1.324818306968852943e-01 2.317715611340508467e-04 -1.758012970384580253e-06 1.584144514457544499e-07 3.8 0.00023077721563 1.6e-09
1.024276506198511943e-05 2.489714167148923796e+00 9.560465490337660688e-02 1.627665356688337865e-04 -2.748835739049912763e-05 -1.080648399730344201e-06 3.8 0.00023077721563 1.6e-09
-1.480273812728169318e-05 4.124806855528742044e-01 -1.783269673429553615e-02 1.439766018048675277e-04 2.905044655732787369e-05 -4.851790654798255338e-07 3.8 0.00023077721563 1.6e-09
5.140454241148875530e-05 2.980297824711198196e+00 9.144505203074027033e-02 1.874670553717124771e-04 2.061209346358890398e-05 1.107772293609659566e-06 3.8 0.00023077721563 1.6e-09
8.151283759339473622e-05 3.847396872022743164e+00 1.510052309408140836e-01 2.332728987273853982e-04 -2.078594960830303014e-06 9.628828654818691229e-08 3.8 0.00023077721563 1.6e-09
-2.655702507025574011e-05 2.494606829166259310e+00 1.025069218692111067e-01 1.629654738615111151e-04 -2.764750157988698739e-05 -1.254410757376116047e-06 3.8 0.00023077721563 1.6e-09
2.915009619972101063e-05 4.105934187808174540e-01 -1.848591156054371631e-02 1.441497543253077206e-04 2.937977146197314518e-05 8.028974789270704997e-08 3.8 0.00023077721563 1.6e-09
-1.777309721777560572e-05 2.991614689519546122e+00 1.061669385993987413e-01 1.880144042532112749e-04 2.076360961052278837e-05 1.177255902443104592e-06 3.8 0.00023077721563 1.6e-09
-4.317866694174879563e-05 3.883741173430266258e+00 1.664519779007576639e-01 2.352025105160792556e-04 -1.721791434760556841e-06 5.731560936298181445e-08 3.8 0.00023077721563 1.6e-09
7.155005794161518754e-06 2.587540579956712605e+00 1.111147974294085516e-01 1.675163761464556035e-04 -2.654730901168870946e-05 -1.329868929316098312e-06 3.8 0.00023077721563 1.6e-09
3.024772987708411879e-05 3.942945848303242018e-01 -1.864564631161460401e-02 1.477902025827876960e-04 2.087397378895359536e-05 1.900434667854417400e-07 3.8 0.00023077721563 1.6e-09
-5.275744474462396472e-05 2.930642057571551717e+00 1.131261204980126001e-01 1.848455684101424368e-04 2.188578943356068483e-05 1.246381811484855026e-06 3.8 0.00023077721563 1.6e-09
7.647939037991671740e-05 3.916793526446232576e+00 1.749760092289927849e-01 2.369626225172504343e-04 -8.078821996516470514e-07 4.390058209790346570e-08 3.8 0.00023077721563 1.6e-09
7.302773040485654196e-05 2.742544692414590202e+00 1.184915061434249767e-01 1.752561556720548812e-04 -2.455113253059817586e-05 -1.298630597489672365e-06 3.8 0.00023077721563 1.6e-09
3.846843261357493933e-06 3.812993547669472072e-01 -1.828720657521067799e-02 1.510401882831612964e-04 3.602768507224393266e-06 -1.920847645394551208e-07 3.8 0.00023077721563 1.6e-09
-3.913885110086748017e-05 2.798366437526440098e+00 1.089434643460221175e-01 1.780791076508090980e-04 2.381494177452694741e-05 1.296196649228046462e-06 3.8 0.00023077721563 1.6e-09
1.351507187235233693e-05 3.924529270622955313e+00 1.722781791676210039e-01 2.373750077208437227e-04 4.152823913006054696e-07 5.404917474479827313e-08 3.8 0.00023077721563 1.6e-09
-4.575367941021045806e-05 2.896395303503244811e+00 1.198684494759782726e-01 1.830819454533975151e-04 -2.242370635313908089e-05 -1.187682490591812058e-06 3.8 0.00023077721563 1.6e-09
-5.375805774467504498e-05 3.885779316492181668e-01 -1.712963499197020512e-02 1.492087470621922306e-04 -1.592493925525560191e-05 -7.880326791375458421e-07 3.8 0.00023077721563 1.6e-09
-4.648181545337588978e-05 2.633478543130327587e+00 9.698232055448528788e-02 1.697880289310128399e-04 2.601742447190539740e-05 1.320852781187137373e-06 3.8 0.00023077721563 1.6e-09
-3.567075260349707622e-05 3.900978662827881749e+00 1.614242156017479668e-01 2.361192336277797947e-04 1.536574238024141890e-06 7.920405019289442440e-08 3.8 0.00023077721563 1.6e-09
4.291476341944531814e-05 2.993923945534458397e+00 1.155136297609580531e-01 1.881168949445196411e-04 -2.088077295256876841e-05 -1.058714686701318545e-06 3.8 0.00023077721563 1.6e-09
4.884840962947277466e-05 4.088867373694463625e-01 -1.550544269505855707e-02 1.444732027852874199e-04 -2.895275583439854138e-05 -1.201414197961310173e-06 3.8 0.00023077721563 1.6e-09
5.049276612654442426e-05 2.502207074564798184e+00 8.530669062745316333e-02 1.633143770076550907e-04 2.769225960322208957e-05 1.320807592021522822e-06 3.8 0.00023077721563 1.6e-09
-6.062810072554208646e-05 3.865840839894500114e+00 1.500821564900333693e-01 2.342492030486165622e-04 2.230587828774096396e-06 1.024172270035746505e-07 3.8 0.00023077721563 1.6e-09
-9.125852214266050159e-05 3.024987941639293076e+00 1.095813522890903280e-01 1.897531994666356160e-04 -2.015132282654371986e-05 -9.646623044303870790e-07 3.8 0.00023077721563 1.6e-09
-3.222413450528426558e-05 4.222407076277568949e-01 -1.420887839382805815e-02 1.417613585273653077e-04 -3.359926837659351934e-05 -1.336025301340982411e-06 3.8 0.00023077721563 1.6e-09
2.119101275038196182e-05 2.443226070773969916e+00 7.732973256571820664e-02 1.604636272213173494e-04 2.834252151892151047e-05 1.280886183104187860e-06 3.8 0.00023077721563 1.6e-09
-2.389693369803609960e-05 3.834884981827616279e+00 1.403972717500592271e-01 2.326079360086471539e-04 2.354137325261210369e-06 1.089304564787047694e-07 3.8 0.00023077721563 1.6e-09
-4.301678399107062688e-05 2.995331674693671786e+00 1.027349460085779653e-01 1.882525682500422895e-04 -2.030005786643427558e-05 -9.150852423289783546e-07 3.8 0.00023077721563 1.6e-09
-6.086672881285559586e-05 4.181009941555939857e-01 -1.365631523750249036e-02 1.428718943834374634e-04 -3.100951846388133853e-05 -1.184057053484043946e-06 3.8 0.00023077721563 1.6e-09
7.915170006676802575e-05 2.464938716384405204e+00 7.264018631870994280e-02 1.615618344026925634e-04 2.781276112711177027e-05 1.181293457844332929e-06 3.8 0.00023077721563 1.6e-09
8.573462313143888000e-05 3.812267679183110047e+00 1.305171469721688182e-01 2.314156264903065243e-04 1.883509367736844803e-06 8.999179932549979450e-08 3.8 0.00023077721563 1.6e-09
-5.152460749511486468e-05 2.908179027014506701e+00 9.315686993189217779e-02 1.838012492454196161e-04 -2.131769006781041541e-05 -8.966785491902540129e-07 3.8 0.00023077721563 1.6e-09
5.077668582089745109e-05 4.017217014052361090e-01 -1.355175144066386381e-02 1.467961076092113995e-04 -2.101795934734336535e-05 -6.876324420208708270e-07 3.8 0.00023077721563 1.6e-09
5.256650158258318451e-05 2.560564146158585963e+00 7.074669465325927886e-02 1.662946317571572120e-04 2.624549897996945495e-05 1.024069175720197555e-06 3.8 0.00023077721563 1.6e-09
-9.497568743184657222e-05 3.798960957533986438e+00 1.194356888937963407e-01 2.307183096735398043e-04 9.120054339091878299e-07 4.100152632288476396e-08 3.8 0.00023077721563 1.6e-09
-6.711515707161604593e-05 2.773338867847446210e+00 8.002744770117908857e-02 1.769542921376122241e-04 -2.311768769335306441e-05 -8.968424345972931351e-07 3.8 0.00023077721563 1.6e-09
-7.410221199039583519e-05 3.896310128675232742e-01 -1.314021614491108284e-02 1.498827843860243395e-04 -4.088308990358973511e-06 1.518508519123568062e-07 3.8 0.00023077721563 1.6e-09
5.542244703575873767e-05 2.705141726397249258e+00 7.269548437378002548e-02 1.735149460203425672e-04 2.410219619930721854e-05 8.564719883819506651e-07 3.8 0.00023077721563 1.6e-09
-2.873941278733527552e-05 3.798714797474620930e+00 1.102500028868838300e-01 2.307071594183846604e-04 -3.305748425455207863e-07 -3.179159803143230275e-08 3.8 0.00023077721563 1.6e-09
2.153144380400861971e-06 2.627324022546143389e+00 6.643813082715782636e-02 1.696147280480421069e-04 -2.525589031532266069e-05 -9.165124404210704041e-07 3.8 0.00023077721563 1.6e-09
-6.643303712320352422e-05 3.938478622744506774e-01 -1.196706441626572276e-02 1.487108089166021361e-04 1.389884649649382266e-05 1.078442454746205079e-06 3.8 0.00023077721563 1.6e-09
-3.256600205108198720e-05 2.850095879661735054e+00 7.846502526427201474e-02 1.808358181833160598e-04 2.215223675953146182e-05 7.356846585128295763e-07 3.8 0.00023077721563 1.6e-09
8.933351313094651299e-05 3.813401885289200877e+00 1.066913480050837026e-01 2.314798524198920888e-04 -1.394143807642832476e-06 -1.054340284338954979e-07 3.8 0.00023077721563 1.6e-09
1.376793839505596132e-05 2.524377822135820182e+00 5.716803299990977361e-02 1.644839716822583541e-04 -2.693154391131016666e-05 -9.558310548408610567e-07 3.8 0.00023077721563 1.6e-09
-5.013785400922380324e-05 4.064771967470360847e-01 -1.049459782141194675e-02 1.454398402417776594e-04 2.560675773154661437e-05 1.776099866056586849e-06 3.8 0.00023077721563 1.6e-09
8.111618987372516882e-05 2.949386026720712373e+00 8.492836118567105574e-02 1.858876674076780371e-04 2.097860241783690240e-05 6.709564522649503323e-07 3.8 0.00023077721563 1.6e-09
5.957763573430970033e-05 3.839748809506994931e+00 1.072653613247614712e-01 2.328705978518172718e-04 -1.916570598775669006e-06 -1.589968764834215068e-07 3.8 0.00023077721563 1.6e-09
2.237187544384109018e-05 2.500473049591087182e+00 5.312111081633293097e-02 1.632673962159660226e-04 -2.752326543754227416e-05 -9.870669442287660122e-07 3.8 0.00023077721563 1.6e-09
2.811513001915328852e-05 4.098873938157837626e-01 -9.549307093953834230e-03 1.444052879188918097e-04 2.873404338825273424e-05 2.202054884514990827e-06 3.8 0.00023077721563 1.6e-09
-6.647392676337623128e-05 2.983836184408374059e+00 8.889399719694465740e-02 1.876241911447285222e-04 2.081057089305185921e-05 6.398674657029157317e-07 3.8 0.00023077721563 1.6e-09
