8.825099857742650764e-06 2.219970099369336758e+00 -5.216077770907147425e-05 1.500464389388989604e-04 -2.918705960607233645e-05 -9.705606301557861516e-10 3.5 0.00021488411355 1.6e-09
-3.436924347954287210e-05 4.841300941159314419e-01 -3.832582177687903196e-03 1.319332535802637601e-04 4.331205416957610013e-05 -3.120156998157666578e-07 3.5 0.00021488411355 1.6e-09
5.389296378027582019e-05 3.000141456202580326e+00 6.463212850819457719e-03 1.886845032017818902e-04 1.645669384874958694e-05 1.465026266923177653e-07 3.5 0.00021488411355 1.6e-09
-1.031250163252634875e-04 3.378668063144074196e+00 1.615320735977697486e-02 2.084408700137729961e-04 -8.201108231965753114e-06 3.406377089470686589e-08 3.5 0.00021488411355 1.6e-09
-1.441212908544618984e-05 1.172279562812446052e+00 7.802885290433568544e-03 1.105266209631231440e-04 -4.852198351828601033e-05 -3.683958098634145454e-07 3.5 0.00021488411355 1.6e-09
-1.369025801220819622e-06 1.267663364397527248e+00 -3.162838489642339108e-03 1.127323010068923893e-04 4.660319402852097987e-05 1.445111511038387827e-07 3.5 0.00021488411355 1.6e-09
7.771895525613107690e-06 3.401829049762881585e+00 1.118765753435834245e-02 2.096635763389974295e-04 7.484543455711918338e-06 1.133010730119701273e-07 3.5 0.00021488411355 1.6e-09
3.356571648555097790e-05 2.950497027063883948e+00 1.635758902209013058e-02 1.861290995415816488e-04 -1.734817032308588682e-05 -3.078012073590334974e-08 3.5 0.00021488411355 1.6e-09
-4.572289338614397370e-06 4.573152529939734645e-01 -1.789343646502054353e-04 1.363918274361945423e-04 -3.777696266902848927e-05 -6.683354130591434913e-07 3.5 0.00021488411355 1.6e-09
5.142781343000316514e-05 2.300249462939971234e+00 -8.250749066191883502e-03 1.538371832661302016e-04 2.787359113768546202e-05 1.639155910602897361e-07 3.5 0.00021488411355 1.6e-09
2.970897231290929835e-05 3.500522329217667039e+00 1.079085575553629869e-02 2.149100777230091952e-04 -6.877704646723995419e-07 1.721124730876964922e-07 3.5 0.00021488411355 1.6e-09
4.962819492533784036e-05 2.141375293850058981e+00 1.941943953001705123e-02 1.463890548742634420e-04 -3.050295770873041209e-05 -8.046295995612723805e-08 3.5 0.00021488411355 1.6e-09
-1.029499612306793556e-06 5.158402017757998115e-01 -1.056259341403386481e-02 1.274890964187921927e-04 4.749242201176699494e-05 -1.208589153922688973e-06 3.5 0.00021488411355 1.6e-09
-8.403500689112312026e-05 3.044592389152067646e+00 7.380445042298945831e-03 1.909813952161534844e-04 1.562224124455391573e-05 3.715156157097757672e-07 3.5 0.00021488411355 1.6e-09
-6.199310769451949507e-05 3.351139563463268800e+00 3.634551524118100063e-02 2.069913873673292506e-04 -8.936472709125639453e-06 1.585282566332098864e-07 3.5 0.00021488411355 1.6e-09
2.658339763744226649e-05 1.076858595823662945e+00 2.135022400274516619e-02 1.089035737555253198e-04 -5.037879195988389380e-05 -1.004782944252581480e-06 3.5 0.00021488411355 1.6e-09
-1.199770651207087997e-06 1.366469126694063618e+00 -9.994859892503860782e-03 1.154851671227268136e-04 4.464575465494930665e-05 4.276104292809050005e-07 3.5 0.00021488411355 1.6e-09
-6.663076058843566177e-05 3.424066634332650239e+00 3.344649767136596841e-02 2.108372351431744775e-04 6.769688966173647425e-06 3.483945406833071591e-07 3.5 0.00021488411355 1.6e-09
7.860396145514337088e-06 2.899741338274443692e+00 4.975390401207974156e-02 1.835256649407950545e-04 -1.823931625898686317e-05 -9.264422772634321475e-08 3.5 0.00021488411355 1.6e-09
1.142651359097608536e-05 4.367293482728291654e-01 -8.972359523839398571e-04 1.402446177291722111e-04 -3.161367992093517713e-05 -2.357676499655435661e-06 3.5 0.00021488411355 1.6e-09
-1.671456932298239677e-05 2.375005110236593886e+00 1.616573142652770294e-03 1.574132635879652757e-04 2.666957582791433743e-05 5.465616985477320129e-07 3.5 0.00021488411355 1.6e-09
-1.726975299222366155e-05 3.498741669900666817e+00 4.560396373114920798e-02 2.148138801457323695e-04 -1.346665770824710541e-06 2.849134067941446819e-07 3.5 0.00021488411355 1.6e-09
-6.915977725029096349e-05 2.063158637493014869e+00 4.612378850925251406e-02 1.428150999106996889e-04 -3.180311733643548998e-05 -4.706682866083906737e-07 3.5 0.00021488411355 1.6e-09
-5.267350172543836494e-05 5.520946340465431312e-01 -1.732135160991385772e-02 1.232612689409310464e-04 5.060542600667616408e-05 -1.058260911463468765e-06 3.5 0.00021488411355 1.6e-09
-5.042754970156183375e-05 3.084332387926890018e+00 3.064932268734946869e-02 1.930431747336706764e-04 1.481562400475851918e-05 6.396252445213525610e-07 3.5 0.00021488411355 1.6e-09
-1.016373020510807646e-04 3.320447599457089893e+00 7.261554491517049903e-02 2.053789677306824650e-04 -9.665032847591749116e-06 1.323680964822792143e-07 3.5 0.00021488411355 1.6e-09
1.038237941783473920e-05 9.858982916035524680e-01 2.949719211055861975e-02 1.080503743428517713e-04 -5.202357208585638897e-05 -2.002095340361928600e-06 3.5 0.00021488411355 1.6e-09
1.026218027086042155e-05 1.464934757716652491e+00 -5.667699223141857423e-03 1.186186882400711300e-04 4.271636353944105241e-05 1.016306425719101989e-06 3.5 0.00021488411355 1.6e-09
-3.860874051849906671e-06 3.442906411370548092e+00 7.230942257135322682e-02 2.118334351830613563e-04 6.047898216689370078e-06 5.224581077553293983e-07 3.5 0.00021488411355 1.6e-09
-4.211671843731074944e-05 2.844695943155729267e+00 8.741811947561166363e-02 1.807156344903796904e-04 -1.915961300246648631e-05 -3.331667688382570906e-07 3.5 0.00021488411355 1.6e-09
1.851505424330713342e-05 4.209345172184034700e-01 -5.873246500594644232e-03 1.435078495326726363e-04 -2.459603456973440382e-05 -3.451780549602715812e-06 3.5 0.00021488411355 1.6e-09
-6.485248852484477204e-05 2.448429584780728696e+00 2.782603778618600310e-02 1.609668105143187368e-04 2.548284497133402232e-05 9.916238391286233669e-07 3.5 0.00021488411355 1.6e-09
1.000469946528227900e-04 3.494729201011210762e+00 9.281467623231756670e-02 2.145987133608600282e-04 -2.024463827868962653e-06 2.885567284112599866e-07 3.5 0.00021488411355 1.6e-09
-1.805780508277460289e-05 1.982167621336576868e+00 6.962866920252101799e-02 1.391857040442496065e-04 -3.316420977677542810e-05 -1.071510540681883483e-06 3.5 0.00021488411355 1.6e-09
-4.242159236523378857e-05 5.947918673880525642e-01 -2.049796056021485624e-02 1.192547804961412215e-04 5.285144474513366454e-05 1.561703390533337872e-08 3.5 0.00021488411355 1.6e-09
-4.416049000800930410e-05 3.120902968394516197e+00 6.980244129968628253e-02 1.949472069243940713e-04 1.400617454803180465e-05 8.552670134350451997e-07 3.5 0.00021488411355 1.6e-09
-6.412711537136811676e-05 3.284591553221082094e+00 1.133835825700577338e-01 2.034995689127918738e-04 -1.043363473328260665e-05 -4.973096744353199104e-08 3.5 0.00021488411355 1.6e-09
-1.051308186894275620e-05 8.960200740699539868e-01 2.864651750841901851e-02 1.080748136114385253e-04 -5.343881075089609151e-05 -3.061395053851778640e-06 3.5 0.00021488411355 1.6e-09
-1.926056188817683391e-05 1.567390948435115616e+00 1.139035889086474629e-02 1.222153195564267382e-04 4.072898573990879357e-05 1.686130717631197284e-06 3.5 0.00021488411355 1.6e-09
3.030210548724079119e-05 3.458216092661421381e+00 1.176846958307639912e-01 2.126456070448091897e-04 5.282726621225880977e-06 5.702740379111478524e-07 3.5 0.00021488411355 1.6e-09
-5.350637267068218174e-06 2.779773341241095874e+00 1.176281625074007686e-01 1.774207584642788151e-04 -2.019909900986231467e-05 -7.105371403461470648e-07 3.5 0.00021488411355 1.6e-09
-5.073769807573949228e-05 4.088334621841475114e-01 -1.314043015947344642e-02 1.462091224043399825e-04 -1.608424335955522876e-05 -3.323531120452636456e-06 3.5 0.00021488411355 1.6e-09
5.077375020806787845e-05 2.526823702291711271e+00 6.407733754089833811e-02 1.648025938058632844e-04 2.420292059918565845e-05 1.335764468398442445e-06 3.5 0.00021488411355 1.6e-09
-3.486437055987780302e-05 3.488604450820833591e+00 1.377726326974502702e-01 2.142705050598962694e-04 -2.746739709122902198e-06 1.650791365661985208e-07 3.5 0.00021488411355 1.6e-09
-5.173644772952989756e-05 1.892518435981123570e+00 8.095832349953546725e-02 1.352681965559472655e-04 -3.469214600094451485e-05 -1.719526750021177791e-06 3.5 0.00021488411355 1.6e-09
4.762635968754892502e-05 6.487364631302030560e-01 -1.737063160388295502e-02 1.153838991468409157e-04 5.432452887595532224e-05 1.556354192226278813e-06 3.5 0.00021488411355 1.6e-09
-1.089107101236633761e-05 3.157629237981504744e+00 1.128091815531323538e-01 1.968644417578875854e-04 1.313960489093765626e-05 9.385015369806777589e-07 3.5 0.00021488411355 1.6e-09
-6.922955908064866307e-05 3.242832024727583029e+00 1.451272284474118268e-01 2.013154811323921258e-04 -1.127694603763666681e-05 -3.411908448886864187e-07 3.5 0.00021488411355 1.6e-09
-3.328391182930518297e-05 8.058130937785898951e-01 1.882995429730245640e-02 1.092491404592954639e-04 -5.449935490232566852e-05 -3.787881663750936906e-06 3.5 0.00021488411355 1.6e-09
5.604763839168454091e-05 1.676862788967213858e+00 3.807022570629438329e-02 1.263713672789462564e-04 3.861943082315735885e-05 2.202112187426492851e-06 3.5 0.00021488411355 1.6e-09
-7.644478534465528978e-05 3.470045368469946823e+00 1.572785664742186729e-01 2.132764573687614712e-04 4.449441601504893200e-06 4.717560355637153029e-07 3.5 0.00021488411355 1.6e-09
-6.167746157655713997e-05 2.700720072195945676e+00 1.313192663365826407e-01 1.734398272883700830e-04 -2.142388144100682782e-05 -1.136525656389965014e-06 3.5 0.00021488411355 1.6e-09
3.382842592119817424e-06 4.015022008703986178e-01 -1.946553064956826548e-02 1.479259492908091588e-04 -5.608913637716980370e-06 -1.779506136541529647e-06 3.5 0.00021488411355 1.6e-09
-3.616788744672212795e-05 2.613388685767930930e+00 1.010346624239658597e-01 1.690794027290576070e-04 2.281749426197879306e-05 1.459959213954655427e-06 3.5 0.00021488411355 1.6e-09
-8.930975452250314685e-05 3.480711969518661686e+00 1.671735687000380222e-01 2.138467491762048903e-04 -3.564628593682243954e-06 -6.227052805225356572e-08 3.5 0.00021488411355 1.6e-09
6.305457812072508945e-05 1.790418734101728138e+00 7.568765931461686469e-02 1.309483396439278715e-04 -3.651211422404182451e-05 -2.230089242720942971e-06 3.5 0.00021488411355 1.6e-09
5.572604666976319570e-05 7.185011119863997653e-01 -7.077361503753048719e-03 1.118765671829110003e-04 5.490951002524428629e-05 2.930698508824581749e-06 3.5 0.00021488411355 1.6e-09
-9.741193563100613597e-05 3.197149002496210812e+00 1.456406098710474328e-01 1.989295327192865765e-04 1.221646522798620725e-05 8.514840733951631607e-07 3.5 0.00021488411355 1.6e-09
-8.507360726527883751e-06 3.197218072802942235e+00 1.567002445345847539e-01 1.989333748825487921e-04 -1.220856977468189216e-05 -6.529638662998521382e-07 3.5 0.00021488411355 1.6e-09
9.247351050073939903e-06 7.196397296863601412e-01 4.079618882067538935e-03 1.118238446230720339e-04 -5.487733467291120684e-05 -3.791984334148316313e-06 3.5 0.00021488411355 1.6e-09
-3.515046486038778692e-05 1.790092959655844806e+00 6.631778523324929897e-02 1.309404687592436779e-04 3.649896482102517895e-05 2.389418606191755862e-06 3.5 0.00021488411355 1.6e-09
2.031654451174524966e-05 3.478775269335200537e+00 1.791451124297788466e-01 2.137454860950506799e-04 3.547588050498376172e-06 2.621612878222804968e-07 3.5 0.00021488411355 1.6e-09
-5.057877814600070839e-06 2.609497744564438726e+00 1.247414975723653979e-01 1.688875548302149724e-04 -2.284354650912529900e-05 -1.483004201993731348e-06 3.5 0.00021488411355 1.6e-09
-2.153202189220277551e-05 4.015909134153620164e-01 -2.150347668886205127e-02 1.478814104007489098e-04 6.237249914098364013e-06 6.788583771846901021e-07 3.5 0.00021488411355 1.6e-09
-3.250239908920835767e-05 2.703833082770292329e+00 1.282772977183958552e-01 1.735934188072962327e-04 2.138728917055818929e-05 1.334778924563880957e-06 3.5 0.00021488411355 1.6e-09
5.830478048122738618e-05 3.471002016358314624e+00 1.730111347900331886e-01 2.133251378598794855e-04 -4.459491178522329865e-06 -3.282207491426785979e-07 3.5 0.00021488411355 1.6e-09
-2.055506283465034385e-05 1.678598009976662420e+00 5.601266984060467025e-02 1.264316857157475940e-04 -3.858185370878075354e-05 -2.439985424064495627e-06 3.5 0.00021488411355 1.6e-09
-3.907594318921944971e-05 8.038976301798629320e-01 8.294268149124371312e-03 1.093049998365743826e-04 5.451319842444518729e-05 3.615210951028111481e-06 3.5 0.00021488411355 1.6e-09
-4.054689818070736173e-05 3.239250251684749227e+00 1.569560800792014765e-01 2.011314936819324746e-04 1.126764627132557760e-05 6.144657344670336441e-07 3.5 0.00021488411355 1.6e-09
5.794729460605123713e-05 3.151715369360517549e+00 1.432542877749767296e-01 1.965598770575360398e-04 -1.317992474879115693e-05 -8.811658048492464239e-07 3.5 0.00021488411355 1.6e-09
1.403030699433950850e-05 6.450389841813777281e-01 -9.619051983772183498e-03 1.156333672179775927e-04 -5.418744334609459251e-05 -2.882407184793430521e-06 3.5 0.00021488411355 1.6e-09
4.681763288738031612e-05 1.899185635855746845e+00 8.543327332708031130e-02 1.355619940713535245e-04 3.451740680443983347e-05 2.189900392324979153e-06 3.5 0.00021488411355 1.6e-09
-6.254186462797031829e-05 3.485023830023909586e+00 1.748063526096326203e-01 2.140833242631975681e-04 2.663962576583042437e-06 1.672986180469787356e-08 3.5 0.00021488411355 1.6e-09
-5.184821674274414996e-05 2.513772921697947638e+00 1.000605883008569841e-01 1.641637381058040906e-04 -2.434998604944366518e-05 -1.613098781351402613e-06 3.5 0.00021488411355 1.6e-09
-6.191172949940063563e-06 4.102874105634537472e-01 -1.797020411799759090e-02 1.458127001415265075e-04 1.770035175381207566e-05 2.977073844130463227e-06 3.5 0.00021488411355 1.6e-09
6.289728727504445538e-05 2.789402287204177711e+00 1.371254687282892626e-01 1.779049120027532071e-04 2.003612781019149656e-05 1.024406432695325879e-06 3.5 0.00021488411355 1.6e-09
-8.586904728417874325e-05 3.458137126517031756e+00 1.546009593030216456e-01 2.126379160585231492e-04 -5.348059650019797325e-06 -5.438851280180359161e-07 3.5 0.00021488411355 1.6e-09
-4.531779579871511967e-05 1.562025948005953069e+00 2.963959501539500246e-02 1.220104031539744570e-04 -4.082168541971005135e-05 -2.265319027291363904e-06 3.5 0.00021488411355 1.6e-09
-1.920315094471678738e-05 9.010258314987720230e-01 2.372708845910721093e-02 1.080736728985004226e-04 5.329676911204993934e-05 3.464361751226566576e-06 3.5 0.00021488411355 1.6e-09
4.839645451858094375e-05 3.281945985028954738e+00 1.430987459063310374e-01 2.033664078626487830e-04 1.034562818134883712e-05 3.006147387980161281e-07 3.5 0.00021488411355 1.6e-09
-4.040657298934322082e-05 3.108444177985153711e+00 1.086828332119676999e-01 1.943058960789712550e-04 -1.413337621902683685e-05 -9.526969261341325051e-07 3.5 0.00021488411355 1.6e-09
4.149086079921003969e-05 5.851307892293572399e-01 -1.786629386558732241e-02 1.201314215249918920e-04 -5.232922005479834427e-05 -1.273677278493728867e-06 3.5 0.00021488411355 1.6e-09
3.081818405513438288e-05 1.999324417397823517e+00 8.775010003373132084e-02 1.399571622249214456e-04 3.278283264059626758e-05 1.676249687964753025e-06 3.5 0.00021488411355 1.6e-09
9.195660015108415527e-05 3.489655363759461615e+00 1.437542249951186957e-01 2.143346504110646856e-04 1.817551960046436446e-06 -1.859766712352685587e-07 3.5 0.00021488411355 1.6e-09
5.068778582491018656e-05 2.420550415097114438e+00 6.444055955240493572e-02 1.596179262413129779e-04 -2.585749727834158875e-05 -1.454213713050804261e-06 3.5 0.00021488411355 1.6e-09
-1.470843313891445021e-05 4.262737177550918188e-01 -1.066806995835726732e-02 1.422982685093227256e-04 2.744966824509141758e-05 4.147881314197567369e-06 3.5 0.00021488411355 1.6e-09
6.165829878540264033e-05 2.864163719561939381e+00 1.240265502841795819e-01 1.817031963425342093e-04 1.883475143835903597e-05 6.411364280649287765e-07 3.5 0.00021488411355 1.6e-09
-4.990025722713677353e-05 3.440040644691933380e+00 1.179602548109266041e-01 2.116775141144632542e-04 -6.232326293676376993e-06 -6.336969850914056928e-07 3.5 0.00021488411355 1.6e-09
2.201911845966174444e-05 1.443067913858334439e+00 5.802744963473485326e-03 1.178781162912275957e-04 -4.315791956299926021e-05 -1.745445913016889255e-06 3.5 0.00021488411355 1.6e-09
-4.116863031217563891e-05 1.006737638906646914e+00 3.344622539105153447e-02 1.081998336075161438e-04 5.156163153227264710e-05 2.691380516627245072e-06 3.5 0.00021488411355 1.6e-09
3.710191891112406845e-05 3.323353173866000709e+00 1.096327853317130285e-01 2.055361434274087626e-04 9.462278129790430592e-06 9.393074645044402251e-09 3.5 0.00021488411355 1.6e-09
8.149734815348719588e-05 3.066012707436643225e+00 6.448969485319261397e-02 1.920980434664799029e-04 -1.508467096389842285e-05 -8.545265006585448483e-07 3.5 0.00021488411355 1.6e-09
-2.428083634718789343e-05 5.377842160573711450e-01 -1.934724955576613489e-02 1.248922150873972570e-04 -4.936097785696234955e-05 4.534019676842654667e-07 3.5 0.00021488411355 1.6e-09
3.727058699179981949e-05 2.091897853419597997e+00 7.271766529004730639e-02 1.441305291238094823e-04 3.123936734796928743e-05 1.018131727089769653e-06 3.5 0.00021488411355 1.6e-09
4.361608660329036594e-05 3.493635124406750947e+00 9.533657707756340582e-02 2.145487527985529387e-04 1.042817943471887951e-06 -2.909124190926937693e-07 3.5 0.00021488411355 1.6e-09
-6.443012600245344391e-05 2.333535899855007756e+00 2.824879020717075209e-02 1.554306850387687604e-04 -2.727681191685819929e-05 -1.050982114047941956e-06 3.5 0.00021488411355 1.6e-09
-2.588377914752804044e-05 4.473989300111017586e-01 -3.228290339870125945e-03 1.381301319771794365e-04 3.515895331080080805e-05 3.885219833137564855e-06 3.5 0.00021488411355 1.6e-09
-8.769876879421235937e-05 2.926737038729632090e+00 9.263225865360649736e-02 1.849044544371403198e-04 1.778423358269925193e-05 2.982656063540570511e-07 3.5 0.00021488411355 1.6e-09
6.598525952209524658e-05 3.416344662136941324e+00 7.389382584704926038e-02 2.104257577295478134e-04 -7.090739188577240245e-06 -5.675857232513664094e-07 3.5 0.00021488411355 1.6e-09
2.484947156834363454e-05 1.325178560334286271e+00 -8.488590418142667043e-03 1.142671980621987174e-04 -4.548757700483783045e-05 -1.045839909063614121e-06 3.5 0.00021488411355 1.6e-09
-7.708521991062375312e-06 1.117071973757282066e+00 3.353102883954968416e-02 1.095215196502895521e-04 4.953021016483775767e-05 1.681208650137840137e-06 3.5 0.00021488411355 1.6e-09
-4.347657282932001094e-05 3.360902974999246062e+00 6.847283602841988670e-02 2.075071017954947805e-04 8.615212815112532262e-06 -1.683926764956884523e-07 3.5 0.00021488411355 1.6e-09
-4.700882696177215300e-05 3.021690083104505042e+00 2.532747076626614552e-02 1.897997521881182863e-04 -1.601060186072696438e-05 -6.303309835693026751e-07 3.5 0.00021488411355 1.6e-09
3.289302035170699873e-05 4.996615833484316926e-01 -1.531693074938578203e-02 1.297010018413890446e-04 -4.538075466730172932e-05 1.608963215293883420e-06 3.5 0.00021488411355 1.6e-09
-1.302533781147262033e-06 2.179789177857514026e+00 4.632042205412591901e-02 1.481752686015181265e-04 2.981328010990966026e-05 4.209370304977257007e-07 3.5 0.00021488411355 1.6e-09
9.307023527023314735e-05 3.497358876435015418e+00 4.528518268574061034e-02 2.147459835299298805e-04 3.108366906716911514e-07 -2.771952793167650647e-07 3.5 0.00021488411355 1.6e-09
-4.261145551623568204e-06 2.253076353682263111e+00 1.840635571139991825e-03 1.516064015380907937e-04 -2.861970033347963920e-05 -5.514144560599255197e-07 3.5 0.00021488411355 1.6e-09
5.878867040525935576e-05 4.723044922271759649e-01 9.725926162327805033e-04 1.338110615533750103e-04 4.109847446490351496e-05 2.546787486196005584e-06 3.5 0.00021488411355 1.6e-09
3.123016561543962694e-06 2.979019538088997443e+00 5.319769663290568884e-02 1.875951455916710251e-04 1.683855021777764079e-05 8.235736504353672729e-08 3.5 0.00021488411355 1.6e-09
-1.554102075007742309e-05 3.389579964101533172e+00 3.529564966448493768e-02 2.090156925193429813e-04 -7.883391464946759366e-06 -3.740728504420290429e-07 3.5 0.00021488411355 1.6e-09
-3.702547193402352959e-05 1.215067938886734034e+00 -1.076060440278701208e-02 1.114494000165709838e-04 -4.766752508236891153e-05 -4.290593265484899866e-07 3.5 0.00021488411355 1.6e-09
-3.910209426155153938e-05 1.224735164087537242e+00 2.388358511433383985e-02 1.116765747286220132e-04 4.745155255617456596e-05 8.030487998872551194e-07 3.5 0.00021488411355 1.6e-09
-1.248245643613092956e-05 3.391803149931088779e+00 3.302454844025622116e-02 2.091334051030984916e-04 7.813122073946655584e-06 -1.847331980340962467e-07 3.5 0.00021488411355 1.6e-09
-7.509118212367553241e-05 2.973928627170693950e+00 3.269267008076987176e-03 1.873336036535450957e-04 -1.693162336398378130e-05 -3.604793636855992420e-07 3.5 0.00021488411355 1.6e-09
-4.529984454626208128e-05 4.690124908511569268e-01 -8.729822123041767676e-03 1.343764991720158039e-04 -4.036107084266429704e-05 1.689909251820082800e-06 3.5 0.00021488411355 1.6e-09
7.315602854711553366e-05 2.263725459888321190e+00 1.818167620704310566e-02 1.521073410372246503e-04 2.845836873271261454e-05 5.447128860395434142e-08 3.5 0.00021488411355 1.6e-09
-2.018625750291440379e-05 3.500036813196746088e+00 9.628039612650400592e-03 2.148855877874193774e-04 -3.765025526845771194e-07 -1.599283238928516939e-07 3.5 0.00021488411355 1.6e-09
-3.702632755720336054e-05 2.176251673979484824e+00 -7.804265914174375422e-03 1.480062680465381504e-04 -2.990934047376770391e-05 -1.443478402647225107e-07 3.5 0.00021488411355 1.6e-09
-4.029883989581022839e-05 5.011022040546100342e-01 2.131359571001375727e-04 1.294711354917627011e-04 4.575963266418974775e-05 8.294989177114968216e-07 3.5 0.00021488411355 1.6e-09
-7.555001028089960578e-05 3.024636092947236232e+00 1.897122755077172360e-02 1.899504086081276215e-04 1.598761143344037868e-05 3.764811012353110902e-08 3.5 0.00021488411355 1.6e-09
3.968740921397858137e-05 3.362107577440089035e+00 1.344997063369741258e-02 2.075695042507601294e-04 -8.632192957751503605e-06 -1.279246926604067836e-07 3.5 0.00021488411355 1.6e-09
3.150938034033981571e-05 1.115439127670167618e+00 -3.205175686511954267e-03 1.094836186974382339e-04 -4.964268358369971969e-05 -1.714727754426648386e-07 3.5 0.00021488411355 1.6e-09
5.426794932658874856e-06 1.326088658941356080e+00 8.857890938581310103e-03 1.143059012597382644e-04 4.544807815881992709e-05 2.887013271433670833e-07 3.5 0.00021488411355 1.6e-09
1.003268974440691335e-04 3.416047076793832460e+00 1.391310946469053768e-02 2.104132059929834735e-04 7.061691459325500486e-06 -5.223327515732324780e-08 3.5 0.00021488411355 1.6e-09
-4.951213327136577501e-05 2.922903193675429279e+00 3.593706643991627283e-03 1.847116240002177629e-04 -1.784834298399644493e-05 -1.395122743005234252e-07 3.5 0.00021488411355 1.6e-09
-4.403180842497725583e-05 4.448734397657192474e-01 -3.106237776240471614e-03 1.386596632865516750e-04 -3.440234021544448729e-05 6.451023743279120851e-07 3.5 0.00021488411355 1.6e-09
-9.912712025672359376e-06 2.343270523887224677e+00 -1.617396680472902096e-03 1.558887311143986726e-04 2.718881203383641070e-05 -2.300569687849881012e-09 3.5 0.00021488411355 1.6e-09
1.065738399237172043e-04 3.500566422218331475e+00 -7.985838982252198509e-04 2.149109060484497415e-04 -1.061239611019694479e-06 1.374869778266131417e-08 3.5 0.00021488411355 1.6e-09
8.738667880108873622e-06 2.098848378589258878e+00 6.221300569873017402e-04 1.444362618455569938e-04 -3.122387335647089916e-05 1.076448432644710675e-08 3.5 0.00021488411355 1.6e-09
5.368824156587649897e-05 5.351992677237000784e-01 -5.115856558510481142e-03 1.251465044666889327e-04 4.933959175812822656e-05 -5.453776491005301307e-07 3.5 0.00021488411355 1.6e-09
9.259451608067099742e-05 3.066741336563456599e+00 1.540483068601200285e-03 1.921318260229473696e-04 1.516120769580222687e-05 1.571277198344311242e-07 3.5 0.00021488411355 1.6e-09
1.640650723802488303e-05 3.333612650922110454e+00 1.449759842276520869e-02 2.060710514536747079e-04 -9.358215031565035805e-06 7.873523451621542694e-08 3.5 0.00021488411355 1.6e-09
-4.419325400302000792e-05 1.023028605766717059e+00 9.004819851013024651e-03 1.083117879467938448e-04 -5.140027621040136880e-05 -4.461618304317070578e-07 3.5 0.00021488411355 1.6e-09
-5.243528909590475571e-05 1.423987465122415585e+00 -4.547366095258551649e-03 1.172723703529968034e-04 4.352538988370381395e-05 2.192287880052511634e-07 3.5 0.00021488411355 1.6e-09
-1.446444431135625048e-05 3.436007493920085309e+00 1.667205099789224529e-02 2.114687384668243950e-04 6.351657145468905131e-06 1.664119923969194726e-07 3.5 0.00021488411355 1.6e-09
-2.425810549279644126e-05 2.868655539558181644e+00 2.411706864238738826e-02 1.819373417143491079e-04 -1.877992940335513001e-05 -5.268787960563775505e-08 3.5 0.00021488411355 1.6e-09
3.321770280051044623e-06 4.264636040389047089e-01 -1.145969759842056616e-03 1.423347718564235665e-04 -2.755814036945874188e-05 -1.063351671569022310e-06 3.5 0.00021488411355 1.6e-09
-1.170684225980379145e-05 2.419398683230928881e+00 -5.574245194667789075e-03 1.595563934088498374e-04 2.597063609451177716e-05 2.237238006961095311e-07 3.5 0.00021488411355 1.6e-09
-6.458040462889327957e-05 3.498525440454646418e+00 1.649343882546059487e-02 2.148003381412325605e-04 -1.728040119404153898e-06 1.772208430884342453e-07 3.5 0.00021488411355 1.6e-09
1.296236653066018183e-05 2.018179463319818012e+00 2.232315647632653055e-02 1.407871765105248030e-04 -3.259840479078780513e-05 -1.668155644512729853e-07 3.5 0.00021488411355 1.6e-09
1.556999085827516594e-05 5.757362310143384621e-01 -1.261826540741362718e-02 1.209345597878687601e-04 5.201452928150051137e-05 -1.061204127413076940e-06 3.5 0.00021488411355 1.6e-09
-1.217573266816197777e-05 3.106476145464505123e+00 7.460036180042090362e-03 1.941954700143430179e-04 1.435899096597980560e-05 3.859024872687602751e-07 3.5 0.00021488411355 1.6e-09
-1.408762255823917532e-05 3.301797590375595615e+00 3.776455314562056353e-02 2.044009344205539077e-04 -1.010725926518063203e-05 1.648260190635013048e-07 3.5 0.00021488411355 1.6e-09
-4.110300857603311553e-05 9.333020661730184742e-01 1.970943288993050324e-02 1.079462230245761421e-04 -5.295212869469096209e-05 -1.251906540569660402e-06 3.5 0.00021488411355 1.6e-09
2.028087774502975471e-05 1.523637144458950932e+00 -9.312852964710696679e-03 1.206439693409062794e-04 4.158792425427887168e-05 5.470550902895975533e-07 3.5 0.00021488411355 1.6e-09
-4.631182770837017064e-05 3.453265874236597366e+00 4.103641605533571435e-02 2.123831285924711603e-04 5.619082118284387766e-06 3.840224548092088780e-07 3.5 0.00021488411355 1.6e-09
5.955618463005254938e-05 2.808583476656592026e+00 5.700808682418620488e-02 1.788805257273588312e-04 -1.977875822626017224e-05 -1.533532052502692376e-07 3.5 0.00021488411355 1.6e-09
4.428428487054342591e-05 4.128410390602682556e-01 -3.808395370054143587e-03 1.453028248789140745e-04 -1.967074163875899746e-05 -2.643906548512289166e-06 3.5 0.00021488411355 1.6e-09
-2.831731116889620552e-05 2.495712987436485619e+00 9.081104539159362554e-03 1.632746623646555103e-04 2.475029207356152223e-05 6.205992494820076595e-07 3.5 0.00021488411355 1.6e-09
5.479852963587424704e-05 3.493918805879131284e+00 5.540862013116364809e-02 2.145533062874961021e-04 -2.442807776777759602e-06 2.639737872617716414e-07 3.5 0.00021488411355 1.6e-09
-8.481547400028211300e-06 1.931687755375672388e+00 4.815239900455652033e-02 1.369645669254786744e-04 -3.407739885145630364e-05 -6.560113108951858140e-07 3.5 0.00021488411355 1.6e-09
-3.520260000634467729e-05 6.247813996876642184e-01 -1.855594591914176000e-02 1.169499126034027946e-04 5.384442791447915477e-05 -5.721030936586105650e-07 3.5 0.00021488411355 1.6e-09
-8.081825041872592796e-05 3.144552857012658187e+00 3.607048860380668298e-02 1.961797651941672726e-04 1.352660922398243827e-05 6.372845855424023210e-07 3.5 0.00021488411355 1.6e-09
-8.914220655846183069e-05 3.264091190168162626e+00 7.575390485317193279e-02 2.024263622897704115e-04 -1.091378800053473963e-05 8.538727521570834902e-08 3.5 0.00021488411355 1.6e-09
-4.478462436961085346e-05 8.438510592920994702e-01 2.377109262834004380e-02 1.085881879764343699e-04 -5.418012607749989377e-05 -2.389590302375641889e-06 3.5 0.00021488411355 1.6e-09
-9.771473574372925336e-06 1.629130764985774249e+00 -7.423571221685267268e-04 1.245239402704205792e-04 3.957725608746042524e-05 1.118380975885224898e-06 3.5 0.00021488411355 1.6e-09
-8.759792770321037558e-05 3.467411537749198303e+00 8.114769293890154722e-02 2.131351070898977523e-04 4.823233447348880730e-06 5.174123051466026320e-07 3.5 0.00021488411355 1.6e-09
-3.610725363948580975e-05 2.737090303108641987e+00 9.142573259389098761e-02 1.752677328118937955e-04 -2.090706747685584408e-05 -4.470385401130361854e-07 3.5 0.00021488411355 1.6e-09
-2.455782361619929485e-05 4.036796058809983823e-01 -1.012117938169308784e-02 1.474236040837783755e-04 -1.021001090105706728e-05 -3.277735710390147739e-06 3.5 0.00021488411355 1.6e-09
-7.111356723971545303e-05 2.577543561253999194e+00 3.987958827523084560e-02 1.673025933119878426e-04 2.344007187117934946e-05 1.032769597961398300e-06 3.5 0.00021488411355 1.6e-09
-7.438858634765561635e-05 3.486592907834455968e+00 1.037948626354660009e-01 2.141609807134081840e-04 -3.215006830132438819e-06 2.281462701459275875e-07 3.5 0.00021488411355 1.6e-09
-1.848405304526363097e-05 1.834931765160778605e+00 6.790361837092351305e-02 1.328117621974159808e-04 -3.575380075295896408e-05 -1.343140844108374305e-06 3.5 0.00021488411355 1.6e-09
-2.438774450854407761e-06 6.868560954062155055e-01 -1.910770163235384414e-02 1.132747030508041652e-04 5.483004792636624665e-05 6.675628730240401411e-07 3.5 0.00021488411355 1.6e-09
-7.559915807431481977e-05 3.182893524316108724e+00 7.922456120122986500e-02 1.981831772094514279e-04 1.262434039340936496e-05 8.176472319962258698e-07 3.5 0.00021488411355 1.6e-09
-1.239670792123764999e-05 3.219647236215065433e+00 1.160141583591246806e-01 2.001034659015435055e-04 -1.181619284888726356e-05 -1.516065183762640930e-07 3.5 0.00021488411355 1.6e-09
-4.111209386650066782e-05 7.557285992996136681e-01 1.904305218041254383e-02 1.105401852910694162e-04 -5.484000668500263226e-05 -3.474475062500806432e-06 3.5 0.00021488411355 1.6e-09
-1.128555557985313403e-05 1.741475632188130174e+00 2.146102452383145259e-02 1.289479453162145183e-04 3.745883390593878783e-05 1.715020027956620170e-06 3.5 0.00021488411355 1.6e-09
-1.930906599438740536e-06 3.477423525094636148e+00 1.265288078776610758e-01 2.136711712334225365e-04 3.935416765332501283e-06 5.143948565542165973e-07 3.5 0.00021488411355 1.6e-09
5.356595403390731428e-05 2.650289399732248974e+00 1.165115948421946712e-01 1.709170097919854227e-04 -2.224773276809490231e-05 -8.817667315532972611e-07 3.5 0.00021488411355 1.6e-09
3.085357262123372538e-05 4.004803360922996047e-01 -1.726605621294118043e-02 1.481711318022090951e-04 1.019688049018955232e-06 -2.451809265690939191e-06 3.5 0.00021488411355 1.6e-09
-3.885443946323539883e-05 2.666476342654010345e+00 7.954627833421404337e-02 1.717243769889095426e-04 2.200874888038525191e-05 1.310334130788222081e-06 3.5 0.00021488411355 1.6e-09
-9.006952537377385789e-06 3.476231468987086792e+00 1.471238692523962333e-01 2.136058627818978857e-04 -4.090433703478004210e-06 6.197972532192070635e-08 3.5 0.00021488411355 1.6e-09
1.873177819434062948e-05 1.725411144044687539e+00 7.385201991751072503e-02 1.282941723148595808e-04 -3.771027247117806941e-05 -2.047551513112057241e-06 3.5 0.00021488411355 1.6e-09
5.060850857916403294e-05 7.663043171087726702e-01 -1.172962858917505138e-02 1.102378489646196549e-04 5.484902009687048685e-05 2.102400057215762242e-06 3.5 0.00021488411355 1.6e-09
3.364818167311601799e-05 3.223265052984789492e+00 1.233040866053677631e-01 2.002952494681945481e-04 1.165340890898478911e-05 8.556972739518641538e-07 3.5 0.00021488411355 1.6e-09
2.082441816121961549e-06 3.171309679740136112e+00 1.448153431945932990e-01 1.975813595214116693e-04 -1.278473636618078453e-05 -4.803436509545462344e-07 3.5 0.00021488411355 1.6e-09
3.590374250404010939e-05 6.748214625858419691e-01 7.599187117449559062e-03 1.139014559359072124e-04 -5.458363650257864628e-05 -4.010145997403673705e-06 3.5 0.00021488411355 1.6e-09
3.371756510423673655e-06 1.855166938007987376e+00 5.160994974420504006e-02 1.336739550799713873e-04 3.534855753484580660e-05 2.121748904397344742e-06 3.5 0.00021488411355 1.6e-09
1.398285333030111714e-05 3.483533469610556210e+00 1.638800129640443637e-01 2.140016141064387287e-04 3.014559061502954133e-06 3.755750938658946964e-07 3.5 0.00021488411355 1.6e-09
7.194621383589453985e-05 2.553340371735588032e+00 1.246866306723645457e-01 1.661084890456994065e-04 -2.373277844494547614e-05 -1.338878828523603864e-06 3.5 0.00021488411355 1.6e-09
-3.560576387459633038e-05 4.055629503696329685e-01 -2.140469539354545453e-02 1.469238005466650125e-04 1.296220407537680835e-05 -3.617928208217719082e-07 3.5 0.00021488411355 1.6e-09
6.434305662822194509e-05 2.755208658797296373e+00 1.171312375432308761e-01 1.761788426040751965e-04 2.057191634821945177e-05 1.365195421926380329e-06 3.5 0.00021488411355 1.6e-09
2.394951993897425063e-05 3.462582787505088078e+00 1.727131310390683239e-01 2.128762715515729212e-04 -5.004638062408886220e-06 -1.930557750320222752e-07 3.5 0.00021488411355 1.6e-09
-3.845577448841140233e-05 1.608007483564024120e+00 6.396902029500790843e-02 1.237172414485834793e-04 -3.988642742776211990e-05 -2.553976615998424847e-06 3.5 0.00021488411355 1.6e-09
5.910670227098290235e-06 8.610787957344534505e-01 3.189994230290105377e-03 1.083997671214831338e-04 5.390123455907514324e-05 3.136663400993967517e-06 3.5 0.00021488411355 1.6e-09
-4.349028194812705527e-05 3.264666078967949581e+00 1.534492821855328315e-01 2.024615705661998353e-04 1.069706471081916782e-05 7.283938796742404646e-07 3.5 0.00021488411355 1.6e-09
8.062221388283684451e-05 3.123886108678261220e+00 1.516406875140988986e-01 1.951098922691410107e-04 -1.376708057490712392e-05 -7.945281172266648588e-07 3.5 0.00021488411355 1.6e-09
-3.050276125474190160e-06 6.075885009063549669e-01 -5.530459231855685415e-03 1.182732931413824355e-04 -5.315303405183633995e-05 -3.599096235834169040e-06 3.5 0.00021488411355 1.6e-09
-6.812646165467453542e-05 1.961495887273863037e+00 7.903982579103326078e-02 1.382778419851064919e-04 3.343633442195434501e-05 2.197193804438813761e-06 3.5 0.00021488411355 1.6e-09
1.169484854180020646e-06 3.487391711126718530e+00 1.801934743037481024e-01 2.142117655449707987e-04 2.139295293321894302e-06 1.524035774829344785e-07 3.5 0.00021488411355 1.6e-09
-1.125796314632814519e-05 2.457076303992303590e+00 1.135086392255250376e-01 1.613913363357635886e-04 -2.523088978777390142e-05 -1.652682851606115196e-06 3.5 0.00021488411355 1.6e-09
-4.547570022894287071e-05 4.188953536059617511e-01 -2.009133784891539362e-02 1.438705556881281515e-04 2.368493852926663106e-05 2.060706805957306087e-06 3.5 0.00021488411355 1.6e-09
5.170112945794192350e-05 2.834271690493707752e+00 1.409860408328516557e-01 1.801813575612458721e-04 1.928596502340655840e-05 1.200617332537209230e-06 3.5 0.00021488411355 1.6e-09
5.487952812332907987e-05 3.445632098994234838e+00 1.736436582285521835e-01 2.119741489226450494e-04 -5.889815460871177294e-06 -4.544667444159571415e-07 3.5 0.00021488411355 1.6e-09
-2.097881155429172321e-05 1.490423567722967579e+00 4.274901839856753982e-02 1.194726336759491128e-04 -4.216085844472821482e-05 -2.680840657547621429e-06 3.5 0.00021488411355 1.6e-09
-4.099000859799180389e-05 9.638089996173093699e-01 2.140086620688837898e-02 1.079958460230848389e-04 5.228756224786604517e-05 3.456860359946635318e-06 3.5 0.00021488411355 1.6e-09
9.316948161424433688e-05 3.304738829795544230e+00 1.598692641638345402e-01 2.045610227713590937e-04 9.789797087957026928e-06 4.723203097494464330e-07 3.5 0.00021488411355 1.6e-09
-2.255094026880730574e-05 3.079701590927524268e+00 1.337168031842240756e-01 1.928115854896809154e-04 -1.470341870681900590e-05 -9.937115535393696079e-07 3.5 0.00021488411355 1.6e-09
-1.239163964942455686e-05 5.550197198220255812e-01 -1.560807988878491065e-02 1.230248665442332939e-04 -5.060866352424428418e-05 -2.230846763620760171e-06 3.5 0.00021488411355 1.6e-09
6.875553804782411028e-05 2.056902003626601694e+00 9.346442079287345384e-02 1.425404783796454947e-04 3.177493699636967865e-05 1.919068522656608006e-06 3.5 0.00021488411355 1.6e-09
1.039591399258041777e-04 3.490405779845992207e+00 1.683704727731445139e-01 2.143757360330709105e-04 1.334406640963838192e-06 -8.221962742538849710e-08 3.5 0.00021488411355 1.6e-09
1.892959026263329396e-05 2.366964793385769816e+00 8.593884249217617621e-02 1.570311248606663700e-04 -2.668606145736249582e-05 -1.691099988354653706e-06 3.5 0.00021488411355 1.6e-09
-1.123711270164425556e-05 4.384798500484758943e-01 -1.388368482637639817e-02 1.398137736427922963e-04 3.230918198879688104e-05 3.791215011589162811e-06 3.5 0.00021488411355 1.6e-09
-3.568482684959025362e-05 2.901257605002993678e+00 1.431139020481549118e-01 1.835975389193263987e-04 1.817708756083685222e-05 8.859179292909032876e-07 3.5 0.00021488411355 1.6e-09
-9.997461542833515355e-05 3.424982301516029004e+00 1.502381281751212772e-01 2.108809185609534695e-04 -6.722913501029610783e-06 -6.327563842203221319e-07 3.5 0.00021488411355 1.6e-09
-5.649108318206992726e-05 1.374773315367726401e+00 1.823355518667573588e-02 1.157208787243804471e-04 -4.445639514473202140e-05 -2.362360277077374168e-06 3.5 0.00021488411355 1.6e-09
5.294115572508969737e-05 1.070499274520635868e+00 3.660546727292278424e-02 1.088458162809944501e-04 5.033471877428686458e-05 3.093586555328134581e-06 3.5 0.00021488411355 1.6e-09
-6.967662471406096025e-05 3.342671873807929295e+00 1.417860817653705530e-01 2.065501418248357900e-04 8.959424452077628355e-06 1.698493659213308938e-07 3.5 0.00021488411355 1.6e-09
1.043819136525558900e-05 3.037258957122703329e+00 9.741157834204776378e-02 1.906078082813555832e-04 -1.562209631801370191e-05 -1.023615685353537015e-06 3.5 0.00021488411355 1.6e-09
6.354782206539025420e-05 5.139673280281112921e-01 -2.006734994912517597e-02 1.277833772723364924e-04 -4.707261218026993614e-05 -3.489894972307435063e-07 3.5 0.00021488411355 1.6e-09
-6.686159600278070690e-05 2.144129719585277982e+00 9.008325618809844004e-02 1.465242332902842617e-04 3.034033838338466463e-05 1.383977542060981144e-06 3.5 0.00021488411355 1.6e-09
6.730594573412780428e-05 3.493414109406713042e+00 1.314280801058899939e-01 2.145373826014653168e-04 5.999034055350977469e-07 -2.603948897774942598e-07 3.5 0.00021488411355 1.6e-09
-1.944364145942207165e-05 2.283247785526593354e+00 4.998101888135171589e-02 1.530347701455597644e-04 -2.807384051620312660e-05 -1.428169919702244080e-06 3.5 0.00021488411355 1.6e-09
3.140714193071729356e-05 4.624962757703363625e-01 -5.661708937341869592e-03 1.354276534426078872e-04 3.895668926146329141e-05 4.265367778222289044e-06 3.5 0.00021488411355 1.6e-09
7.724105756023705489e-06 2.957923464582539186e+00 1.223072484191445042e-01 1.865068144722407560e-04 1.719191087832949450e-05 5.211666563765919537e-07 3.5 0.00021488411355 1.6e-09
3.455008560488984163e-05 3.400145850397713776e+00 1.095748703001881708e-01 2.095706429768310535e-04 -7.549132100353346825e-06 -6.671767430265637606e-07 3.5 0.00021488411355 1.6e-09
1.542329477656944405e-05 1.261151255757665179e+00 -1.552696562972522660e-03 1.125504200276592447e-04 -4.674188474899178730e-05 -1.683007747519437092e-06 3.5 0.00021488411355 1.6e-09
-3.659365129694498503e-06 1.179565216713093001e+00 4.320699321062090870e-02 1.106849205375535589e-04 4.826338318443297722e-05 2.293849303331240892e-06 3.5 0.00021488411355 1.6e-09
-9.984728537436746913e-05 3.377565388201053231e+00 1.065203696133044803e-01 2.083833736275834893e-04 8.152383120511294328e-06 -8.098948298332985220e-08 3.5 0.00021488411355 1.6e-09
9.195191760273129411e-07 2.993307982762126507e+00 5.531657391825418879e-02 1.883328837046723036e-04 -1.653701922089589920e-05 -8.863617583574978540e-07 3.5 0.00021488411355 1.6e-09
-1.758619795844233656e-05 4.811467597821119657e-01 -1.867435576594126886e-02 1.324323619826101549e-04 -4.252877540669674057e-05 1.341744241554098965e-06 3.5 0.00021488411355 1.6e-09
2.215151417555344442e-05 2.227549272520578771e+00 7.079128917399722665e-02 1.504064587827858598e-04 2.900057843616214151e-05 7.669603488022257235e-07 3.5 0.00021488411355 1.6e-09
-3.610657825935274437e-05 3.496691671533140422e+00 8.137692560644400885e-02 2.147105059840562040e-04 -9.190676879642093784e-08 -3.353099103157400484e-07 3.5 0.00021488411355 1.6e-09
3.517703550638731885e-05 2.205065271064129195e+00 1.633296958162540682e-02 1.493515420692734339e-04 -2.940196217865352965e-05 -9.556848227387480572e-07 3.5 0.00021488411355 1.6e-09
3.065572227232786078e-05 4.898577311693235181e-01 9.690449558522408512e-04 1.310881652429780626e-04 4.403781883741380698e-05 3.511767579407129151e-06 3.5 0.00021488411355 1.6e-09
-4.958538974050379327e-05 3.006287291048916011e+00 8.497356412866578779e-02 1.890017665336259632e-04 1.631150811805839152e-05 2.093956163563572308e-07 3.5 0.00021488411355 1.6e-09
-2.231978590966757269e-05 3.372406246584085387e+00 6.367684561575853719e-02 2.081111544627432417e-04 -8.329839662711967132e-06 -5.481303907955281665e-07 3.5 0.00021488411355 1.6e-09
9.480398106180742870e-07 1.154069833351805796e+00 -1.136125010002189684e-02 1.101689778594134846e-04 -4.887310372371524961e-05 -8.710703160175385704e-07 3.5 0.00021488411355 1.6e-09
-4.415758363055448621e-05 1.286455749513311986e+00 3.849025122111621178e-02 1.132139815364679363e-04 4.620172239798808170e-05 1.384038927400408008e-06 3.5 0.00021488411355 1.6e-09
5.937062372627137862e-06 3.406894967247272810e+00 6.587215279822698777e-02 2.099284374426762796e-04 7.369047367157390227e-06 -2.022064553561874264e-07 3.5 0.00021488411355 1.6e-09
4.505899712567205766e-05 2.945107141750911151e+00 2.108344295367960142e-02 1.858490561532870193e-04 -1.746463153925976531e-05 -6.322835549972933322e-07 3.5 0.00021488411355 1.6e-09
-4.684841449984105587e-05 4.545357209976405577e-01 -1.319513005688133234e-02 1.368640218386143006e-04 -3.699526567607154304e-05 2.164642082382627197e-06 3.5 0.00021488411355 1.6e-09
-2.274464417290822645e-05 2.309061597848549141e+00 4.260931139441694743e-02 1.542567632668161463e-04 2.771936294899902449e-05 2.577003987019540962e-07 3.5 0.00021488411355 1.6e-09
6.297472749932888280e-05 3.499330217634986084e+00 3.430391630002225384e-02 2.148473920320798927e-04 -7.773197862558693234e-07 -2.922711125970356923e-07 3.5 0.00021488411355 1.6e-09
-5.314587363782554167e-07 2.129569731239299379e+00 -5.366553833538610999e-03 1.458471951571040743e-04 -3.069026909885736614e-05 -4.449216689838845718e-07 3.5 0.00021488411355 1.6e-09
1.038517144448284041e-05 5.210386901246422120e-01 3.282523730580922446e-03 1.268575168939120536e-04 4.797473473327174643e-05 2.004453821191305061e-06 3.5 0.00021488411355 1.6e-09
8.375697960021180914e-05 3.049190179099348086e+00 4.312708959222965460e-02 1.912234204713494110e-04 1.548139463829272352e-05 2.996780745793264858e-08 3.5 0.00021488411355 1.6e-09
3.593763925619622760e-05 3.343489896089586910e+00 2.599114711661536931e-02 2.065912263002016693e-04 -9.080304592334996285e-06 -3.212961641176683942e-07 3.5 0.00021488411355 1.6e-09
-4.881234636937192470e-05 1.056551906551381537e+00 -1.040181510854459868e-02 1.086590535705603863e-04 -5.076204651254725834e-05 -2.434603714942367963e-07 3.5 0.00021488411355 1.6e-09
1.239018544067042329e-05 1.387959105498068446e+00 2.432787835077799415e-02 1.161357566356721247e-04 4.422143765426861557e-05 6.450542096987716791e-07 3.5 0.00021488411355 1.6e-09
4.986250463831152347e-05 3.429583400046472885e+00 3.219023960943399876e-02 2.111276041725627006e-04 6.622694013209613038e-06 -1.665624693599369499e-07 3.5 0.00021488411355 1.6e-09
-1.471124472281039124e-05 2.891380420958948427e+00 4.431242679507127816e-03 1.830963032905960034e-04 -1.840682111795957900e-05 -3.462225944807678266e-07 3.5 0.00021488411355 1.6e-09
1.581666508440703796e-05 4.332414025325995732e-01 -6.736071583478112773e-03 1.409194822816107356e-04 -3.041043860350969424e-05 1.773480348323076698e-06 3.5 0.00021488411355 1.6e-09
-4.182593017501096350e-05 2.389174899366427240e+00 1.530928139434801355e-02 1.580943587326033095e-04 2.645697437558416646e-05 -5.539595987991278636e-09 3.5 0.00021488411355 1.6e-09
-1.443566614924773558e-05 3.499820822868454862e+00 4.772523351436889008e-03 2.148697328786323935e-04 -1.456198606037648446e-06 -1.536724967780545815e-07 3.5 0.00021488411355 1.6e-09
-2.489835538279226343e-06 2.051468414603903057e+00 -9.725056662731549478e-03 1.422835543486075920e-04 -3.203139023062258784e-05 -8.294132161031913568e-08 3.5 0.00021488411355 1.6e-09
2.059503855083479463e-05 5.584324539515443941e-01 3.660844027062464152e-04 1.226316994374420451e-04 5.103669056739088602e-05 4.080915710346345730e-07 3.5 0.00021488411355 1.6e-09
1.541646069487880732e-05 3.089889206551820422e+00 1.017161039465619074e-02 1.933349985920835646e-04 1.467814667433743741e-05 1.835598765568476163e-08 3.5 0.00021488411355 1.6e-09
-9.302954916338987217e-05 3.313138593741800086e+00 7.150258879533679876e-03 2.049976315119801358e-04 -9.814830761088686595e-06 -6.947010491242657028e-08 3.5 0.00021488411355 1.6e-09
3.455211066583567081e-05 9.654426507789488632e-01 -1.799347756522276000e-03 1.079764892062377185e-04 -5.243863435486723426e-05 -8.344247434001801633e-08 3.5 0.00021488411355 1.6e-09
-5.612464573114213427e-05 1.487082897617801214e+00 6.692223032118024134e-03 1.193695174858807543e-04 4.229948500620196451e-05 2.522400455561779188e-07 3.5 0.00021488411355 1.6e-09
-1.046893006599065987e-04 3.447514218398529895e+00 1.524880774441185818e-02 2.120780895182672137e-04 5.895817272531327171e-06 -3.385489608840192465e-09 3.5 0.00021488411355 1.6e-09
6.515582759171585582e-05 2.831600324412737457e+00 8.588840013460052880e-03 1.800495320460725060e-04 -1.940933687539592254e-05 -1.280674805085858177e-07 3.5 0.00021488411355 1.6e-09
2.127385739076901650e-05 4.170225867747904269e-01 -2.557839490127133443e-03 1.443631906953034066e-04 -2.265252375141200427e-05 3.433138301619382917e-07 3.5 0.00021488411355 1.6e-09
-1.420945798045721367e-05 2.468621816159401128e+00 -1.360329471836743903e-03 1.619489601848999618e-04 2.519604206137001940e-05 2.557838166401505599e-08 3.5 0.00021488411355 1.6e-09
8.006515177213952028e-05 3.497271970245470207e+00 1.547032256739468278e-03 2.147312157269011469e-04 -2.173699366786594253e-06 2.615651022663997029e-08 3.5 0.00021488411355 1.6e-09
-6.010434866372321098e-05 1.966378546553218420e+00 2.763043768483342683e-03 1.384851236074534147e-04 -3.349936954002349232e-05 -1.650483576442831718e-08 3.5 0.00021488411355 1.6e-09
4.531587117626031751e-05 6.048897743347971812e-01 -6.592019697921988608e-03 1.184461032437869436e-04 5.326225175438837906e-05 -6.407610621714261966e-07 3.5 0.00021488411355 1.6e-09
7.733554073923853273e-05 3.130276279245088222e+00 -2.851644882919081997e-03 1.954362256024022148e-04 1.384157897640519826e-05 1.588904525965209551e-07 3.5 0.00021488411355 1.6e-09
-1.443543350359039888e-05 3.279199213304720750e+00 1.223558617142664513e-02 2.032173913969638869e-04 -1.060666467497625883e-05 1.130458904566003000e-07 3.5 0.00021488411355 1.6e-09
-5.347906287456002423e-06 8.763355557091152548e-01 9.034450454656449067e-03 1.082187686260206727e-04 -5.384012431569396896e-05 -5.381979983545137077e-07 3.5 0.00021488411355 1.6e-09
2.501610843915151713e-06 1.589512572793638334e+00 -6.575116197451482021e-03 1.230349477924076555e-04 4.033137869353372934e-05 2.651106103813877668e-07 3.5 0.00021488411355 1.6e-09
-7.979793761808570652e-05 3.462837904404840295e+00 2.022225509782899291e-02 2.128924904841658769e-04 5.124639290730206815e-06 2.164520932450110875e-07 3.5 0.00021488411355 1.6e-09
2.733092859757968712e-05 2.764144110041704128e+00 3.030630377926751828e-02 1.766326455037352608e-04 -2.050123243056543136e-05 -6.787891426635538747e-08 3.5 0.00021488411355 1.6e-09
1.180203207863097045e-05 4.059314724927742812e-01 -2.759481170105747890e-03 1.469029175154080752e-04 -1.363138926865237724e-05 -1.460776713761775875e-06 3.5 0.00021488411355 1.6e-09
-5.068110334698222878e-05 2.549429670029066397e+00 -6.398422041914560111e-04 1.659133154276553311e-04 2.391536060460660391e-05 3.017940633052618590e-07 3.5 0.00021488411355 1.6e-09
3.331866252300049266e-05 3.491583365036948550e+00 2.507530465320791449e-02 2.144263333143603617e-04 -2.931868535754600200e-06 1.763097655839275365e-07 3.5 0.00021488411355 1.6e-09
-3.889662573989933033e-05 1.872105439511100089e+00 2.580337984538298018e-02 1.343894774916256155e-04 -3.514938994665179001e-05 -3.102625218315028230e-07 3.5 0.00021488411355 1.6e-09
-3.498402982087068310e-05 6.627984593005127323e-01 -1.436361893502077422e-02 1.145366844119536135e-04 5.460793693193054580e-05 -7.603890123068711538e-07 3.5 0.00021488411355 1.6e-09
-8.339574837445123273e-05 3.170532397003502201e+00 9.576984814582682748e-03 1.975356957024186188e-04 1.297224119208761412e-05 3.908721638074307854e-07 3.5 0.00021488411355 1.6e-09
-9.408050064917929318e-05 3.239214885824524881e+00 3.946947783457498138e-02 2.011251488005118661e-04 -1.146803407034105555e-05 1.483410250089919456e-07 3.5 0.00021488411355 1.6e-09
3.907677917790915449e-05 7.878899886295349653e-01 1.633887404397812992e-02 1.096390203405846566e-04 -5.478369572583990851e-05 -1.557023002825290974e-06 3.5 0.00021488411355 1.6e-09
-4.086183634254646050e-05 1.698574190222119640e+00 -8.185966614570237831e-03 1.272275001288919070e-04 3.828733848937220018e-05 6.259250160564544481e-07 3.5 0.00021488411355 1.6e-09
-4.043374290019568308e-05 3.475504817979147010e+00 4.680737344279439771e-02 2.135678040120903140e-04 4.282304609273350821e-06 4.056597695435891147e-07 3.5 0.00021488411355 1.6e-09
5.879862062606855107e-06 2.684866444364629068e+00 6.158430480512675637e-02 1.726461111559042918e-04 -2.175272726738634616e-05 -2.221084527542991097e-07 3.5 0.00021488411355 1.6e-09
1.920850150906664905e-05 4.005415884160670736e-01 -7.488666318100684408e-03 1.481801473722979664e-04 -3.166542907383548365e-06 -2.728275532673571573e-06 3.5 0.00021488411355 1.6e-09
3.723605863397404654e-05 2.634806941525355661e+00 1.929796896315266741e-02 1.701456431287988783e-04 2.255159518239430389e-05 6.994835520710379879e-07 3.5 0.00021488411355 1.6e-09
3.603346968298998899e-05 3.482627833485946844e+00 6.774943467669773678e-02 2.139471568608039445e-04 -3.768178246844939347e-06 2.307362725756510451e-07 3.5 0.00021488411355 1.6e-09
1.890053734848057016e-06 1.766788263577557139e+00 4.957903336438846537e-02 1.299757090726452735e-04 -3.702029472686972834e-05 -9.250847218835178280e-07 3.5 0.00021488411355 1.6e-09
1.911137288612508114e-07 7.354434949112831355e-01 -1.852674495879798322e-02 1.112205323403453981e-04 5.499151130697920776e-05 2.008839811939682996e-08 3.5 0.00021488411355 1.6e-09
7.993604911248265070e-06 3.211055796081783598e+00 4.491254052503296929e-02 1.996551773963590754e-04 1.202602298628462497e-05 6.254963103339781471e-07 3.5 0.00021488411355 1.6e-09
-9.449084581269592202e-05 3.192613566291582217e+00 8.004946397934702140e-02 1.986918475065914619e-04 -1.242146177491746123e-05 3.444472862600521966e-09 3.5 0.00021488411355 1.6e-09
-4.040256160498592190e-05 7.036305489362789656e-01 1.632683638807063201e-02 1.124976776285359424e-04 -5.486652216973852552e-05 -2.839564593853887650e-06 3.5 0.00021488411355 1.6e-09
8.122142393457767589e-06 1.812917970108193444e+00 5.837528401190917107e-03 1.318921066446207232e-04 3.617477101257898678e-05 1.175916684524471365e-06 3.5 0.00021488411355 1.6e-09
5.014527893811154959e-05 3.484028208078867372e+00 8.886878527119361493e-02 2.140255719366525094e-04 3.362184562992397651e-06 4.905025212051872111e-07 3.5 0.00021488411355 1.6e-09
-3.509513332705546619e-05 2.591534709455888041e+00 9.216680720272514560e-02 1.679975159756612563e-04 -2.318898122449790619e-05 -5.903785369106935676e-07 3.5 0.00021488411355 1.6e-09
-4.098924859100614126e-05 4.025258729175102967e-01 -1.464414462213557699e-02 1.476705287049026941e-04 8.529442862998417080e-06 -2.690961404283939328e-06 3.5 0.00021488411355 1.6e-09
-4.393890480401883679e-05 2.724138596130563528e+00 5.459867053681058402e-02 1.746147930042950887e-04 2.112358966923993413e-05 1.064619806439297542e-06 3.5 0.00021488411355 1.6e-09
6.635124027320208001e-05 3.469675418083898677e+00 1.164328679980996123e-01 2.132548879932863396e-04 -4.682040841302467467e-06 1.513111612684431631e-07 3.5 0.00021488411355 1.6e-09
-5.625852228376192286e-05 1.650376303016027002e+00 6.438816131161181899e-02 1.253361248777799179e-04 -3.912523119452949267e-05 -1.718324831215003536e-06 3.5 0.00021488411355 1.6e-09
3.024664101126719657e-05 8.252693237432500162e-01 -1.507943233171746625e-02 1.089006227223284461e-04 5.439308095874725326e-05 1.285810564390179618e-06 3.5 0.00021488411355 1.6e-09
8.873257076636456792e-05 3.252267071222646244e+00 9.227817497247223222e-02 2.018127964736349548e-04 1.103722620579673703e-05 7.717811410046770539e-07 3.5 0.00021488411355 1.6e-09
-4.300868685527655186e-05 3.142585180502893039e+00 1.201385306118379070e-01 1.960839461177101906e-04 -1.342614528936384591e-05 -2.898493357781320989e-07 3.5 0.00021488411355 1.6e-09
-9.904571682090469454e-06 6.299972194901979350e-01 9.056025803751564102e-03 1.166285933034598644e-04 -5.379287114300844707e-05 -3.851966989744232931e-06 3.5 0.00021488411355 1.6e-09
-5.238314171965087642e-05 1.925222462072858853e+00 3.322752571198499261e-02 1.366888537942851799e-04 3.413881377099585809e-05 1.702994061842257791e-06 3.5 0.00021488411355 1.6e-09
-7.400839323150040837e-06 3.488300045987134723e+00 1.345765278820227340e-01 2.142581067330345682e-04 2.439949439460969317e-06 4.395374239999102706e-07 3.5 0.00021488411355 1.6e-09
-6.959795002815083844e-08 2.491413032253646520e+00 1.124628647254770075e-01 1.630673271089881464e-04 -2.472289364145194987e-05 -1.088055785592178336e-06 3.5 0.00021488411355 1.6e-09
4.611134961435402072e-05 4.131775113447913039e-01 -2.037805772648481478e-02 1.451596130682345355e-04 1.995602884811713244e-05 -1.217845943848829838e-06 3.5 0.00021488411355 1.6e-09
-4.994299774877399933e-05 2.808746515534434440e+00 9.603480634965610996e-02 1.788860133475308253e-04 1.973633653339705146e-05 1.271076201077856893e-06 3.5 0.00021488411355 1.6e-09
-4.389074058277677982e-05 3.452140938246312629e+00 1.564498063864514232e-01 2.123210006176784773e-04 -5.599587390947114051e-06 -5.287769846783585307e-08 3.5 0.00021488411355 1.6e-09
3.617539174666330518e-05 1.529137114943785125e+00 6.457163752693992342e-02 1.208279042302863777e-04 -4.139628801218141381e-05 -2.461776475839941783e-06 3.5 0.00021488411355 1.6e-09
-3.251649814480485020e-05 9.282604309621715899e-01 -2.519252879956070286e-03 1.079799427419217634e-04 5.295115481995069133e-05 2.464769847911255927e-06 3.5 0.00021488411355 1.6e-09
9.753419149534836487e-05 3.292502148665455763e+00 1.358211333180519009e-01 2.039201419126819765e-04 1.007654664188966845e-05 7.673372946110481043e-07 3.5 0.00021488411355 1.6e-09
-3.645405440731236879e-07 3.093831159805562336e+00 1.453050571304499439e-01 1.935464152108809835e-04 -1.440930854078206076e-05 -6.409016993202485433e-07 3.5 0.00021488411355 1.6e-09
4.807374802360921194e-05 5.712199265838573403e-01 -2.015180867021701926e-03 1.214119246935884983e-04 -5.153764276967008162e-05 -4.026832808380938386e-06 3.5 0.00021488411355 1.6e-09
1.061445632379000035e-05 2.027538998672655524e+00 6.498869185182018504e-02 1.412156173697474558e-04 3.231154305429598575e-05 2.011466681053905047e-06 3.5 0.00021488411355 1.6e-09
9.326099086582175044e-05 3.490215647589649972e+00 1.685703165707044537e-01 2.143639809225232422e-04 1.580216330293366340e-06 2.728409989741847891e-07 3.5 0.00021488411355 1.6e-09
5.043188158400922251e-05 2.396182614078597783e+00 1.159320524621152704e-01 1.584373997617645317e-04 -2.620578357897351384e-05 -1.546984345649902160e-06 3.5 0.00021488411355 1.6e-09
2.509078250530474629e-05 4.310636811502249754e-01 -2.137152906338705624e-02 1.412962033562280804e-04 2.955304006220046777e-05 1.012352258549342868e-06 3.5 0.00021488411355 1.6e-09
-3.254410420141287110e-05 2.880251959883333601e+00 1.313517036807662630e-01 1.825241374228337354e-04 1.852289543088466903e-05 1.267034240380889129e-06 3.5 0.00021488411355 1.6e-09
5.048108496217475357e-05 3.430956303415013231e+00 1.763954365263235013e-01 2.111969940907340213e-04 -6.469408523243984401e-06 -3.209208283683170606e-07 3.5 0.00021488411355 1.6e-09
-1.627808565028764591e-05 1.411919937934364100e+00 5.100385619669794979e-02 1.168743882427988239e-04 -4.366129069132401307e-05 -2.905719821008998654e-06 3.5 0.00021488411355 1.6e-09
1.260203827692333382e-05 1.035248116565636423e+00 1.646972060904628582e-02 1.084475473057296949e-04 5.102406917316372958e-05 3.147879368858764014e-06 3.5 0.00021488411355 1.6e-09
1.954387174107226468e-05 3.329383838033283194e+00 1.615512556264360744e-01 2.058535766910467323e-04 9.204619789911551057e-06 6.057994658039251673e-07 3.5 0.00021488411355 1.6e-09
4.114032815659069607e-05 3.048427071312533876e+00 1.466913094179543020e-01 1.911881358717429607e-04 -1.533499431017286549e-05 -9.408090830375688500e-07 3.5 0.00021488411355 1.6e-09
-4.993718974993836362e-05 5.262393568923857678e-01 -1.254415194664493943e-02 1.262636004283905944e-04 -4.825716715061584023e-05 -3.107312192890421846e-06 3.5 0.00021488411355 1.6e-09
1.535878328426144450e-05 2.117836443097583121e+00 8.981825834444892576e-02 1.453140770255452962e-04 3.074986786799289767e-05 1.992506002136747906e-06 3.5 0.00021488411355 1.6e-09
8.842617948304714150e-05 3.491473564154736309e+00 1.781748473281181133e-01 2.144331233566972646e-04 8.208699539655034282e-07 4.428368998481659210e-08 3.5 0.00021488411355 1.6e-09
-8.815546510012106716e-06 2.309602860041323424e+00 1.007541653324149078e-01 1.542856773815347521e-04 -2.759277475303191081e-05 -1.792403232871729312e-06 3.5 0.00021488411355 1.6e-09
-3.283387860507390384e-05 4.539559760184819215e-01 -1.691409583281764870e-02 1.369031300138164042e-04 3.696101954096655607e-05 3.045531579723481113e-06 3.5 0.00021488411355 1.6e-09
7.158651771841206108e-05 2.939138512808762371e+00 1.493709552646340089e-01 1.855404296393540846e-04 1.748446315009809785e-05 1.070504514403793338e-06 3.5 0.00021488411355 1.6e-09
7.040080108411728480e-05 3.407244075688176999e+00 1.709264541706367047e-01 2.099438300932774054e-04 -7.273541435173906417e-06 -5.634958506696746944e-07 3.5 0.00021488411355 1.6e-09
3.310759497306984877e-05 1.300344411016471025e+00 2.945780946231074671e-02 1.135750679441414521e-04 -4.589623771667757584e-05 -2.880237323052530381e-06 3.5 0.00021488411355 1.6e-09
3.627870775740440795e-05 1.141798601167177685e+00 3.593955882045976602e-02 1.099572416167551452e-04 4.895180202518164571e-05 3.207133833406860821e-06 3.5 0.00021488411355 1.6e-09
-4.621572495334682837e-05 3.363065894412288426e+00 1.627364944940500879e-01 2.076219201670240753e-04 8.407377842098928420e-06 3.393031701083762101e-07 3.5 0.00021488411355 1.6e-09
7.854781846768440655e-05 3.005013107099474112e+00 1.246265298781525088e-01 1.889393317426271311e-04 -1.622666184112998649e-05 -1.104670162503702075e-06 3.5 0.00021488411355 1.6e-09
2.910459842281470040e-05 4.912206366800194735e-01 -1.923576580058543317e-02 1.309241291037373939e-04 -4.410883138072616997e-05 -1.325098442296750039e-06 3.5 0.00021488411355 1.6e-09
6.169493827652816468e-05 2.200121033213345179e+00 9.950952767265061616e-02 1.491236915018337688e-04 2.938246442204297528e-05 1.656664598082771070e-06 3.5 0.00021488411355 1.6e-09
-2.267141596653249319e-05 3.493068462763967208e+00 1.594720663869862443e-01 2.145186883523267937e-04 1.295718851484968104e-07 -1.790820602376490109e-07 3.5 0.00021488411355 1.6e-09
1.216722048345337441e-05 2.229111290164564885e+00 7.103675790587030137e-02 1.504788028541734473e-04 -2.893806160207902840e-05 -1.729293987370357962e-06 3.5 0.00021488411355 1.6e-09
2.132629475616404857e-05 4.808446423507509726e-01 -8.800486381709760747e-03 1.324304943725626940e-04 4.255778798465966568e-05 4.162000926618773976e-06 3.5 0.00021488411355 1.6e-09
-4.663137612017778991e-05 2.989575496691607270e+00 1.438988970858458005e-01 1.881370913858372161e-04 1.657966652220950698e-05 7.485174996153452580e-07 3.5 0.00021488411355 1.6e-09
-9.241480251634189990e-05 3.380860080178172744e+00 1.417521192014699061e-01 2.085544463415886984e-04 -8.044386252792645075e-06 -6.984748201185942425e-07 3.5 0.00021488411355 1.6e-09
-3.622758437109889148e-05 1.192043772386810918e+00 7.544685927710698820e-03 1.109350693550022584e-04 -4.808134900322172433e-05 -2.362202705349645865e-06 3.5 0.00021488411355 1.6e-09
1.372926952088035561e-05 1.248715001955753134e+00 4.928973470208876384e-02 1.122540005954903992e-04 4.686041835834890831e-05 2.731860897598117046e-06 3.5 0.00021488411355 1.6e-09
6.732082314498793454e-05 3.394270155447237869e+00 1.408757945495842379e-01 2.092634402987779657e-04 7.631886427616830289e-06 5.679574686355897655e-08 3.5 0.00021488411355 1.6e-09
-3.576987897788015512e-05 2.960257079864629048e+00 8.754332768385068853e-02 1.866297688182238785e-04 -1.711962332287896192e-05 -1.092241876210533819e-06 3.5 0.00021488411355 1.6e-09
-2.430685985347568026e-05 4.631600280549166282e-01 -2.053588545441316360e-02 1.353597503910941948e-04 -3.897440491465085054e-05 6.982470278661780732e-07 3.5 0.00021488411355 1.6e-09
5.676377343003351770e-07 2.279638212287871113e+00 9.154785884557656295e-02 1.528621334211177694e-04 2.812353781412488434e-05 1.120094864950450252e-06 3.5 0.00021488411355 1.6e-09
8.468386646001021503e-05 3.495414247963902987e+00 1.186335366766751165e-01 2.146419477841270671e-04 -5.503797082151575209e-07 -3.340565625987709628e-07 3.5 0.00021488411355 1.6e-09
-5.885920517721899203e-05 2.152284144782404596e+00 3.583533865788776640e-02 1.468987335057173082e-04 -3.025441082065154393e-05 -1.376544812029944946e-06 3.5 0.00021488411355 1.6e-09
4.987608089412167079e-05 5.113104241235931768e-01 -3.304741716755759165e-04 1.280995133355907856e-04 4.680667310081129971e-05 4.086459326497833254e-06 3.5 0.00021488411355 1.6e-09
-2.114998880779482321e-07 3.034328393392153878e+00 1.160698203668875661e-01 1.904523266054301183e-04 1.573685597641936307e-05 3.974199682442117856e-07 3.5 0.00021488411355 1.6e-09
1.001108878808517559e-04 3.351929233167149302e+00 9.736749476720819862e-02 2.070336284456072886e-04 -8.829458936061005038e-06 -6.797135412741601303e-07 3.5 0.00021488411355 1.6e-09
-6.206722327660993600e-06 1.088322151777844971e+00 -7.929522706651644798e-03 1.090682685207080085e-04 -5.014325285939291320e-05 -1.497665730795352144e-06 3.5 0.00021488411355 1.6e-09
3.581717494418379985e-05 1.354702337927998546e+00 5.147771509218333763e-02 1.151299079495572827e-04 4.480976617987911454e-05 1.948959359421193440e-06 3.5 0.00021488411355 1.6e-09
-6.680271375753769458e-05 3.421439934376554248e+00 1.038050444947703210e-01 2.106957638115723687e-04 6.882792465956671695e-06 -1.482923850217780466e-07 3.5 0.00021488411355 1.6e-09
6.769557206635474459e-05 2.910373563640097583e+00 4.807555049462751418e-02 1.840664336466827809e-04 -1.806696735510576079e-05 -9.126787326785595732e-07 3.5 0.00021488411355 1.6e-09
3.970422624136464335e-05 4.402780615139483267e-01 -1.687469199586585922e-02 1.395132888849090404e-04 -3.278617980984304802e-05 2.198014695434924748e-06 3.5 0.00021488411355 1.6e-09
-3.910210157779555164e-05 2.359721879942589418e+00 6.917151053413261863e-02 1.566793047321905536e-04 2.688489019660176809e-05 5.576572852301313643e-07 3.5 0.00021488411355 1.6e-09
9.434259774069249957e-05 3.497676831236225858e+00 6.901685181351027709e-02 2.147584782453926754e-04 -1.226837578202930031e-06 -3.785950586589115701e-07 3.5 0.00021488411355 1.6e-09
-5.039917642670031247e-05 2.076063717822279386e+00 5.795896209551475164e-03 1.434014928610785871e-04 -3.158314243786879041e-05 -8.576702482848371982e-07 3.5 0.00021488411355 1.6e-09
-8.456991708608216748e-06 5.461585465412226448e-01 5.114063275817993734e-03 1.239317841642246327e-04 5.008701464294008248e-05 3.015243887974178533e-06 3.5 0.00021488411355 1.6e-09
7.936766864867402784e-05 3.075515052857214382e+00 7.432910321763860906e-02 1.925899060080411688e-04 1.492714688379426588e-05 1.148938312411443562e-07 3.5 0.00021488411355 1.6e-09
-2.806504221644450897e-05 3.321147498004839438e+00 5.069274385118735515e-02 2.054185721631651717e-04 -9.585730885955540080e-06 -5.149847361213165559e-07 3.5 0.00021488411355 1.6e-09
2.416814074097988486e-05 9.918463103845716056e-01 -1.348400220935025255e-02 1.080914081177752846e-04 -5.195574125580181566e-05 -5.850684275679669798e-07 3.5 0.00021488411355 1.6e-09
2.464212908148701416e-05 1.457710013929547577e+00 4.134384618878892553e-02 1.183749007423752476e-04 4.283718977540487357e-05 1.126863143592113074e-06 3.5 0.00021488411355 1.6e-09
-9.782251588294294464e-05 3.442746357693507342e+00 6.281431936783285486e-02 2.118235281625045166e-04 6.128284181920574413e-06 -2.147038435325085979e-07 3.5 0.00021488411355 1.6e-09
8.419696230612174219e-05 2.852317447337862077e+00 1.823853025186343568e-02 1.811014953097108077e-04 -1.907396466628059426e-05 -6.221148851249822944e-07 3.5 0.00021488411355 1.6e-09
-5.631285186336891291e-05 4.219827223214619449e-01 -1.050782173915658715e-02 1.432624120145331256e-04 -2.527742924715289317e-05 2.572721622269236866e-06 3.5 0.00021488411355 1.6e-09
6.356767593935792188e-06 2.441910829712654607e+00 4.008059426065840869e-02 1.606484053242438923e-04 2.560902883382629570e-05 1.393652371443969792e-07 3.5 0.00021488411355 1.6e-09
7.367990926670370255e-05 3.497970932957512602e+00 2.628981354798286610e-02 2.147694618808053478e-04 -1.933962752375504970e-06 -3.055688921684178969e-07 3.5 0.00021488411355 1.6e-09
-6.001625773395522011e-05 1.994737285715803443e+00 -1.056448331085384912e-02 1.397413747978681724e-04 -3.300315168809408789e-05 -3.557946601659236444e-07 3.5 0.00021488411355 1.6e-09
1.736764380418119859e-05 5.887495740919516107e-01 5.400460950111699542e-03 1.197929203837366530e-04 5.259367519449601965e-05 1.467388826670459019e-06 3.5 0.00021488411355 1.6e-09
7.966209730485976424e-05 3.115970883091109034e+00 3.159743582431411013e-02 1.946935042558932947e-04 1.410767895007758708e-05 -2.865362636347779853e-08 3.5 0.00021488411355 1.6e-09
-9.231009254743719101e-05 3.288062360606956780e+00 1.496763820228901726e-02 2.036838491591603270e-04 -1.036348054015847065e-05 -2.634912208535884702e-07 3.5 0.00021488411355 1.6e-09
1.072514709235246159e-05 9.010066706359574074e-01 -9.824941421806815400e-03 1.080526409840632462e-04 -5.347154972465565173e-05 2.186631549649996561e-08 3.5 0.00021488411355 1.6e-09
6.061977976206413932e-05 1.560192126637274912e+00 2.263632228084364387e-02 1.219575281485453630e-04 4.087862759513719274e-05 4.933908228421194847e-07 3.5 0.00021488411355 1.6e-09
3.616324772048380059e-06 3.458846792739865172e+00 2.965884264752967001e-02 2.126799938599943174e-04 5.344890550075016714e-06 -1.345006507670909260e-07 3.5 0.00021488411355 1.6e-09
1.802772376745992759e-05 2.784651202006510839e+00 5.698785948650926525e-03 1.776688504744584028e-04 -2.017335076186426441e-05 -3.136535337025197668e-07 3.5 0.00021488411355 1.6e-09
6.502416665244112087e-05 4.085388974332468393e-01 -4.747911298404910649e-03 1.462780432342488204e-04 -1.635632903553572629e-05 1.671605410589096748e-06 3.5 0.00021488411355 1.6e-09
1.839659818491368973e-05 2.526439363483341083e+00 1.436078801443063657e-02 1.647803343238087134e-04 2.428538319550145849e-05 -2.303985582735834384e-08 3.5 0.00021488411355 1.6e-09
4.886304812054455965e-05 3.494648974866445990e+00 3.746748458220565924e-03 2.145888329815381153e-04 -2.698205076157896309e-06 -1.462339308377745283e-07 3.5 0.00021488411355 1.6e-09
-3.990492411249095973e-05 1.902777804157366859e+00 -9.454270398903298275e-03 1.357057495500486725e-04 -3.462101737066894207e-05 -5.909198913551773145e-08 3.5 0.00021488411355 1.6e-09
5.762364122641780944e-06 6.434993743780856867e-01 3.079575940607169929e-04 1.157064127093799697e-04 5.429911046193586601e-05 9.658668538506559704e-08 3.5 0.00021488411355 1.6e-09
6.126789125900932473e-05 3.157731073838750291e+00 1.679516826224034974e-03 1.968689263266271117e-04 1.323574256647403670e-05 -6.894880384872163409e-09 3.5 0.00021488411355 1.6e-09
-7.074391297204435619e-05 3.251080372946916874e+00 2.921480315268463958e-04 2.017464562405872912e-04 -1.120609666288674113e-05 -1.778834071330809986e-08 3.5 0.00021488411355 1.6e-09
3.487641200088514588e-05 8.128143099263858140e-01 -9.114659646954341877e-04 1.090999271426701395e-04 -5.460358578871728934e-05 3.464316816530010279e-08 3.5 0.00021488411355 1.6e-09
-4.686353445039659240e-05 1.666489650396690836e+00 2.818278088477389927e-03 1.259678349738345350e-04 3.888180799072737400e-05 1.966467747546970400e-07 3.5 0.00021488411355 1.6e-09
1.110579490914585452e-06 3.471807272251280274e+00 1.390423730671050059e-02 2.133716210942254352e-04 4.523937825018760398e-06 4.807755589290919388e-08 3.5 0.00021488411355 1.6e-09
-2.088171552130916637e-05 2.707423280877705452e+00 1.211179092560133244e-02 1.737785038248744278e-04 -2.139895417855331583e-05 -9.814892294081693402e-08 3.5 0.00021488411355 1.6e-09
9.918594684893704445e-07 4.010965654628310118e-01 -2.609942467761592125e-03 1.480551467758673572e-04 -6.038977811131123442e-06 -7.257335261570028572e-08 3.5 0.00021488411355 1.6e-09
-6.347331961952890284e-05 2.612497236790698452e+00 1.393089246719062847e-03 1.690337443825116505e-04 2.293136922286280883e-05 8.894008378248166251e-08 3.5 0.00021488411355 1.6e-09
3.428379966936321519e-05 3.487139907510745651e+00 8.068225862722499392e-03 2.141866415568977478e-04 -3.526039466413144141e-06 3.763763520785449561e-08 3.5 0.00021488411355 1.6e-09
4.280914906401928939e-05 1.798802100623859923e+00 6.671782652998047361e-03 1.312942813000341088e-04 -3.648228301729852850e-05 -1.083056382359681070e-07 3.5 0.00021488411355 1.6e-09
1.639804589568957344e-05 7.131949953685581267e-01 -8.023525598544233375e-03 1.120767731105552859e-04 5.500624179863297045e-05 -5.512923307696345078e-07 3.5 0.00021488411355 1.6e-09
4.791651289310776577e-05 3.200446579549317772e+00 -4.456264160200453309e-03 1.990992413385117555e-04 1.230624789646227428e-05 1.576038496387130499e-07 3.5 0.00021488411355 1.6e-09
-6.984362282300051860e-05 3.208565896721525146e+00 1.118783073812569875e-02 1.995234102649354484e-04 -1.213086643711764725e-05 1.233102587016202269e-07 3.5 0.00021488411355 1.6e-09
1.247772671749336812e-05 7.277752681503766308e-01 7.751848428126815668e-03 1.114927988036047333e-04 -5.503719421925741160e-05 -6.744175510088712773e-07 3.5 0.00021488411355 1.6e-09
-2.219543384201562338e-05 1.778246455830634787e+00 -9.077350461053280278e-03 1.304535268884743577e-04 3.681818967821203962e-05 2.816265885043540941e-07 3.5 0.00021488411355 1.6e-09
-1.038103128147237062e-04 3.482349437747411791e+00 2.120630047432620069e-02 2.139354559402625725e-04 3.652321631986272423e-06 2.551716243790694151e-07 3.5 0.00021488411355 1.6e-09
3.934198720131678868e-05 2.620084350842585508e+00 3.373075076279855034e-02 1.694148164147313664e-04 -2.277732779642025883e-05 -7.872995852280228500e-08 3.5 0.00021488411355 1.6e-09
-8.420354796771474873e-06 4.008412051732430648e-01 -5.363607783806673482e-03 1.481031545870714573e-04 5.227512981097802556e-06 -1.763559322528884381e-06 3.5 0.00021488411355 1.6e-09
8.115357879569861190e-05 2.699646017362009154e+00 6.893721385492671862e-03 1.733861683759007428e-04 2.153637648820793432e-05 3.991634667326404680e-07 3.5 0.00021488411355 1.6e-09
-9.517750358691037219e-05 3.475554363000305180e+00 3.717340521138999543e-02 2.135683121786026829e-04 -4.405333310168459512e-06 1.708690031212293445e-07 3.5 0.00021488411355 1.6e-09
-5.653121982361860903e-05 1.684671914859613873e+00 2.976970075622642140e-02 1.266742829847808318e-04 -3.855083362268595147e-05 -5.489980328332045129e-07 3.5 0.00021488411355 1.6e-09
-4.135239521605419853e-05 7.983755463566322153e-01 -1.523257281341836369e-02 1.094131568484494482e-04 5.468911193004598570e-05 -2.963548455634287697e-07 3.5 0.00021488411355 1.6e-09
3.314818541884815097e-06 3.242805442730426257e+00 1.678106626583368913e-02 2.013157359184888874e-04 1.133966187486684210e-05 3.973517365437281227e-07 3.5 0.00021488411355 1.6e-09
7.023452073162569876e-05 3.160574707199711675e+00 4.422743519483984115e-02 1.970192653961284868e-04 -1.313596556868041958e-05 9.137212325922638872e-08 3.5 0.00021488411355 1.6e-09
1.883611960074154591e-05 6.504154751114201716e-01 1.144683883670889399e-02 1.152885738230383051e-04 -5.435103806378687233e-05 -1.955157406454235188e-06 3.5 0.00021488411355 1.6e-09
5.248233813823636779e-06 1.891972883111817660e+00 -5.686482759947408469e-03 1.352496499043467752e-04 3.476673775863024790e-05 6.769112772485698300e-07 3.5 0.00021488411355 1.6e-09
-6.960045233347654015e-05 3.489419966129610362e+00 5.148323589947087497e-02 2.143158485064214532e-04 2.729112104595377890e-06 4.051721971119428122e-07 3.5 0.00021488411355 1.6e-09
-4.105871075506115552e-05 2.523171506860178326e+00 6.307005636613303989e-02 1.646250514736535765e-04 -2.428148165610323288e-05 -3.142830799984719872e-07 3.5 0.00021488411355 1.6e-09
-5.883943221196380019e-05 4.089283952223686236e-01 -1.180170256519666276e-02 1.461512567408764602e-04 1.670168532790771305e-05 -2.466060914352878030e-06 3.5 0.00021488411355 1.6e-09
-2.809802025291594960e-05 2.785521108017730008e+00 3.123985070228477157e-02 1.777111295536423297e-04 2.015818083821053483e-05 7.735774781322336280e-07 3.5 0.00021488411355 1.6e-09
2.913296957039161630e-05 3.459488472177966845e+00 8.153161867000964513e-02 2.127121519193311112e-04 -5.341214541179648822e-06 1.897159068043161818e-07 3.5 0.00021488411355 1.6e-09
-1.223584440197357569e-05 1.563425310033272453e+00 4.961203876380741729e-02 1.220668487489062737e-04 -4.080238866082249946e-05 -1.304872147575291295e-06 3.5 0.00021488411355 1.6e-09
-5.599954767707930326e-06 8.980346398534956309e-01 -1.627106026515584558e-02 1.080893126169288321e-04 5.346311502373684557e-05 6.212256498254852273e-07 3.5 0.00021488411355 1.6e-09
1.156535457574750861e-06 3.283925690028817623e+00 5.891834502364647064e-02 2.034703445172187915e-04 1.036236046125773574e-05 6.169740481710467282e-07 3.5 0.00021488411355 1.6e-09
-2.561881423909618898e-05 3.110087612872995066e+00 8.772588423567583005e-02 1.943913904681373456e-04 -1.414630651275962454e-05 -1.199629090998271617e-07 3.5 0.00021488411355 1.6e-09
-4.217349213441758636e-05 5.861535168819613784e-01 8.453536253836551814e-03 1.200527362527644521e-04 -5.231142319367031396e-05 -3.312251450366730851e-06 3.5 0.00021488411355 1.6e-09
2.532289988094084336e-05 2.000327472536477025e+00 1.459391138607283450e-02 1.399990335675572887e-04 3.284758637674486817e-05 1.210787520936027266e-06 3.5 0.00021488411355 1.6e-09
-5.472807693778739425e-07 3.492639442472612821e+00 9.677733888848993882e-02 2.144913953451974193e-04 1.821586391449590615e-06 4.428318436346169536e-07 3.5 0.00021488411355 1.6e-09
9.577422169976921467e-07 2.423759837572055709e+00 9.058599295811278762e-02 1.597721112890579127e-04 -2.582395595009090282e-05 -7.724291508648308854e-07 3.5 0.00021488411355 1.6e-09
6.101395050509642466e-05 4.252300808026169276e-01 -1.848792192933919332e-02 1.425217952123668209e-04 2.698814143772381704e-05 -1.755436245598586787e-06 3.5 0.00021488411355 1.6e-09
3.043365873962408205e-05 2.863048395524807166e+00 6.900117613555413476e-02 1.816479835649988735e-04 1.885903474162853308e-05 1.075540426784837030e-06 3.5 0.00021488411355 1.6e-09
6.260657581012473631e-06 3.438489974276159433e+00 1.276645327544687070e-01 2.115969434766394098e-04 -6.252206094006107444e-06 6.784190190928559846e-08 3.5 0.00021488411355 1.6e-09
-7.639510301528080436e-06 1.441654395915233255e+00 5.819555068703255452e-02 1.178366490082573888e-04 -4.310618033162101810e-05 -2.179167975834483106e-06 3.5 0.00021488411355 1.6e-09
2.493259509424630547e-05 1.006604503050983812e+00 -7.795585152656820185e-03 1.082072903899213403e-04 5.162154368036732724e-05 1.733446132651482949e-06 3.5 0.00021488411355 1.6e-09
-3.136470559375967591e-05 3.322091348962998403e+00 1.078117926559652717e-01 2.054714461960485184e-04 9.430937074628236935e-06 7.258362634653997545e-07 3.5 0.00021488411355 1.6e-09
5.776118570798546620e-05 3.060811844205773458e+00 1.257971095407616202e-01 1.918308643528379861e-04 -1.512436962436877392e-05 -4.511959471994999019e-07 3.5 0.00021488411355 1.6e-09
2.127052830194467632e-05 5.365333345474351256e-01 3.949968457066849094e-04 1.250479802787829897e-04 -4.915582752347298358e-05 -4.069452639841972347e-06 3.5 0.00021488411355 1.6e-09
-3.956730230318410873e-05 2.097226750951769247e+00 4.576250585497719514e-02 1.443692348308528830e-04 3.116056601489838266e-05 1.670285196633242044e-06 3.5 0.00021488411355 1.6e-09
-4.734821649033090570e-05 3.493355049808559265e+00 1.419845466494084607e-01 2.145320315666717197e-04 1.006223054061476997e-06 3.553229933682709591e-07 3.5 0.00021488411355 1.6e-09
7.523655318104163260e-05 2.331446452995906693e+00 1.069008217736454741e-01 1.553263783425456708e-04 -2.726933928891192346e-05 -1.310252086581305602e-06 3.5 0.00021488411355 1.6e-09
-2.395310818272036984e-05 4.473508502626687422e-01 -2.164183188855324513e-02 1.381113465499373533e-04 3.517655724973526427e-05 1.378477089976410508e-08 3.5 0.00021488411355 1.6e-09
-5.372107069026943005e-05 2.926506896750010522e+00 1.098291734083162718e-01 1.848916724360527650e-04 1.774435383275865027e-05 1.214946919694271036e-06 3.5 0.00021488411355 1.6e-09
1.731845450518571780e-05 3.413777097667534122e+00 1.623783246547234327e-01 2.102891449400663562e-04 -7.090726888907331377e-06 -1.662260938479671606e-07 3.5 0.00021488411355 1.6e-09
-5.293068581525846821e-05 1.326964359575778296e+00 5.308504705201506912e-02 1.143182156667480902e-04 -4.532469271973422369e-05 -2.899754619541179073e-06 3.5 0.00021488411355 1.6e-09
1.661061157217924984e-05 1.115306398137233312e+00 9.630354915651433839e-03 1.095010326177335406e-04 4.953086563442463629e-05 2.617923751813413608e-06 3.5 0.00021488411355 1.6e-09
4.684857970294437578e-05 3.355427675159036394e+00 1.480832483381092635e-01 2.072214462988486807e-04 8.580220443059852372e-06 6.770801567091416567e-07 3.5 0.00021488411355 1.6e-09
-2.519909850174292945e-05 3.014229819371019303e+00 1.453445199239091767e-01 1.894174828882047297e-04 -1.602209837363935678e-05 -8.056823279179406389e-07 3.5 0.00021488411355 1.6e-09
3.718797150514901409e-05 4.990169181868321369e-01 -9.345752819323385752e-03 1.298131618632432664e-04 -4.515687952338498913e-05 -3.740681727193953525e-06 3.5 0.00021488411355 1.6e-09
-6.564358724609445264e-06 2.182326063583814424e+00 7.732887880099301170e-02 1.482921373915320798e-04 2.969723718096889961e-05 1.885141360106348019e-06 3.5 0.00021488411355 1.6e-09
1.770962966836835882e-05 3.493085135821842435e+00 1.710219581910952524e-01 2.145186504142468972e-04 2.793702141368435476e-07 1.682806678747078492e-07 3.5 0.00021488411355 1.6e-09
7.326279142740263505e-05 2.248422497671663578e+00 1.058299862411629932e-01 1.513850505409303020e-04 -2.859754152293877917e-05 -1.736162862823224925e-06 3.5 0.00021488411355 1.6e-09
-6.642475925072930374e-05 4.733484017645696040e-01 -1.938465705284095689e-02 1.335949600648266922e-04 4.129957169575574358e-05 2.063865237129861002e-06 3.5 0.00021488411355 1.6e-09
-1.845758686832251659e-05 2.977811263391029861e+00 1.412593966144289614e-01 1.875296803133573247e-04 1.678729348240618369e-05 1.160178910485336611e-06 3.5 0.00021488411355 1.6e-09
4.878102250381188972e-05 3.387077112250941546e+00 1.757969574399969037e-01 2.088806704137901216e-04 -7.860158048823912344e-06 -4.377047819329682917e-07 3.5 0.00021488411355 1.6e-09
3.930233747826902146e-06 1.220390021853219764e+00 3.716190234200800885e-02 1.115628429628336642e-04 -4.744939820651677791e-05 -3.212678936164701742e-06 3.5 0.00021488411355 1.6e-09
3.701082750519897981e-05 1.220538589680039365e+00 3.137212835695708107e-02 1.115868793179835102e-04 4.741772680916628800e-05 3.035197151243814737e-06 3.5 0.00021488411355 1.6e-09
1.332084859961103285e-05 3.384521262872898006e+00 1.686223975541125686e-01 2.087508740022634714e-04 7.814623501506802808e-06 4.852444578542763932e-07 3.5 0.00021488411355 1.6e-09
-2.178840306948482775e-05 2.968965811619693973e+00 1.409365934116450503e-01 1.870799781079148546e-04 -1.688985984284806260e-05 -1.084877946727278395e-06 3.5 0.00021488411355 1.6e-09
6.649534050624332493e-05 4.697553468318753644e-01 -1.730794052036711828e-02 1.342578747554631186e-04 -4.036246179819490305e-05 -2.301250063836932192e-06 3.5 0.00021488411355 1.6e-09
1.005504020306131641e-05 2.260223774252018814e+00 9.917124765280144194e-02 1.519437025205745153e-04 2.839836461898873738e-05 1.784225409002220449e-06 3.5 0.00021488411355 1.6e-09
-9.118535569567040220e-05 3.492954217599571365e+00 1.738225858781448641e-01 2.145115556647571742e-04 -3.809818329948334095e-07 -6.512959389594733393e-08 3.5 0.00021488411355 1.6e-09
-6.770818692556509707e-05 2.170580232607871807e+00 8.692502163862041165e-02 1.477461217221521378e-04 -2.988396393565012979e-05 -1.899722125631729136e-06 3.5 0.00021488411355 1.6e-09
5.340499737911529748e-05 5.032302384722817656e-01 -1.224842703806887367e-02 1.291659174539533449e-04 4.587113313942756479e-05 3.630843148762822054e-06 3.5 0.00021488411355 1.6e-09
7.279153336857782132e-05 3.022301579121035253e+00 1.529625303228402400e-01 1.898284984506405572e-04 1.592545052219082309e-05 9.333687039603691381e-07 3.5 0.00021488411355 1.6e-09
8.920031440814791331e-05 3.358574421201689919e+00 1.637435052201018093e-01 2.073812345170591726e-04 -8.611195216761712416e-06 -6.563133544973797806e-07 3.5 0.00021488411355 1.6e-09
4.354189383193074773e-05 1.117809251046192998e+00 1.641812574019703083e-02 1.095167351625679609e-04 -4.951349884738627592e-05 -2.976854911681053299e-06 3.5 0.00021488411355 1.6e-09
-1.664056757203994445e-05 1.324864862432837187e+00 5.068500226978740753e-02 1.142688737365923793e-04 4.534306078894174063e-05 2.927138092008970508e-06 3.5 0.00021488411355 1.6e-09
4.517083980339943878e-05 3.411218591064089978e+00 1.650154821146654904e-01 2.101571432078183665e-04 7.074548307994701061e-06 2.158703933122725757e-07 3.5 0.00021488411355 1.6e-09
-2.601837096474101567e-05 2.921733158817250597e+00 1.155514611817152759e-01 1.846506098904948396e-04 -1.778442868586742792e-05 -1.213793214210925898e-06 3.5 0.00021488411355 1.6e-09
5.468073491118087277e-06 4.460799430127692089e-01 -2.097803209298954030e-02 1.384180490696200190e-04 -3.454429160619869446e-05 -1.966085534188006477e-07 3.5 0.00021488411355 1.6e-09
-1.469028108906400191e-05 2.336895518471278077e+00 1.049002165027165812e-01 1.555874394477118890e-04 2.717611023722863909e-05 1.407757702836370473e-06 3.5 0.00021488411355 1.6e-09
2.253973755926781311e-05 3.493701646765594138e+00 1.497018340611249720e-01 2.145495193236527341e-04 -1.046772146533499518e-06 -2.781299471809120325e-07 3.5 0.00021488411355 1.6e-09
-3.214910846100655381e-05 2.093714816984601157e+00 5.591190859086922482e-02 1.442073010249899116e-04 -3.121724434567463053e-05 -1.743410043985508239e-06 3.5 0.00021488411355 1.6e-09
-5.933110418206301957e-05 5.375949819620815529e-01 -2.743501673605267237e-03 1.248699550017547057e-04 4.937186741719515868e-05 4.210155507176419607e-06 3.5 0.00021488411355 1.6e-09
-8.938962394768478652e-05 3.063641393848310468e+00 1.403875233870893746e-01 1.919715648199363006e-04 1.512341720492121022e-05 6.036035958809709597e-07 3.5 0.00021488411355 1.6e-09
1.306098124877726679e-05 3.327755916980005946e+00 1.292828456775494406e-01 2.057639415619217749e-04 -9.373251706306032628e-06 -7.474015173492627394e-07 3.5 0.00021488411355 1.6e-09
-4.267014161200132362e-05 1.017726738669667341e+00 -2.124281901302262424e-03 1.082698439466045525e-04 -5.144817821223792137e-05 -2.218352678060651670e-06 3.5 0.00021488411355 1.6e-09
1.443539059098455707e-05 1.430184477563080092e+00 6.084070752276013461e-02 1.174685568577866286e-04 4.329797164424542479e-05 2.390715919745177741e-06 3.5 0.00021488411355 1.6e-09
-3.608887514912665994e-05 3.435320145640209599e+00 1.395834170940857266e-01 2.114297691122704918e-04 6.330526844437203853e-06 -3.886523764893063224e-08 3.5 0.00021488411355 1.6e-09
-5.088627479077111125e-05 2.868126013335213109e+00 7.850101161784361903e-02 1.819074179765306704e-04 -1.875805412485322566e-05 -1.156724871338551007e-06 3.5 0.00021488411355 1.6e-09
2.893899821923115088e-05 4.267684062673361423e-01 -1.947900271431166064e-02 1.422360326692190941e-04 -2.746749073337347225e-05 1.822402303532491183e-06 3.5 0.00021488411355 1.6e-09
5.003579048277628663e-06 2.416847445422264151e+00 9.339972427851137016e-02 1.594347419730607557e-04 2.594239177985051842e-05 8.859426412612170752e-07 3.5 0.00021488411355 1.6e-09
5.129381301276193604e-05 3.494896867288673548e+00 1.069466810527317374e-01 2.146090806525160154e-04 -1.735800995860016561e-06 -4.090823342828831737e-07 3.5 0.00021488411355 1.6e-09
5.557214655958487144e-05 2.014362811536629216e+00 2.258302683083499018e-02 1.406181753855645388e-04 -3.262960686376568996e-05 -1.319686476170148493e-06 3.5 0.00021488411355 1.6e-09
-1.457916465264136847e-05 5.780519866794181505e-01 5.618317468461934451e-03 1.207456839858592673e-04 5.198232222107462906e-05 3.710693708688902425e-06 3.5 0.00021488411355 1.6e-09
-3.542776628397861067e-05 3.103867903992672428e+00 1.066732775608997541e-01 1.940638968264517944e-04 1.431195413382330999e-05 2.663874152200737032e-07 3.5 0.00021488411355 1.6e-09
-7.714598213774962116e-05 3.294388164137447284e+00 8.213637463856433840e-02 2.040156347878054543e-04 -1.016347636605955510e-05 -6.788461356619311841e-07 3.5 0.00021488411355 1.6e-09
3.918781160890623042e-05 9.219500945367551381e-01 -1.305285985457052891e-02 1.079725347922029424e-04 -5.313100488879382740e-05 -1.154438229458116698e-06 3.5 0.00021488411355 1.6e-09
3.214049352057864569e-06 1.535879999090711268e+00 5.756509437788907141e-02 1.210750863565460481e-04 4.129807949865646087e-05 1.627614116442348824e-06 3.5 0.00021488411355 1.6e-09
-4.115092947391408559e-05 3.454840086313434533e+00 9.996800364551400309e-02 2.124650862869057139e-04 5.548188270304971351e-06 -1.953397442030748507e-07 3.5 0.00021488411355 1.6e-09
-4.170812084181177117e-05 2.803604487273080537e+00 4.158165994244411579e-02 1.786268161535048394e-04 -1.985549190475775669e-05 -9.262746862831767728e-07 3.5 0.00021488411355 1.6e-09
4.493156220300860123e-05 4.118149359945714183e-01 -1.392765028746539152e-02 1.455026584750262586e-04 -1.881319880177113109e-05 2.970861811302999216e-06 3.5 0.00021488411355 1.6e-09
3.831587585877094194e-05 2.502396388513260739e+00 6.886127628744845297e-02 1.636009377994912940e-04 2.463480862675040657e-05 3.893799348815272875e-07 3.5 0.00021488411355 1.6e-09
4.740524785075323790e-05 3.494547026933216394e+00 5.953923705416618029e-02 2.145850208444532179e-04 -2.485607026378059014e-06 -4.213799678290041336e-07 3.5 0.00021488411355 1.6e-09
3.524744022081837238e-05 1.927065894575662686e+00 -2.827686012916918665e-03 1.367596248539119355e-04 -3.418573325418511148e-05 -7.743066986172124634e-07 3.5 0.00021488411355 1.6e-09
-6.764041219715217335e-06 6.284120289905911205e-01 9.676495399789902807e-03 1.167208292455928679e-04 5.387148777477604130e-05 2.442944592468769968e-06 3.5 0.00021488411355 1.6e-09
7.302874798790283698e-05 3.145102576149438889e+00 6.190635593132245984e-02 1.962126126406615607e-04 1.345668154109904029e-05 1.364196920282573246e-08 3.5 0.00021488411355 1.6e-09
-5.069560605531124402e-05 3.257994502486874389e+00 3.572716625278574143e-02 2.021100523590091381e-04 -1.100516758083347431e-05 -4.749527392586056017e-07 3.5 0.00021488411355 1.6e-09
-2.588657292961171787e-05 8.314995980461377112e-01 -1.462669133086930140e-02 1.087818924068384365e-04 -5.437253252798083267e-05 -1.504235146803738496e-07 3.5 0.00021488411355 1.6e-09
-1.425324666792898270e-05 1.642761868769828215e+00 4.138989125243765221e-02 1.250481251478326346e-04 3.930250164722958568e-05 8.697156979163571842e-07 3.5 0.00021488411355 1.6e-09
-4.274117259436019346e-05 3.469042548324487107e+00 5.713175226908007165e-02 2.132231789999983781e-04 4.718229227570806423e-06 -2.107463686765186089e-07 3.5 0.00021488411355 1.6e-09
8.001894453357965111e-05 2.726176876263942006e+00 1.507803263907482767e-02 1.747189037541209140e-04 -2.110728258057226333e-05 -5.863502774364154670e-07 3.5 0.00021488411355 1.6e-09
-4.521361091366027184e-05 4.023795381957487316e-01 -7.251625085485805325e-03 1.477268389114136588e-04 -8.476410537949665666e-06 2.765297590362802382e-06 3.5 0.00021488411355 1.6e-09
1.069551009305239026e-05 2.592498091439709995e+00 3.964908593004781712e-02 1.680403608356988284e-04 2.324636992802128771e-05 7.076199779167387581e-08 3.5 0.00021488411355 1.6e-09
5.231020426257160472e-05 3.490077419558163641e+00 2.272412085320952430e-02 2.143422455723724028e-04 -3.317702151277969409e-06 -3.157152366784254813e-07 3.5 0.00021488411355 1.6e-09
-4.926122281030814189e-06 1.826431172647322798e+00 -1.295677643400139009e-02 1.324476852553356575e-04 -3.598787396417621568e-05 -3.037025262528649617e-07 3.5 0.00021488411355 1.6e-09
-4.895612372870819078e-05 6.940409035186172471e-01 7.717189301003273688e-03 1.129279580288095611e-04 5.491264826427458246e-05 9.887864008387917063e-07 3.5 0.00021488411355 1.6e-09
-4.629470419419039407e-05 3.188780918622931893e+00 2.046250468217569035e-02 1.984906408353132598e-04 1.254596602388229061e-05 -9.053088805640357573e-08 3.5 0.00021488411355 1.6e-09
8.719915704535759714e-05 3.217879516013750330e+00 3.609981844193260389e-03 2.000107018370202540e-04 -1.191820257562258383e-05 -2.113643371062612006e-07 3.5 0.00021488411355 1.6e-09
3.107243116457197168e-05 7.463404788645462418e-01 -8.935267390995749875e-03 1.108352971168782115e-04 -5.500992607810026064e-05 3.890041080084421409e-07 3.5 0.00021488411355 1.6e-09
4.702947316628592396e-05 1.752341056368994954e+00 1.817107011982085560e-02 1.293956394482434101e-04 3.727643903342182734e-05 3.227715318058568421e-07 3.5 0.00021488411355 1.6e-09
9.875065872835482367e-06 3.479443128938679575e+00 2.318232519660561736e-02 2.137812656779717745e-04 3.842804405727150327e-06 -9.684316108100781313e-08 3.5 0.00021488411355 1.6e-09
-1.789152344857445189e-06 2.638853842676142758e+00 5.046750486549050202e-03 1.703504422856996488e-04 -2.247382445624887656e-05 -2.476547516183265868e-07 3.5 0.00021488411355 1.6e-09
3.039209909618057815e-06 4.001810343681647120e-01 -3.041496871976096666e-03 1.482658858939718050e-04 2.860818852630953130e-06 1.336676314486188546e-06 3.5 0.00021488411355 1.6e-09
-1.283379669150530578e-06 2.682165140807734716e+00 1.571143861476979181e-02 1.725077439537164685e-04 2.183545926828787986e-05 8.219482664647917618e-09 3.5 0.00021488411355 1.6e-09
6.826512162439738656e-05 3.479975533500934581e+00 7.753827558212600737e-03 2.138020355858027478e-04 -4.211806449319169693e-06 -1.321958702727297128e-07 3.5 0.00021488411355 1.6e-09
5.512062630367113705e-06 1.712765023965544531e+00 -6.217668564959246032e-03 1.277840360386005790e-04 -3.805810897270827861e-05 -9.914616666553112421e-08 3.5 0.00021488411355 1.6e-09
-4.955441196106423382e-05 7.771513058802659302e-01 3.243310006100361869e-04 1.099212110401771077e-04 5.487378817724740084e-05 -3.367598200317003816e-08 3.5 0.00021488411355 1.6e-09
1.456458979912335702e-05 3.233540041717709368e+00 -2.998039858482513462e-03 2.008298590955978537e-04 1.157220848935569001e-05 -2.566671939229609045e-08 3.5 0.00021488411355 1.6e-09
1.959358669561693436e-05 3.173490333503194094e+00 -3.998702401164167669e-03 1.976919876262532962e-04 -1.288425533073967575e-05 8.090653161739938424e-09 3.5 0.00021488411355 1.6e-09
4.251031627259532352e-05 6.683211529282984120e-01 -5.634398031163944569e-04 1.142373656974269414e-04 -5.469057483242495947e-05 1.471392937143520212e-07 3.5 0.00021488411355 1.6e-09
5.194950895423726205e-06 1.863829449178900255e+00 -2.394551520583413154e-03 1.340456669268409100e-04 3.526610397720809367e-05 1.233587691212106750e-07 3.5 0.00021488411355 1.6e-09
-2.622081013631519968e-05 3.487605277097263645e+00 9.185869308942079536e-03 2.142194607727554575e-04 2.950583227499918423e-06 8.961275812322085284e-08 3.5 0.00021488411355 1.6e-09
3.830577660099574388e-05 2.545962990188243680e+00 1.270031427885854290e-02 1.657472194800094678e-04 -2.393723915790604549e-05 -4.842615124354926746e-08 3.5 0.00021488411355 1.6e-09
-5.929384230268723685e-05 4.061349506316729308e-01 -3.612214866697487092e-03 1.468257341100972601e-04 1.421141445940247368e-05 -5.318988927242962279e-07 3.5 0.00021488411355 1.6e-09
2.734008548831738585e-05 2.767008256561797275e+00 5.552840762957709890e-03 1.767757435111613578e-04 2.047050280242827905e-05 1.791875776132175262e-07 3.5 0.00021488411355 1.6e-09
-9.243974737934341796e-06 3.464713430419029017e+00 1.797731348554816588e-02 2.129898831892185532e-04 -5.122519462954877348e-06 5.689538566180349902e-08 3.5 0.00021488411355 1.6e-09
3.648984575953153741e-05 1.591913681953386117e+00 1.208455048163698323e-02 1.231155653670363659e-04 -4.031073750499457320e-05 -2.849541052123462717e-07 3.5 0.00021488411355 1.6e-09
-5.487557237920171252e-06 8.745173300944021344e-01 -8.942967721883798848e-03 1.082545215495286868e-04 5.382681997054561418e-05 -2.817258073418710793e-07 3.5 0.00021488411355 1.6e-09
-4.176180812953976990e-05 3.276402024097484045e+00 4.961827115555939201e-04 2.030743312840197759e-04 1.060122008475196265e-05 1.730931295341760259e-07 3.5 0.00021488411355 1.6e-09
2.791548834381730841e-06 3.125182293770871311e+00 1.534231954241339728e-02 1.951746816658921340e-04 -1.389420584973247707e-05 9.148593670585720713e-08 3.5 0.00021488411355 1.6e-09
-6.769738854647120758e-06 6.008725827529195485e-01 5.547297672554320908e-03 1.187949230161444475e-04 -5.305723690401549226e-05 -9.204521637414222570e-07 3.5 0.00021488411355 1.6e-09
-3.692679728300679132e-05 1.973420877338137647e+00 -1.043100838341397274e-02 1.388043698170952087e-04 3.333969922119319374e-05 2.946476519927089131e-07 3.5 0.00021488411355 1.6e-09
-9.885603284606370882e-06 3.493343809050904802e+00 2.153948310841063279e-02 2.145278580152046224e-04 2.055905018344901517e-06 2.730051157105680998e-07 3.5 0.00021488411355 1.6e-09
3.590569740796226118e-05 2.449934025627710010e+00 3.472272122979179476e-02 1.610432997066523820e-04 -2.545398565229417347e-05 -1.047061353198532974e-07 3.5 0.00021488411355 1.6e-09
-4.340492245799526343e-05 4.202321090267953085e-01 -8.731246923738715526e-03 1.436093488433328553e-04 2.463306899250042946e-05 -1.834009927888464978e-06 3.5 0.00021488411355 1.6e-09
5.257847250910865986e-05 2.845179387777670321e+00 1.412712595804611546e-02 1.807393779254729449e-04 1.918447329688507022e-05 4.891252055866901281e-07 3.5 0.00021488411355 1.6e-09
2.069658254487600525e-05 3.445186674606838473e+00 4.921845256312620820e-02 2.119529354647112609e-04 -6.035556773938282188e-06 1.699773996742437371e-07 3.5 0.00021488411355 1.6e-09
5.893329363483697182e-05 1.469707972981602495e+00 3.266562946522211242e-02 1.187708857238169521e-04 -4.263611125525058686e-05 -8.731600488179093938e-07 3.5 0.00021488411355 1.6e-09
1.004281760198266115e-05 9.810112882048500627e-01 -1.455686409216747253e-02 1.080567947077257977e-04 5.210852096650190864e-05 1.885225024590785366e-07 3.5 0.00021488411355 1.6e-09
-6.384243088855453543e-06 3.315786960483868562e+00 2.983275077814807191e-02 2.051404569090254574e-04 9.656176674690987308e-06 4.207520357508380913e-07 3.5 0.00021488411355 1.6e-09
1.438630304900203813e-05 3.075143365527601702e+00 5.393389226396685943e-02 1.925740222002222815e-04 -1.490092376607435589e-05 -4.237619261140954730e-09 3.5 0.00021488411355 1.6e-09
8.361387951286381121e-06 5.467662602940029926e-01 6.326687882002204888e-03 1.239023390905235169e-04 -5.007044980147059264e-05 -2.431841871141494426e-06 3.5 0.00021488411355 1.6e-09
-2.539416068202834278e-05 2.075569407147974665e+00 -6.490033446213722308e-04 1.433826968041345242e-04 3.157795566363493048e-05 7.307168000114085877e-07 3.5 0.00021488411355 1.6e-09
-5.587369971872959784e-05 3.496077621765204757e+00 5.768475769808890236e-02 2.146756842105806626e-04 1.204412330725804220e-06 3.853551219679790753e-07 3.5 0.00021488411355 1.6e-09
-4.297557776767821776e-05 2.354951767208033786e+00 6.341413027162323690e-02 1.564531847227721003e-04 -2.695033007330599939e-05 -4.456456249562749766e-07 3.5 0.00021488411355 1.6e-09
4.010132740319510521e-05 4.413777667366354240e-01 -1.570390739670002658e-02 1.392608411497911415e-04 3.335968784569136520e-05 -1.914732943253969093e-06 3.5 0.00021488411355 1.6e-09
-4.245310243981644427e-05 2.913676311333127877e+00 4.119080777458065945e-02 1.842352252993949041e-04 1.801963902790971469e-05 8.178450679650321877e-07 3.5 0.00021488411355 1.6e-09
3.345538165969691961e-05 3.421613217519706041e+00 9.209475482709410243e-02 2.107041936146110319e-04 -6.912023535013235302e-06 1.485113497525138849e-07 3.5 0.00021488411355 1.6e-09
1.401205440221143513e-05 1.351296512760374435e+00 4.673046879661628406e-02 1.150213643827158362e-04 -4.491345799967547928e-05 -1.742020718341168342e-06 3.5 0.00021488411355 1.6e-09
-6.668909278800126586e-06 1.091037927322531242e+00 -1.157613618288187533e-02 1.091269539441058355e-04 5.005709002357964035e-05 1.062850837374585799e-06 3.5 0.00021488411355 1.6e-09
8.868410920246969195e-05 3.350835145964203399e+00 7.502944217894713663e-02 2.069809866225152137e-04 8.766374696329728059e-06 6.144672727593235059e-07 3.5 0.00021488411355 1.6e-09
7.032363229450611152e-05 3.025979199113955964e+00 9.721147207645694510e-02 1.900251618296129943e-04 -1.585833578737096122e-05 -2.610347120049658848e-07 3.5 0.00021488411355 1.6e-09
-3.087689985853070093e-05 5.058601595958567287e-01 1.638260152821475850e-03 1.288815358673103925e-04 -4.604308343651388911e-05 -3.682391027870266480e-06 3.5 0.00021488411355 1.6e-09
-4.624735577055340459e-05 2.166434897947112859e+00 2.486207382511707725e-02 1.475529457806362753e-04 3.003194481086950230e-05 1.239373563993449230e-06 3.5 0.00021488411355 1.6e-09
-1.968375552932272659e-05 3.496310398282142629e+00 1.054582028216600464e-01 2.146892281176209882e-04 4.279040793028592112e-07 3.854066023773558947e-07 3.5 0.00021488411355 1.6e-09
2.915880255018136878e-05 2.266897227142951721e+00 8.840915440352287158e-02 1.522570721059390473e-04 -2.834970413778613286e-05 -9.783389114350943863e-07 3.5 0.00021488411355 1.6e-09
6.451628386685855749e-05 4.671575102540420632e-01 -2.072632957451496505e-02 1.346224362139306313e-04 4.004761609742294760e-05 -7.888122403336792129e-07 3.5 0.00021488411355 1.6e-09
3.016633223050764690e-05 2.969697013946918318e+00 8.030127818968538222e-02 1.871119754005625704e-04 1.699355925843137909e-05 1.058913761417353444e-06 3.5 0.00021488411355 1.6e-09
